"business_id","date","ViolationTypeID","risk_category","description"
10,"20140114",103119,"Moderate Risk","Inadequate and inaccessible handwashing facilities"
10,"20140114",103154,"Low Risk","Unclean or degraded floors walls or ceilings"
10,"20140114",103145,"Low Risk","Improper storage of equipment utensils or linens"
10,"20121114",103154,"Low Risk","Unclean or degraded floors walls or ceilings"
10,"20140729",103144,"Low Risk","Unapproved or unmaintained equipment or utensils"
10,"20140729",103129,"Moderate Risk","Insufficient hot water or running water"
17,"20130605",103144,"Low Risk","Unapproved or unmaintained equipment or utensils"
17,"20130605",103154,"Low Risk","Unclean or degraded floors walls or ceilings"
17,"20130605",103142,"Low Risk","Unclean nonfood contact surfaces"
17,"20140312",103154,"Low Risk","Unclean or degraded floors walls or ceilings"
17,"20140312",103144,"Low Risk","Unapproved or unmaintained equipment or utensils"
17,"20140312",103142,"Low Risk","Unclean nonfood contact surfaces"
17,"20120823",103103,"High Risk","High risk food holding temperature "
17,"20120823",103124,"Moderate Risk","Inadequately cleaned or sanitized food contact surfaces"
17,"20120823",103142,"Low Risk","Unclean nonfood contact surfaces"
19,"20141110",103116,"Moderate Risk","Inadequate food safety knowledge or lack of certified food safety manager"
19,"20141110",103145,"Low Risk","Improper storage of equipment utensils or linens"
19,"20130904",103133,"Moderate Risk","Foods not protected from contamination"
19,"20140214",103156,"Low Risk","Permit license or inspection report not posted"
19,"20140214",103124,"Moderate Risk","Inadequately cleaned or sanitized food contact surfaces"
24,"20141124",103119,"Moderate Risk","Inadequate and inaccessible handwashing facilities"
24,"20140612",103156,"Low Risk","Permit license or inspection report not posted"
24,"20140612",103145,"Low Risk","Improper storage of equipment utensils or linens"
29,"20131001",103142,"Low Risk","Unclean nonfood contact surfaces"
29,"20131001",103102,"High Risk","Unclean hands or improper use of gloves"
29,"20131001",103120,"Moderate Risk","Moderate risk food holding temperature "
29,"20121228",103119,"Moderate Risk","Inadequate and inaccessible handwashing facilities"
29,"20121228",103104,"High Risk","Unauthorized or unsafe use of time as a public health control measure"
29,"20121228",103142,"Low Risk","Unclean nonfood contact surfaces"
29,"20140818",103144,"Low Risk","Unapproved or unmaintained equipment or utensils"
29,"20140818",103120,"Moderate Risk","Moderate risk food holding temperature "
29,"20140818",103109,"High Risk","Unclean or unsanitary food contact surfaces"
29,"20140818",103142,"Low Risk","Unclean nonfood contact surfaces"
29,"20140818",103161,"Low Risk","Low risk vermin infestation"
29,"20140818",103121,"Moderate Risk","Inadequate procedures or records for time as a public health control "
45,"20140909",103149,"Low Risk","Wiping cloths not clean or properly stored or inadequate sanitizer"
45,"20140909",103145,"Low Risk","Improper storage of equipment utensils or linens"
45,"20140909",103154,"Low Risk","Unclean or degraded floors walls or ceilings"
45,"20131209",103157,"Low Risk","Food safety certificate or food handler card not available"
45,"20131209",103120,"Moderate Risk","Moderate risk food holding temperature "
45,"20121126",103149,"Low Risk","Wiping cloths not clean or properly stored or inadequate sanitizer"
45,"20121126",103148,"Low Risk","No thermometers or uncalibrated thermometers "
48,"20131101",103138,"Low Risk","Improper storage use or identification of toxic substances"
48,"20131101",103116,"Moderate Risk","Inadequate food safety knowledge or lack of certified food safety manager"
48,"20131101",103142,"Low Risk","Unclean nonfood contact surfaces"
48,"20131101",103149,"Low Risk","Wiping cloths not clean or properly stored or inadequate sanitizer"
48,"20130327",103161,"Low Risk","Low risk vermin infestation"
48,"20130327",103133,"Moderate Risk","Foods not protected from contamination"
48,"20130327",103129,"Moderate Risk","Insufficient hot water or running water"
48,"20140523",103133,"Moderate Risk","Foods not protected from contamination"
48,"20140523",103161,"Low Risk","Low risk vermin infestation"
48,"20140523",103142,"Low Risk","Unclean nonfood contact surfaces"
50,"20130328",103150,"Low Risk","Improper or defective plumbing"
50,"20130328",103142,"Low Risk","Unclean nonfood contact surfaces"
54,"20131008",103120,"Moderate Risk","Moderate risk food holding temperature "
54,"20130326",103131,"Moderate Risk","Moderate risk vermin infestation"
54,"20140325",103130,"Moderate Risk","Inadequate sewage or wastewater disposal"
54,"20140325",103120,"Moderate Risk","Moderate risk food holding temperature "
54,"20120801",103131,"Moderate Risk","Moderate risk vermin infestation"
56,"20141117",103156,"Low Risk","Permit license or inspection report not posted"
56,"20131021",103154,"Low Risk","Unclean or degraded floors walls or ceilings"
56,"20131021",103144,"Low Risk","Unapproved or unmaintained equipment or utensils"
56,"20131021",103145,"Low Risk","Improper storage of equipment utensils or linens"
56,"20130327",103120,"Moderate Risk","Moderate risk food holding temperature "
56,"20130327",103157,"Low Risk","Food safety certificate or food handler card not available"
56,"20120927",103157,"Low Risk","Food safety certificate or food handler card not available"
58,"20131001",103119,"Moderate Risk","Inadequate and inaccessible handwashing facilities"
58,"20131001",103131,"Moderate Risk","Moderate risk vermin infestation"
58,"20131001",103124,"Moderate Risk","Inadequately cleaned or sanitized food contact surfaces"
58,"20131001",103120,"Moderate Risk","Moderate risk food holding temperature "
58,"20131001",103116,"Moderate Risk","Inadequate food safety knowledge or lack of certified food safety manager"
58,"20140725",103119,"Moderate Risk","Inadequate and inaccessible handwashing facilities"
58,"20140725",103114,"High Risk","High risk vermin infestation"
58,"20140725",103109,"High Risk","Unclean or unsanitary food contact surfaces"
58,"20140725",103120,"Moderate Risk","Moderate risk food holding temperature "
61,"20131028",103133,"Moderate Risk","Foods not protected from contamination"
61,"20131028",103120,"Moderate Risk","Moderate risk food holding temperature "
61,"20130329",103142,"Low Risk","Unclean nonfood contact surfaces"
61,"20130329",103145,"Low Risk","Improper storage of equipment utensils or linens"
61,"20140530",103144,"Low Risk","Unapproved or unmaintained equipment or utensils"
61,"20140530",103142,"Low Risk","Unclean nonfood contact surfaces"
61,"20140530",103149,"Low Risk","Wiping cloths not clean or properly stored or inadequate sanitizer"
66,"20141119",103143,"Low Risk","Inadequate warewashing facilities or equipment"
66,"20140210",103149,"Low Risk","Wiping cloths not clean or properly stored or inadequate sanitizer"
66,"20120706",103129,"Moderate Risk","Insufficient hot water or running water"
66,"20140519",103165,"Low Risk","No plan review or Building Permit"
66,"20140519",103112,"High Risk","No hot water or running water"
67,"20150520",103145,"Low Risk","Improper storage of equipment utensils or linens"
67,"20150520",103124,"Moderate Risk","Inadequately cleaned or sanitized food contact surfaces"
67,"20150520",103119,"Moderate Risk","Inadequate and inaccessible handwashing facilities"
67,"20130801",103154,"Low Risk","Unclean or degraded floors walls or ceilings"
67,"20140205",103161,"Low Risk","Low risk vermin infestation"
67,"20140205",103116,"Moderate Risk","Inadequate food safety knowledge or lack of certified food safety manager"
67,"20120927",103112,"High Risk","No hot water or running water"
67,"20130129",103157,"Low Risk","Food safety certificate or food handler card not available"
67,"20130129",103142,"Low Risk","Unclean nonfood contact surfaces"
67,"20130129",103154,"Low Risk","Unclean or degraded floors walls or ceilings"
67,"20130129",103119,"Moderate Risk","Inadequate and inaccessible handwashing facilities"
73,"20131220",103145,"Low Risk","Improper storage of equipment utensils or linens"
73,"20131220",103124,"Moderate Risk","Inadequately cleaned or sanitized food contact surfaces"
73,"20131220",103150,"Low Risk","Improper or defective plumbing"
73,"20130524",103149,"Low Risk","Wiping cloths not clean or properly stored or inadequate sanitizer"
73,"20130524",103139,"Low Risk","Improper food storage"
73,"20130524",103133,"Moderate Risk","Foods not protected from contamination"
73,"20140522",103142,"Low Risk","Unclean nonfood contact surfaces"
73,"20140522",103139,"Low Risk","Improper food storage"
73,"20140522",103133,"Moderate Risk","Foods not protected from contamination"
76,"20131118",103145,"Low Risk","Improper storage of equipment utensils or linens"
76,"20140612",103156,"Low Risk","Permit license or inspection report not posted"
76,"20140612",103145,"Low Risk","Improper storage of equipment utensils or linens"
77,"20141124",103144,"Low Risk","Unapproved or unmaintained equipment or utensils"
77,"20141124",103149,"Low Risk","Wiping cloths not clean or properly stored or inadequate sanitizer"
77,"20140612",103120,"Moderate Risk","Moderate risk food holding temperature "
77,"20140612",103156,"Low Risk","Permit license or inspection report not posted"
80,"20131204",103103,"High Risk","High risk food holding temperature "
80,"20131204",103115,"High Risk","Other high risk violation"
81,"20150330",103120,"Moderate Risk","Moderate risk food holding temperature "
81,"20140210",103116,"Moderate Risk","Inadequate food safety knowledge or lack of certified food safety manager"
81,"20140210",103133,"Moderate Risk","Foods not protected from contamination"
81,"20130417",103120,"Moderate Risk","Moderate risk food holding temperature "
81,"20121024",103116,"Moderate Risk","Inadequate food safety knowledge or lack of certified food safety manager"
81,"20121024",103120,"Moderate Risk","Moderate risk food holding temperature "
81,"20121024",103148,"Low Risk","No thermometers or uncalibrated thermometers "
81,"20121024",103133,"Moderate Risk","Foods not protected from contamination"
85,"20130909",103130,"Moderate Risk","Inadequate sewage or wastewater disposal"
85,"20130909",103120,"Moderate Risk","Moderate risk food holding temperature "
85,"20130909",103142,"Low Risk","Unclean nonfood contact surfaces"
85,"20130909",103149,"Low Risk","Wiping cloths not clean or properly stored or inadequate sanitizer"
85,"20130909",103154,"Low Risk","Unclean or degraded floors walls or ceilings"
85,"20121211",103105,"High Risk","Improper cooling methods"
85,"20121211",103131,"Moderate Risk","Moderate risk vermin infestation"
85,"20121211",103103,"High Risk","High risk food holding temperature "
85,"20140603",103124,"Moderate Risk","Inadequately cleaned or sanitized food contact surfaces"
85,"20140603",103144,"Low Risk","Unapproved or unmaintained equipment or utensils"
85,"20140603",103145,"Low Risk","Improper storage of equipment utensils or linens"
85,"20140603",103154,"Low Risk","Unclean or degraded floors walls or ceilings"
85,"20140603",103161,"Low Risk","Low risk vermin infestation"
88,"20141014",103154,"Low Risk","Unclean or degraded floors walls or ceilings"
88,"20141014",103149,"Low Risk","Wiping cloths not clean or properly stored or inadequate sanitizer"
88,"20141014",103131,"Moderate Risk","Moderate risk vermin infestation"
88,"20141014",103116,"Moderate Risk","Inadequate food safety knowledge or lack of certified food safety manager"
88,"20141014",103108,"High Risk","Contaminated or adulterated food"
88,"20141014",103103,"High Risk","High risk food holding temperature "
88,"20140211",103103,"High Risk","High risk food holding temperature "
88,"20140211",103108,"High Risk","Contaminated or adulterated food"
88,"20140211",103116,"Moderate Risk","Inadequate food safety knowledge or lack of certified food safety manager"
88,"20130415",103154,"Low Risk","Unclean or degraded floors walls or ceilings"
88,"20130415",103109,"High Risk","Unclean or unsanitary food contact surfaces"
88,"20130415",103123,"Moderate Risk","Food in poor condition"
88,"20130415",103156,"Low Risk","Permit license or inspection report not posted"
88,"20140211",103142,"Low Risk","Unclean nonfood contact surfaces"
88,"20140319",103105,"High Risk","Improper cooling methods"
88,"20140211",103154,"Low Risk","Unclean or degraded floors walls or ceilings"
88,"20140319",103109,"High Risk","Unclean or unsanitary food contact surfaces"
88,"20120827",103142,"Low Risk","Unclean nonfood contact surfaces"
88,"20120827",103149,"Low Risk","Wiping cloths not clean or properly stored or inadequate sanitizer"
95,"20141009",103157,"Low Risk","Food safety certificate or food handler card not available"
95,"20141009",103154,"Low Risk","Unclean or degraded floors walls or ceilings"
95,"20141009",103142,"Low Risk","Unclean nonfood contact surfaces"
95,"20141009",103139,"Low Risk","Improper food storage"
95,"20141009",103114,"High Risk","High risk vermin infestation"
95,"20130515",103131,"Moderate Risk","Moderate risk vermin infestation"
95,"20130515",103139,"Low Risk","Improper food storage"
95,"20130515",103144,"Low Risk","Unapproved or unmaintained equipment or utensils"
95,"20130515",103142,"Low Risk","Unclean nonfood contact surfaces"
95,"20140506",103156,"Low Risk","Permit license or inspection report not posted"
95,"20140506",103116,"Moderate Risk","Inadequate food safety knowledge or lack of certified food safety manager"
95,"20140506",103129,"Moderate Risk","Insufficient hot water or running water"
95,"20140506",103142,"Low Risk","Unclean nonfood contact surfaces"
95,"20140506",103144,"Low Risk","Unapproved or unmaintained equipment or utensils"
95,"20120705",103131,"Moderate Risk","Moderate risk vermin infestation"
98,"20130819",103154,"Low Risk","Unclean or degraded floors walls or ceilings"
98,"20140324",103119,"Moderate Risk","Inadequate and inaccessible handwashing facilities"
98,"20121204",103139,"Low Risk","Improper food storage"
98,"20121204",103145,"Low Risk","Improper storage of equipment utensils or linens"
98,"20121204",103103,"High Risk","High risk food holding temperature "
99,"20130306",103142,"Low Risk","Unclean nonfood contact surfaces"
99,"20130306",103132,"Moderate Risk","Improper thawing methods "
99,"20130306",103157,"Low Risk","Food safety certificate or food handler card not available"
99,"20130306",103156,"Low Risk","Permit license or inspection report not posted"
99,"20120806",103156,"Low Risk","Permit license or inspection report not posted"
99,"20120806",103142,"Low Risk","Unclean nonfood contact surfaces"
99,"20120806",103132,"Moderate Risk","Improper thawing methods "
101,"20140902",103116,"Moderate Risk","Inadequate food safety knowledge or lack of certified food safety manager"
101,"20121210",103142,"Low Risk","Unclean nonfood contact surfaces"
101,"20121210",103138,"Low Risk","Improper storage use or identification of toxic substances"
102,"20130829",103142,"Low Risk","Unclean nonfood contact surfaces"
102,"20130829",103154,"Low Risk","Unclean or degraded floors walls or ceilings"
102,"20130829",103144,"Low Risk","Unapproved or unmaintained equipment or utensils"
102,"20140507",103147,"Low Risk","Inadequate ventilation or lighting"
102,"20140507",103109,"High Risk","Unclean or unsanitary food contact surfaces"
102,"20121206",103144,"Low Risk","Unapproved or unmaintained equipment or utensils"
102,"20121206",103149,"Low Risk","Wiping cloths not clean or properly stored or inadequate sanitizer"
108,"20150417",103133,"Moderate Risk","Foods not protected from contamination"
108,"20150417",103144,"Low Risk","Unapproved or unmaintained equipment or utensils"
108,"20131105",103156,"Low Risk","Permit license or inspection report not posted"
108,"20131105",103119,"Moderate Risk","Inadequate and inaccessible handwashing facilities"
108,"20131105",103131,"Moderate Risk","Moderate risk vermin infestation"
108,"20131105",103133,"Moderate Risk","Foods not protected from contamination"
108,"20131105",103147,"Low Risk","Inadequate ventilation or lighting"
108,"20131105",103155,"Low Risk","Unapproved  living quarters in food facility"
108,"20131105",103149,"Low Risk","Wiping cloths not clean or properly stored or inadequate sanitizer"
108,"20130206",103156,"Low Risk","Permit license or inspection report not posted"
108,"20130206",103114,"High Risk","High risk vermin infestation"
108,"20130206",103108,"High Risk","Contaminated or adulterated food"
111,"20130819",103154,"Low Risk","Unclean or degraded floors walls or ceilings"
111,"20130819",103116,"Moderate Risk","Inadequate food safety knowledge or lack of certified food safety manager"
111,"20130819",103119,"Moderate Risk","Inadequate and inaccessible handwashing facilities"
111,"20140324",103116,"Moderate Risk","Inadequate food safety knowledge or lack of certified food safety manager"
111,"20140324",103139,"Low Risk","Improper food storage"
111,"20140324",103154,"Low Risk","Unclean or degraded floors walls or ceilings"
111,"20121204",103154,"Low Risk","Unclean or degraded floors walls or ceilings"
111,"20121204",103144,"Low Risk","Unapproved or unmaintained equipment or utensils"
111,"20121204",103133,"Moderate Risk","Foods not protected from contamination"
111,"20121204",103123,"Moderate Risk","Food in poor condition"
111,"20121204",103161,"Low Risk","Low risk vermin infestation"
116,"20140910",103120,"Moderate Risk","Moderate risk food holding temperature "
116,"20130416",103119,"Moderate Risk","Inadequate and inaccessible handwashing facilities"
116,"20130416",103120,"Moderate Risk","Moderate risk food holding temperature "
116,"20130416",103154,"Low Risk","Unclean or degraded floors walls or ceilings"
116,"20120807",103154,"Low Risk","Unclean or degraded floors walls or ceilings"
116,"20120807",103108,"High Risk","Contaminated or adulterated food"
116,"20120807",103114,"High Risk","High risk vermin infestation"
116,"20120807",103120,"Moderate Risk","Moderate risk food holding temperature "
121,"20140129",103124,"Moderate Risk","Inadequately cleaned or sanitized food contact surfaces"
121,"20140129",103139,"Low Risk","Improper food storage"
121,"20140129",103103,"High Risk","High risk food holding temperature "
121,"20130227",103120,"Moderate Risk","Moderate risk food holding temperature "
121,"20140813",103133,"Moderate Risk","Foods not protected from contamination"
121,"20140813",103161,"Low Risk","Low risk vermin infestation"
121,"20140813",103150,"Low Risk","Improper or defective plumbing"
121,"20140813",103149,"Low Risk","Wiping cloths not clean or properly stored or inadequate sanitizer"
125,"20130529",103139,"Low Risk","Improper food storage"
125,"20130529",103156,"Low Risk","Permit license or inspection report not posted"
125,"20121024",103114,"High Risk","High risk vermin infestation"
125,"20121024",103153,"Low Risk","Inadequate dressing rooms or improper storage of personal items"
125,"20121024",103139,"Low Risk","Improper food storage"
126,"20141028",103151,"Low Risk","Inadequate or unsanitary refuse containers or area or no garbage service"
126,"20141028",103154,"Low Risk","Unclean or degraded floors walls or ceilings"
126,"20141028",103149,"Low Risk","Wiping cloths not clean or properly stored or inadequate sanitizer"
126,"20141028",103133,"Moderate Risk","Foods not protected from contamination"
126,"20141028",103131,"Moderate Risk","Moderate risk vermin infestation"
126,"20141028",103124,"Moderate Risk","Inadequately cleaned or sanitized food contact surfaces"
126,"20141028",103103,"High Risk","High risk food holding temperature "
126,"20130716",103119,"Moderate Risk","Inadequate and inaccessible handwashing facilities"
126,"20130716",103154,"Low Risk","Unclean or degraded floors walls or ceilings"
126,"20130716",103120,"Moderate Risk","Moderate risk food holding temperature "
126,"20130716",103142,"Low Risk","Unclean nonfood contact surfaces"
126,"20130716",103139,"Low Risk","Improper food storage"
126,"20130716",103124,"Moderate Risk","Inadequately cleaned or sanitized food contact surfaces"
126,"20130415",103103,"High Risk","High risk food holding temperature "
126,"20130415",103124,"Moderate Risk","Inadequately cleaned or sanitized food contact surfaces"
126,"20130415",103133,"Moderate Risk","Foods not protected from contamination"
126,"20130415",103142,"Low Risk","Unclean nonfood contact surfaces"
126,"20130415",103149,"Low Risk","Wiping cloths not clean or properly stored or inadequate sanitizer"
126,"20130415",103154,"Low Risk","Unclean or degraded floors walls or ceilings"
126,"20130415",103139,"Low Risk","Improper food storage"
126,"20140410",103154,"Low Risk","Unclean or degraded floors walls or ceilings"
126,"20140410",103133,"Moderate Risk","Foods not protected from contamination"
126,"20140410",103108,"High Risk","Contaminated or adulterated food"
126,"20140410",103114,"High Risk","High risk vermin infestation"
126,"20140410",103119,"Moderate Risk","Inadequate and inaccessible handwashing facilities"
126,"20140410",103139,"Low Risk","Improper food storage"
126,"20140410",103144,"Low Risk","Unapproved or unmaintained equipment or utensils"
126,"20140410",103142,"Low Risk","Unclean nonfood contact surfaces"
126,"20120717",103104,"High Risk","Unauthorized or unsafe use of time as a public health control measure"
126,"20120717",103154,"Low Risk","Unclean or degraded floors walls or ceilings"
126,"20120717",103149,"Low Risk","Wiping cloths not clean or properly stored or inadequate sanitizer"
126,"20120717",103142,"Low Risk","Unclean nonfood contact surfaces"
126,"20120717",103139,"Low Risk","Improper food storage"
126,"20120717",103133,"Moderate Risk","Foods not protected from contamination"
126,"20120717",103124,"Moderate Risk","Inadequately cleaned or sanitized food contact surfaces"
126,"20120717",103105,"High Risk","Improper cooling methods"
130,"20121109",103157,"Low Risk","Food safety certificate or food handler card not available"
130,"20121109",103149,"Low Risk","Wiping cloths not clean or properly stored or inadequate sanitizer"
130,"20121109",103143,"Low Risk","Inadequate warewashing facilities or equipment"
130,"20121109",103145,"Low Risk","Improper storage of equipment utensils or linens"
132,"20150225",103153,"Low Risk","Inadequate dressing rooms or improper storage of personal items"
132,"20150225",103154,"Low Risk","Unclean or degraded floors walls or ceilings"
132,"20150225",103144,"Low Risk","Unapproved or unmaintained equipment or utensils"
132,"20150225",103142,"Low Risk","Unclean nonfood contact surfaces"
132,"20150225",103139,"Low Risk","Improper food storage"
132,"20150225",103124,"Moderate Risk","Inadequately cleaned or sanitized food contact surfaces"
132,"20130131",103142,"Low Risk","Unclean nonfood contact surfaces"
132,"20130131",103124,"Moderate Risk","Inadequately cleaned or sanitized food contact surfaces"
132,"20130131",103103,"High Risk","High risk food holding temperature "
132,"20140625",103139,"Low Risk","Improper food storage"
132,"20140625",103149,"Low Risk","Wiping cloths not clean or properly stored or inadequate sanitizer"
132,"20140625",103120,"Moderate Risk","Moderate risk food holding temperature "
132,"20140625",103119,"Moderate Risk","Inadequate and inaccessible handwashing facilities"
140,"20131122",103103,"High Risk","High risk food holding temperature "
140,"20131122",103107,"High Risk","Improper reheating of food"
140,"20131122",103120,"Moderate Risk","Moderate risk food holding temperature "
140,"20131122",103149,"Low Risk","Wiping cloths not clean or properly stored or inadequate sanitizer"
140,"20140709",103120,"Moderate Risk","Moderate risk food holding temperature "
141,"20130422",103120,"Moderate Risk","Moderate risk food holding temperature "
141,"20130422",103139,"Low Risk","Improper food storage"
141,"20140409",103139,"Low Risk","Improper food storage"
141,"20120807",103124,"Moderate Risk","Inadequately cleaned or sanitized food contact surfaces"
141,"20120807",103161,"Low Risk","Low risk vermin infestation"
141,"20120807",103136,"Low Risk","Unsanitary employee garments hair or nails"
146,"20131122",103144,"Low Risk","Unapproved or unmaintained equipment or utensils"
146,"20131122",103118,"Moderate Risk","Employee eating or smoking"
146,"20130529",103154,"Low Risk","Unclean or degraded floors walls or ceilings"
146,"20140429",103161,"Low Risk","Low risk vermin infestation"
146,"20121206",103161,"Low Risk","Low risk vermin infestation"
146,"20121206",103154,"Low Risk","Unclean or degraded floors walls or ceilings"
151,"20150520",103138,"Low Risk","Improper storage use or identification of toxic substances"
151,"20150520",103116,"Moderate Risk","Inadequate food safety knowledge or lack of certified food safety manager"
151,"20150520",103103,"High Risk","High risk food holding temperature "
151,"20140312",103154,"Low Risk","Unclean or degraded floors walls or ceilings"
151,"20140312",103149,"Low Risk","Wiping cloths not clean or properly stored or inadequate sanitizer"
151,"20130111",103149,"Low Risk","Wiping cloths not clean or properly stored or inadequate sanitizer"
155,"20130430",103152,"Low Risk","Unclean unmaintained or improperly constructed toilet facilities"
155,"20130430",103148,"Low Risk","No thermometers or uncalibrated thermometers "
155,"20130430",103144,"Low Risk","Unapproved or unmaintained equipment or utensils"
155,"20140224",103149,"Low Risk","Wiping cloths not clean or properly stored or inadequate sanitizer"
155,"20140224",103161,"Low Risk","Low risk vermin infestation"
155,"20140224",103157,"Low Risk","Food safety certificate or food handler card not available"
155,"20120821",103157,"Low Risk","Food safety certificate or food handler card not available"
155,"20120821",103161,"Low Risk","Low risk vermin infestation"
155,"20140623",103150,"Low Risk","Improper or defective plumbing"
155,"20140623",103152,"Low Risk","Unclean unmaintained or improperly constructed toilet facilities"
155,"20140623",103157,"Low Risk","Food safety certificate or food handler card not available"
164,"20130729",103124,"Moderate Risk","Inadequately cleaned or sanitized food contact surfaces"
178,"20140204",103133,"Moderate Risk","Foods not protected from contamination"
178,"20140730",103157,"Low Risk","Food safety certificate or food handler card not available"
178,"20140730",103124,"Moderate Risk","Inadequately cleaned or sanitized food contact surfaces"
178,"20140730",103119,"Moderate Risk","Inadequate and inaccessible handwashing facilities"
179,"20130828",103161,"Low Risk","Low risk vermin infestation"
179,"20130828",103129,"Moderate Risk","Insufficient hot water or running water"
179,"20130828",103120,"Moderate Risk","Moderate risk food holding temperature "
179,"20121207",103161,"Low Risk","Low risk vermin infestation"
179,"20121207",103139,"Low Risk","Improper food storage"
179,"20121207",103124,"Moderate Risk","Inadequately cleaned or sanitized food contact surfaces"
179,"20121207",103120,"Moderate Risk","Moderate risk food holding temperature "
179,"20140522",103144,"Low Risk","Unapproved or unmaintained equipment or utensils"
179,"20140522",103120,"Moderate Risk","Moderate risk food holding temperature "
180,"20141104",103114,"High Risk","High risk vermin infestation"
180,"20141104",103149,"Low Risk","Wiping cloths not clean or properly stored or inadequate sanitizer"
180,"20131021",103114,"High Risk","High risk vermin infestation"
180,"20131021",103154,"Low Risk","Unclean or degraded floors walls or ceilings"
180,"20121213",103119,"Moderate Risk","Inadequate and inaccessible handwashing facilities"
180,"20121213",103133,"Moderate Risk","Foods not protected from contamination"
184,"20140923",103139,"Low Risk","Improper food storage"
184,"20140923",103154,"Low Risk","Unclean or degraded floors walls or ceilings"
184,"20121106",103154,"Low Risk","Unclean or degraded floors walls or ceilings"
187,"20130905",103145,"Low Risk","Improper storage of equipment utensils or linens"
187,"20130905",103144,"Low Risk","Unapproved or unmaintained equipment or utensils"
187,"20130905",103119,"Moderate Risk","Inadequate and inaccessible handwashing facilities"
187,"20130905",103139,"Low Risk","Improper food storage"
190,"20150327",103156,"Low Risk","Permit license or inspection report not posted"
190,"20150327",103150,"Low Risk","Improper or defective plumbing"
190,"20150327",103120,"Moderate Risk","Moderate risk food holding temperature "
190,"20140421",103156,"Low Risk","Permit license or inspection report not posted"
190,"20121116",103154,"Low Risk","Unclean or degraded floors walls or ceilings"
192,"20130419",103147,"Low Risk","Inadequate ventilation or lighting"
192,"20130419",103156,"Low Risk","Permit license or inspection report not posted"
192,"20120626",103124,"Moderate Risk","Inadequately cleaned or sanitized food contact surfaces"
192,"20120626",103120,"Moderate Risk","Moderate risk food holding temperature "
192,"20140813",103120,"Moderate Risk","Moderate risk food holding temperature "
192,"20140813",103149,"Low Risk","Wiping cloths not clean or properly stored or inadequate sanitizer"
192,"20140813",103139,"Low Risk","Improper food storage"
194,"20150420",103102,"High Risk","Unclean hands or improper use of gloves"
194,"20150420",103108,"High Risk","Contaminated or adulterated food"
194,"20150420",103120,"Moderate Risk","Moderate risk food holding temperature "
194,"20150420",103157,"Low Risk","Food safety certificate or food handler card not available"
194,"20140305",103124,"Moderate Risk","Inadequately cleaned or sanitized food contact surfaces"
194,"20140307",103116,"Moderate Risk","Inadequate food safety knowledge or lack of certified food safety manager"
194,"20140307",103142,"Low Risk","Unclean nonfood contact surfaces"
194,"20140305",103144,"Low Risk","Unapproved or unmaintained equipment or utensils"
194,"20140305",103120,"Moderate Risk","Moderate risk food holding temperature "
194,"20140305",103165,"Low Risk","No plan review or Building Permit"
194,"20130107",103120,"Moderate Risk","Moderate risk food holding temperature "
194,"20130107",103149,"Low Risk","Wiping cloths not clean or properly stored or inadequate sanitizer"
194,"20130107",103143,"Low Risk","Inadequate warewashing facilities or equipment"
194,"20130107",103142,"Low Risk","Unclean nonfood contact surfaces"
198,"20150206",103116,"Moderate Risk","Inadequate food safety knowledge or lack of certified food safety manager"
198,"20150206",103157,"Low Risk","Food safety certificate or food handler card not available"
198,"20130904",103148,"Low Risk","No thermometers or uncalibrated thermometers "
198,"20130904",103120,"Moderate Risk","Moderate risk food holding temperature "
198,"20130904",103119,"Moderate Risk","Inadequate and inaccessible handwashing facilities"
198,"20140505",103132,"Moderate Risk","Improper thawing methods "
200,"20150129",103144,"Low Risk","Unapproved or unmaintained equipment or utensils"
200,"20150129",103109,"High Risk","Unclean or unsanitary food contact surfaces"
200,"20150129",103131,"Moderate Risk","Moderate risk vermin infestation"
200,"20130710",103154,"Low Risk","Unclean or degraded floors walls or ceilings"
200,"20130710",103139,"Low Risk","Improper food storage"
200,"20130710",103133,"Moderate Risk","Foods not protected from contamination"
200,"20130710",103104,"High Risk","Unauthorized or unsafe use of time as a public health control measure"
200,"20140317",103120,"Moderate Risk","Moderate risk food holding temperature "
200,"20140317",103139,"Low Risk","Improper food storage"
200,"20140317",103144,"Low Risk","Unapproved or unmaintained equipment or utensils"
200,"20121024",103133,"Moderate Risk","Foods not protected from contamination"
200,"20121024",103121,"Moderate Risk","Inadequate procedures or records for time as a public health control "
200,"20121024",103118,"Moderate Risk","Employee eating or smoking"
208,"20150212",103131,"Moderate Risk","Moderate risk vermin infestation"
208,"20150212",103144,"Low Risk","Unapproved or unmaintained equipment or utensils"
208,"20130605",103154,"Low Risk","Unclean or degraded floors walls or ceilings"
208,"20130605",103120,"Moderate Risk","Moderate risk food holding temperature "
208,"20130605",103149,"Low Risk","Wiping cloths not clean or properly stored or inadequate sanitizer"
208,"20140313",103103,"High Risk","High risk food holding temperature "
208,"20140313",103161,"Low Risk","Low risk vermin infestation"
208,"20120823",103109,"High Risk","Unclean or unsanitary food contact surfaces"
208,"20120823",103121,"Moderate Risk","Inadequate procedures or records for time as a public health control "
208,"20120823",103142,"Low Risk","Unclean nonfood contact surfaces"
208,"20120823",103161,"Low Risk","Low risk vermin infestation"
217,"20140624",103143,"Low Risk","Inadequate warewashing facilities or equipment"
217,"20140624",103116,"Moderate Risk","Inadequate food safety knowledge or lack of certified food safety manager"
221,"20130724",103114,"High Risk","High risk vermin infestation"
221,"20130724",103154,"Low Risk","Unclean or degraded floors walls or ceilings"
221,"20140122",103114,"High Risk","High risk vermin infestation"
221,"20140122",103154,"Low Risk","Unclean or degraded floors walls or ceilings"
221,"20120815",103156,"Low Risk","Permit license or inspection report not posted"
221,"20120815",103116,"Moderate Risk","Inadequate food safety knowledge or lack of certified food safety manager"
221,"20120815",103131,"Moderate Risk","Moderate risk vermin infestation"
221,"20130131",103114,"High Risk","High risk vermin infestation"
221,"20130131",103154,"Low Risk","Unclean or degraded floors walls or ceilings"
226,"20140910",103149,"Low Risk","Wiping cloths not clean or properly stored or inadequate sanitizer"
226,"20140910",103103,"High Risk","High risk food holding temperature "
226,"20140910",103156,"Low Risk","Permit license or inspection report not posted"
226,"20130326",103124,"Moderate Risk","Inadequately cleaned or sanitized food contact surfaces"
226,"20130326",103133,"Moderate Risk","Foods not protected from contamination"
226,"20130326",103154,"Low Risk","Unclean or degraded floors walls or ceilings"
226,"20130326",103116,"Moderate Risk","Inadequate food safety knowledge or lack of certified food safety manager"
226,"20120912",103124,"Moderate Risk","Inadequately cleaned or sanitized food contact surfaces"
226,"20120912",103150,"Low Risk","Improper or defective plumbing"
230,"20150306",103120,"Moderate Risk","Moderate risk food holding temperature "
230,"20150306",103124,"Moderate Risk","Inadequately cleaned or sanitized food contact surfaces"
230,"20150306",103129,"Moderate Risk","Insufficient hot water or running water"
230,"20150306",103144,"Low Risk","Unapproved or unmaintained equipment or utensils"
230,"20150306",103150,"Low Risk","Improper or defective plumbing"
230,"20150306",103154,"Low Risk","Unclean or degraded floors walls or ceilings"
230,"20150306",103119,"Moderate Risk","Inadequate and inaccessible handwashing facilities"
230,"20140205",103154,"Low Risk","Unclean or degraded floors walls or ceilings"
230,"20140205",103124,"Moderate Risk","Inadequately cleaned or sanitized food contact surfaces"
230,"20140205",103119,"Moderate Risk","Inadequate and inaccessible handwashing facilities"
230,"20140205",103118,"Moderate Risk","Employee eating or smoking"
230,"20140205",103156,"Low Risk","Permit license or inspection report not posted"
230,"20140205",103116,"Moderate Risk","Inadequate food safety knowledge or lack of certified food safety manager"
230,"20130124",103109,"High Risk","Unclean or unsanitary food contact surfaces"
230,"20130124",103142,"Low Risk","Unclean nonfood contact surfaces"
230,"20130124",103144,"Low Risk","Unapproved or unmaintained equipment or utensils"
230,"20130124",103114,"High Risk","High risk vermin infestation"
230,"20130124",103156,"Low Risk","Permit license or inspection report not posted"
230,"20130124",103133,"Moderate Risk","Foods not protected from contamination"
230,"20130124",103157,"Low Risk","Food safety certificate or food handler card not available"
230,"20130124",103119,"Moderate Risk","Inadequate and inaccessible handwashing facilities"
230,"20130124",103124,"Moderate Risk","Inadequately cleaned or sanitized food contact surfaces"
230,"20130124",103154,"Low Risk","Unclean or degraded floors walls or ceilings"
231,"20140902",103149,"Low Risk","Wiping cloths not clean or properly stored or inadequate sanitizer"
231,"20140902",103119,"Moderate Risk","Inadequate and inaccessible handwashing facilities"
231,"20140902",103138,"Low Risk","Improper storage use or identification of toxic substances"
231,"20140204",103154,"Low Risk","Unclean or degraded floors walls or ceilings"
231,"20140204",103124,"Moderate Risk","Inadequately cleaned or sanitized food contact surfaces"
231,"20140204",103139,"Low Risk","Improper food storage"
231,"20130508",103103,"High Risk","High risk food holding temperature "
231,"20130508",103139,"Low Risk","Improper food storage"
231,"20130508",103142,"Low Risk","Unclean nonfood contact surfaces"
231,"20130508",103124,"Moderate Risk","Inadequately cleaned or sanitized food contact surfaces"
231,"20121106",103142,"Low Risk","Unclean nonfood contact surfaces"
231,"20121106",103120,"Moderate Risk","Moderate risk food holding temperature "
231,"20121106",103103,"High Risk","High risk food holding temperature "
231,"20121106",103154,"Low Risk","Unclean or degraded floors walls or ceilings"
234,"20150505",103131,"Moderate Risk","Moderate risk vermin infestation"
234,"20150505",103124,"Moderate Risk","Inadequately cleaned or sanitized food contact surfaces"
234,"20150505",103144,"Low Risk","Unapproved or unmaintained equipment or utensils"
234,"20150505",103149,"Low Risk","Wiping cloths not clean or properly stored or inadequate sanitizer"
234,"20150505",103154,"Low Risk","Unclean or degraded floors walls or ceilings"
234,"20150505",103121,"Moderate Risk","Inadequate procedures or records for time as a public health control "
234,"20130506",103154,"Low Risk","Unclean or degraded floors walls or ceilings"
234,"20130506",103144,"Low Risk","Unapproved or unmaintained equipment or utensils"
234,"20130506",103142,"Low Risk","Unclean nonfood contact surfaces"
234,"20130506",103133,"Moderate Risk","Foods not protected from contamination"
234,"20130506",103131,"Moderate Risk","Moderate risk vermin infestation"
234,"20140415",103154,"Low Risk","Unclean or degraded floors walls or ceilings"
234,"20140415",103105,"High Risk","Improper cooling methods"
234,"20140415",103120,"Moderate Risk","Moderate risk food holding temperature "
234,"20140415",103124,"Moderate Risk","Inadequately cleaned or sanitized food contact surfaces"
234,"20140415",103144,"Low Risk","Unapproved or unmaintained equipment or utensils"
234,"20140415",103145,"Low Risk","Improper storage of equipment utensils or linens"
236,"20141118",103150,"Low Risk","Improper or defective plumbing"
236,"20141118",103157,"Low Risk","Food safety certificate or food handler card not available"
236,"20141118",103156,"Low Risk","Permit license or inspection report not posted"
236,"20141118",103119,"Moderate Risk","Inadequate and inaccessible handwashing facilities"
236,"20141118",103144,"Low Risk","Unapproved or unmaintained equipment or utensils"
236,"20130522",103156,"Low Risk","Permit license or inspection report not posted"
236,"20130522",103154,"Low Risk","Unclean or degraded floors walls or ceilings"
236,"20121012",103154,"Low Risk","Unclean or degraded floors walls or ceilings"
236,"20121012",103131,"Moderate Risk","Moderate risk vermin infestation"
239,"20130917",103118,"Moderate Risk","Employee eating or smoking"
239,"20130917",103143,"Low Risk","Inadequate warewashing facilities or equipment"
239,"20130917",103103,"High Risk","High risk food holding temperature "
239,"20130917",103124,"Moderate Risk","Inadequately cleaned or sanitized food contact surfaces"
239,"20130917",103154,"Low Risk","Unclean or degraded floors walls or ceilings"
239,"20130917",103133,"Moderate Risk","Foods not protected from contamination"
239,"20120830",103145,"Low Risk","Improper storage of equipment utensils or linens"
239,"20120830",103119,"Moderate Risk","Inadequate and inaccessible handwashing facilities"
239,"20120830",103114,"High Risk","High risk vermin infestation"
239,"20120830",103116,"Moderate Risk","Inadequate food safety knowledge or lack of certified food safety manager"
239,"20140507",103142,"Low Risk","Unclean nonfood contact surfaces"
239,"20140507",103133,"Moderate Risk","Foods not protected from contamination"
239,"20140507",103120,"Moderate Risk","Moderate risk food holding temperature "
240,"20140206",103142,"Low Risk","Unclean nonfood contact surfaces"
240,"20140206",103144,"Low Risk","Unapproved or unmaintained equipment or utensils"
240,"20140206",103105,"High Risk","Improper cooling methods"
240,"20140206",103120,"Moderate Risk","Moderate risk food holding temperature "
240,"20140206",103154,"Low Risk","Unclean or degraded floors walls or ceilings"
240,"20140206",103124,"Moderate Risk","Inadequately cleaned or sanitized food contact surfaces"
240,"20130523",103138,"Low Risk","Improper storage use or identification of toxic substances"
240,"20130523",103120,"Moderate Risk","Moderate risk food holding temperature "
240,"20130523",103144,"Low Risk","Unapproved or unmaintained equipment or utensils"
240,"20130523",103154,"Low Risk","Unclean or degraded floors walls or ceilings"
240,"20130523",103109,"High Risk","Unclean or unsanitary food contact surfaces"
240,"20130523",103142,"Low Risk","Unclean nonfood contact surfaces"
240,"20121213",103105,"High Risk","Improper cooling methods"
240,"20121213",103133,"Moderate Risk","Foods not protected from contamination"
240,"20121213",103119,"Moderate Risk","Inadequate and inaccessible handwashing facilities"
240,"20121213",103139,"Low Risk","Improper food storage"
240,"20121213",103142,"Low Risk","Unclean nonfood contact surfaces"
240,"20121213",103109,"High Risk","Unclean or unsanitary food contact surfaces"
240,"20121213",103103,"High Risk","High risk food holding temperature "
240,"20121213",103154,"Low Risk","Unclean or degraded floors walls or ceilings"
240,"20140724",103119,"Moderate Risk","Inadequate and inaccessible handwashing facilities"
240,"20140724",103154,"Low Risk","Unclean or degraded floors walls or ceilings"
240,"20140724",103144,"Low Risk","Unapproved or unmaintained equipment or utensils"
240,"20140724",103132,"Moderate Risk","Improper thawing methods "
240,"20140724",103109,"High Risk","Unclean or unsanitary food contact surfaces"
240,"20140724",103139,"Low Risk","Improper food storage"
247,"20140909",103148,"Low Risk","No thermometers or uncalibrated thermometers "
247,"20140909",103143,"Low Risk","Inadequate warewashing facilities or equipment"
247,"20140909",103142,"Low Risk","Unclean nonfood contact surfaces"
247,"20140909",103129,"Moderate Risk","Insufficient hot water or running water"
247,"20140909",103109,"High Risk","Unclean or unsanitary food contact surfaces"
247,"20140304",103150,"Low Risk","Improper or defective plumbing"
247,"20140304",103149,"Low Risk","Wiping cloths not clean or properly stored or inadequate sanitizer"
247,"20140304",103157,"Low Risk","Food safety certificate or food handler card not available"
247,"20121114",103161,"Low Risk","Low risk vermin infestation"
247,"20121114",103149,"Low Risk","Wiping cloths not clean or properly stored or inadequate sanitizer"
247,"20121114",103114,"High Risk","High risk vermin infestation"
251,"20131113",103139,"Low Risk","Improper food storage"
251,"20131113",103161,"Low Risk","Low risk vermin infestation"
251,"20131113",103142,"Low Risk","Unclean nonfood contact surfaces"
251,"20131113",103149,"Low Risk","Wiping cloths not clean or properly stored or inadequate sanitizer"
251,"20130315",103116,"Moderate Risk","Inadequate food safety knowledge or lack of certified food safety manager"
251,"20130315",103120,"Moderate Risk","Moderate risk food holding temperature "
251,"20130315",103138,"Low Risk","Improper storage use or identification of toxic substances"
251,"20130315",103161,"Low Risk","Low risk vermin infestation"
251,"20140612",103154,"Low Risk","Unclean or degraded floors walls or ceilings"
251,"20140612",103149,"Low Risk","Wiping cloths not clean or properly stored or inadequate sanitizer"
253,"20150217",103154,"Low Risk","Unclean or degraded floors walls or ceilings"
253,"20131101",103142,"Low Risk","Unclean nonfood contact surfaces"
253,"20121009",103157,"Low Risk","Food safety certificate or food handler card not available"
256,"20130319",103156,"Low Risk","Permit license or inspection report not posted"
256,"20140303",103157,"Low Risk","Food safety certificate or food handler card not available"
258,"20141003",103132,"Moderate Risk","Improper thawing methods "
258,"20141003",103139,"Low Risk","Improper food storage"
258,"20150528",103139,"Low Risk","Improper food storage"
258,"20131017",103120,"Moderate Risk","Moderate risk food holding temperature "
258,"20131017",103157,"Low Risk","Food safety certificate or food handler card not available"
258,"20130405",103157,"Low Risk","Food safety certificate or food handler card not available"
258,"20130405",103120,"Moderate Risk","Moderate risk food holding temperature "
258,"20140407",103152,"Low Risk","Unclean unmaintained or improperly constructed toilet facilities"
258,"20140407",103139,"Low Risk","Improper food storage"
258,"20120905",103124,"Moderate Risk","Inadequately cleaned or sanitized food contact surfaces"
258,"20120905",103161,"Low Risk","Low risk vermin infestation"
258,"20120905",103154,"Low Risk","Unclean or degraded floors walls or ceilings"
258,"20120905",103142,"Low Risk","Unclean nonfood contact surfaces"
258,"20120905",103139,"Low Risk","Improper food storage"
260,"20141209",103149,"Low Risk","Wiping cloths not clean or properly stored or inadequate sanitizer"
260,"20141209",103156,"Low Risk","Permit license or inspection report not posted"
260,"20141209",103119,"Moderate Risk","Inadequate and inaccessible handwashing facilities"
260,"20130627",103149,"Low Risk","Wiping cloths not clean or properly stored or inadequate sanitizer"
260,"20130627",103139,"Low Risk","Improper food storage"
260,"20130627",103103,"High Risk","High risk food holding temperature "
260,"20130627",103142,"Low Risk","Unclean nonfood contact surfaces"
260,"20131119",103154,"Low Risk","Unclean or degraded floors walls or ceilings"
260,"20131119",103152,"Low Risk","Unclean unmaintained or improperly constructed toilet facilities"
260,"20131119",103119,"Moderate Risk","Inadequate and inaccessible handwashing facilities"
260,"20120621",103119,"Moderate Risk","Inadequate and inaccessible handwashing facilities"
260,"20120621",103162,"Low Risk","Other low risk violation"
260,"20120621",103118,"Moderate Risk","Employee eating or smoking"
260,"20121211",103149,"Low Risk","Wiping cloths not clean or properly stored or inadequate sanitizer"
260,"20121211",103154,"Low Risk","Unclean or degraded floors walls or ceilings"
260,"20121211",103157,"Low Risk","Food safety certificate or food handler card not available"
260,"20121211",103129,"Moderate Risk","Insufficient hot water or running water"
260,"20140520",103162,"Low Risk","Other low risk violation"
260,"20140520",103149,"Low Risk","Wiping cloths not clean or properly stored or inadequate sanitizer"
260,"20140520",103145,"Low Risk","Improper storage of equipment utensils or linens"
260,"20140520",103144,"Low Risk","Unapproved or unmaintained equipment or utensils"
260,"20140520",103139,"Low Risk","Improper food storage"
260,"20140520",103119,"Moderate Risk","Inadequate and inaccessible handwashing facilities"
264,"20130819",103114,"High Risk","High risk vermin infestation"
264,"20130819",103116,"Moderate Risk","Inadequate food safety knowledge or lack of certified food safety manager"
264,"20130819",103124,"Moderate Risk","Inadequately cleaned or sanitized food contact surfaces"
264,"20130819",103144,"Low Risk","Unapproved or unmaintained equipment or utensils"
264,"20130819",103154,"Low Risk","Unclean or degraded floors walls or ceilings"
264,"20140324",103151,"Low Risk","Inadequate or unsanitary refuse containers or area or no garbage service"
264,"20140324",103131,"Moderate Risk","Moderate risk vermin infestation"
264,"20121205",103154,"Low Risk","Unclean or degraded floors walls or ceilings"
264,"20121205",103131,"Moderate Risk","Moderate risk vermin infestation"
264,"20121205",103147,"Low Risk","Inadequate ventilation or lighting"
264,"20121205",103144,"Low Risk","Unapproved or unmaintained equipment or utensils"
267,"20130731",103154,"Low Risk","Unclean or degraded floors walls or ceilings"
267,"20130731",103150,"Low Risk","Improper or defective plumbing"
267,"20130731",103144,"Low Risk","Unapproved or unmaintained equipment or utensils"
267,"20130731",103142,"Low Risk","Unclean nonfood contact surfaces"
267,"20130731",103124,"Moderate Risk","Inadequately cleaned or sanitized food contact surfaces"
267,"20130731",103114,"High Risk","High risk vermin infestation"
267,"20130731",103119,"Moderate Risk","Inadequate and inaccessible handwashing facilities"
267,"20120731",103112,"High Risk","No hot water or running water"
267,"20120731",103139,"Low Risk","Improper food storage"
267,"20120731",103142,"Low Risk","Unclean nonfood contact surfaces"
267,"20120731",103161,"Low Risk","Low risk vermin infestation"
267,"20120731",103149,"Low Risk","Wiping cloths not clean or properly stored or inadequate sanitizer"
267,"20120731",103148,"Low Risk","No thermometers or uncalibrated thermometers "
267,"20140528",103109,"High Risk","Unclean or unsanitary food contact surfaces"
268,"20140829",103120,"Moderate Risk","Moderate risk food holding temperature "
268,"20130805",103120,"Moderate Risk","Moderate risk food holding temperature "
268,"20140224",103156,"Low Risk","Permit license or inspection report not posted"
268,"20121203",103133,"Moderate Risk","Foods not protected from contamination"
268,"20121203",103105,"High Risk","Improper cooling methods"
272,"20141203",103109,"High Risk","Unclean or unsanitary food contact surfaces"
272,"20141203",103131,"Moderate Risk","Moderate risk vermin infestation"
272,"20141203",103116,"Moderate Risk","Inadequate food safety knowledge or lack of certified food safety manager"
272,"20141203",103133,"Moderate Risk","Foods not protected from contamination"
272,"20141203",103103,"High Risk","High risk food holding temperature "
272,"20141203",103144,"Low Risk","Unapproved or unmaintained equipment or utensils"
272,"20131106",103149,"Low Risk","Wiping cloths not clean or properly stored or inadequate sanitizer"
272,"20131106",103131,"Moderate Risk","Moderate risk vermin infestation"
272,"20130514",103103,"High Risk","High risk food holding temperature "
272,"20130514",103154,"Low Risk","Unclean or degraded floors walls or ceilings"
272,"20130514",103131,"Moderate Risk","Moderate risk vermin infestation"
272,"20140422",103154,"Low Risk","Unclean or degraded floors walls or ceilings"
272,"20140422",103142,"Low Risk","Unclean nonfood contact surfaces"
272,"20140422",103133,"Moderate Risk","Foods not protected from contamination"
272,"20140422",103132,"Moderate Risk","Improper thawing methods "
272,"20140422",103149,"Low Risk","Wiping cloths not clean or properly stored or inadequate sanitizer"
272,"20121029",103154,"Low Risk","Unclean or degraded floors walls or ceilings"
272,"20121029",103131,"Moderate Risk","Moderate risk vermin infestation"
272,"20121029",103149,"Low Risk","Wiping cloths not clean or properly stored or inadequate sanitizer"
272,"20121029",103120,"Moderate Risk","Moderate risk food holding temperature "
273,"20150519",103147,"Low Risk","Inadequate ventilation or lighting"
273,"20150519",103145,"Low Risk","Improper storage of equipment utensils or linens"
273,"20150519",103149,"Low Risk","Wiping cloths not clean or properly stored or inadequate sanitizer"
273,"20150519",103142,"Low Risk","Unclean nonfood contact surfaces"
273,"20150519",103133,"Moderate Risk","Foods not protected from contamination"
273,"20150519",103124,"Moderate Risk","Inadequately cleaned or sanitized food contact surfaces"
273,"20150519",103119,"Moderate Risk","Inadequate and inaccessible handwashing facilities"
273,"20150526",103142,"Low Risk","Unclean nonfood contact surfaces"
273,"20131118",103102,"High Risk","Unclean hands or improper use of gloves"
273,"20131118",103142,"Low Risk","Unclean nonfood contact surfaces"
273,"20131118",103147,"Low Risk","Inadequate ventilation or lighting"
273,"20131118",103150,"Low Risk","Improper or defective plumbing"
273,"20131118",103154,"Low Risk","Unclean or degraded floors walls or ceilings"
273,"20121213",103130,"Moderate Risk","Inadequate sewage or wastewater disposal"
273,"20121213",103131,"Moderate Risk","Moderate risk vermin infestation"
273,"20121213",103142,"Low Risk","Unclean nonfood contact surfaces"
273,"20121213",103154,"Low Risk","Unclean or degraded floors walls or ceilings"
273,"20121213",103120,"Moderate Risk","Moderate risk food holding temperature "
273,"20140813",103152,"Low Risk","Unclean unmaintained or improperly constructed toilet facilities"
273,"20140813",103154,"Low Risk","Unclean or degraded floors walls or ceilings"
273,"20140813",103156,"Low Risk","Permit license or inspection report not posted"
273,"20140813",103143,"Low Risk","Inadequate warewashing facilities or equipment"
273,"20140813",103145,"Low Risk","Improper storage of equipment utensils or linens"
273,"20140813",103131,"Moderate Risk","Moderate risk vermin infestation"
273,"20140813",103112,"High Risk","No hot water or running water"
273,"20140813",103133,"Moderate Risk","Foods not protected from contamination"
273,"20140813",103120,"Moderate Risk","Moderate risk food holding temperature "
275,"20141006",103154,"Low Risk","Unclean or degraded floors walls or ceilings"
275,"20141006",103124,"Moderate Risk","Inadequately cleaned or sanitized food contact surfaces"
275,"20130712",103144,"Low Risk","Unapproved or unmaintained equipment or utensils"
275,"20130712",103154,"Low Risk","Unclean or degraded floors walls or ceilings"
275,"20130712",103156,"Low Risk","Permit license or inspection report not posted"
275,"20130424",103114,"High Risk","High risk vermin infestation"
275,"20130424",103154,"Low Risk","Unclean or degraded floors walls or ceilings"
275,"20130424",103144,"Low Risk","Unapproved or unmaintained equipment or utensils"
275,"20130424",103142,"Low Risk","Unclean nonfood contact surfaces"
275,"20140328",103145,"Low Risk","Improper storage of equipment utensils or linens"
275,"20140328",103154,"Low Risk","Unclean or degraded floors walls or ceilings"
275,"20120828",103154,"Low Risk","Unclean or degraded floors walls or ceilings"
275,"20120828",103116,"Moderate Risk","Inadequate food safety knowledge or lack of certified food safety manager"
275,"20120828",103114,"High Risk","High risk vermin infestation"
276,"20140806",103149,"Low Risk","Wiping cloths not clean or properly stored or inadequate sanitizer"
279,"20130716",103133,"Moderate Risk","Foods not protected from contamination"
279,"20140107",103154,"Low Risk","Unclean or degraded floors walls or ceilings"
281,"20140905",103133,"Moderate Risk","Foods not protected from contamination"
281,"20130930",103105,"High Risk","Improper cooling methods"
281,"20121017",103133,"Moderate Risk","Foods not protected from contamination"
283,"20120924",103162,"Low Risk","Other low risk violation"
286,"20130725",103108,"High Risk","Contaminated or adulterated food"
286,"20130725",103133,"Moderate Risk","Foods not protected from contamination"
286,"20130725",103132,"Moderate Risk","Improper thawing methods "
286,"20130725",103114,"High Risk","High risk vermin infestation"
286,"20130725",103154,"Low Risk","Unclean or degraded floors walls or ceilings"
286,"20130725",103116,"Moderate Risk","Inadequate food safety knowledge or lack of certified food safety manager"
286,"20130725",103145,"Low Risk","Improper storage of equipment utensils or linens"
286,"20130725",103113,"High Risk","Sewage or wastewater contamination"
286,"20130725",103109,"High Risk","Unclean or unsanitary food contact surfaces"
286,"20130725",103102,"High Risk","Unclean hands or improper use of gloves"
286,"20140327",103119,"Moderate Risk","Inadequate and inaccessible handwashing facilities"
286,"20140327",103149,"Low Risk","Wiping cloths not clean or properly stored or inadequate sanitizer"
286,"20140327",103116,"Moderate Risk","Inadequate food safety knowledge or lack of certified food safety manager"
286,"20130211",103114,"High Risk","High risk vermin infestation"
286,"20130211",103119,"Moderate Risk","Inadequate and inaccessible handwashing facilities"
286,"20130211",103120,"Moderate Risk","Moderate risk food holding temperature "
286,"20130211",103154,"Low Risk","Unclean or degraded floors walls or ceilings"
286,"20130211",103133,"Moderate Risk","Foods not protected from contamination"
286,"20130211",103149,"Low Risk","Wiping cloths not clean or properly stored or inadequate sanitizer"
286,"20130211",103148,"Low Risk","No thermometers or uncalibrated thermometers "
286,"20130211",103144,"Low Risk","Unapproved or unmaintained equipment or utensils"
286,"20130211",103142,"Low Risk","Unclean nonfood contact surfaces"
286,"20130211",103134,"Moderate Risk","Other moderate risk violation"
286,"20130211",103109,"High Risk","Unclean or unsanitary food contact surfaces"
290,"20141210",103124,"Moderate Risk","Inadequately cleaned or sanitized food contact surfaces"
290,"20141210",103102,"High Risk","Unclean hands or improper use of gloves"
290,"20141210",103139,"Low Risk","Improper food storage"
290,"20141210",103109,"High Risk","Unclean or unsanitary food contact surfaces"
290,"20130930",103105,"High Risk","Improper cooling methods"
290,"20130930",103133,"Moderate Risk","Foods not protected from contamination"
290,"20130930",103145,"Low Risk","Improper storage of equipment utensils or linens"
290,"20140409",103118,"Moderate Risk","Employee eating or smoking"
290,"20121009",103149,"Low Risk","Wiping cloths not clean or properly stored or inadequate sanitizer"
290,"20121009",103157,"Low Risk","Food safety certificate or food handler card not available"
290,"20121009",103120,"Moderate Risk","Moderate risk food holding temperature "
290,"20121009",103105,"High Risk","Improper cooling methods"
298,"20140919",103154,"Low Risk","Unclean or degraded floors walls or ceilings"
298,"20140919",103133,"Moderate Risk","Foods not protected from contamination"
298,"20140121",103145,"Low Risk","Improper storage of equipment utensils or linens"
298,"20140121",103142,"Low Risk","Unclean nonfood contact surfaces"
298,"20130516",103124,"Moderate Risk","Inadequately cleaned or sanitized food contact surfaces"
298,"20130516",103145,"Low Risk","Improper storage of equipment utensils or linens"
298,"20120914",103133,"Moderate Risk","Foods not protected from contamination"
298,"20120914",103147,"Low Risk","Inadequate ventilation or lighting"
299,"20150309",103133,"Moderate Risk","Foods not protected from contamination"
299,"20130724",103106,"High Risk","Improper cooking time or temperatures"
299,"20130724",103105,"High Risk","Improper cooling methods"
299,"20140306",103154,"Low Risk","Unclean or degraded floors walls or ceilings"
299,"20140306",103148,"Low Risk","No thermometers or uncalibrated thermometers "
299,"20140306",103120,"Moderate Risk","Moderate risk food holding temperature "
299,"20120619",103149,"Low Risk","Wiping cloths not clean or properly stored or inadequate sanitizer"
299,"20120619",103123,"Moderate Risk","Food in poor condition"
299,"20120619",103120,"Moderate Risk","Moderate risk food holding temperature "
299,"20120619",103107,"High Risk","Improper reheating of food"
299,"20121217",103107,"High Risk","Improper reheating of food"
299,"20121217",103103,"High Risk","High risk food holding temperature "
299,"20121217",103102,"High Risk","Unclean hands or improper use of gloves"
299,"20121217",103133,"Moderate Risk","Foods not protected from contamination"
300,"20141126",103154,"Low Risk","Unclean or degraded floors walls or ceilings"
300,"20141126",103143,"Low Risk","Inadequate warewashing facilities or equipment"
300,"20130823",103154,"Low Risk","Unclean or degraded floors walls or ceilings"
300,"20130823",103144,"Low Risk","Unapproved or unmaintained equipment or utensils"
300,"20120625",103145,"Low Risk","Improper storage of equipment utensils or linens"
300,"20120625",103120,"Moderate Risk","Moderate risk food holding temperature "
300,"20130214",103133,"Moderate Risk","Foods not protected from contamination"
300,"20130214",103144,"Low Risk","Unapproved or unmaintained equipment or utensils"
300,"20130214",103116,"Moderate Risk","Inadequate food safety knowledge or lack of certified food safety manager"
300,"20140507",103149,"Low Risk","Wiping cloths not clean or properly stored or inadequate sanitizer"
300,"20140507",103143,"Low Risk","Inadequate warewashing facilities or equipment"
302,"20150408",103136,"Low Risk","Unsanitary employee garments hair or nails"
302,"20150408",103149,"Low Risk","Wiping cloths not clean or properly stored or inadequate sanitizer"
302,"20150408",103142,"Low Risk","Unclean nonfood contact surfaces"
302,"20150408",103138,"Low Risk","Improper storage use or identification of toxic substances"
302,"20150408",103124,"Moderate Risk","Inadequately cleaned or sanitized food contact surfaces"
302,"20150408",103120,"Moderate Risk","Moderate risk food holding temperature "
302,"20150408",103109,"High Risk","Unclean or unsanitary food contact surfaces"
302,"20150408",103154,"Low Risk","Unclean or degraded floors walls or ceilings"
302,"20150408",103157,"Low Risk","Food safety certificate or food handler card not available"
302,"20150408",103144,"Low Risk","Unapproved or unmaintained equipment or utensils"
302,"20150408",103161,"Low Risk","Low risk vermin infestation"
302,"20140304",103154,"Low Risk","Unclean or degraded floors walls or ceilings"
302,"20140304",103120,"Moderate Risk","Moderate risk food holding temperature "
302,"20121210",103142,"Low Risk","Unclean nonfood contact surfaces"
302,"20121210",103149,"Low Risk","Wiping cloths not clean or properly stored or inadequate sanitizer"
302,"20121210",103154,"Low Risk","Unclean or degraded floors walls or ceilings"
305,"20141205",103147,"Low Risk","Inadequate ventilation or lighting"
305,"20141204",103148,"Low Risk","No thermometers or uncalibrated thermometers "
305,"20141204",103147,"Low Risk","Inadequate ventilation or lighting"
305,"20141204",103139,"Low Risk","Improper food storage"
305,"20141204",103138,"Low Risk","Improper storage use or identification of toxic substances"
305,"20141204",103114,"High Risk","High risk vermin infestation"
305,"20130916",103131,"Moderate Risk","Moderate risk vermin infestation"
305,"20140321",103123,"Moderate Risk","Food in poor condition"
305,"20140321",103116,"Moderate Risk","Inadequate food safety knowledge or lack of certified food safety manager"
305,"20140321",103131,"Moderate Risk","Moderate risk vermin infestation"
305,"20121203",103142,"Low Risk","Unclean nonfood contact surfaces"
305,"20121203",103154,"Low Risk","Unclean or degraded floors walls or ceilings"
315,"20150518",103154,"Low Risk","Unclean or degraded floors walls or ceilings"
315,"20150518",103138,"Low Risk","Improper storage use or identification of toxic substances"
315,"20150518",103114,"High Risk","High risk vermin infestation"
315,"20130812",103139,"Low Risk","Improper food storage"
315,"20130812",103120,"Moderate Risk","Moderate risk food holding temperature "
315,"20130812",103154,"Low Risk","Unclean or degraded floors walls or ceilings"
315,"20130812",103149,"Low Risk","Wiping cloths not clean or properly stored or inadequate sanitizer"
315,"20140310",103119,"Moderate Risk","Inadequate and inaccessible handwashing facilities"
315,"20140310",103139,"Low Risk","Improper food storage"
315,"20140310",103161,"Low Risk","Low risk vermin infestation"
315,"20140310",103118,"Moderate Risk","Employee eating or smoking"
315,"20121207",103144,"Low Risk","Unapproved or unmaintained equipment or utensils"
315,"20121207",103149,"Low Risk","Wiping cloths not clean or properly stored or inadequate sanitizer"
315,"20121207",103157,"Low Risk","Food safety certificate or food handler card not available"
315,"20121207",103142,"Low Risk","Unclean nonfood contact surfaces"
318,"20141107",103156,"Low Risk","Permit license or inspection report not posted"
318,"20141107",103150,"Low Risk","Improper or defective plumbing"
318,"20141107",103145,"Low Risk","Improper storage of equipment utensils or linens"
318,"20130729",103137,"Low Risk","Improperly washed fruits and vegetables"
318,"20130729",103142,"Low Risk","Unclean nonfood contact surfaces"
318,"20130729",103154,"Low Risk","Unclean or degraded floors walls or ceilings"
318,"20140205",103124,"Moderate Risk","Inadequately cleaned or sanitized food contact surfaces"
318,"20140205",103154,"Low Risk","Unclean or degraded floors walls or ceilings"
318,"20140205",103123,"Moderate Risk","Food in poor condition"
318,"20121019",103124,"Moderate Risk","Inadequately cleaned or sanitized food contact surfaces"
318,"20121019",103161,"Low Risk","Low risk vermin infestation"
318,"20121019",103154,"Low Risk","Unclean or degraded floors walls or ceilings"
318,"20121019",103144,"Low Risk","Unapproved or unmaintained equipment or utensils"
320,"20150429",103119,"Moderate Risk","Inadequate and inaccessible handwashing facilities"
320,"20150429",103124,"Moderate Risk","Inadequately cleaned or sanitized food contact surfaces"
320,"20150429",103144,"Low Risk","Unapproved or unmaintained equipment or utensils"
320,"20150429",103145,"Low Risk","Improper storage of equipment utensils or linens"
320,"20150429",103149,"Low Risk","Wiping cloths not clean or properly stored or inadequate sanitizer"
320,"20150429",103152,"Low Risk","Unclean unmaintained or improperly constructed toilet facilities"
320,"20130715",103116,"Moderate Risk","Inadequate food safety knowledge or lack of certified food safety manager"
320,"20130715",103154,"Low Risk","Unclean or degraded floors walls or ceilings"
320,"20130715",103142,"Low Risk","Unclean nonfood contact surfaces"
320,"20130715",103119,"Moderate Risk","Inadequate and inaccessible handwashing facilities"
320,"20130715",103139,"Low Risk","Improper food storage"
320,"20131209",103154,"Low Risk","Unclean or degraded floors walls or ceilings"
320,"20131209",103149,"Low Risk","Wiping cloths not clean or properly stored or inadequate sanitizer"
320,"20131209",103142,"Low Risk","Unclean nonfood contact surfaces"
320,"20131209",103139,"Low Risk","Improper food storage"
320,"20131209",103102,"High Risk","Unclean hands or improper use of gloves"
320,"20120925",103131,"Moderate Risk","Moderate risk vermin infestation"
320,"20120925",103142,"Low Risk","Unclean nonfood contact surfaces"
320,"20120925",103134,"Moderate Risk","Other moderate risk violation"
320,"20120925",103116,"Moderate Risk","Inadequate food safety knowledge or lack of certified food safety manager"
320,"20120925",103119,"Moderate Risk","Inadequate and inaccessible handwashing facilities"
320,"20140611",103149,"Low Risk","Wiping cloths not clean or properly stored or inadequate sanitizer"
320,"20140611",103154,"Low Risk","Unclean or degraded floors walls or ceilings"
320,"20140611",103142,"Low Risk","Unclean nonfood contact surfaces"
320,"20140611",103139,"Low Risk","Improper food storage"
320,"20140611",103102,"High Risk","Unclean hands or improper use of gloves"
325,"20141202",103154,"Low Risk","Unclean or degraded floors walls or ceilings"
325,"20141202",103109,"High Risk","Unclean or unsanitary food contact surfaces"
325,"20141202",103114,"High Risk","High risk vermin infestation"
325,"20141202",103119,"Moderate Risk","Inadequate and inaccessible handwashing facilities"
325,"20141202",103133,"Moderate Risk","Foods not protected from contamination"
325,"20141202",103143,"Low Risk","Inadequate warewashing facilities or equipment"
325,"20141202",103103,"High Risk","High risk food holding temperature "
325,"20130710",103154,"Low Risk","Unclean or degraded floors walls or ceilings"
325,"20131001",103131,"Moderate Risk","Moderate risk vermin infestation"
325,"20131001",103142,"Low Risk","Unclean nonfood contact surfaces"
325,"20131001",103154,"Low Risk","Unclean or degraded floors walls or ceilings"
325,"20130710",103142,"Low Risk","Unclean nonfood contact surfaces"
325,"20130710",103119,"Moderate Risk","Inadequate and inaccessible handwashing facilities"
325,"20130710",103131,"Moderate Risk","Moderate risk vermin infestation"
325,"20140306",103142,"Low Risk","Unclean nonfood contact surfaces"
325,"20140306",103120,"Moderate Risk","Moderate risk food holding temperature "
325,"20140306",103154,"Low Risk","Unclean or degraded floors walls or ceilings"
325,"20121017",103134,"Moderate Risk","Other moderate risk violation"
325,"20121017",103116,"Moderate Risk","Inadequate food safety knowledge or lack of certified food safety manager"
325,"20121017",103103,"High Risk","High risk food holding temperature "
325,"20121017",103142,"Low Risk","Unclean nonfood contact surfaces"
326,"20131203",103114,"High Risk","High risk vermin infestation"
326,"20131203",103149,"Low Risk","Wiping cloths not clean or properly stored or inadequate sanitizer"
326,"20131203",103133,"Moderate Risk","Foods not protected from contamination"
326,"20131203",103132,"Moderate Risk","Improper thawing methods "
326,"20131203",103116,"Moderate Risk","Inadequate food safety knowledge or lack of certified food safety manager"
326,"20130103",103133,"Moderate Risk","Foods not protected from contamination"
326,"20130103",103123,"Moderate Risk","Food in poor condition"
326,"20140522",103154,"Low Risk","Unclean or degraded floors walls or ceilings"
326,"20140522",103156,"Low Risk","Permit license or inspection report not posted"
326,"20140522",103133,"Moderate Risk","Foods not protected from contamination"
326,"20140522",103131,"Moderate Risk","Moderate risk vermin infestation"
328,"20131010",103120,"Moderate Risk","Moderate risk food holding temperature "
328,"20131010",103142,"Low Risk","Unclean nonfood contact surfaces"
328,"20131010",103154,"Low Risk","Unclean or degraded floors walls or ceilings"
328,"20130422",103150,"Low Risk","Improper or defective plumbing"
328,"20130422",103156,"Low Risk","Permit license or inspection report not posted"
328,"20130422",103154,"Low Risk","Unclean or degraded floors walls or ceilings"
328,"20130422",103120,"Moderate Risk","Moderate risk food holding temperature "
328,"20140305",103157,"Low Risk","Food safety certificate or food handler card not available"
328,"20140305",103142,"Low Risk","Unclean nonfood contact surfaces"
328,"20140305",103154,"Low Risk","Unclean or degraded floors walls or ceilings"
328,"20120927",103154,"Low Risk","Unclean or degraded floors walls or ceilings"
328,"20120927",103142,"Low Risk","Unclean nonfood contact surfaces"
335,"20150401",103120,"Moderate Risk","Moderate risk food holding temperature "
335,"20150401",103156,"Low Risk","Permit license or inspection report not posted"
335,"20150401",103139,"Low Risk","Improper food storage"
335,"20150401",103124,"Moderate Risk","Inadequately cleaned or sanitized food contact surfaces"
335,"20150401",103119,"Moderate Risk","Inadequate and inaccessible handwashing facilities"
335,"20150401",103116,"Moderate Risk","Inadequate food safety knowledge or lack of certified food safety manager"
335,"20150401",103133,"Moderate Risk","Foods not protected from contamination"
335,"20130617",103154,"Low Risk","Unclean or degraded floors walls or ceilings"
335,"20130617",103142,"Low Risk","Unclean nonfood contact surfaces"
335,"20130617",103139,"Low Risk","Improper food storage"
335,"20130617",103156,"Low Risk","Permit license or inspection report not posted"
335,"20130617",103124,"Moderate Risk","Inadequately cleaned or sanitized food contact surfaces"
335,"20130617",103120,"Moderate Risk","Moderate risk food holding temperature "
335,"20130617",103105,"High Risk","Improper cooling methods"
335,"20130617",103119,"Moderate Risk","Inadequate and inaccessible handwashing facilities"
335,"20130617",103114,"High Risk","High risk vermin infestation"
335,"20140306",103103,"High Risk","High risk food holding temperature "
335,"20140306",103124,"Moderate Risk","Inadequately cleaned or sanitized food contact surfaces"
335,"20140306",103133,"Moderate Risk","Foods not protected from contamination"
335,"20140306",103142,"Low Risk","Unclean nonfood contact surfaces"
335,"20140306",103154,"Low Risk","Unclean or degraded floors walls or ceilings"
335,"20140306",103156,"Low Risk","Permit license or inspection report not posted"
335,"20121009",103103,"High Risk","High risk food holding temperature "
335,"20121009",103105,"High Risk","Improper cooling methods"
335,"20121009",103124,"Moderate Risk","Inadequately cleaned or sanitized food contact surfaces"
335,"20121009",103154,"Low Risk","Unclean or degraded floors walls or ceilings"
337,"20130624",103120,"Moderate Risk","Moderate risk food holding temperature "
337,"20130624",103116,"Moderate Risk","Inadequate food safety knowledge or lack of certified food safety manager"
337,"20130624",103109,"High Risk","Unclean or unsanitary food contact surfaces"
337,"20130624",103105,"High Risk","Improper cooling methods"
337,"20140402",103142,"Low Risk","Unclean nonfood contact surfaces"
337,"20140402",103161,"Low Risk","Low risk vermin infestation"
337,"20140402",103145,"Low Risk","Improper storage of equipment utensils or linens"
337,"20121116",103116,"Moderate Risk","Inadequate food safety knowledge or lack of certified food safety manager"
337,"20121116",103144,"Low Risk","Unapproved or unmaintained equipment or utensils"
337,"20121203",103105,"High Risk","Improper cooling methods"
337,"20121116",103133,"Moderate Risk","Foods not protected from contamination"
337,"20121116",103120,"Moderate Risk","Moderate risk food holding temperature "
379,"20131118",103161,"Low Risk","Low risk vermin infestation"
379,"20131118",103103,"High Risk","High risk food holding temperature "
379,"20131118",103109,"High Risk","Unclean or unsanitary food contact surfaces"
379,"20131118",103139,"Low Risk","Improper food storage"
379,"20131118",103142,"Low Risk","Unclean nonfood contact surfaces"
379,"20130329",103142,"Low Risk","Unclean nonfood contact surfaces"
379,"20130329",103103,"High Risk","High risk food holding temperature "
379,"20140317",103103,"High Risk","High risk food holding temperature "
379,"20140317",103161,"Low Risk","Low risk vermin infestation"
379,"20140317",103142,"Low Risk","Unclean nonfood contact surfaces"
379,"20120731",103142,"Low Risk","Unclean nonfood contact surfaces"
383,"20130919",103161,"Low Risk","Low risk vermin infestation"
383,"20130919",103133,"Moderate Risk","Foods not protected from contamination"
383,"20130919",103142,"Low Risk","Unclean nonfood contact surfaces"
383,"20130110",103133,"Moderate Risk","Foods not protected from contamination"
383,"20130110",103154,"Low Risk","Unclean or degraded floors walls or ceilings"
383,"20140822",103149,"Low Risk","Wiping cloths not clean or properly stored or inadequate sanitizer"
383,"20140822",103145,"Low Risk","Improper storage of equipment utensils or linens"
383,"20140822",103116,"Moderate Risk","Inadequate food safety knowledge or lack of certified food safety manager"
383,"20140822",103120,"Moderate Risk","Moderate risk food holding temperature "
384,"20130722",103142,"Low Risk","Unclean nonfood contact surfaces"
384,"20130722",103147,"Low Risk","Inadequate ventilation or lighting"
384,"20130722",103148,"Low Risk","No thermometers or uncalibrated thermometers "
384,"20140506",103143,"Low Risk","Inadequate warewashing facilities or equipment"
384,"20140506",103142,"Low Risk","Unclean nonfood contact surfaces"
384,"20140506",103147,"Low Risk","Inadequate ventilation or lighting"
384,"20140506",103149,"Low Risk","Wiping cloths not clean or properly stored or inadequate sanitizer"
384,"20140506",103124,"Moderate Risk","Inadequately cleaned or sanitized food contact surfaces"
384,"20121210",103142,"Low Risk","Unclean nonfood contact surfaces"
384,"20121210",103157,"Low Risk","Food safety certificate or food handler card not available"
384,"20121210",103154,"Low Risk","Unclean or degraded floors walls or ceilings"
385,"20150410",103116,"Moderate Risk","Inadequate food safety knowledge or lack of certified food safety manager"
385,"20150410",103142,"Low Risk","Unclean nonfood contact surfaces"
385,"20150410",103145,"Low Risk","Improper storage of equipment utensils or linens"
385,"20150410",103149,"Low Risk","Wiping cloths not clean or properly stored or inadequate sanitizer"
385,"20140306",103154,"Low Risk","Unclean or degraded floors walls or ceilings"
385,"20140306",103144,"Low Risk","Unapproved or unmaintained equipment or utensils"
385,"20140306",103142,"Low Risk","Unclean nonfood contact surfaces"
385,"20140306",103119,"Moderate Risk","Inadequate and inaccessible handwashing facilities"
386,"20141024",103131,"Moderate Risk","Moderate risk vermin infestation"
386,"20141024",103105,"High Risk","Improper cooling methods"
386,"20141024",103142,"Low Risk","Unclean nonfood contact surfaces"
386,"20141024",103124,"Moderate Risk","Inadequately cleaned or sanitized food contact surfaces"
386,"20130827",103103,"High Risk","High risk food holding temperature "
386,"20130827",103119,"Moderate Risk","Inadequate and inaccessible handwashing facilities"
386,"20130827",103131,"Moderate Risk","Moderate risk vermin infestation"
386,"20130827",103162,"Low Risk","Other low risk violation"
386,"20140424",103116,"Moderate Risk","Inadequate food safety knowledge or lack of certified food safety manager"
386,"20140424",103131,"Moderate Risk","Moderate risk vermin infestation"
386,"20140424",103142,"Low Risk","Unclean nonfood contact surfaces"
386,"20121211",103142,"Low Risk","Unclean nonfood contact surfaces"
386,"20121211",103131,"Moderate Risk","Moderate risk vermin infestation"
393,"20131223",103142,"Low Risk","Unclean nonfood contact surfaces"
393,"20131223",103116,"Moderate Risk","Inadequate food safety knowledge or lack of certified food safety manager"
393,"20130429",103124,"Moderate Risk","Inadequately cleaned or sanitized food contact surfaces"
393,"20120912",103142,"Low Risk","Unclean nonfood contact surfaces"
393,"20140625",103143,"Low Risk","Inadequate warewashing facilities or equipment"
393,"20140625",103124,"Moderate Risk","Inadequately cleaned or sanitized food contact surfaces"
395,"20140123",103148,"Low Risk","No thermometers or uncalibrated thermometers "
395,"20140123",103148,"Low Risk","No thermometers or uncalibrated thermometers "
397,"20140624",103124,"Moderate Risk","Inadequately cleaned or sanitized food contact surfaces"
400,"20140613",103142,"Low Risk","Unclean nonfood contact surfaces"
400,"20140613",103131,"Moderate Risk","Moderate risk vermin infestation"
403,"20131127",103142,"Low Risk","Unclean nonfood contact surfaces"
403,"20131127",103116,"Moderate Risk","Inadequate food safety knowledge or lack of certified food safety manager"
403,"20130528",103142,"Low Risk","Unclean nonfood contact surfaces"
403,"20130528",103102,"High Risk","Unclean hands or improper use of gloves"
403,"20120611",103142,"Low Risk","Unclean nonfood contact surfaces"
403,"20120611",103129,"Moderate Risk","Insufficient hot water or running water"
403,"20120611",103138,"Low Risk","Improper storage use or identification of toxic substances"
403,"20121120",103129,"Moderate Risk","Insufficient hot water or running water"
403,"20121120",103149,"Low Risk","Wiping cloths not clean or properly stored or inadequate sanitizer"
403,"20121120",103154,"Low Risk","Unclean or degraded floors walls or ceilings"
403,"20140530",103142,"Low Risk","Unclean nonfood contact surfaces"
403,"20140530",103109,"High Risk","Unclean or unsanitary food contact surfaces"
403,"20140530",103119,"Moderate Risk","Inadequate and inaccessible handwashing facilities"
403,"20140530",103143,"Low Risk","Inadequate warewashing facilities or equipment"
409,"20150414",103150,"Low Risk","Improper or defective plumbing"
413,"20130917",103133,"Moderate Risk","Foods not protected from contamination"
413,"20130917",103119,"Moderate Risk","Inadequate and inaccessible handwashing facilities"
413,"20130917",103145,"Low Risk","Improper storage of equipment utensils or linens"
413,"20130917",103149,"Low Risk","Wiping cloths not clean or properly stored or inadequate sanitizer"
413,"20130917",103120,"Moderate Risk","Moderate risk food holding temperature "
413,"20120904",103103,"High Risk","High risk food holding temperature "
413,"20120904",103145,"Low Risk","Improper storage of equipment utensils or linens"
413,"20120904",103149,"Low Risk","Wiping cloths not clean or properly stored or inadequate sanitizer"
413,"20120904",103116,"Moderate Risk","Inadequate food safety knowledge or lack of certified food safety manager"
413,"20120904",103144,"Low Risk","Unapproved or unmaintained equipment or utensils"
413,"20120904",103108,"High Risk","Contaminated or adulterated food"
413,"20140627",103154,"Low Risk","Unclean or degraded floors walls or ceilings"
413,"20140627",103102,"High Risk","Unclean hands or improper use of gloves"
413,"20140627",103120,"Moderate Risk","Moderate risk food holding temperature "
415,"20140124",103103,"High Risk","High risk food holding temperature "
415,"20140124",103139,"Low Risk","Improper food storage"
415,"20140124",103124,"Moderate Risk","Inadequately cleaned or sanitized food contact surfaces"
415,"20140124",103119,"Moderate Risk","Inadequate and inaccessible handwashing facilities"
415,"20130514",103120,"Moderate Risk","Moderate risk food holding temperature "
415,"20130514",103109,"High Risk","Unclean or unsanitary food contact surfaces"
415,"20130514",103102,"High Risk","Unclean hands or improper use of gloves"
415,"20130110",103120,"Moderate Risk","Moderate risk food holding temperature "
415,"20130110",103109,"High Risk","Unclean or unsanitary food contact surfaces"
415,"20130110",103156,"Low Risk","Permit license or inspection report not posted"
415,"20140729",103139,"Low Risk","Improper food storage"
415,"20140729",103124,"Moderate Risk","Inadequately cleaned or sanitized food contact surfaces"
415,"20140729",103103,"High Risk","High risk food holding temperature "
420,"20150108",103142,"Low Risk","Unclean nonfood contact surfaces"
420,"20150108",103144,"Low Risk","Unapproved or unmaintained equipment or utensils"
420,"20150108",103139,"Low Risk","Improper food storage"
420,"20150108",103131,"Moderate Risk","Moderate risk vermin infestation"
420,"20150108",103109,"High Risk","Unclean or unsanitary food contact surfaces"
420,"20150108",103103,"High Risk","High risk food holding temperature "
420,"20150108",103154,"Low Risk","Unclean or degraded floors walls or ceilings"
420,"20150108",103156,"Low Risk","Permit license or inspection report not posted"
420,"20121105",103131,"Moderate Risk","Moderate risk vermin infestation"
420,"20121105",103149,"Low Risk","Wiping cloths not clean or properly stored or inadequate sanitizer"
420,"20121105",103154,"Low Risk","Unclean or degraded floors walls or ceilings"
420,"20121105",103124,"Moderate Risk","Inadequately cleaned or sanitized food contact surfaces"
420,"20140520",103145,"Low Risk","Improper storage of equipment utensils or linens"
420,"20140520",103157,"Low Risk","Food safety certificate or food handler card not available"
420,"20140520",103149,"Low Risk","Wiping cloths not clean or properly stored or inadequate sanitizer"
420,"20140520",103156,"Low Risk","Permit license or inspection report not posted"
420,"20140520",103161,"Low Risk","Low risk vermin infestation"
420,"20140520",103150,"Low Risk","Improper or defective plumbing"
420,"20140520",103142,"Low Risk","Unclean nonfood contact surfaces"
421,"20141021",103142,"Low Risk","Unclean nonfood contact surfaces"
421,"20141021",103154,"Low Risk","Unclean or degraded floors walls or ceilings"
421,"20141021",103144,"Low Risk","Unapproved or unmaintained equipment or utensils"
421,"20141021",103109,"High Risk","Unclean or unsanitary food contact surfaces"
421,"20141021",103150,"Low Risk","Improper or defective plumbing"
421,"20141021",103120,"Moderate Risk","Moderate risk food holding temperature "
421,"20141021",103157,"Low Risk","Food safety certificate or food handler card not available"
421,"20130510",103124,"Moderate Risk","Inadequately cleaned or sanitized food contact surfaces"
421,"20130510",103154,"Low Risk","Unclean or degraded floors walls or ceilings"
421,"20121012",103142,"Low Risk","Unclean nonfood contact surfaces"
422,"20131119",103150,"Low Risk","Improper or defective plumbing"
422,"20131119",103142,"Low Risk","Unclean nonfood contact surfaces"
422,"20131119",103133,"Moderate Risk","Foods not protected from contamination"
422,"20131119",103144,"Low Risk","Unapproved or unmaintained equipment or utensils"
422,"20131119",103114,"High Risk","High risk vermin infestation"
422,"20131119",103124,"Moderate Risk","Inadequately cleaned or sanitized food contact surfaces"
422,"20131119",103129,"Moderate Risk","Insufficient hot water or running water"
422,"20130128",103114,"High Risk","High risk vermin infestation"
422,"20130128",103154,"Low Risk","Unclean or degraded floors walls or ceilings"
422,"20130128",103142,"Low Risk","Unclean nonfood contact surfaces"
422,"20130128",103139,"Low Risk","Improper food storage"
422,"20130128",103120,"Moderate Risk","Moderate risk food holding temperature "
422,"20140626",103131,"Moderate Risk","Moderate risk vermin infestation"
422,"20140626",103156,"Low Risk","Permit license or inspection report not posted"
422,"20140626",103142,"Low Risk","Unclean nonfood contact surfaces"
422,"20140626",103143,"Low Risk","Inadequate warewashing facilities or equipment"
422,"20140626",103156,"Low Risk","Permit license or inspection report not posted"
422,"20140626",103139,"Low Risk","Improper food storage"
423,"20141209",103105,"High Risk","Improper cooling methods"
423,"20141209",103120,"Moderate Risk","Moderate risk food holding temperature "
423,"20141209",103144,"Low Risk","Unapproved or unmaintained equipment or utensils"
423,"20141209",103147,"Low Risk","Inadequate ventilation or lighting"
423,"20131001",103150,"Low Risk","Improper or defective plumbing"
423,"20131001",103103,"High Risk","High risk food holding temperature "
423,"20131001",103123,"Moderate Risk","Food in poor condition"
423,"20131001",103124,"Moderate Risk","Inadequately cleaned or sanitized food contact surfaces"
423,"20131001",103154,"Low Risk","Unclean or degraded floors walls or ceilings"
423,"20131001",103131,"Moderate Risk","Moderate risk vermin infestation"
423,"20130628",103142,"Low Risk","Unclean nonfood contact surfaces"
423,"20130628",103154,"Low Risk","Unclean or degraded floors walls or ceilings"
423,"20140716",103145,"Low Risk","Improper storage of equipment utensils or linens"
423,"20140716",103142,"Low Risk","Unclean nonfood contact surfaces"
423,"20140716",103120,"Moderate Risk","Moderate risk food holding temperature "
423,"20140716",103131,"Moderate Risk","Moderate risk vermin infestation"
424,"20150505",103103,"High Risk","High risk food holding temperature "
424,"20150505",103116,"Moderate Risk","Inadequate food safety knowledge or lack of certified food safety manager"
424,"20150505",103144,"Low Risk","Unapproved or unmaintained equipment or utensils"
424,"20150505",103138,"Low Risk","Improper storage use or identification of toxic substances"
424,"20150505",103129,"Moderate Risk","Insufficient hot water or running water"
424,"20130821",103131,"Moderate Risk","Moderate risk vermin infestation"
424,"20130821",103154,"Low Risk","Unclean or degraded floors walls or ceilings"
424,"20140410",103131,"Moderate Risk","Moderate risk vermin infestation"
424,"20140410",103154,"Low Risk","Unclean or degraded floors walls or ceilings"
425,"20150211",103139,"Low Risk","Improper food storage"
425,"20150211",103145,"Low Risk","Improper storage of equipment utensils or linens"
425,"20150211",103154,"Low Risk","Unclean or degraded floors walls or ceilings"
425,"20150211",103120,"Moderate Risk","Moderate risk food holding temperature "
425,"20130628",103103,"High Risk","High risk food holding temperature "
425,"20130628",103156,"Low Risk","Permit license or inspection report not posted"
425,"20130628",103131,"Moderate Risk","Moderate risk vermin infestation"
425,"20130628",103139,"Low Risk","Improper food storage"
425,"20140328",103154,"Low Risk","Unclean or degraded floors walls or ceilings"
425,"20140328",103120,"Moderate Risk","Moderate risk food holding temperature "
425,"20140328",103147,"Low Risk","Inadequate ventilation or lighting"
425,"20121026",103145,"Low Risk","Improper storage of equipment utensils or linens"
425,"20121026",103124,"Moderate Risk","Inadequately cleaned or sanitized food contact surfaces"
425,"20121026",103104,"High Risk","Unauthorized or unsafe use of time as a public health control measure"
429,"20150223",103154,"Low Risk","Unclean or degraded floors walls or ceilings"
429,"20150223",103142,"Low Risk","Unclean nonfood contact surfaces"
429,"20150223",103139,"Low Risk","Improper food storage"
429,"20150223",103120,"Moderate Risk","Moderate risk food holding temperature "
429,"20150223",103124,"Moderate Risk","Inadequately cleaned or sanitized food contact surfaces"
429,"20150223",103131,"Moderate Risk","Moderate risk vermin infestation"
429,"20121115",103118,"Moderate Risk","Employee eating or smoking"
429,"20140521",103145,"Low Risk","Improper storage of equipment utensils or linens"
429,"20140521",103149,"Low Risk","Wiping cloths not clean or properly stored or inadequate sanitizer"
429,"20140521",103154,"Low Risk","Unclean or degraded floors walls or ceilings"
429,"20140521",103142,"Low Risk","Unclean nonfood contact surfaces"
430,"20150114",103119,"Moderate Risk","Inadequate and inaccessible handwashing facilities"
430,"20150114",103120,"Moderate Risk","Moderate risk food holding temperature "
430,"20150114",103124,"Moderate Risk","Inadequately cleaned or sanitized food contact surfaces"
430,"20150114",103150,"Low Risk","Improper or defective plumbing"
430,"20121114",103149,"Low Risk","Wiping cloths not clean or properly stored or inadequate sanitizer"
430,"20140522",103142,"Low Risk","Unclean nonfood contact surfaces"
430,"20140522",103102,"High Risk","Unclean hands or improper use of gloves"
431,"20141119",103114,"High Risk","High risk vermin infestation"
431,"20141119",103154,"Low Risk","Unclean or degraded floors walls or ceilings"
431,"20131029",103154,"Low Risk","Unclean or degraded floors walls or ceilings"
431,"20121114",103116,"Moderate Risk","Inadequate food safety knowledge or lack of certified food safety manager"
431,"20121114",103149,"Low Risk","Wiping cloths not clean or properly stored or inadequate sanitizer"
431,"20121114",103131,"Moderate Risk","Moderate risk vermin infestation"
435,"20140827",103124,"Moderate Risk","Inadequately cleaned or sanitized food contact surfaces"
435,"20140108",103156,"Low Risk","Permit license or inspection report not posted"
435,"20140108",103149,"Low Risk","Wiping cloths not clean or properly stored or inadequate sanitizer"
435,"20140108",103142,"Low Risk","Unclean nonfood contact surfaces"
435,"20130415",103156,"Low Risk","Permit license or inspection report not posted"
435,"20130415",103124,"Moderate Risk","Inadequately cleaned or sanitized food contact surfaces"
435,"20120719",103131,"Moderate Risk","Moderate risk vermin infestation"
435,"20120719",103154,"Low Risk","Unclean or degraded floors walls or ceilings"
435,"20120719",103124,"Moderate Risk","Inadequately cleaned or sanitized food contact surfaces"
436,"20141021",103105,"High Risk","Improper cooling methods"
436,"20141021",103120,"Moderate Risk","Moderate risk food holding temperature "
436,"20141021",103150,"Low Risk","Improper or defective plumbing"
436,"20141021",103157,"Low Risk","Food safety certificate or food handler card not available"
436,"20141021",103119,"Moderate Risk","Inadequate and inaccessible handwashing facilities"
436,"20130925",103102,"High Risk","Unclean hands or improper use of gloves"
436,"20130925",103133,"Moderate Risk","Foods not protected from contamination"
436,"20130925",103145,"Low Risk","Improper storage of equipment utensils or linens"
436,"20120830",103154,"Low Risk","Unclean or degraded floors walls or ceilings"
436,"20120830",103103,"High Risk","High risk food holding temperature "
436,"20120830",103114,"High Risk","High risk vermin infestation"
436,"20120830",103124,"Moderate Risk","Inadequately cleaned or sanitized food contact surfaces"
438,"20150421",103124,"Moderate Risk","Inadequately cleaned or sanitized food contact surfaces"
438,"20150421",103114,"High Risk","High risk vermin infestation"
438,"20130710",103116,"Moderate Risk","Inadequate food safety knowledge or lack of certified food safety manager"
438,"20130710",103131,"Moderate Risk","Moderate risk vermin infestation"
438,"20130710",103119,"Moderate Risk","Inadequate and inaccessible handwashing facilities"
442,"20141022",103103,"High Risk","High risk food holding temperature "
442,"20141022",103154,"Low Risk","Unclean or degraded floors walls or ceilings"
442,"20141022",103124,"Moderate Risk","Inadequately cleaned or sanitized food contact surfaces"
442,"20141022",103144,"Low Risk","Unapproved or unmaintained equipment or utensils"
442,"20141022",103147,"Low Risk","Inadequate ventilation or lighting"
442,"20130508",103103,"High Risk","High risk food holding temperature "
442,"20130508",103105,"High Risk","Improper cooling methods"
442,"20130508",103132,"Moderate Risk","Improper thawing methods "
442,"20130508",103139,"Low Risk","Improper food storage"
442,"20130508",103142,"Low Risk","Unclean nonfood contact surfaces"
442,"20140313",103139,"Low Risk","Improper food storage"
442,"20140313",103120,"Moderate Risk","Moderate risk food holding temperature "
442,"20140313",103154,"Low Risk","Unclean or degraded floors walls or ceilings"
442,"20140313",103124,"Moderate Risk","Inadequately cleaned or sanitized food contact surfaces"
442,"20120927",103154,"Low Risk","Unclean or degraded floors walls or ceilings"
442,"20120927",103142,"Low Risk","Unclean nonfood contact surfaces"
442,"20120927",103139,"Low Risk","Improper food storage"
442,"20120927",103124,"Moderate Risk","Inadequately cleaned or sanitized food contact surfaces"
442,"20120927",103120,"Moderate Risk","Moderate risk food holding temperature "
443,"20140915",103105,"High Risk","Improper cooling methods"
443,"20140915",103154,"Low Risk","Unclean or degraded floors walls or ceilings"
443,"20140915",103144,"Low Risk","Unapproved or unmaintained equipment or utensils"
443,"20140210",103150,"Low Risk","Improper or defective plumbing"
443,"20140210",103124,"Moderate Risk","Inadequately cleaned or sanitized food contact surfaces"
443,"20140210",103154,"Low Risk","Unclean or degraded floors walls or ceilings"
443,"20140210",103142,"Low Risk","Unclean nonfood contact surfaces"
443,"20130510",103142,"Low Risk","Unclean nonfood contact surfaces"
443,"20130510",103109,"High Risk","Unclean or unsanitary food contact surfaces"
443,"20130510",103124,"Moderate Risk","Inadequately cleaned or sanitized food contact surfaces"
443,"20130510",103139,"Low Risk","Improper food storage"
443,"20130510",103149,"Low Risk","Wiping cloths not clean or properly stored or inadequate sanitizer"
443,"20130510",103150,"Low Risk","Improper or defective plumbing"
443,"20130510",103154,"Low Risk","Unclean or degraded floors walls or ceilings"
443,"20130510",103131,"Moderate Risk","Moderate risk vermin infestation"
443,"20120717",103103,"High Risk","High risk food holding temperature "
443,"20120717",103139,"Low Risk","Improper food storage"
443,"20120717",103154,"Low Risk","Unclean or degraded floors walls or ceilings"
443,"20120717",103119,"Moderate Risk","Inadequate and inaccessible handwashing facilities"
444,"20130905",103114,"High Risk","High risk vermin infestation"
444,"20130905",103142,"Low Risk","Unclean nonfood contact surfaces"
444,"20130905",103154,"Low Risk","Unclean or degraded floors walls or ceilings"
444,"20130905",103124,"Moderate Risk","Inadequately cleaned or sanitized food contact surfaces"
444,"20131217",103114,"High Risk","High risk vermin infestation"
444,"20131217",103124,"Moderate Risk","Inadequately cleaned or sanitized food contact surfaces"
444,"20131217",103154,"Low Risk","Unclean or degraded floors walls or ceilings"
444,"20131217",103162,"Low Risk","Other low risk violation"
444,"20130108",103124,"Moderate Risk","Inadequately cleaned or sanitized food contact surfaces"
444,"20130108",103142,"Low Risk","Unclean nonfood contact surfaces"
444,"20130108",103150,"Low Risk","Improper or defective plumbing"
444,"20130108",103154,"Low Risk","Unclean or degraded floors walls or ceilings"
444,"20140617",103124,"Moderate Risk","Inadequately cleaned or sanitized food contact surfaces"
444,"20140617",103154,"Low Risk","Unclean or degraded floors walls or ceilings"
444,"20140617",103142,"Low Risk","Unclean nonfood contact surfaces"
444,"20140617",103131,"Moderate Risk","Moderate risk vermin infestation"
447,"20131023",103120,"Moderate Risk","Moderate risk food holding temperature "
447,"20131023",103154,"Low Risk","Unclean or degraded floors walls or ceilings"
447,"20130103",103124,"Moderate Risk","Inadequately cleaned or sanitized food contact surfaces"
447,"20130103",103142,"Low Risk","Unclean nonfood contact surfaces"
447,"20130103",103105,"High Risk","Improper cooling methods"
447,"20130103",103114,"High Risk","High risk vermin infestation"
447,"20130103",103156,"Low Risk","Permit license or inspection report not posted"
447,"20130103",103157,"Low Risk","Food safety certificate or food handler card not available"
447,"20130103",103120,"Moderate Risk","Moderate risk food holding temperature "
447,"20140604",103109,"High Risk","Unclean or unsanitary food contact surfaces"
447,"20140604",103120,"Moderate Risk","Moderate risk food holding temperature "
447,"20140604",103133,"Moderate Risk","Foods not protected from contamination"
448,"20140108",103120,"Moderate Risk","Moderate risk food holding temperature "
448,"20140108",103142,"Low Risk","Unclean nonfood contact surfaces"
448,"20140108",103139,"Low Risk","Improper food storage"
448,"20140108",103132,"Moderate Risk","Improper thawing methods "
448,"20140108",103131,"Moderate Risk","Moderate risk vermin infestation"
448,"20130313",103139,"Low Risk","Improper food storage"
448,"20120822",103149,"Low Risk","Wiping cloths not clean or properly stored or inadequate sanitizer"
448,"20120822",103139,"Low Risk","Improper food storage"
448,"20130313",103154,"Low Risk","Unclean or degraded floors walls or ceilings"
448,"20130313",103149,"Low Risk","Wiping cloths not clean or properly stored or inadequate sanitizer"
448,"20130313",103142,"Low Risk","Unclean nonfood contact surfaces"
448,"20130313",103124,"Moderate Risk","Inadequately cleaned or sanitized food contact surfaces"
448,"20120822",103154,"Low Risk","Unclean or degraded floors walls or ceilings"
448,"20120822",103124,"Moderate Risk","Inadequately cleaned or sanitized food contact surfaces"
448,"20120822",103142,"Low Risk","Unclean nonfood contact surfaces"
448,"20140818",103103,"High Risk","High risk food holding temperature "
448,"20140818",103154,"Low Risk","Unclean or degraded floors walls or ceilings"
448,"20140818",103144,"Low Risk","Unapproved or unmaintained equipment or utensils"
448,"20140818",103124,"Moderate Risk","Inadequately cleaned or sanitized food contact surfaces"
462,"20140915",103154,"Low Risk","Unclean or degraded floors walls or ceilings"
463,"20150217",103144,"Low Risk","Unapproved or unmaintained equipment or utensils"
463,"20150217",103109,"High Risk","Unclean or unsanitary food contact surfaces"
463,"20150217",103119,"Moderate Risk","Inadequate and inaccessible handwashing facilities"
463,"20150217",103154,"Low Risk","Unclean or degraded floors walls or ceilings"
463,"20131218",103142,"Low Risk","Unclean nonfood contact surfaces"
463,"20131218",103124,"Moderate Risk","Inadequately cleaned or sanitized food contact surfaces"
463,"20131218",103154,"Low Risk","Unclean or degraded floors walls or ceilings"
463,"20130329",103139,"Low Risk","Improper food storage"
463,"20130329",103142,"Low Risk","Unclean nonfood contact surfaces"
463,"20130329",103149,"Low Risk","Wiping cloths not clean or properly stored or inadequate sanitizer"
463,"20120724",103154,"Low Risk","Unclean or degraded floors walls or ceilings"
463,"20120724",103156,"Low Risk","Permit license or inspection report not posted"
463,"20120724",103144,"Low Risk","Unapproved or unmaintained equipment or utensils"
463,"20120724",103142,"Low Risk","Unclean nonfood contact surfaces"
463,"20120724",103139,"Low Risk","Improper food storage"
463,"20120724",103133,"Moderate Risk","Foods not protected from contamination"
463,"20120724",103124,"Moderate Risk","Inadequately cleaned or sanitized food contact surfaces"
463,"20120724",103119,"Moderate Risk","Inadequate and inaccessible handwashing facilities"
463,"20120724",103116,"Moderate Risk","Inadequate food safety knowledge or lack of certified food safety manager"
463,"20140627",103124,"Moderate Risk","Inadequately cleaned or sanitized food contact surfaces"
463,"20140627",103133,"Moderate Risk","Foods not protected from contamination"
463,"20140627",103142,"Low Risk","Unclean nonfood contact surfaces"
463,"20140627",103154,"Low Risk","Unclean or degraded floors walls or ceilings"
468,"20141107",103142,"Low Risk","Unclean nonfood contact surfaces"
468,"20141107",103105,"High Risk","Improper cooling methods"
468,"20141107",103103,"High Risk","High risk food holding temperature "
468,"20141107",103154,"Low Risk","Unclean or degraded floors walls or ceilings"
468,"20140506",103152,"Low Risk","Unclean unmaintained or improperly constructed toilet facilities"
468,"20140506",103119,"Moderate Risk","Inadequate and inaccessible handwashing facilities"
468,"20140506",103150,"Low Risk","Improper or defective plumbing"
468,"20140506",103154,"Low Risk","Unclean or degraded floors walls or ceilings"
468,"20140506",103144,"Low Risk","Unapproved or unmaintained equipment or utensils"
468,"20140506",103133,"Moderate Risk","Foods not protected from contamination"
468,"20121114",103147,"Low Risk","Inadequate ventilation or lighting"
468,"20121114",103149,"Low Risk","Wiping cloths not clean or properly stored or inadequate sanitizer"
468,"20121114",103133,"Moderate Risk","Foods not protected from contamination"
468,"20121114",103105,"High Risk","Improper cooling methods"
469,"20121218",103109,"High Risk","Unclean or unsanitary food contact surfaces"
469,"20121218",103142,"Low Risk","Unclean nonfood contact surfaces"
469,"20121218",103103,"High Risk","High risk food holding temperature "
469,"20121218",103147,"Low Risk","Inadequate ventilation or lighting"
469,"20121218",103109,"High Risk","Unclean or unsanitary food contact surfaces"
469,"20121218",103114,"High Risk","High risk vermin infestation"
469,"20121218",103144,"Low Risk","Unapproved or unmaintained equipment or utensils"
469,"20121218",103154,"Low Risk","Unclean or degraded floors walls or ceilings"
469,"20140507",103124,"Moderate Risk","Inadequately cleaned or sanitized food contact surfaces"
469,"20140507",103114,"High Risk","High risk vermin infestation"
469,"20140507",103144,"Low Risk","Unapproved or unmaintained equipment or utensils"
469,"20140507",103103,"High Risk","High risk food holding temperature "
469,"20140507",103154,"Low Risk","Unclean or degraded floors walls or ceilings"
469,"20140507",103109,"High Risk","Unclean or unsanitary food contact surfaces"
470,"20150219",103124,"Moderate Risk","Inadequately cleaned or sanitized food contact surfaces"
470,"20150219",103145,"Low Risk","Improper storage of equipment utensils or linens"
470,"20140204",103145,"Low Risk","Improper storage of equipment utensils or linens"
470,"20140204",103142,"Low Risk","Unclean nonfood contact surfaces"
470,"20140204",103157,"Low Risk","Food safety certificate or food handler card not available"
470,"20130416",103142,"Low Risk","Unclean nonfood contact surfaces"
470,"20130416",103103,"High Risk","High risk food holding temperature "
470,"20130416",103149,"Low Risk","Wiping cloths not clean or properly stored or inadequate sanitizer"
470,"20130102",103133,"Moderate Risk","Foods not protected from contamination"
470,"20130102",103149,"Low Risk","Wiping cloths not clean or properly stored or inadequate sanitizer"
473,"20140827",103142,"Low Risk","Unclean nonfood contact surfaces"
473,"20140827",103144,"Low Risk","Unapproved or unmaintained equipment or utensils"
473,"20140827",103149,"Low Risk","Wiping cloths not clean or properly stored or inadequate sanitizer"
473,"20140827",103157,"Low Risk","Food safety certificate or food handler card not available"
473,"20140204",103133,"Moderate Risk","Foods not protected from contamination"
473,"20140204",103144,"Low Risk","Unapproved or unmaintained equipment or utensils"
473,"20140204",103154,"Low Risk","Unclean or degraded floors walls or ceilings"
473,"20140204",103139,"Low Risk","Improper food storage"
473,"20140204",103124,"Moderate Risk","Inadequately cleaned or sanitized food contact surfaces"
473,"20140204",103120,"Moderate Risk","Moderate risk food holding temperature "
473,"20130607",103156,"Low Risk","Permit license or inspection report not posted"
473,"20130607",103149,"Low Risk","Wiping cloths not clean or properly stored or inadequate sanitizer"
473,"20130607",103144,"Low Risk","Unapproved or unmaintained equipment or utensils"
473,"20130607",103142,"Low Risk","Unclean nonfood contact surfaces"
473,"20121106",103124,"Moderate Risk","Inadequately cleaned or sanitized food contact surfaces"
473,"20121106",103114,"High Risk","High risk vermin infestation"
473,"20121106",103142,"Low Risk","Unclean nonfood contact surfaces"
473,"20121106",103119,"Moderate Risk","Inadequate and inaccessible handwashing facilities"
473,"20121106",103149,"Low Risk","Wiping cloths not clean or properly stored or inadequate sanitizer"
473,"20121106",103156,"Low Risk","Permit license or inspection report not posted"
473,"20121106",103154,"Low Risk","Unclean or degraded floors walls or ceilings"
473,"20121106",103103,"High Risk","High risk food holding temperature "
475,"20140205",103131,"Moderate Risk","Moderate risk vermin infestation"
475,"20131101",103114,"High Risk","High risk vermin infestation"
475,"20140205",103149,"Low Risk","Wiping cloths not clean or properly stored or inadequate sanitizer"
475,"20140205",103156,"Low Risk","Permit license or inspection report not posted"
475,"20120829",103131,"Moderate Risk","Moderate risk vermin infestation"
475,"20120829",103154,"Low Risk","Unclean or degraded floors walls or ceilings"
475,"20130208",103114,"High Risk","High risk vermin infestation"
475,"20130208",103142,"Low Risk","Unclean nonfood contact surfaces"
475,"20130208",103150,"Low Risk","Improper or defective plumbing"
475,"20130208",103154,"Low Risk","Unclean or degraded floors walls or ceilings"
475,"20130208",103124,"Moderate Risk","Inadequately cleaned or sanitized food contact surfaces"
475,"20140811",103156,"Low Risk","Permit license or inspection report not posted"
475,"20140811",103124,"Moderate Risk","Inadequately cleaned or sanitized food contact surfaces"
477,"20150302",103139,"Low Risk","Improper food storage"
477,"20150302",103119,"Moderate Risk","Inadequate and inaccessible handwashing facilities"
477,"20150302",103142,"Low Risk","Unclean nonfood contact surfaces"
477,"20150302",103154,"Low Risk","Unclean or degraded floors walls or ceilings"
477,"20150302",103159,"Low Risk","Worker safety hazards"
477,"20131120",103114,"High Risk","High risk vermin infestation"
477,"20131120",103120,"Moderate Risk","Moderate risk food holding temperature "
477,"20131120",103144,"Low Risk","Unapproved or unmaintained equipment or utensils"
477,"20120612",103149,"Low Risk","Wiping cloths not clean or properly stored or inadequate sanitizer"
477,"20120612",103139,"Low Risk","Improper food storage"
477,"20120612",103133,"Moderate Risk","Foods not protected from contamination"
477,"20130226",103120,"Moderate Risk","Moderate risk food holding temperature "
477,"20130226",103154,"Low Risk","Unclean or degraded floors walls or ceilings"
477,"20130226",103124,"Moderate Risk","Inadequately cleaned or sanitized food contact surfaces"
477,"20140604",103120,"Moderate Risk","Moderate risk food holding temperature "
477,"20140604",103154,"Low Risk","Unclean or degraded floors walls or ceilings"
477,"20140604",103139,"Low Risk","Improper food storage"
477,"20140604",103109,"High Risk","Unclean or unsanitary food contact surfaces"
477,"20140604",103142,"Low Risk","Unclean nonfood contact surfaces"
479,"20141003",103156,"Low Risk","Permit license or inspection report not posted"
479,"20141003",103154,"Low Risk","Unclean or degraded floors walls or ceilings"
479,"20141003",103114,"High Risk","High risk vermin infestation"
479,"20141003",103103,"High Risk","High risk food holding temperature "
479,"20130122",103154,"Low Risk","Unclean or degraded floors walls or ceilings"
480,"20130314",103149,"Low Risk","Wiping cloths not clean or properly stored or inadequate sanitizer"
480,"20130314",103133,"Moderate Risk","Foods not protected from contamination"
480,"20130314",103120,"Moderate Risk","Moderate risk food holding temperature "
480,"20130314",103156,"Low Risk","Permit license or inspection report not posted"
480,"20120904",103154,"Low Risk","Unclean or degraded floors walls or ceilings"
480,"20120904",103149,"Low Risk","Wiping cloths not clean or properly stored or inadequate sanitizer"
480,"20120904",103103,"High Risk","High risk food holding temperature "
480,"20140806",103154,"Low Risk","Unclean or degraded floors walls or ceilings"
480,"20140806",103102,"High Risk","Unclean hands or improper use of gloves"
480,"20140806",103103,"High Risk","High risk food holding temperature "
480,"20140806",103124,"Moderate Risk","Inadequately cleaned or sanitized food contact surfaces"
480,"20140806",103133,"Moderate Risk","Foods not protected from contamination"
480,"20140806",103142,"Low Risk","Unclean nonfood contact surfaces"
480,"20140806",103139,"Low Risk","Improper food storage"
483,"20140916",103105,"High Risk","Improper cooling methods"
483,"20140916",103154,"Low Risk","Unclean or degraded floors walls or ceilings"
483,"20140916",103150,"Low Risk","Improper or defective plumbing"
483,"20140916",103145,"Low Risk","Improper storage of equipment utensils or linens"
483,"20140916",103129,"Moderate Risk","Insufficient hot water or running water"
483,"20140916",103119,"Moderate Risk","Inadequate and inaccessible handwashing facilities"
483,"20140916",103124,"Moderate Risk","Inadequately cleaned or sanitized food contact surfaces"
483,"20130328",103149,"Low Risk","Wiping cloths not clean or properly stored or inadequate sanitizer"
483,"20120910",103133,"Moderate Risk","Foods not protected from contamination"
483,"20120910",103148,"Low Risk","No thermometers or uncalibrated thermometers "
483,"20120910",103139,"Low Risk","Improper food storage"
483,"20120910",103145,"Low Risk","Improper storage of equipment utensils or linens"
484,"20130122",103109,"High Risk","Unclean or unsanitary food contact surfaces"
484,"20130122",103133,"Moderate Risk","Foods not protected from contamination"
484,"20140822",103150,"Low Risk","Improper or defective plumbing"
484,"20140822",103139,"Low Risk","Improper food storage"
484,"20140822",103124,"Moderate Risk","Inadequately cleaned or sanitized food contact surfaces"
484,"20140822",103154,"Low Risk","Unclean or degraded floors walls or ceilings"
484,"20140822",103142,"Low Risk","Unclean nonfood contact surfaces"
484,"20140822",103156,"Low Risk","Permit license or inspection report not posted"
485,"20140911",103129,"Moderate Risk","Insufficient hot water or running water"
485,"20140911",103116,"Moderate Risk","Inadequate food safety knowledge or lack of certified food safety manager"
485,"20140911",103143,"Low Risk","Inadequate warewashing facilities or equipment"
485,"20140205",103142,"Low Risk","Unclean nonfood contact surfaces"
485,"20140205",103124,"Moderate Risk","Inadequately cleaned or sanitized food contact surfaces"
485,"20140205",103119,"Moderate Risk","Inadequate and inaccessible handwashing facilities"
485,"20130415",103150,"Low Risk","Improper or defective plumbing"
485,"20130415",103154,"Low Risk","Unclean or degraded floors walls or ceilings"
485,"20130415",103124,"Moderate Risk","Inadequately cleaned or sanitized food contact surfaces"
485,"20120829",103139,"Low Risk","Improper food storage"
485,"20120829",103124,"Moderate Risk","Inadequately cleaned or sanitized food contact surfaces"
486,"20150213",103120,"Moderate Risk","Moderate risk food holding temperature "
486,"20150213",103119,"Moderate Risk","Inadequate and inaccessible handwashing facilities"
486,"20150213",103154,"Low Risk","Unclean or degraded floors walls or ceilings"
486,"20130328",103139,"Low Risk","Improper food storage"
488,"20140916",103103,"High Risk","High risk food holding temperature "
488,"20140916",103142,"Low Risk","Unclean nonfood contact surfaces"
488,"20140916",103154,"Low Risk","Unclean or degraded floors walls or ceilings"
488,"20140916",103149,"Low Risk","Wiping cloths not clean or properly stored or inadequate sanitizer"
488,"20140916",103133,"Moderate Risk","Foods not protected from contamination"
488,"20140916",103139,"Low Risk","Improper food storage"
488,"20130521",103149,"Low Risk","Wiping cloths not clean or properly stored or inadequate sanitizer"
488,"20130521",103119,"Moderate Risk","Inadequate and inaccessible handwashing facilities"
488,"20130521",103148,"Low Risk","No thermometers or uncalibrated thermometers "
488,"20130521",103156,"Low Risk","Permit license or inspection report not posted"
488,"20121019",103139,"Low Risk","Improper food storage"
489,"20150112",103119,"Moderate Risk","Inadequate and inaccessible handwashing facilities"
489,"20150112",103151,"Low Risk","Inadequate or unsanitary refuse containers or area or no garbage service"
489,"20150112",103133,"Moderate Risk","Foods not protected from contamination"
489,"20150112",103131,"Moderate Risk","Moderate risk vermin infestation"
489,"20150112",103154,"Low Risk","Unclean or degraded floors walls or ceilings"
489,"20150112",103109,"High Risk","Unclean or unsanitary food contact surfaces"
489,"20130923",103124,"Moderate Risk","Inadequately cleaned or sanitized food contact surfaces"
489,"20130923",103149,"Low Risk","Wiping cloths not clean or properly stored or inadequate sanitizer"
489,"20130923",103119,"Moderate Risk","Inadequate and inaccessible handwashing facilities"
489,"20130923",103120,"Moderate Risk","Moderate risk food holding temperature "
489,"20130923",103114,"High Risk","High risk vermin infestation"
489,"20130923",103154,"Low Risk","Unclean or degraded floors walls or ceilings"
489,"20120719",103109,"High Risk","Unclean or unsanitary food contact surfaces"
489,"20120719",103144,"Low Risk","Unapproved or unmaintained equipment or utensils"
489,"20120719",103138,"Low Risk","Improper storage use or identification of toxic substances"
489,"20120719",103154,"Low Risk","Unclean or degraded floors walls or ceilings"
489,"20120719",103118,"Moderate Risk","Employee eating or smoking"
489,"20120719",103139,"Low Risk","Improper food storage"
489,"20120719",103114,"High Risk","High risk vermin infestation"
489,"20120719",103120,"Moderate Risk","Moderate risk food holding temperature "
489,"20120719",103119,"Moderate Risk","Inadequate and inaccessible handwashing facilities"
489,"20120719",103162,"Low Risk","Other low risk violation"
489,"20140617",103144,"Low Risk","Unapproved or unmaintained equipment or utensils"
489,"20140617",103109,"High Risk","Unclean or unsanitary food contact surfaces"
489,"20140617",103154,"Low Risk","Unclean or degraded floors walls or ceilings"
489,"20140617",103133,"Moderate Risk","Foods not protected from contamination"
489,"20140617",103149,"Low Risk","Wiping cloths not clean or properly stored or inadequate sanitizer"
494,"20141118",103108,"High Risk","Contaminated or adulterated food"
494,"20141118",103150,"Low Risk","Improper or defective plumbing"
494,"20141118",103139,"Low Risk","Improper food storage"
494,"20141118",103109,"High Risk","Unclean or unsanitary food contact surfaces"
494,"20141118",103119,"Moderate Risk","Inadequate and inaccessible handwashing facilities"
494,"20141118",103114,"High Risk","High risk vermin infestation"
494,"20141118",103142,"Low Risk","Unclean nonfood contact surfaces"
494,"20141118",103154,"Low Risk","Unclean or degraded floors walls or ceilings"
494,"20130109",103124,"Moderate Risk","Inadequately cleaned or sanitized food contact surfaces"
494,"20130109",103114,"High Risk","High risk vermin infestation"
495,"20150202",103119,"Moderate Risk","Inadequate and inaccessible handwashing facilities"
495,"20150202",103144,"Low Risk","Unapproved or unmaintained equipment or utensils"
495,"20150202",103142,"Low Risk","Unclean nonfood contact surfaces"
495,"20150202",103154,"Low Risk","Unclean or degraded floors walls or ceilings"
495,"20131009",103144,"Low Risk","Unapproved or unmaintained equipment or utensils"
495,"20131009",103124,"Moderate Risk","Inadequately cleaned or sanitized food contact surfaces"
495,"20131009",103156,"Low Risk","Permit license or inspection report not posted"
495,"20131009",103131,"Moderate Risk","Moderate risk vermin infestation"
495,"20131009",103138,"Low Risk","Improper storage use or identification of toxic substances"
495,"20140408",103120,"Moderate Risk","Moderate risk food holding temperature "
495,"20140408",103154,"Low Risk","Unclean or degraded floors walls or ceilings"
495,"20140408",103124,"Moderate Risk","Inadequately cleaned or sanitized food contact surfaces"
495,"20140408",103114,"High Risk","High risk vermin infestation"
495,"20140408",103139,"Low Risk","Improper food storage"
495,"20130117",103133,"Moderate Risk","Foods not protected from contamination"
495,"20130117",103144,"Low Risk","Unapproved or unmaintained equipment or utensils"
495,"20130117",103109,"High Risk","Unclean or unsanitary food contact surfaces"
495,"20130117",103145,"Low Risk","Improper storage of equipment utensils or linens"
495,"20130117",103114,"High Risk","High risk vermin infestation"
496,"20150107",103142,"Low Risk","Unclean nonfood contact surfaces"
496,"20150107",103154,"Low Risk","Unclean or degraded floors walls or ceilings"
496,"20150107",103156,"Low Risk","Permit license or inspection report not posted"
496,"20150107",103120,"Moderate Risk","Moderate risk food holding temperature "
496,"20121101",103156,"Low Risk","Permit license or inspection report not posted"
496,"20121101",103131,"Moderate Risk","Moderate risk vermin infestation"
496,"20121101",103120,"Moderate Risk","Moderate risk food holding temperature "
496,"20121101",103145,"Low Risk","Improper storage of equipment utensils or linens"
496,"20140508",103156,"Low Risk","Permit license or inspection report not posted"
496,"20140508",103150,"Low Risk","Improper or defective plumbing"
496,"20140508",103154,"Low Risk","Unclean or degraded floors walls or ceilings"
496,"20140508",103120,"Moderate Risk","Moderate risk food holding temperature "
496,"20140508",103142,"Low Risk","Unclean nonfood contact surfaces"
496,"20140508",103148,"Low Risk","No thermometers or uncalibrated thermometers "
496,"20140508",103157,"Low Risk","Food safety certificate or food handler card not available"
500,"20130820",103116,"Moderate Risk","Inadequate food safety knowledge or lack of certified food safety manager"
500,"20130820",103139,"Low Risk","Improper food storage"
500,"20130820",103119,"Moderate Risk","Inadequate and inaccessible handwashing facilities"
500,"20130820",103154,"Low Risk","Unclean or degraded floors walls or ceilings"
500,"20140327",103116,"Moderate Risk","Inadequate food safety knowledge or lack of certified food safety manager"
500,"20140327",103142,"Low Risk","Unclean nonfood contact surfaces"
500,"20140327",103103,"High Risk","High risk food holding temperature "
500,"20140327",103154,"Low Risk","Unclean or degraded floors walls or ceilings"
500,"20140327",103119,"Moderate Risk","Inadequate and inaccessible handwashing facilities"
500,"20140327",103124,"Moderate Risk","Inadequately cleaned or sanitized food contact surfaces"
500,"20130110",103105,"High Risk","Improper cooling methods"
500,"20130110",103103,"High Risk","High risk food holding temperature "
500,"20130110",103119,"Moderate Risk","Inadequate and inaccessible handwashing facilities"
500,"20130110",103124,"Moderate Risk","Inadequately cleaned or sanitized food contact surfaces"
500,"20130110",103133,"Moderate Risk","Foods not protected from contamination"
500,"20130110",103154,"Low Risk","Unclean or degraded floors walls or ceilings"
500,"20140811",103145,"Low Risk","Improper storage of equipment utensils or linens"
500,"20140811",103154,"Low Risk","Unclean or degraded floors walls or ceilings"
500,"20140811",103144,"Low Risk","Unapproved or unmaintained equipment or utensils"
500,"20140811",103157,"Low Risk","Food safety certificate or food handler card not available"
500,"20140811",103132,"Moderate Risk","Improper thawing methods "
500,"20140811",103103,"High Risk","High risk food holding temperature "
502,"20140421",103156,"Low Risk","Permit license or inspection report not posted"
502,"20140421",103119,"Moderate Risk","Inadequate and inaccessible handwashing facilities"
502,"20140421",103155,"Low Risk","Unapproved  living quarters in food facility"
502,"20121116",103154,"Low Risk","Unclean or degraded floors walls or ceilings"
502,"20121116",103119,"Moderate Risk","Inadequate and inaccessible handwashing facilities"
502,"20121116",103157,"Low Risk","Food safety certificate or food handler card not available"
503,"20141029",103114,"High Risk","High risk vermin infestation"
503,"20141029",103154,"Low Risk","Unclean or degraded floors walls or ceilings"
503,"20141029",103138,"Low Risk","Improper storage use or identification of toxic substances"
503,"20130716",103149,"Low Risk","Wiping cloths not clean or properly stored or inadequate sanitizer"
503,"20130716",103118,"Moderate Risk","Employee eating or smoking"
503,"20130716",103161,"Low Risk","Low risk vermin infestation"
503,"20130716",103102,"High Risk","Unclean hands or improper use of gloves"
503,"20130716",103154,"Low Risk","Unclean or degraded floors walls or ceilings"
503,"20140210",103132,"Moderate Risk","Improper thawing methods "
503,"20140210",103161,"Low Risk","Low risk vermin infestation"
503,"20140210",103154,"Low Risk","Unclean or degraded floors walls or ceilings"
503,"20140210",103139,"Low Risk","Improper food storage"
503,"20120612",103115,"High Risk","Other high risk violation"
503,"20120720",103154,"Low Risk","Unclean or degraded floors walls or ceilings"
505,"20141024",103147,"Low Risk","Inadequate ventilation or lighting"
505,"20141024",103112,"High Risk","No hot water or running water"
505,"20141024",103131,"Moderate Risk","Moderate risk vermin infestation"
505,"20141024",103142,"Low Risk","Unclean nonfood contact surfaces"
505,"20141024",103144,"Low Risk","Unapproved or unmaintained equipment or utensils"
505,"20141024",103102,"High Risk","Unclean hands or improper use of gloves"
505,"20120620",103124,"Moderate Risk","Inadequately cleaned or sanitized food contact surfaces"
505,"20120620",103120,"Moderate Risk","Moderate risk food holding temperature "
505,"20120620",103139,"Low Risk","Improper food storage"
505,"20120620",103145,"Low Risk","Improper storage of equipment utensils or linens"
505,"20130204",103142,"Low Risk","Unclean nonfood contact surfaces"
505,"20140604",103119,"Moderate Risk","Inadequate and inaccessible handwashing facilities"
505,"20140604",103142,"Low Risk","Unclean nonfood contact surfaces"
507,"20150223",103161,"Low Risk","Low risk vermin infestation"
507,"20140207",103133,"Moderate Risk","Foods not protected from contamination"
507,"20120727",103157,"Low Risk","Food safety certificate or food handler card not available"
507,"20120727",103154,"Low Risk","Unclean or degraded floors walls or ceilings"
507,"20140825",103139,"Low Risk","Improper food storage"
507,"20140825",103131,"Moderate Risk","Moderate risk vermin infestation"
508,"20141110",103144,"Low Risk","Unapproved or unmaintained equipment or utensils"
509,"20141229",103103,"High Risk","High risk food holding temperature "
509,"20141229",103149,"Low Risk","Wiping cloths not clean or properly stored or inadequate sanitizer"
509,"20141229",103132,"Moderate Risk","Improper thawing methods "
509,"20141229",103109,"High Risk","Unclean or unsanitary food contact surfaces"
509,"20141229",103114,"High Risk","High risk vermin infestation"
509,"20141229",103116,"Moderate Risk","Inadequate food safety knowledge or lack of certified food safety manager"
509,"20141229",103119,"Moderate Risk","Inadequate and inaccessible handwashing facilities"
509,"20141229",103139,"Low Risk","Improper food storage"
509,"20141229",103145,"Low Risk","Improper storage of equipment utensils or linens"
509,"20141229",103154,"Low Risk","Unclean or degraded floors walls or ceilings"
509,"20141229",103142,"Low Risk","Unclean nonfood contact surfaces"
509,"20150120",103131,"Moderate Risk","Moderate risk vermin infestation"
509,"20131113",103142,"Low Risk","Unclean nonfood contact surfaces"
509,"20131113",103131,"Moderate Risk","Moderate risk vermin infestation"
509,"20131113",103139,"Low Risk","Improper food storage"
509,"20131113",103144,"Low Risk","Unapproved or unmaintained equipment or utensils"
509,"20130506",103145,"Low Risk","Improper storage of equipment utensils or linens"
509,"20130506",103142,"Low Risk","Unclean nonfood contact surfaces"
509,"20130506",103109,"High Risk","Unclean or unsanitary food contact surfaces"
509,"20130506",103131,"Moderate Risk","Moderate risk vermin infestation"
509,"20121029",103104,"High Risk","Unauthorized or unsafe use of time as a public health control measure"
509,"20121029",103142,"Low Risk","Unclean nonfood contact surfaces"
509,"20121029",103139,"Low Risk","Improper food storage"
509,"20140514",103121,"Moderate Risk","Inadequate procedures or records for time as a public health control "
509,"20140514",103143,"Low Risk","Inadequate warewashing facilities or equipment"
509,"20140514",103142,"Low Risk","Unclean nonfood contact surfaces"
510,"20141103",103124,"Moderate Risk","Inadequately cleaned or sanitized food contact surfaces"
510,"20141103",103131,"Moderate Risk","Moderate risk vermin infestation"
510,"20141103",103139,"Low Risk","Improper food storage"
510,"20131118",103131,"Moderate Risk","Moderate risk vermin infestation"
510,"20131118",103116,"Moderate Risk","Inadequate food safety knowledge or lack of certified food safety manager"
510,"20131118",103145,"Low Risk","Improper storage of equipment utensils or linens"
510,"20131118",103142,"Low Risk","Unclean nonfood contact surfaces"
510,"20131118",103144,"Low Risk","Unapproved or unmaintained equipment or utensils"
510,"20131118",103103,"High Risk","High risk food holding temperature "
510,"20130501",103161,"Low Risk","Low risk vermin infestation"
510,"20130501",103119,"Moderate Risk","Inadequate and inaccessible handwashing facilities"
510,"20130501",103103,"High Risk","High risk food holding temperature "
510,"20130501",103145,"Low Risk","Improper storage of equipment utensils or linens"
510,"20140505",103132,"Moderate Risk","Improper thawing methods "
510,"20140505",103116,"Moderate Risk","Inadequate food safety knowledge or lack of certified food safety manager"
510,"20120829",103120,"Moderate Risk","Moderate risk food holding temperature "
510,"20120829",103124,"Moderate Risk","Inadequately cleaned or sanitized food contact surfaces"
519,"20130628",103119,"Moderate Risk","Inadequate and inaccessible handwashing facilities"
519,"20130111",103118,"Moderate Risk","Employee eating or smoking"
519,"20130111",103119,"Moderate Risk","Inadequate and inaccessible handwashing facilities"
519,"20140609",103144,"Low Risk","Unapproved or unmaintained equipment or utensils"
520,"20140102",103129,"Moderate Risk","Insufficient hot water or running water"
520,"20131218",103144,"Low Risk","Unapproved or unmaintained equipment or utensils"
520,"20131218",103124,"Moderate Risk","Inadequately cleaned or sanitized food contact surfaces"
520,"20131218",103120,"Moderate Risk","Moderate risk food holding temperature "
520,"20131218",103112,"High Risk","No hot water or running water"
520,"20131218",103131,"Moderate Risk","Moderate risk vermin infestation"
520,"20130515",103149,"Low Risk","Wiping cloths not clean or properly stored or inadequate sanitizer"
520,"20130515",103129,"Moderate Risk","Insufficient hot water or running water"
520,"20130515",103120,"Moderate Risk","Moderate risk food holding temperature "
520,"20130515",103116,"Moderate Risk","Inadequate food safety knowledge or lack of certified food safety manager"
520,"20130515",103133,"Moderate Risk","Foods not protected from contamination"
520,"20120727",103155,"Low Risk","Unapproved  living quarters in food facility"
520,"20120727",103154,"Low Risk","Unclean or degraded floors walls or ceilings"
520,"20120727",103139,"Low Risk","Improper food storage"
520,"20120727",103124,"Moderate Risk","Inadequately cleaned or sanitized food contact surfaces"
520,"20120727",103103,"High Risk","High risk food holding temperature "
520,"20140611",103120,"Moderate Risk","Moderate risk food holding temperature "
520,"20140611",103124,"Moderate Risk","Inadequately cleaned or sanitized food contact surfaces"
520,"20140611",103139,"Low Risk","Improper food storage"
521,"20150203",103161,"Low Risk","Low risk vermin infestation"
521,"20150203",103121,"Moderate Risk","Inadequate procedures or records for time as a public health control "
521,"20150203",103120,"Moderate Risk","Moderate risk food holding temperature "
521,"20130805",103153,"Low Risk","Inadequate dressing rooms or improper storage of personal items"
521,"20130805",103120,"Moderate Risk","Moderate risk food holding temperature "
521,"20140129",103156,"Low Risk","Permit license or inspection report not posted"
521,"20140129",103153,"Low Risk","Inadequate dressing rooms or improper storage of personal items"
521,"20140129",103103,"High Risk","High risk food holding temperature "
521,"20120613",103139,"Low Risk","Improper food storage"
521,"20120613",103147,"Low Risk","Inadequate ventilation or lighting"
521,"20120613",103161,"Low Risk","Low risk vermin infestation"
521,"20120613",103145,"Low Risk","Improper storage of equipment utensils or linens"
521,"20121204",103161,"Low Risk","Low risk vermin infestation"
521,"20121204",103149,"Low Risk","Wiping cloths not clean or properly stored or inadequate sanitizer"
521,"20121204",103144,"Low Risk","Unapproved or unmaintained equipment or utensils"
521,"20121204",103142,"Low Risk","Unclean nonfood contact surfaces"
521,"20121204",103103,"High Risk","High risk food holding temperature "
521,"20121204",103147,"Low Risk","Inadequate ventilation or lighting"
521,"20140724",103145,"Low Risk","Improper storage of equipment utensils or linens"
521,"20140724",103162,"Low Risk","Other low risk violation"
521,"20140724",103153,"Low Risk","Inadequate dressing rooms or improper storage of personal items"
522,"20131115",103156,"Low Risk","Permit license or inspection report not posted"
522,"20130522",103120,"Moderate Risk","Moderate risk food holding temperature "
527,"20140926",103124,"Moderate Risk","Inadequately cleaned or sanitized food contact surfaces"
527,"20140926",103119,"Moderate Risk","Inadequate and inaccessible handwashing facilities"
527,"20140926",103154,"Low Risk","Unclean or degraded floors walls or ceilings"
527,"20140926",103144,"Low Risk","Unapproved or unmaintained equipment or utensils"
527,"20140926",103114,"High Risk","High risk vermin infestation"
527,"20140109",103149,"Low Risk","Wiping cloths not clean or properly stored or inadequate sanitizer"
527,"20140109",103144,"Low Risk","Unapproved or unmaintained equipment or utensils"
527,"20140109",103145,"Low Risk","Improper storage of equipment utensils or linens"
527,"20130618",103123,"Moderate Risk","Food in poor condition"
527,"20130618",103124,"Moderate Risk","Inadequately cleaned or sanitized food contact surfaces"
527,"20130618",103154,"Low Risk","Unclean or degraded floors walls or ceilings"
527,"20130618",103133,"Moderate Risk","Foods not protected from contamination"
527,"20130110",103109,"High Risk","Unclean or unsanitary food contact surfaces"
527,"20130110",103132,"Moderate Risk","Improper thawing methods "
527,"20130110",103133,"Moderate Risk","Foods not protected from contamination"
527,"20130110",103139,"Low Risk","Improper food storage"
527,"20140604",103120,"Moderate Risk","Moderate risk food holding temperature "
527,"20140604",103124,"Moderate Risk","Inadequately cleaned or sanitized food contact surfaces"
527,"20140604",103131,"Moderate Risk","Moderate risk vermin infestation"
529,"20141009",103149,"Low Risk","Wiping cloths not clean or properly stored or inadequate sanitizer"
529,"20141009",103161,"Low Risk","Low risk vermin infestation"
529,"20141009",103152,"Low Risk","Unclean unmaintained or improperly constructed toilet facilities"
529,"20141009",103150,"Low Risk","Improper or defective plumbing"
529,"20141009",103139,"Low Risk","Improper food storage"
529,"20140114",103154,"Low Risk","Unclean or degraded floors walls or ceilings"
529,"20140114",103149,"Low Risk","Wiping cloths not clean or properly stored or inadequate sanitizer"
529,"20140114",103161,"Low Risk","Low risk vermin infestation"
529,"20140114",103142,"Low Risk","Unclean nonfood contact surfaces"
529,"20120924",103158,"Low Risk","Unpermitted food facility"
529,"20140721",103156,"Low Risk","Permit license or inspection report not posted"
529,"20140721",103144,"Low Risk","Unapproved or unmaintained equipment or utensils"
529,"20140721",103148,"Low Risk","No thermometers or uncalibrated thermometers "
529,"20140721",103157,"Low Risk","Food safety certificate or food handler card not available"
529,"20140721",103143,"Low Risk","Inadequate warewashing facilities or equipment"
529,"20140721",103119,"Moderate Risk","Inadequate and inaccessible handwashing facilities"
538,"20130826",103105,"High Risk","Improper cooling methods"
538,"20130826",103124,"Moderate Risk","Inadequately cleaned or sanitized food contact surfaces"
538,"20130826",103120,"Moderate Risk","Moderate risk food holding temperature "
538,"20130826",103139,"Low Risk","Improper food storage"
538,"20140224",103131,"Moderate Risk","Moderate risk vermin infestation"
538,"20140224",103124,"Moderate Risk","Inadequately cleaned or sanitized food contact surfaces"
538,"20120709",103142,"Low Risk","Unclean nonfood contact surfaces"
538,"20120709",103116,"Moderate Risk","Inadequate food safety knowledge or lack of certified food safety manager"
538,"20120709",103149,"Low Risk","Wiping cloths not clean or properly stored or inadequate sanitizer"
538,"20120709",103103,"High Risk","High risk food holding temperature "
538,"20120709",103144,"Low Risk","Unapproved or unmaintained equipment or utensils"
538,"20130212",103116,"Moderate Risk","Inadequate food safety knowledge or lack of certified food safety manager"
538,"20130212",103144,"Low Risk","Unapproved or unmaintained equipment or utensils"
538,"20130212",103149,"Low Risk","Wiping cloths not clean or properly stored or inadequate sanitizer"
538,"20130212",103120,"Moderate Risk","Moderate risk food holding temperature "
538,"20130212",103154,"Low Risk","Unclean or degraded floors walls or ceilings"
538,"20140714",103149,"Low Risk","Wiping cloths not clean or properly stored or inadequate sanitizer"
538,"20140714",103154,"Low Risk","Unclean or degraded floors walls or ceilings"
539,"20150511",103119,"Moderate Risk","Inadequate and inaccessible handwashing facilities"
539,"20150511",103120,"Moderate Risk","Moderate risk food holding temperature "
539,"20130925",103161,"Low Risk","Low risk vermin infestation"
539,"20130925",103139,"Low Risk","Improper food storage"
539,"20140319",103139,"Low Risk","Improper food storage"
539,"20120913",103103,"High Risk","High risk food holding temperature "
539,"20120913",103149,"Low Risk","Wiping cloths not clean or properly stored or inadequate sanitizer"
542,"20130625",103154,"Low Risk","Unclean or degraded floors walls or ceilings"
542,"20130625",103157,"Low Risk","Food safety certificate or food handler card not available"
542,"20130625",103161,"Low Risk","Low risk vermin infestation"
542,"20130625",103149,"Low Risk","Wiping cloths not clean or properly stored or inadequate sanitizer"
542,"20130625",103133,"Moderate Risk","Foods not protected from contamination"
542,"20121129",103103,"High Risk","High risk food holding temperature "
542,"20121129",103127,"Moderate Risk","Noncompliance with HAACP plan or variance"
542,"20121129",103149,"Low Risk","Wiping cloths not clean or properly stored or inadequate sanitizer"
542,"20121129",103156,"Low Risk","Permit license or inspection report not posted"
542,"20140610",103152,"Low Risk","Unclean unmaintained or improperly constructed toilet facilities"
542,"20140610",103159,"Low Risk","Worker safety hazards"
542,"20140610",103156,"Low Risk","Permit license or inspection report not posted"
542,"20140610",103149,"Low Risk","Wiping cloths not clean or properly stored or inadequate sanitizer"
544,"20140226",103142,"Low Risk","Unclean nonfood contact surfaces"
544,"20140226",103149,"Low Risk","Wiping cloths not clean or properly stored or inadequate sanitizer"
544,"20140226",103152,"Low Risk","Unclean unmaintained or improperly constructed toilet facilities"
544,"20140226",103154,"Low Risk","Unclean or degraded floors walls or ceilings"
544,"20121220",103127,"Moderate Risk","Noncompliance with HAACP plan or variance"
544,"20121220",103154,"Low Risk","Unclean or degraded floors walls or ceilings"
544,"20121220",103152,"Low Risk","Unclean unmaintained or improperly constructed toilet facilities"
544,"20121220",103149,"Low Risk","Wiping cloths not clean or properly stored or inadequate sanitizer"
544,"20121220",103157,"Low Risk","Food safety certificate or food handler card not available"
544,"20140805",103103,"High Risk","High risk food holding temperature "
544,"20140805",103143,"Low Risk","Inadequate warewashing facilities or equipment"
544,"20140805",103149,"Low Risk","Wiping cloths not clean or properly stored or inadequate sanitizer"
544,"20140805",103142,"Low Risk","Unclean nonfood contact surfaces"
547,"20141210",103124,"Moderate Risk","Inadequately cleaned or sanitized food contact surfaces"
547,"20120611",103144,"Low Risk","Unapproved or unmaintained equipment or utensils"
547,"20121206",103144,"Low Risk","Unapproved or unmaintained equipment or utensils"
551,"20130925",103129,"Moderate Risk","Insufficient hot water or running water"
551,"20130925",103109,"High Risk","Unclean or unsanitary food contact surfaces"
551,"20130925",103142,"Low Risk","Unclean nonfood contact surfaces"
551,"20130925",103147,"Low Risk","Inadequate ventilation or lighting"
551,"20130925",103157,"Low Risk","Food safety certificate or food handler card not available"
551,"20120814",103161,"Low Risk","Low risk vermin infestation"
551,"20140610",103156,"Low Risk","Permit license or inspection report not posted"
551,"20140610",103157,"Low Risk","Food safety certificate or food handler card not available"
552,"20130627",103109,"High Risk","Unclean or unsanitary food contact surfaces"
552,"20130627",103120,"Moderate Risk","Moderate risk food holding temperature "
552,"20130627",103154,"Low Risk","Unclean or degraded floors walls or ceilings"
552,"20130627",103142,"Low Risk","Unclean nonfood contact surfaces"
552,"20130627",103133,"Moderate Risk","Foods not protected from contamination"
552,"20140210",103103,"High Risk","High risk food holding temperature "
552,"20140210",103124,"Moderate Risk","Inadequately cleaned or sanitized food contact surfaces"
552,"20140210",103142,"Low Risk","Unclean nonfood contact surfaces"
552,"20121016",103103,"High Risk","High risk food holding temperature "
552,"20121016",103119,"Moderate Risk","Inadequate and inaccessible handwashing facilities"
552,"20121016",103124,"Moderate Risk","Inadequately cleaned or sanitized food contact surfaces"
552,"20121016",103142,"Low Risk","Unclean nonfood contact surfaces"
552,"20140805",103149,"Low Risk","Wiping cloths not clean or properly stored or inadequate sanitizer"
552,"20140805",103132,"Moderate Risk","Improper thawing methods "
552,"20140805",103103,"High Risk","High risk food holding temperature "
552,"20140805",103133,"Moderate Risk","Foods not protected from contamination"
557,"20150507",103133,"Moderate Risk","Foods not protected from contamination"
557,"20150507",103139,"Low Risk","Improper food storage"
557,"20150507",103124,"Moderate Risk","Inadequately cleaned or sanitized food contact surfaces"
557,"20130814",103154,"Low Risk","Unclean or degraded floors walls or ceilings"
557,"20130814",103139,"Low Risk","Improper food storage"
557,"20130814",103124,"Moderate Risk","Inadequately cleaned or sanitized food contact surfaces"
557,"20130214",103133,"Moderate Risk","Foods not protected from contamination"
557,"20130214",103124,"Moderate Risk","Inadequately cleaned or sanitized food contact surfaces"
558,"20150224",103144,"Low Risk","Unapproved or unmaintained equipment or utensils"
558,"20150224",103154,"Low Risk","Unclean or degraded floors walls or ceilings"
558,"20130508",103133,"Moderate Risk","Foods not protected from contamination"
558,"20130508",103161,"Low Risk","Low risk vermin infestation"
558,"20130508",103154,"Low Risk","Unclean or degraded floors walls or ceilings"
558,"20130508",103142,"Low Risk","Unclean nonfood contact surfaces"
558,"20130508",103144,"Low Risk","Unapproved or unmaintained equipment or utensils"
558,"20140211",103144,"Low Risk","Unapproved or unmaintained equipment or utensils"
558,"20140211",103154,"Low Risk","Unclean or degraded floors walls or ceilings"
558,"20120621",103142,"Low Risk","Unclean nonfood contact surfaces"
558,"20120621",103131,"Moderate Risk","Moderate risk vermin infestation"
562,"20130328",103105,"High Risk","Improper cooling methods"
567,"20141219",103148,"Low Risk","No thermometers or uncalibrated thermometers "
567,"20141219",103103,"High Risk","High risk food holding temperature "
567,"20130301",103150,"Low Risk","Improper or defective plumbing"
567,"20130301",103120,"Moderate Risk","Moderate risk food holding temperature "
573,"20141023",103148,"Low Risk","No thermometers or uncalibrated thermometers "
573,"20141023",103120,"Moderate Risk","Moderate risk food holding temperature "
573,"20130917",103150,"Low Risk","Improper or defective plumbing"
573,"20130917",103116,"Moderate Risk","Inadequate food safety knowledge or lack of certified food safety manager"
580,"20140129",103143,"Low Risk","Inadequate warewashing facilities or equipment"
580,"20140129",103145,"Low Risk","Improper storage of equipment utensils or linens"
580,"20130516",103147,"Low Risk","Inadequate ventilation or lighting"
580,"20130516",103145,"Low Risk","Improper storage of equipment utensils or linens"
580,"20130516",103142,"Low Risk","Unclean nonfood contact surfaces"
580,"20121024",103147,"Low Risk","Inadequate ventilation or lighting"
580,"20140811",103120,"Moderate Risk","Moderate risk food holding temperature "
587,"20130927",103149,"Low Risk","Wiping cloths not clean or properly stored or inadequate sanitizer"
587,"20130927",103144,"Low Risk","Unapproved or unmaintained equipment or utensils"
587,"20130927",103133,"Moderate Risk","Foods not protected from contamination"
587,"20130927",103120,"Moderate Risk","Moderate risk food holding temperature "
587,"20130221",103133,"Moderate Risk","Foods not protected from contamination"
587,"20130221",103149,"Low Risk","Wiping cloths not clean or properly stored or inadequate sanitizer"
587,"20130221",103144,"Low Risk","Unapproved or unmaintained equipment or utensils"
587,"20130221",103124,"Moderate Risk","Inadequately cleaned or sanitized food contact surfaces"
587,"20130221",103120,"Moderate Risk","Moderate risk food holding temperature "
587,"20140626",103120,"Moderate Risk","Moderate risk food holding temperature "
587,"20140626",103149,"Low Risk","Wiping cloths not clean or properly stored or inadequate sanitizer"
587,"20140626",103133,"Moderate Risk","Foods not protected from contamination"
588,"20130626",103138,"Low Risk","Improper storage use or identification of toxic substances"
588,"20130626",103105,"High Risk","Improper cooling methods"
588,"20130626",103154,"Low Risk","Unclean or degraded floors walls or ceilings"
588,"20140310",103150,"Low Risk","Improper or defective plumbing"
588,"20140310",103105,"High Risk","Improper cooling methods"
588,"20140310",103133,"Moderate Risk","Foods not protected from contamination"
588,"20140310",103149,"Low Risk","Wiping cloths not clean or properly stored or inadequate sanitizer"
588,"20120918",103149,"Low Risk","Wiping cloths not clean or properly stored or inadequate sanitizer"
588,"20120918",103139,"Low Risk","Improper food storage"
588,"20140812",103132,"Moderate Risk","Improper thawing methods "
588,"20140812",103143,"Low Risk","Inadequate warewashing facilities or equipment"
588,"20140812",103149,"Low Risk","Wiping cloths not clean or properly stored or inadequate sanitizer"
588,"20140812",103145,"Low Risk","Improper storage of equipment utensils or linens"
589,"20131113",103103,"High Risk","High risk food holding temperature "
589,"20131113",103144,"Low Risk","Unapproved or unmaintained equipment or utensils"
589,"20131113",103132,"Moderate Risk","Improper thawing methods "
589,"20131113",103109,"High Risk","Unclean or unsanitary food contact surfaces"
589,"20131113",103131,"Moderate Risk","Moderate risk vermin infestation"
589,"20130506",103142,"Low Risk","Unclean nonfood contact surfaces"
589,"20130506",103133,"Moderate Risk","Foods not protected from contamination"
589,"20130506",103131,"Moderate Risk","Moderate risk vermin infestation"
589,"20140423",103161,"Low Risk","Low risk vermin infestation"
589,"20140423",103142,"Low Risk","Unclean nonfood contact surfaces"
589,"20140423",103139,"Low Risk","Improper food storage"
589,"20140423",103145,"Low Risk","Improper storage of equipment utensils or linens"
589,"20140423",103124,"Moderate Risk","Inadequately cleaned or sanitized food contact surfaces"
589,"20140423",103132,"Moderate Risk","Improper thawing methods "
589,"20120925",103124,"Moderate Risk","Inadequately cleaned or sanitized food contact surfaces"
589,"20120925",103120,"Moderate Risk","Moderate risk food holding temperature "
591,"20130912",103161,"Low Risk","Low risk vermin infestation"
591,"20130912",103119,"Moderate Risk","Inadequate and inaccessible handwashing facilities"
591,"20130912",103142,"Low Risk","Unclean nonfood contact surfaces"
591,"20130912",103144,"Low Risk","Unapproved or unmaintained equipment or utensils"
591,"20121218",103149,"Low Risk","Wiping cloths not clean or properly stored or inadequate sanitizer"
591,"20121218",103142,"Low Risk","Unclean nonfood contact surfaces"
591,"20121218",103144,"Low Risk","Unapproved or unmaintained equipment or utensils"
591,"20121218",103132,"Moderate Risk","Improper thawing methods "
591,"20140512",103120,"Moderate Risk","Moderate risk food holding temperature "
591,"20140512",103138,"Low Risk","Improper storage use or identification of toxic substances"
591,"20140512",103144,"Low Risk","Unapproved or unmaintained equipment or utensils"
597,"20141120",103154,"Low Risk","Unclean or degraded floors walls or ceilings"
597,"20141120",103119,"Moderate Risk","Inadequate and inaccessible handwashing facilities"
597,"20141120",103124,"Moderate Risk","Inadequately cleaned or sanitized food contact surfaces"
597,"20140319",103149,"Low Risk","Wiping cloths not clean or properly stored or inadequate sanitizer"
597,"20121005",103142,"Low Risk","Unclean nonfood contact surfaces"
597,"20121005",103162,"Low Risk","Other low risk violation"
606,"20141114",103144,"Low Risk","Unapproved or unmaintained equipment or utensils"
606,"20141114",103142,"Low Risk","Unclean nonfood contact surfaces"
606,"20141114",103108,"High Risk","Contaminated or adulterated food"
606,"20141114",103133,"Moderate Risk","Foods not protected from contamination"
606,"20141114",103124,"Moderate Risk","Inadequately cleaned or sanitized food contact surfaces"
606,"20141114",103131,"Moderate Risk","Moderate risk vermin infestation"
606,"20130409",103149,"Low Risk","Wiping cloths not clean or properly stored or inadequate sanitizer"
606,"20130409",103151,"Low Risk","Inadequate or unsanitary refuse containers or area or no garbage service"
606,"20130409",103161,"Low Risk","Low risk vermin infestation"
606,"20130409",103119,"Moderate Risk","Inadequate and inaccessible handwashing facilities"
606,"20120928",103145,"Low Risk","Improper storage of equipment utensils or linens"
606,"20120928",103142,"Low Risk","Unclean nonfood contact surfaces"
606,"20120928",103139,"Low Risk","Improper food storage"
606,"20120928",103138,"Low Risk","Improper storage use or identification of toxic substances"
610,"20130930",103149,"Low Risk","Wiping cloths not clean or properly stored or inadequate sanitizer"
610,"20130930",103131,"Moderate Risk","Moderate risk vermin infestation"
610,"20130930",103133,"Moderate Risk","Foods not protected from contamination"
610,"20130930",103120,"Moderate Risk","Moderate risk food holding temperature "
610,"20130207",103142,"Low Risk","Unclean nonfood contact surfaces"
610,"20130207",103133,"Moderate Risk","Foods not protected from contamination"
610,"20130207",103120,"Moderate Risk","Moderate risk food holding temperature "
610,"20140528",103120,"Moderate Risk","Moderate risk food holding temperature "
610,"20140528",103133,"Moderate Risk","Foods not protected from contamination"
610,"20140528",103131,"Moderate Risk","Moderate risk vermin infestation"
610,"20140528",103102,"High Risk","Unclean hands or improper use of gloves"
610,"20140528",103124,"Moderate Risk","Inadequately cleaned or sanitized food contact surfaces"
610,"20140528",103132,"Moderate Risk","Improper thawing methods "
615,"20130411",103131,"Moderate Risk","Moderate risk vermin infestation"
615,"20130411",103142,"Low Risk","Unclean nonfood contact surfaces"
615,"20130411",103149,"Low Risk","Wiping cloths not clean or properly stored or inadequate sanitizer"
615,"20120919",103147,"Low Risk","Inadequate ventilation or lighting"
615,"20120919",103131,"Moderate Risk","Moderate risk vermin infestation"
615,"20120919",103103,"High Risk","High risk food holding temperature "
615,"20120919",103145,"Low Risk","Improper storage of equipment utensils or linens"
615,"20120919",103124,"Moderate Risk","Inadequately cleaned or sanitized food contact surfaces"
615,"20140708",103124,"Moderate Risk","Inadequately cleaned or sanitized food contact surfaces"
619,"20150423",103103,"High Risk","High risk food holding temperature "
619,"20130822",103152,"Low Risk","Unclean unmaintained or improperly constructed toilet facilities"
619,"20130822",103139,"Low Risk","Improper food storage"
619,"20130822",103121,"Moderate Risk","Inadequate procedures or records for time as a public health control "
619,"20130822",103142,"Low Risk","Unclean nonfood contact surfaces"
619,"20140211",103149,"Low Risk","Wiping cloths not clean or properly stored or inadequate sanitizer"
619,"20140211",103154,"Low Risk","Unclean or degraded floors walls or ceilings"
619,"20140211",103152,"Low Risk","Unclean unmaintained or improperly constructed toilet facilities"
619,"20140211",103119,"Moderate Risk","Inadequate and inaccessible handwashing facilities"
619,"20140211",103145,"Low Risk","Improper storage of equipment utensils or linens"
619,"20130116",103103,"High Risk","High risk food holding temperature "
619,"20140811",103139,"Low Risk","Improper food storage"
619,"20140811",103104,"High Risk","Unauthorized or unsafe use of time as a public health control measure"
619,"20140811",103142,"Low Risk","Unclean nonfood contact surfaces"
625,"20130801",103145,"Low Risk","Improper storage of equipment utensils or linens"
625,"20130801",103154,"Low Risk","Unclean or degraded floors walls or ceilings"
625,"20140207",103132,"Moderate Risk","Improper thawing methods "
625,"20130220",103149,"Low Risk","Wiping cloths not clean or properly stored or inadequate sanitizer"
625,"20130220",103124,"Moderate Risk","Inadequately cleaned or sanitized food contact surfaces"
625,"20130220",103131,"Moderate Risk","Moderate risk vermin infestation"
627,"20130826",103154,"Low Risk","Unclean or degraded floors walls or ceilings"
627,"20130826",103144,"Low Risk","Unapproved or unmaintained equipment or utensils"
627,"20130826",103133,"Moderate Risk","Foods not protected from contamination"
627,"20130826",103114,"High Risk","High risk vermin infestation"
627,"20130826",103124,"Moderate Risk","Inadequately cleaned or sanitized food contact surfaces"
627,"20131216",103120,"Moderate Risk","Moderate risk food holding temperature "
627,"20131216",103124,"Moderate Risk","Inadequately cleaned or sanitized food contact surfaces"
628,"20130722",103154,"Low Risk","Unclean or degraded floors walls or ceilings"
628,"20130722",103103,"High Risk","High risk food holding temperature "
628,"20131216",103105,"High Risk","Improper cooling methods"
628,"20120725",103103,"High Risk","High risk food holding temperature "
628,"20120725",103149,"Low Risk","Wiping cloths not clean or properly stored or inadequate sanitizer"
628,"20130122",103154,"Low Risk","Unclean or degraded floors walls or ceilings"
628,"20130122",103142,"Low Risk","Unclean nonfood contact surfaces"
628,"20140609",103157,"Low Risk","Food safety certificate or food handler card not available"
628,"20140609",103142,"Low Risk","Unclean nonfood contact surfaces"
628,"20140609",103120,"Moderate Risk","Moderate risk food holding temperature "
631,"20130828",103161,"Low Risk","Low risk vermin infestation"
631,"20130828",103154,"Low Risk","Unclean or degraded floors walls or ceilings"
631,"20130828",103150,"Low Risk","Improper or defective plumbing"
631,"20140203",103154,"Low Risk","Unclean or degraded floors walls or ceilings"
631,"20140203",103139,"Low Risk","Improper food storage"
631,"20130318",103103,"High Risk","High risk food holding temperature "
631,"20130318",103116,"Moderate Risk","Inadequate food safety knowledge or lack of certified food safety manager"
631,"20120924",103114,"High Risk","High risk vermin infestation"
631,"20120924",103116,"Moderate Risk","Inadequate food safety knowledge or lack of certified food safety manager"
634,"20130910",103131,"Moderate Risk","Moderate risk vermin infestation"
634,"20130910",103142,"Low Risk","Unclean nonfood contact surfaces"
634,"20130910",103149,"Low Risk","Wiping cloths not clean or properly stored or inadequate sanitizer"
634,"20130910",103154,"Low Risk","Unclean or degraded floors walls or ceilings"
634,"20140203",103154,"Low Risk","Unclean or degraded floors walls or ceilings"
634,"20140203",103103,"High Risk","High risk food holding temperature "
634,"20140203",103119,"Moderate Risk","Inadequate and inaccessible handwashing facilities"
634,"20140203",103124,"Moderate Risk","Inadequately cleaned or sanitized food contact surfaces"
634,"20140203",103131,"Moderate Risk","Moderate risk vermin infestation"
634,"20140203",103144,"Low Risk","Unapproved or unmaintained equipment or utensils"
634,"20130318",103114,"High Risk","High risk vermin infestation"
634,"20130318",103103,"High Risk","High risk food holding temperature "
634,"20130318",103142,"Low Risk","Unclean nonfood contact surfaces"
634,"20130318",103154,"Low Risk","Unclean or degraded floors walls or ceilings"
634,"20130318",103124,"Moderate Risk","Inadequately cleaned or sanitized food contact surfaces"
634,"20130318",103102,"High Risk","Unclean hands or improper use of gloves"
634,"20120911",103142,"Low Risk","Unclean nonfood contact surfaces"
634,"20120911",103149,"Low Risk","Wiping cloths not clean or properly stored or inadequate sanitizer"
634,"20120911",103127,"Moderate Risk","Noncompliance with HAACP plan or variance"
634,"20120911",103102,"High Risk","Unclean hands or improper use of gloves"
634,"20120911",103154,"Low Risk","Unclean or degraded floors walls or ceilings"
634,"20120911",103119,"Moderate Risk","Inadequate and inaccessible handwashing facilities"
634,"20120911",103103,"High Risk","High risk food holding temperature "
634,"20120911",103114,"High Risk","High risk vermin infestation"
639,"20150120",103119,"Moderate Risk","Inadequate and inaccessible handwashing facilities"
639,"20150120",103154,"Low Risk","Unclean or degraded floors walls or ceilings"
639,"20150120",103156,"Low Risk","Permit license or inspection report not posted"
639,"20131018",103144,"Low Risk","Unapproved or unmaintained equipment or utensils"
639,"20131018",103154,"Low Risk","Unclean or degraded floors walls or ceilings"
639,"20121114",103154,"Low Risk","Unclean or degraded floors walls or ceilings"
639,"20121114",103147,"Low Risk","Inadequate ventilation or lighting"
639,"20121114",103133,"Moderate Risk","Foods not protected from contamination"
645,"20130814",103156,"Low Risk","Permit license or inspection report not posted"
645,"20121128",103145,"Low Risk","Improper storage of equipment utensils or linens"
659,"20141124",103149,"Low Risk","Wiping cloths not clean or properly stored or inadequate sanitizer"
659,"20141124",103143,"Low Risk","Inadequate warewashing facilities or equipment"
659,"20141124",103133,"Moderate Risk","Foods not protected from contamination"
659,"20131028",103124,"Moderate Risk","Inadequately cleaned or sanitized food contact surfaces"
659,"20131028",103133,"Moderate Risk","Foods not protected from contamination"
659,"20131028",103138,"Low Risk","Improper storage use or identification of toxic substances"
659,"20131028",103129,"Moderate Risk","Insufficient hot water or running water"
659,"20140314",103142,"Low Risk","Unclean nonfood contact surfaces"
659,"20121227",103102,"High Risk","Unclean hands or improper use of gloves"
659,"20121227",103136,"Low Risk","Unsanitary employee garments hair or nails"
659,"20121227",103154,"Low Risk","Unclean or degraded floors walls or ceilings"
665,"20141104",103149,"Low Risk","Wiping cloths not clean or properly stored or inadequate sanitizer"
665,"20141104",103142,"Low Risk","Unclean nonfood contact surfaces"
665,"20141104",103144,"Low Risk","Unapproved or unmaintained equipment or utensils"
665,"20141104",103124,"Moderate Risk","Inadequately cleaned or sanitized food contact surfaces"
665,"20141104",103131,"Moderate Risk","Moderate risk vermin infestation"
665,"20130501",103120,"Moderate Risk","Moderate risk food holding temperature "
665,"20130501",103124,"Moderate Risk","Inadequately cleaned or sanitized food contact surfaces"
665,"20130501",103154,"Low Risk","Unclean or degraded floors walls or ceilings"
665,"20130501",103161,"Low Risk","Low risk vermin infestation"
665,"20140213",103142,"Low Risk","Unclean nonfood contact surfaces"
665,"20140213",103161,"Low Risk","Low risk vermin infestation"
665,"20140213",103120,"Moderate Risk","Moderate risk food holding temperature "
665,"20140213",103138,"Low Risk","Improper storage use or identification of toxic substances"
665,"20140213",103154,"Low Risk","Unclean or degraded floors walls or ceilings"
670,"20140826",103124,"Moderate Risk","Inadequately cleaned or sanitized food contact surfaces"
670,"20140826",103142,"Low Risk","Unclean nonfood contact surfaces"
670,"20140826",103149,"Low Risk","Wiping cloths not clean or properly stored or inadequate sanitizer"
670,"20140826",103119,"Moderate Risk","Inadequate and inaccessible handwashing facilities"
670,"20140826",103156,"Low Risk","Permit license or inspection report not posted"
670,"20140826",103154,"Low Risk","Unclean or degraded floors walls or ceilings"
670,"20150602",103142,"Low Risk","Unclean nonfood contact surfaces"
670,"20150602",103152,"Low Risk","Unclean unmaintained or improperly constructed toilet facilities"
670,"20150602",103149,"Low Risk","Wiping cloths not clean or properly stored or inadequate sanitizer"
670,"20150602",103154,"Low Risk","Unclean or degraded floors walls or ceilings"
670,"20150602",103145,"Low Risk","Improper storage of equipment utensils or linens"
670,"20150602",103144,"Low Risk","Unapproved or unmaintained equipment or utensils"
670,"20150602",103156,"Low Risk","Permit license or inspection report not posted"
670,"20130619",103124,"Moderate Risk","Inadequately cleaned or sanitized food contact surfaces"
670,"20130619",103149,"Low Risk","Wiping cloths not clean or properly stored or inadequate sanitizer"
670,"20130619",103150,"Low Risk","Improper or defective plumbing"
670,"20130619",103154,"Low Risk","Unclean or degraded floors walls or ceilings"
670,"20130619",103144,"Low Risk","Unapproved or unmaintained equipment or utensils"
670,"20140124",103144,"Low Risk","Unapproved or unmaintained equipment or utensils"
670,"20140124",103139,"Low Risk","Improper food storage"
670,"20140124",103154,"Low Risk","Unclean or degraded floors walls or ceilings"
670,"20140124",103142,"Low Risk","Unclean nonfood contact surfaces"
670,"20120621",103139,"Low Risk","Improper food storage"
670,"20120621",103138,"Low Risk","Improper storage use or identification of toxic substances"
670,"20120621",103144,"Low Risk","Unapproved or unmaintained equipment or utensils"
670,"20120621",103114,"High Risk","High risk vermin infestation"
670,"20120621",103120,"Moderate Risk","Moderate risk food holding temperature "
687,"20130509",103157,"Low Risk","Food safety certificate or food handler card not available"
687,"20130509",103129,"Moderate Risk","Insufficient hot water or running water"
687,"20130509",103162,"Low Risk","Other low risk violation"
687,"20130509",103131,"Moderate Risk","Moderate risk vermin infestation"
687,"20130509",103142,"Low Risk","Unclean nonfood contact surfaces"
687,"20130509",103154,"Low Risk","Unclean or degraded floors walls or ceilings"
687,"20130509",103149,"Low Risk","Wiping cloths not clean or properly stored or inadequate sanitizer"
687,"20140618",103124,"Moderate Risk","Inadequately cleaned or sanitized food contact surfaces"
687,"20140618",103129,"Moderate Risk","Insufficient hot water or running water"
687,"20140618",103142,"Low Risk","Unclean nonfood contact surfaces"
687,"20140618",103102,"High Risk","Unclean hands or improper use of gloves"
691,"20140827",103139,"Low Risk","Improper food storage"
691,"20140827",103131,"Moderate Risk","Moderate risk vermin infestation"
691,"20140827",103142,"Low Risk","Unclean nonfood contact surfaces"
691,"20140827",103144,"Low Risk","Unapproved or unmaintained equipment or utensils"
691,"20140827",103149,"Low Risk","Wiping cloths not clean or properly stored or inadequate sanitizer"
691,"20140827",103154,"Low Risk","Unclean or degraded floors walls or ceilings"
691,"20140109",103153,"Low Risk","Inadequate dressing rooms or improper storage of personal items"
691,"20140109",103109,"High Risk","Unclean or unsanitary food contact surfaces"
691,"20130523",103142,"Low Risk","Unclean nonfood contact surfaces"
691,"20130523",103120,"Moderate Risk","Moderate risk food holding temperature "
691,"20120801",103124,"Moderate Risk","Inadequately cleaned or sanitized food contact surfaces"
691,"20120801",103123,"Moderate Risk","Food in poor condition"
695,"20131231",103119,"Moderate Risk","Inadequate and inaccessible handwashing facilities"
695,"20130410",103133,"Moderate Risk","Foods not protected from contamination"
695,"20130410",103149,"Low Risk","Wiping cloths not clean or properly stored or inadequate sanitizer"
695,"20120711",103142,"Low Risk","Unclean nonfood contact surfaces"
695,"20120711",103144,"Low Risk","Unapproved or unmaintained equipment or utensils"
695,"20120711",103120,"Moderate Risk","Moderate risk food holding temperature "
695,"20140619",103154,"Low Risk","Unclean or degraded floors walls or ceilings"
696,"20130808",103116,"Moderate Risk","Inadequate food safety knowledge or lack of certified food safety manager"
696,"20130808",103139,"Low Risk","Improper food storage"
696,"20130808",103142,"Low Risk","Unclean nonfood contact surfaces"
703,"20150224",103114,"High Risk","High risk vermin infestation"
703,"20150224",103103,"High Risk","High risk food holding temperature "
703,"20150224",103105,"High Risk","Improper cooling methods"
703,"20150224",103108,"High Risk","Contaminated or adulterated food"
703,"20150224",103109,"High Risk","Unclean or unsanitary food contact surfaces"
703,"20150224",103120,"Moderate Risk","Moderate risk food holding temperature "
703,"20150224",103144,"Low Risk","Unapproved or unmaintained equipment or utensils"
703,"20150224",103154,"Low Risk","Unclean or degraded floors walls or ceilings"
703,"20130514",103119,"Moderate Risk","Inadequate and inaccessible handwashing facilities"
703,"20130514",103142,"Low Risk","Unclean nonfood contact surfaces"
703,"20130514",103149,"Low Risk","Wiping cloths not clean or properly stored or inadequate sanitizer"
703,"20130514",103105,"High Risk","Improper cooling methods"
703,"20130514",103133,"Moderate Risk","Foods not protected from contamination"
703,"20130514",103131,"Moderate Risk","Moderate risk vermin infestation"
703,"20130514",103139,"Low Risk","Improper food storage"
703,"20120906",103124,"Moderate Risk","Inadequately cleaned or sanitized food contact surfaces"
703,"20120906",103120,"Moderate Risk","Moderate risk food holding temperature "
703,"20120906",103144,"Low Risk","Unapproved or unmaintained equipment or utensils"
703,"20120906",103131,"Moderate Risk","Moderate risk vermin infestation"
709,"20130416",103144,"Low Risk","Unapproved or unmaintained equipment or utensils"
709,"20130416",103156,"Low Risk","Permit license or inspection report not posted"
709,"20130416",103150,"Low Risk","Improper or defective plumbing"
709,"20130416",103142,"Low Risk","Unclean nonfood contact surfaces"
726,"20140113",103145,"Low Risk","Improper storage of equipment utensils or linens"
726,"20140113",103154,"Low Risk","Unclean or degraded floors walls or ceilings"
726,"20140113",103120,"Moderate Risk","Moderate risk food holding temperature "
726,"20140113",103149,"Low Risk","Wiping cloths not clean or properly stored or inadequate sanitizer"
726,"20130328",103161,"Low Risk","Low risk vermin infestation"
726,"20130328",103143,"Low Risk","Inadequate warewashing facilities or equipment"
726,"20120907",103114,"High Risk","High risk vermin infestation"
726,"20120907",103161,"Low Risk","Low risk vermin infestation"
726,"20120907",103144,"Low Risk","Unapproved or unmaintained equipment or utensils"
726,"20120907",103162,"Low Risk","Other low risk violation"
727,"20140428",103138,"Low Risk","Improper storage use or identification of toxic substances"
727,"20140428",103139,"Low Risk","Improper food storage"
727,"20140428",103131,"Moderate Risk","Moderate risk vermin infestation"
727,"20121023",103154,"Low Risk","Unclean or degraded floors walls or ceilings"
727,"20121023",103157,"Low Risk","Food safety certificate or food handler card not available"
727,"20121023",103152,"Low Risk","Unclean unmaintained or improperly constructed toilet facilities"
727,"20121023",103149,"Low Risk","Wiping cloths not clean or properly stored or inadequate sanitizer"
727,"20121023",103119,"Moderate Risk","Inadequate and inaccessible handwashing facilities"
727,"20121023",103138,"Low Risk","Improper storage use or identification of toxic substances"
727,"20121023",103148,"Low Risk","No thermometers or uncalibrated thermometers "
728,"20140428",103157,"Low Risk","Food safety certificate or food handler card not available"
728,"20140428",103124,"Moderate Risk","Inadequately cleaned or sanitized food contact surfaces"
728,"20140428",103149,"Low Risk","Wiping cloths not clean or properly stored or inadequate sanitizer"
728,"20121022",103157,"Low Risk","Food safety certificate or food handler card not available"
728,"20121022",103156,"Low Risk","Permit license or inspection report not posted"
728,"20121022",103149,"Low Risk","Wiping cloths not clean or properly stored or inadequate sanitizer"
728,"20121022",103148,"Low Risk","No thermometers or uncalibrated thermometers "
729,"20150430",103157,"Low Risk","Food safety certificate or food handler card not available"
729,"20150430",103156,"Low Risk","Permit license or inspection report not posted"
729,"20150430",103119,"Moderate Risk","Inadequate and inaccessible handwashing facilities"
729,"20130712",103119,"Moderate Risk","Inadequate and inaccessible handwashing facilities"
729,"20130712",103138,"Low Risk","Improper storage use or identification of toxic substances"
729,"20130712",103103,"High Risk","High risk food holding temperature "
729,"20130712",103148,"Low Risk","No thermometers or uncalibrated thermometers "
729,"20130712",103149,"Low Risk","Wiping cloths not clean or properly stored or inadequate sanitizer"
729,"20130712",103142,"Low Risk","Unclean nonfood contact surfaces"
729,"20140213",103123,"Moderate Risk","Food in poor condition"
729,"20140213",103154,"Low Risk","Unclean or degraded floors walls or ceilings"
729,"20140213",103102,"High Risk","Unclean hands or improper use of gloves"
729,"20140213",103131,"Moderate Risk","Moderate risk vermin infestation"
729,"20140213",103142,"Low Risk","Unclean nonfood contact surfaces"
729,"20120614",103147,"Low Risk","Inadequate ventilation or lighting"
729,"20120614",103139,"Low Risk","Improper food storage"
729,"20120614",103131,"Moderate Risk","Moderate risk vermin infestation"
729,"20120614",103157,"Low Risk","Food safety certificate or food handler card not available"
729,"20120614",103154,"Low Risk","Unclean or degraded floors walls or ceilings"
729,"20120614",103124,"Moderate Risk","Inadequately cleaned or sanitized food contact surfaces"
741,"20140818",103149,"Low Risk","Wiping cloths not clean or properly stored or inadequate sanitizer"
741,"20130503",103120,"Moderate Risk","Moderate risk food holding temperature "
741,"20130503",103139,"Low Risk","Improper food storage"
741,"20130503",103121,"Moderate Risk","Inadequate procedures or records for time as a public health control "
741,"20130503",103124,"Moderate Risk","Inadequately cleaned or sanitized food contact surfaces"
741,"20120801",103139,"Low Risk","Improper food storage"
741,"20140818",103105,"High Risk","Improper cooling methods"
741,"20140818",103133,"Moderate Risk","Foods not protected from contamination"
741,"20140818",103120,"Moderate Risk","Moderate risk food holding temperature "
744,"20130819",103120,"Moderate Risk","Moderate risk food holding temperature "
744,"20130805",103142,"Low Risk","Unclean nonfood contact surfaces"
744,"20130805",103141,"Low Risk","Improper food labeling or menu misrepresentation"
744,"20130805",103145,"Low Risk","Improper storage of equipment utensils or linens"
744,"20130805",103103,"High Risk","High risk food holding temperature "
744,"20130805",103144,"Low Risk","Unapproved or unmaintained equipment or utensils"
744,"20140423",103157,"Low Risk","Food safety certificate or food handler card not available"
744,"20140423",103141,"Low Risk","Improper food labeling or menu misrepresentation"
744,"20140423",103156,"Low Risk","Permit license or inspection report not posted"
744,"20140423",103120,"Moderate Risk","Moderate risk food holding temperature "
744,"20120927",103120,"Moderate Risk","Moderate risk food holding temperature "
744,"20120927",103133,"Moderate Risk","Foods not protected from contamination"
744,"20130214",103112,"High Risk","No hot water or running water"
744,"20121101",103149,"Low Risk","Wiping cloths not clean or properly stored or inadequate sanitizer"
744,"20121101",103138,"Low Risk","Improper storage use or identification of toxic substances"
744,"20121101",103120,"Moderate Risk","Moderate risk food holding temperature "
744,"20121101",103133,"Moderate Risk","Foods not protected from contamination"
754,"20140303",103120,"Moderate Risk","Moderate risk food holding temperature "
754,"20140303",103127,"Moderate Risk","Noncompliance with HAACP plan or variance"
754,"20130204",103154,"Low Risk","Unclean or degraded floors walls or ceilings"
754,"20130204",103144,"Low Risk","Unapproved or unmaintained equipment or utensils"
754,"20130204",103120,"Moderate Risk","Moderate risk food holding temperature "
754,"20130204",103129,"Moderate Risk","Insufficient hot water or running water"
758,"20130628",103119,"Moderate Risk","Inadequate and inaccessible handwashing facilities"
758,"20130111",103148,"Low Risk","No thermometers or uncalibrated thermometers "
760,"20140919",103119,"Moderate Risk","Inadequate and inaccessible handwashing facilities"
760,"20140919",103148,"Low Risk","No thermometers or uncalibrated thermometers "
760,"20130611",103120,"Moderate Risk","Moderate risk food holding temperature "
760,"20120625",103120,"Moderate Risk","Moderate risk food holding temperature "
765,"20150603",103144,"Low Risk","Unapproved or unmaintained equipment or utensils"
765,"20150603",103109,"High Risk","Unclean or unsanitary food contact surfaces"
765,"20150603",103114,"High Risk","High risk vermin infestation"
765,"20131119",103120,"Moderate Risk","Moderate risk food holding temperature "
765,"20130204",103133,"Moderate Risk","Foods not protected from contamination"
765,"20130204",103120,"Moderate Risk","Moderate risk food holding temperature "
765,"20130204",103149,"Low Risk","Wiping cloths not clean or properly stored or inadequate sanitizer"
765,"20140529",103149,"Low Risk","Wiping cloths not clean or properly stored or inadequate sanitizer"
765,"20140529",103150,"Low Risk","Improper or defective plumbing"
768,"20150601",103149,"Low Risk","Wiping cloths not clean or properly stored or inadequate sanitizer"
768,"20150601",103109,"High Risk","Unclean or unsanitary food contact surfaces"
768,"20150601",103119,"Moderate Risk","Inadequate and inaccessible handwashing facilities"
768,"20131008",103149,"Low Risk","Wiping cloths not clean or properly stored or inadequate sanitizer"
768,"20131008",103139,"Low Risk","Improper food storage"
768,"20131008",103165,"Low Risk","No plan review or Building Permit"
768,"20121113",103161,"Low Risk","Low risk vermin infestation"
770,"20150310",103103,"High Risk","High risk food holding temperature "
770,"20150310",103154,"Low Risk","Unclean or degraded floors walls or ceilings"
770,"20150310",103131,"Moderate Risk","Moderate risk vermin infestation"
770,"20131106",103154,"Low Risk","Unclean or degraded floors walls or ceilings"
770,"20131106",103119,"Moderate Risk","Inadequate and inaccessible handwashing facilities"
770,"20131106",103103,"High Risk","High risk food holding temperature "
770,"20131106",103124,"Moderate Risk","Inadequately cleaned or sanitized food contact surfaces"
770,"20130606",103120,"Moderate Risk","Moderate risk food holding temperature "
770,"20130606",103119,"Moderate Risk","Inadequate and inaccessible handwashing facilities"
770,"20130606",103142,"Low Risk","Unclean nonfood contact surfaces"
770,"20121017",103116,"Moderate Risk","Inadequate food safety knowledge or lack of certified food safety manager"
770,"20121017",103120,"Moderate Risk","Moderate risk food holding temperature "
770,"20121017",103124,"Moderate Risk","Inadequately cleaned or sanitized food contact surfaces"
770,"20121017",103162,"Low Risk","Other low risk violation"
770,"20121017",103142,"Low Risk","Unclean nonfood contact surfaces"
770,"20121017",103133,"Moderate Risk","Foods not protected from contamination"
773,"20150225",103142,"Low Risk","Unclean nonfood contact surfaces"
773,"20150225",103109,"High Risk","Unclean or unsanitary food contact surfaces"
773,"20130925",103142,"Low Risk","Unclean nonfood contact surfaces"
773,"20130925",103154,"Low Risk","Unclean or degraded floors walls or ceilings"
773,"20130925",103157,"Low Risk","Food safety certificate or food handler card not available"
773,"20140527",103157,"Low Risk","Food safety certificate or food handler card not available"
773,"20140527",103154,"Low Risk","Unclean or degraded floors walls or ceilings"
773,"20140527",103142,"Low Risk","Unclean nonfood contact surfaces"
774,"20141104",103139,"Low Risk","Improper food storage"
774,"20141104",103157,"Low Risk","Food safety certificate or food handler card not available"
774,"20141104",103156,"Low Risk","Permit license or inspection report not posted"
774,"20141104",103145,"Low Risk","Improper storage of equipment utensils or linens"
774,"20130923",103151,"Low Risk","Inadequate or unsanitary refuse containers or area or no garbage service"
774,"20130923",103134,"Moderate Risk","Other moderate risk violation"
786,"20130326",103154,"Low Risk","Unclean or degraded floors walls or ceilings"
786,"20130326",103139,"Low Risk","Improper food storage"
786,"20140627",103161,"Low Risk","Low risk vermin infestation"
786,"20140627",103124,"Moderate Risk","Inadequately cleaned or sanitized food contact surfaces"
786,"20140627",103120,"Moderate Risk","Moderate risk food holding temperature "
790,"20140910",103120,"Moderate Risk","Moderate risk food holding temperature "
790,"20140910",103139,"Low Risk","Improper food storage"
790,"20140910",103131,"Moderate Risk","Moderate risk vermin infestation"
790,"20140910",103116,"Moderate Risk","Inadequate food safety knowledge or lack of certified food safety manager"
790,"20130207",103107,"High Risk","Improper reheating of food"
792,"20141124",103154,"Low Risk","Unclean or degraded floors walls or ceilings"
792,"20141124",103147,"Low Risk","Inadequate ventilation or lighting"
792,"20141124",103119,"Moderate Risk","Inadequate and inaccessible handwashing facilities"
792,"20141124",103139,"Low Risk","Improper food storage"
792,"20140206",103119,"Moderate Risk","Inadequate and inaccessible handwashing facilities"
792,"20140206",103147,"Low Risk","Inadequate ventilation or lighting"
792,"20130530",103157,"Low Risk","Food safety certificate or food handler card not available"
792,"20130530",103154,"Low Risk","Unclean or degraded floors walls or ceilings"
792,"20130530",103131,"Moderate Risk","Moderate risk vermin infestation"
792,"20130530",103149,"Low Risk","Wiping cloths not clean or properly stored or inadequate sanitizer"
795,"20150406",103154,"Low Risk","Unclean or degraded floors walls or ceilings"
795,"20150406",103142,"Low Risk","Unclean nonfood contact surfaces"
795,"20130610",103157,"Low Risk","Food safety certificate or food handler card not available"
795,"20130610",103144,"Low Risk","Unapproved or unmaintained equipment or utensils"
795,"20140318",103154,"Low Risk","Unclean or degraded floors walls or ceilings"
795,"20140318",103161,"Low Risk","Low risk vermin infestation"
796,"20140909",103129,"Moderate Risk","Insufficient hot water or running water"
796,"20140909",103133,"Moderate Risk","Foods not protected from contamination"
796,"20140909",103149,"Low Risk","Wiping cloths not clean or properly stored or inadequate sanitizer"
796,"20140909",103114,"High Risk","High risk vermin infestation"
796,"20140909",103144,"Low Risk","Unapproved or unmaintained equipment or utensils"
796,"20140909",103147,"Low Risk","Inadequate ventilation or lighting"
796,"20140909",103139,"Low Risk","Improper food storage"
796,"20140909",103142,"Low Risk","Unclean nonfood contact surfaces"
796,"20140909",103119,"Moderate Risk","Inadequate and inaccessible handwashing facilities"
796,"20130326",103156,"Low Risk","Permit license or inspection report not posted"
796,"20130326",103109,"High Risk","Unclean or unsanitary food contact surfaces"
796,"20130326",103124,"Moderate Risk","Inadequately cleaned or sanitized food contact surfaces"
796,"20130326",103139,"Low Risk","Improper food storage"
796,"20130326",103154,"Low Risk","Unclean or degraded floors walls or ceilings"
796,"20130326",103114,"High Risk","High risk vermin infestation"
796,"20120912",103131,"Moderate Risk","Moderate risk vermin infestation"
796,"20120912",103148,"Low Risk","No thermometers or uncalibrated thermometers "
796,"20120912",103144,"Low Risk","Unapproved or unmaintained equipment or utensils"
796,"20120912",103133,"Moderate Risk","Foods not protected from contamination"
798,"20141121",103119,"Moderate Risk","Inadequate and inaccessible handwashing facilities"
798,"20141121",103139,"Low Risk","Improper food storage"
798,"20141121",103124,"Moderate Risk","Inadequately cleaned or sanitized food contact surfaces"
798,"20130712",103114,"High Risk","High risk vermin infestation"
798,"20130712",103133,"Moderate Risk","Foods not protected from contamination"
798,"20140213",103154,"Low Risk","Unclean or degraded floors walls or ceilings"
798,"20140213",103133,"Moderate Risk","Foods not protected from contamination"
798,"20140213",103123,"Moderate Risk","Food in poor condition"
798,"20121218",103133,"Moderate Risk","Foods not protected from contamination"
799,"20140319",103154,"Low Risk","Unclean or degraded floors walls or ceilings"
805,"20131015",103154,"Low Risk","Unclean or degraded floors walls or ceilings"
805,"20131008",103102,"High Risk","Unclean hands or improper use of gloves"
805,"20131008",103103,"High Risk","High risk food holding temperature "
805,"20131008",103105,"High Risk","Improper cooling methods"
805,"20131008",103121,"Moderate Risk","Inadequate procedures or records for time as a public health control "
805,"20131015",103161,"Low Risk","Low risk vermin infestation"
805,"20131008",103131,"Moderate Risk","Moderate risk vermin infestation"
805,"20131015",103120,"Moderate Risk","Moderate risk food holding temperature "
805,"20130220",103144,"Low Risk","Unapproved or unmaintained equipment or utensils"
805,"20130220",103154,"Low Risk","Unclean or degraded floors walls or ceilings"
805,"20130220",103133,"Moderate Risk","Foods not protected from contamination"
805,"20130220",103103,"High Risk","High risk food holding temperature "
805,"20130220",103161,"Low Risk","Low risk vermin infestation"
805,"20140224",103121,"Moderate Risk","Inadequate procedures or records for time as a public health control "
805,"20140224",103116,"Moderate Risk","Inadequate food safety knowledge or lack of certified food safety manager"
805,"20140224",103149,"Low Risk","Wiping cloths not clean or properly stored or inadequate sanitizer"
805,"20140224",103102,"High Risk","Unclean hands or improper use of gloves"
805,"20140224",103103,"High Risk","High risk food holding temperature "
805,"20140224",103133,"Moderate Risk","Foods not protected from contamination"
805,"20140224",103142,"Low Risk","Unclean nonfood contact surfaces"
805,"20140224",103144,"Low Risk","Unapproved or unmaintained equipment or utensils"
805,"20140224",103154,"Low Risk","Unclean or degraded floors walls or ceilings"
805,"20140224",103156,"Low Risk","Permit license or inspection report not posted"
805,"20140410",103102,"High Risk","Unclean hands or improper use of gloves"
809,"20141106",103156,"Low Risk","Permit license or inspection report not posted"
809,"20141209",103103,"High Risk","High risk food holding temperature "
809,"20141106",103138,"Low Risk","Improper storage use or identification of toxic substances"
809,"20141106",103131,"Moderate Risk","Moderate risk vermin infestation"
809,"20141106",103124,"Moderate Risk","Inadequately cleaned or sanitized food contact surfaces"
809,"20141106",103120,"Moderate Risk","Moderate risk food holding temperature "
809,"20141106",103157,"Low Risk","Food safety certificate or food handler card not available"
809,"20141106",103154,"Low Risk","Unclean or degraded floors walls or ceilings"
809,"20141106",103142,"Low Risk","Unclean nonfood contact surfaces"
809,"20141106",103144,"Low Risk","Unapproved or unmaintained equipment or utensils"
809,"20141106",103139,"Low Risk","Improper food storage"
809,"20130726",103149,"Low Risk","Wiping cloths not clean or properly stored or inadequate sanitizer"
809,"20130726",103151,"Low Risk","Inadequate or unsanitary refuse containers or area or no garbage service"
809,"20130726",103144,"Low Risk","Unapproved or unmaintained equipment or utensils"
809,"20130726",103139,"Low Risk","Improper food storage"
809,"20130726",103119,"Moderate Risk","Inadequate and inaccessible handwashing facilities"
809,"20130726",103142,"Low Risk","Unclean nonfood contact surfaces"
809,"20130726",103120,"Moderate Risk","Moderate risk food holding temperature "
809,"20140311",103149,"Low Risk","Wiping cloths not clean or properly stored or inadequate sanitizer"
809,"20140311",103139,"Low Risk","Improper food storage"
809,"20140311",103145,"Low Risk","Improper storage of equipment utensils or linens"
809,"20140311",103142,"Low Risk","Unclean nonfood contact surfaces"
809,"20140311",103157,"Low Risk","Food safety certificate or food handler card not available"
809,"20140311",103144,"Low Risk","Unapproved or unmaintained equipment or utensils"
809,"20140311",103150,"Low Risk","Improper or defective plumbing"
809,"20120614",103139,"Low Risk","Improper food storage"
809,"20120614",103150,"Low Risk","Improper or defective plumbing"
809,"20120614",103149,"Low Risk","Wiping cloths not clean or properly stored or inadequate sanitizer"
809,"20120614",103144,"Low Risk","Unapproved or unmaintained equipment or utensils"
809,"20120614",103142,"Low Risk","Unclean nonfood contact surfaces"
809,"20120614",103124,"Moderate Risk","Inadequately cleaned or sanitized food contact surfaces"
809,"20120614",103154,"Low Risk","Unclean or degraded floors walls or ceilings"
811,"20130610",103154,"Low Risk","Unclean or degraded floors walls or ceilings"
811,"20130610",103134,"Moderate Risk","Other moderate risk violation"
811,"20130610",103142,"Low Risk","Unclean nonfood contact surfaces"
811,"20130610",103139,"Low Risk","Improper food storage"
811,"20120611",103120,"Moderate Risk","Moderate risk food holding temperature "
811,"20140521",103119,"Moderate Risk","Inadequate and inaccessible handwashing facilities"
816,"20141103",103109,"High Risk","Unclean or unsanitary food contact surfaces"
816,"20141103",103144,"Low Risk","Unapproved or unmaintained equipment or utensils"
816,"20141103",103149,"Low Risk","Wiping cloths not clean or properly stored or inadequate sanitizer"
816,"20131209",103154,"Low Risk","Unclean or degraded floors walls or ceilings"
816,"20131209",103149,"Low Risk","Wiping cloths not clean or properly stored or inadequate sanitizer"
816,"20131209",103139,"Low Risk","Improper food storage"
816,"20131209",103103,"High Risk","High risk food holding temperature "
816,"20130326",103145,"Low Risk","Improper storage of equipment utensils or linens"
816,"20130326",103119,"Moderate Risk","Inadequate and inaccessible handwashing facilities"
816,"20120730",103147,"Low Risk","Inadequate ventilation or lighting"
816,"20120730",103161,"Low Risk","Low risk vermin infestation"
816,"20120730",103138,"Low Risk","Improper storage use or identification of toxic substances"
821,"20141105",103103,"High Risk","High risk food holding temperature "
821,"20141105",103116,"Moderate Risk","Inadequate food safety knowledge or lack of certified food safety manager"
821,"20141105",103105,"High Risk","Improper cooling methods"
821,"20141105",103149,"Low Risk","Wiping cloths not clean or properly stored or inadequate sanitizer"
824,"20141007",103144,"Low Risk","Unapproved or unmaintained equipment or utensils"
824,"20141007",103116,"Moderate Risk","Inadequate food safety knowledge or lack of certified food safety manager"
824,"20141007",103156,"Low Risk","Permit license or inspection report not posted"
824,"20130521",103103,"High Risk","High risk food holding temperature "
824,"20130521",103142,"Low Risk","Unclean nonfood contact surfaces"
824,"20130521",103143,"Low Risk","Inadequate warewashing facilities or equipment"
824,"20130521",103157,"Low Risk","Food safety certificate or food handler card not available"
824,"20140211",103142,"Low Risk","Unclean nonfood contact surfaces"
824,"20140211",103157,"Low Risk","Food safety certificate or food handler card not available"
824,"20140211",103143,"Low Risk","Inadequate warewashing facilities or equipment"
824,"20140211",103105,"High Risk","Improper cooling methods"
824,"20140211",103103,"High Risk","High risk food holding temperature "
824,"20140211",103149,"Low Risk","Wiping cloths not clean or properly stored or inadequate sanitizer"
824,"20121024",103107,"High Risk","Improper reheating of food"
824,"20121024",103131,"Moderate Risk","Moderate risk vermin infestation"
824,"20121024",103157,"Low Risk","Food safety certificate or food handler card not available"
824,"20121101",103103,"High Risk","High risk food holding temperature "
826,"20130607",103149,"Low Risk","Wiping cloths not clean or properly stored or inadequate sanitizer"
826,"20130607",103157,"Low Risk","Food safety certificate or food handler card not available"
826,"20130607",103133,"Moderate Risk","Foods not protected from contamination"
826,"20120621",103142,"Low Risk","Unclean nonfood contact surfaces"
826,"20120621",103156,"Low Risk","Permit license or inspection report not posted"
826,"20140605",103154,"Low Risk","Unclean or degraded floors walls or ceilings"
826,"20140605",103139,"Low Risk","Improper food storage"
827,"20141204",103142,"Low Risk","Unclean nonfood contact surfaces"
827,"20131218",103143,"Low Risk","Inadequate warewashing facilities or equipment"
827,"20131218",103124,"Moderate Risk","Inadequately cleaned or sanitized food contact surfaces"
827,"20131218",103154,"Low Risk","Unclean or degraded floors walls or ceilings"
827,"20121016",103143,"Low Risk","Inadequate warewashing facilities or equipment"
827,"20130221",103109,"High Risk","Unclean or unsanitary food contact surfaces"
827,"20130221",103144,"Low Risk","Unapproved or unmaintained equipment or utensils"
827,"20130221",103143,"Low Risk","Inadequate warewashing facilities or equipment"
827,"20130221",103120,"Moderate Risk","Moderate risk food holding temperature "
827,"20130221",103132,"Moderate Risk","Improper thawing methods "
827,"20130221",103105,"High Risk","Improper cooling methods"
830,"20131220",103152,"Low Risk","Unclean unmaintained or improperly constructed toilet facilities"
830,"20131220",103142,"Low Risk","Unclean nonfood contact surfaces"
830,"20131220",103150,"Low Risk","Improper or defective plumbing"
830,"20130401",103144,"Low Risk","Unapproved or unmaintained equipment or utensils"
830,"20130401",103129,"Moderate Risk","Insufficient hot water or running water"
830,"20130401",103142,"Low Risk","Unclean nonfood contact surfaces"
830,"20120709",103142,"Low Risk","Unclean nonfood contact surfaces"
830,"20120709",103161,"Low Risk","Low risk vermin infestation"
830,"20140620",103144,"Low Risk","Unapproved or unmaintained equipment or utensils"
830,"20140620",103103,"High Risk","High risk food holding temperature "
830,"20140620",103142,"Low Risk","Unclean nonfood contact surfaces"
830,"20140620",103143,"Low Risk","Inadequate warewashing facilities or equipment"
835,"20150120",103144,"Low Risk","Unapproved or unmaintained equipment or utensils"
835,"20150120",103124,"Moderate Risk","Inadequately cleaned or sanitized food contact surfaces"
835,"20150120",103139,"Low Risk","Improper food storage"
835,"20150120",103154,"Low Risk","Unclean or degraded floors walls or ceilings"
835,"20150120",103133,"Moderate Risk","Foods not protected from contamination"
835,"20131114",103108,"High Risk","Contaminated or adulterated food"
835,"20131114",103102,"High Risk","Unclean hands or improper use of gloves"
835,"20131114",103154,"Low Risk","Unclean or degraded floors walls or ceilings"
835,"20131114",103119,"Moderate Risk","Inadequate and inaccessible handwashing facilities"
835,"20131114",103159,"Low Risk","Worker safety hazards"
835,"20131114",103103,"High Risk","High risk food holding temperature "
835,"20130108",103124,"Moderate Risk","Inadequately cleaned or sanitized food contact surfaces"
835,"20130108",103103,"High Risk","High risk food holding temperature "
835,"20130108",103133,"Moderate Risk","Foods not protected from contamination"
835,"20130108",103154,"Low Risk","Unclean or degraded floors walls or ceilings"
840,"20131030",103139,"Low Risk","Improper food storage"
840,"20131030",103118,"Moderate Risk","Employee eating or smoking"
840,"20131030",103114,"High Risk","High risk vermin infestation"
840,"20131030",103142,"Low Risk","Unclean nonfood contact surfaces"
840,"20131030",103154,"Low Risk","Unclean or degraded floors walls or ceilings"
840,"20131030",103105,"High Risk","Improper cooling methods"
840,"20131030",103156,"Low Risk","Permit license or inspection report not posted"
840,"20131030",103149,"Low Risk","Wiping cloths not clean or properly stored or inadequate sanitizer"
840,"20130102",103119,"Moderate Risk","Inadequate and inaccessible handwashing facilities"
840,"20130102",103133,"Moderate Risk","Foods not protected from contamination"
840,"20130102",103139,"Low Risk","Improper food storage"
840,"20130102",103114,"High Risk","High risk vermin infestation"
840,"20130102",103154,"Low Risk","Unclean or degraded floors walls or ceilings"
840,"20130102",103149,"Low Risk","Wiping cloths not clean or properly stored or inadequate sanitizer"
840,"20140604",103154,"Low Risk","Unclean or degraded floors walls or ceilings"
840,"20140604",103150,"Low Risk","Improper or defective plumbing"
840,"20140604",103142,"Low Risk","Unclean nonfood contact surfaces"
840,"20140604",103139,"Low Risk","Improper food storage"
840,"20140604",103114,"High Risk","High risk vermin infestation"
842,"20150528",103154,"Low Risk","Unclean or degraded floors walls or ceilings"
842,"20150528",103144,"Low Risk","Unapproved or unmaintained equipment or utensils"
842,"20150528",103131,"Moderate Risk","Moderate risk vermin infestation"
842,"20130508",103154,"Low Risk","Unclean or degraded floors walls or ceilings"
842,"20130508",103139,"Low Risk","Improper food storage"
842,"20130508",103133,"Moderate Risk","Foods not protected from contamination"
842,"20130508",103124,"Moderate Risk","Inadequately cleaned or sanitized food contact surfaces"
842,"20130508",103103,"High Risk","High risk food holding temperature "
842,"20140502",103153,"Low Risk","Inadequate dressing rooms or improper storage of personal items"
842,"20140502",103144,"Low Risk","Unapproved or unmaintained equipment or utensils"
842,"20140502",103124,"Moderate Risk","Inadequately cleaned or sanitized food contact surfaces"
842,"20120613",103139,"Low Risk","Improper food storage"
842,"20120613",103116,"Moderate Risk","Inadequate food safety knowledge or lack of certified food safety manager"
843,"20121218",103119,"Moderate Risk","Inadequate and inaccessible handwashing facilities"
843,"20121218",103109,"High Risk","Unclean or unsanitary food contact surfaces"
843,"20121218",103108,"High Risk","Contaminated or adulterated food"
843,"20121218",103114,"High Risk","High risk vermin infestation"
843,"20121218",103154,"Low Risk","Unclean or degraded floors walls or ceilings"
843,"20121218",103109,"High Risk","Unclean or unsanitary food contact surfaces"
843,"20140507",103109,"High Risk","Unclean or unsanitary food contact surfaces"
843,"20140507",103114,"High Risk","High risk vermin infestation"
843,"20140507",103116,"Moderate Risk","Inadequate food safety knowledge or lack of certified food safety manager"
843,"20140507",103124,"Moderate Risk","Inadequately cleaned or sanitized food contact surfaces"
843,"20140507",103144,"Low Risk","Unapproved or unmaintained equipment or utensils"
843,"20140507",103154,"Low Risk","Unclean or degraded floors walls or ceilings"
845,"20150114",103156,"Low Risk","Permit license or inspection report not posted"
845,"20150114",103149,"Low Risk","Wiping cloths not clean or properly stored or inadequate sanitizer"
845,"20150114",103120,"Moderate Risk","Moderate risk food holding temperature "
845,"20130522",103131,"Moderate Risk","Moderate risk vermin infestation"
845,"20130522",103156,"Low Risk","Permit license or inspection report not posted"
845,"20130522",103145,"Low Risk","Improper storage of equipment utensils or linens"
847,"20140919",103157,"Low Risk","Food safety certificate or food handler card not available"
847,"20140919",103109,"High Risk","Unclean or unsanitary food contact surfaces"
847,"20140919",103150,"Low Risk","Improper or defective plumbing"
847,"20140919",103154,"Low Risk","Unclean or degraded floors walls or ceilings"
847,"20140919",103156,"Low Risk","Permit license or inspection report not posted"
847,"20130412",103131,"Moderate Risk","Moderate risk vermin infestation"
847,"20130412",103148,"Low Risk","No thermometers or uncalibrated thermometers "
847,"20130412",103157,"Low Risk","Food safety certificate or food handler card not available"
847,"20130412",103149,"Low Risk","Wiping cloths not clean or properly stored or inadequate sanitizer"
847,"20130412",103156,"Low Risk","Permit license or inspection report not posted"
847,"20120910",103142,"Low Risk","Unclean nonfood contact surfaces"
847,"20120910",103153,"Low Risk","Inadequate dressing rooms or improper storage of personal items"
847,"20120910",103154,"Low Risk","Unclean or degraded floors walls or ceilings"
847,"20120910",103156,"Low Risk","Permit license or inspection report not posted"
850,"20150113",103142,"Low Risk","Unclean nonfood contact surfaces"
850,"20150113",103120,"Moderate Risk","Moderate risk food holding temperature "
850,"20150113",103114,"High Risk","High risk vermin infestation"
850,"20150113",103150,"Low Risk","Improper or defective plumbing"
850,"20120928",103154,"Low Risk","Unclean or degraded floors walls or ceilings"
850,"20120928",103124,"Moderate Risk","Inadequately cleaned or sanitized food contact surfaces"
850,"20120928",103103,"High Risk","High risk food holding temperature "
850,"20120928",103114,"High Risk","High risk vermin infestation"
850,"20140509",103120,"Moderate Risk","Moderate risk food holding temperature "
850,"20140509",103143,"Low Risk","Inadequate warewashing facilities or equipment"
850,"20140509",103154,"Low Risk","Unclean or degraded floors walls or ceilings"
850,"20140509",103157,"Low Risk","Food safety certificate or food handler card not available"
852,"20150324",103148,"Low Risk","No thermometers or uncalibrated thermometers "
852,"20150324",103139,"Low Risk","Improper food storage"
852,"20150324",103124,"Moderate Risk","Inadequately cleaned or sanitized food contact surfaces"
852,"20150324",103154,"Low Risk","Unclean or degraded floors walls or ceilings"
852,"20150324",103133,"Moderate Risk","Foods not protected from contamination"
852,"20150324",103105,"High Risk","Improper cooling methods"
852,"20150324",103103,"High Risk","High risk food holding temperature "
852,"20130716",103124,"Moderate Risk","Inadequately cleaned or sanitized food contact surfaces"
852,"20130716",103139,"Low Risk","Improper food storage"
852,"20130716",103119,"Moderate Risk","Inadequate and inaccessible handwashing facilities"
852,"20130716",103120,"Moderate Risk","Moderate risk food holding temperature "
852,"20130716",103142,"Low Risk","Unclean nonfood contact surfaces"
852,"20130716",103154,"Low Risk","Unclean or degraded floors walls or ceilings"
852,"20140410",103119,"Moderate Risk","Inadequate and inaccessible handwashing facilities"
852,"20140410",103124,"Moderate Risk","Inadequately cleaned or sanitized food contact surfaces"
852,"20140410",103154,"Low Risk","Unclean or degraded floors walls or ceilings"
852,"20140410",103144,"Low Risk","Unapproved or unmaintained equipment or utensils"
852,"20140410",103103,"High Risk","High risk food holding temperature "
852,"20140410",103133,"Moderate Risk","Foods not protected from contamination"
852,"20140410",103139,"Low Risk","Improper food storage"
852,"20140410",103142,"Low Risk","Unclean nonfood contact surfaces"
852,"20140410",103114,"High Risk","High risk vermin infestation"
852,"20121017",103105,"High Risk","Improper cooling methods"
852,"20121017",103119,"Moderate Risk","Inadequate and inaccessible handwashing facilities"
852,"20120629",103105,"High Risk","Improper cooling methods"
852,"20120629",103114,"High Risk","High risk vermin infestation"
852,"20120629",103124,"Moderate Risk","Inadequately cleaned or sanitized food contact surfaces"
852,"20120629",103139,"Low Risk","Improper food storage"
852,"20120629",103142,"Low Risk","Unclean nonfood contact surfaces"
852,"20120629",103154,"Low Risk","Unclean or degraded floors walls or ceilings"
852,"20121017",103154,"Low Risk","Unclean or degraded floors walls or ceilings"
852,"20121017",103142,"Low Risk","Unclean nonfood contact surfaces"
852,"20121017",103124,"Moderate Risk","Inadequately cleaned or sanitized food contact surfaces"
852,"20121017",103120,"Moderate Risk","Moderate risk food holding temperature "
852,"20121017",103133,"Moderate Risk","Foods not protected from contamination"
854,"20140903",103154,"Low Risk","Unclean or degraded floors walls or ceilings"
854,"20140903",103145,"Low Risk","Improper storage of equipment utensils or linens"
854,"20140903",103142,"Low Risk","Unclean nonfood contact surfaces"
854,"20140903",103107,"High Risk","Improper reheating of food"
854,"20140903",103105,"High Risk","Improper cooling methods"
854,"20140205",103142,"Low Risk","Unclean nonfood contact surfaces"
854,"20140205",103133,"Moderate Risk","Foods not protected from contamination"
854,"20140205",103131,"Moderate Risk","Moderate risk vermin infestation"
854,"20140205",103124,"Moderate Risk","Inadequately cleaned or sanitized food contact surfaces"
854,"20140205",103150,"Low Risk","Improper or defective plumbing"
854,"20130228",103119,"Moderate Risk","Inadequate and inaccessible handwashing facilities"
854,"20130228",103116,"Moderate Risk","Inadequate food safety knowledge or lack of certified food safety manager"
854,"20130228",103149,"Low Risk","Wiping cloths not clean or properly stored or inadequate sanitizer"
854,"20130228",103148,"Low Risk","No thermometers or uncalibrated thermometers "
854,"20130228",103114,"High Risk","High risk vermin infestation"
854,"20130228",103142,"Low Risk","Unclean nonfood contact surfaces"
854,"20130228",103133,"Moderate Risk","Foods not protected from contamination"
854,"20130228",103154,"Low Risk","Unclean or degraded floors walls or ceilings"
854,"20130228",103124,"Moderate Risk","Inadequately cleaned or sanitized food contact surfaces"
856,"20140109",103153,"Low Risk","Inadequate dressing rooms or improper storage of personal items"
856,"20140109",103120,"Moderate Risk","Moderate risk food holding temperature "
856,"20130604",103145,"Low Risk","Improper storage of equipment utensils or linens"
856,"20130604",103118,"Moderate Risk","Employee eating or smoking"
856,"20120705",103144,"Low Risk","Unapproved or unmaintained equipment or utensils"
856,"20120705",103133,"Moderate Risk","Foods not protected from contamination"
856,"20140729",103120,"Moderate Risk","Moderate risk food holding temperature "
870,"20140930",103148,"Low Risk","No thermometers or uncalibrated thermometers "
870,"20140930",103120,"Moderate Risk","Moderate risk food holding temperature "
870,"20140311",103142,"Low Risk","Unclean nonfood contact surfaces"
870,"20140311",103154,"Low Risk","Unclean or degraded floors walls or ceilings"
870,"20140311",103161,"Low Risk","Low risk vermin infestation"
870,"20121102",103156,"Low Risk","Permit license or inspection report not posted"
870,"20121102",103133,"Moderate Risk","Foods not protected from contamination"
870,"20121102",103124,"Moderate Risk","Inadequately cleaned or sanitized food contact surfaces"
870,"20121102",103142,"Low Risk","Unclean nonfood contact surfaces"
870,"20121102",103145,"Low Risk","Improper storage of equipment utensils or linens"
870,"20121102",103149,"Low Risk","Wiping cloths not clean or properly stored or inadequate sanitizer"
870,"20121102",103154,"Low Risk","Unclean or degraded floors walls or ceilings"
874,"20141226",103112,"High Risk","No hot water or running water"
874,"20141226",103114,"High Risk","High risk vermin infestation"
874,"20141226",103124,"Moderate Risk","Inadequately cleaned or sanitized food contact surfaces"
874,"20131119",103120,"Moderate Risk","Moderate risk food holding temperature "
874,"20131119",103133,"Moderate Risk","Foods not protected from contamination"
874,"20131119",103149,"Low Risk","Wiping cloths not clean or properly stored or inadequate sanitizer"
874,"20130509",103120,"Moderate Risk","Moderate risk food holding temperature "
874,"20130509",103133,"Moderate Risk","Foods not protected from contamination"
874,"20130509",103144,"Low Risk","Unapproved or unmaintained equipment or utensils"
874,"20130509",103147,"Low Risk","Inadequate ventilation or lighting"
874,"20130509",103154,"Low Risk","Unclean or degraded floors walls or ceilings"
874,"20140425",103129,"Moderate Risk","Insufficient hot water or running water"
874,"20121004",103144,"Low Risk","Unapproved or unmaintained equipment or utensils"
874,"20121004",103147,"Low Risk","Inadequate ventilation or lighting"
874,"20121004",103133,"Moderate Risk","Foods not protected from contamination"
876,"20140902",103131,"Moderate Risk","Moderate risk vermin infestation"
876,"20140902",103148,"Low Risk","No thermometers or uncalibrated thermometers "
876,"20140902",103142,"Low Risk","Unclean nonfood contact surfaces"
876,"20130615",103154,"Low Risk","Unclean or degraded floors walls or ceilings"
876,"20130615",103138,"Low Risk","Improper storage use or identification of toxic substances"
876,"20130615",103144,"Low Risk","Unapproved or unmaintained equipment or utensils"
876,"20130615",103149,"Low Risk","Wiping cloths not clean or properly stored or inadequate sanitizer"
876,"20130615",103144,"Low Risk","Unapproved or unmaintained equipment or utensils"
876,"20130615",103149,"Low Risk","Wiping cloths not clean or properly stored or inadequate sanitizer"
876,"20140218",103147,"Low Risk","Inadequate ventilation or lighting"
876,"20140218",103149,"Low Risk","Wiping cloths not clean or properly stored or inadequate sanitizer"
876,"20140218",103154,"Low Risk","Unclean or degraded floors walls or ceilings"
876,"20121126",103105,"High Risk","Improper cooling methods"
876,"20121126",103149,"Low Risk","Wiping cloths not clean or properly stored or inadequate sanitizer"
876,"20121126",103103,"High Risk","High risk food holding temperature "
880,"20130114",103139,"Low Risk","Improper food storage"
880,"20130114",103145,"Low Risk","Improper storage of equipment utensils or linens"
880,"20130114",103144,"Low Risk","Unapproved or unmaintained equipment or utensils"
880,"20130114",103142,"Low Risk","Unclean nonfood contact surfaces"
880,"20130114",103132,"Moderate Risk","Improper thawing methods "
880,"20130114",103133,"Moderate Risk","Foods not protected from contamination"
880,"20130114",103156,"Low Risk","Permit license or inspection report not posted"
880,"20140812",103148,"Low Risk","No thermometers or uncalibrated thermometers "
880,"20140812",103103,"High Risk","High risk food holding temperature "
880,"20140812",103119,"Moderate Risk","Inadequate and inaccessible handwashing facilities"
880,"20140812",103124,"Moderate Risk","Inadequately cleaned or sanitized food contact surfaces"
880,"20140812",103142,"Low Risk","Unclean nonfood contact surfaces"
880,"20140812",103145,"Low Risk","Improper storage of equipment utensils or linens"
880,"20140812",103154,"Low Risk","Unclean or degraded floors walls or ceilings"
880,"20140812",103156,"Low Risk","Permit license or inspection report not posted"
880,"20140812",103139,"Low Risk","Improper food storage"
884,"20141006",103109,"High Risk","Unclean or unsanitary food contact surfaces"
884,"20141006",103120,"Moderate Risk","Moderate risk food holding temperature "
884,"20141006",103154,"Low Risk","Unclean or degraded floors walls or ceilings"
884,"20131113",103119,"Moderate Risk","Inadequate and inaccessible handwashing facilities"
884,"20131113",103133,"Moderate Risk","Foods not protected from contamination"
884,"20120706",103142,"Low Risk","Unclean nonfood contact surfaces"
884,"20120706",103133,"Moderate Risk","Foods not protected from contamination"
884,"20130115",103139,"Low Risk","Improper food storage"
884,"20130115",103118,"Moderate Risk","Employee eating or smoking"
884,"20130115",103133,"Moderate Risk","Foods not protected from contamination"
886,"20121116",103144,"Low Risk","Unapproved or unmaintained equipment or utensils"
886,"20121116",103148,"Low Risk","No thermometers or uncalibrated thermometers "
886,"20121116",103156,"Low Risk","Permit license or inspection report not posted"
886,"20121116",103145,"Low Risk","Improper storage of equipment utensils or linens"
886,"20121116",103120,"Moderate Risk","Moderate risk food holding temperature "
886,"20121116",103149,"Low Risk","Wiping cloths not clean or properly stored or inadequate sanitizer"
891,"20150407",103139,"Low Risk","Improper food storage"
891,"20150407",103131,"Moderate Risk","Moderate risk vermin infestation"
891,"20150407",103138,"Low Risk","Improper storage use or identification of toxic substances"
891,"20150407",103144,"Low Risk","Unapproved or unmaintained equipment or utensils"
891,"20150407",103116,"Moderate Risk","Inadequate food safety knowledge or lack of certified food safety manager"
891,"20150407",103133,"Moderate Risk","Foods not protected from contamination"
891,"20120726",103103,"High Risk","High risk food holding temperature "
891,"20120726",103131,"Moderate Risk","Moderate risk vermin infestation"
891,"20120726",103139,"Low Risk","Improper food storage"
891,"20120726",103142,"Low Risk","Unclean nonfood contact surfaces"
891,"20120726",103144,"Low Risk","Unapproved or unmaintained equipment or utensils"
891,"20130228",103131,"Moderate Risk","Moderate risk vermin infestation"
891,"20130228",103104,"High Risk","Unauthorized or unsafe use of time as a public health control measure"
891,"20130228",103124,"Moderate Risk","Inadequately cleaned or sanitized food contact surfaces"
891,"20130228",103154,"Low Risk","Unclean or degraded floors walls or ceilings"
891,"20130228",103133,"Moderate Risk","Foods not protected from contamination"
892,"20141121",103103,"High Risk","High risk food holding temperature "
892,"20141121",103105,"High Risk","Improper cooling methods"
892,"20130816",103107,"High Risk","Improper reheating of food"
892,"20140514",103103,"High Risk","High risk food holding temperature "
892,"20140514",103124,"Moderate Risk","Inadequately cleaned or sanitized food contact surfaces"
902,"20141002",103120,"Moderate Risk","Moderate risk food holding temperature "
902,"20141002",103121,"Moderate Risk","Inadequate procedures or records for time as a public health control "
902,"20141002",103161,"Low Risk","Low risk vermin infestation"
902,"20130604",103121,"Moderate Risk","Inadequate procedures or records for time as a public health control "
902,"20130604",103161,"Low Risk","Low risk vermin infestation"
902,"20140313",103121,"Moderate Risk","Inadequate procedures or records for time as a public health control "
902,"20120920",103161,"Low Risk","Low risk vermin infestation"
903,"20150225",103124,"Moderate Risk","Inadequately cleaned or sanitized food contact surfaces"
903,"20150225",103154,"Low Risk","Unclean or degraded floors walls or ceilings"
903,"20150225",103133,"Moderate Risk","Foods not protected from contamination"
903,"20150225",103144,"Low Risk","Unapproved or unmaintained equipment or utensils"
903,"20150225",103147,"Low Risk","Inadequate ventilation or lighting"
903,"20130711",103156,"Low Risk","Permit license or inspection report not posted"
903,"20130711",103103,"High Risk","High risk food holding temperature "
903,"20130711",103105,"High Risk","Improper cooling methods"
903,"20130711",103116,"Moderate Risk","Inadequate food safety knowledge or lack of certified food safety manager"
903,"20130711",103124,"Moderate Risk","Inadequately cleaned or sanitized food contact surfaces"
903,"20130711",103132,"Moderate Risk","Improper thawing methods "
903,"20130711",103133,"Moderate Risk","Foods not protected from contamination"
903,"20130711",103139,"Low Risk","Improper food storage"
903,"20130711",103154,"Low Risk","Unclean or degraded floors walls or ceilings"
903,"20130711",103144,"Low Risk","Unapproved or unmaintained equipment or utensils"
903,"20140221",103116,"Moderate Risk","Inadequate food safety knowledge or lack of certified food safety manager"
903,"20140221",103124,"Moderate Risk","Inadequately cleaned or sanitized food contact surfaces"
903,"20140221",103133,"Moderate Risk","Foods not protected from contamination"
903,"20140221",103139,"Low Risk","Improper food storage"
903,"20140221",103142,"Low Risk","Unclean nonfood contact surfaces"
903,"20140221",103154,"Low Risk","Unclean or degraded floors walls or ceilings"
903,"20140221",103102,"High Risk","Unclean hands or improper use of gloves"
905,"20140825",103105,"High Risk","Improper cooling methods"
910,"20141121",103139,"Low Risk","Improper food storage"
910,"20141121",103120,"Moderate Risk","Moderate risk food holding temperature "
910,"20141121",103131,"Moderate Risk","Moderate risk vermin infestation"
910,"20141121",103156,"Low Risk","Permit license or inspection report not posted"
910,"20130726",103124,"Moderate Risk","Inadequately cleaned or sanitized food contact surfaces"
910,"20130726",103103,"High Risk","High risk food holding temperature "
910,"20130726",103116,"Moderate Risk","Inadequate food safety knowledge or lack of certified food safety manager"
910,"20140402",103107,"High Risk","Improper reheating of food"
910,"20140402",103139,"Low Risk","Improper food storage"
910,"20140402",103109,"High Risk","Unclean or unsanitary food contact surfaces"
911,"20140903",103124,"Moderate Risk","Inadequately cleaned or sanitized food contact surfaces"
911,"20140903",103116,"Moderate Risk","Inadequate food safety knowledge or lack of certified food safety manager"
911,"20140227",103103,"High Risk","High risk food holding temperature "
911,"20140227",103129,"Moderate Risk","Insufficient hot water or running water"
917,"20131002",103150,"Low Risk","Improper or defective plumbing"
917,"20131002",103109,"High Risk","Unclean or unsanitary food contact surfaces"
917,"20131002",103139,"Low Risk","Improper food storage"
917,"20140430",103124,"Moderate Risk","Inadequately cleaned or sanitized food contact surfaces"
917,"20140430",103133,"Moderate Risk","Foods not protected from contamination"
917,"20140430",103139,"Low Risk","Improper food storage"
917,"20140430",103150,"Low Risk","Improper or defective plumbing"
917,"20140430",103154,"Low Risk","Unclean or degraded floors walls or ceilings"
917,"20130116",103154,"Low Risk","Unclean or degraded floors walls or ceilings"
917,"20130116",103124,"Moderate Risk","Inadequately cleaned or sanitized food contact surfaces"
919,"20150209",103143,"Low Risk","Inadequate warewashing facilities or equipment"
919,"20150209",103120,"Moderate Risk","Moderate risk food holding temperature "
919,"20130829",103124,"Moderate Risk","Inadequately cleaned or sanitized food contact surfaces"
919,"20130425",103109,"High Risk","Unclean or unsanitary food contact surfaces"
919,"20130425",103145,"Low Risk","Improper storage of equipment utensils or linens"
919,"20130425",103119,"Moderate Risk","Inadequate and inaccessible handwashing facilities"
919,"20140311",103124,"Moderate Risk","Inadequately cleaned or sanitized food contact surfaces"
919,"20140311",103120,"Moderate Risk","Moderate risk food holding temperature "
919,"20120919",103119,"Moderate Risk","Inadequate and inaccessible handwashing facilities"
919,"20120919",103124,"Moderate Risk","Inadequately cleaned or sanitized food contact surfaces"
919,"20120919",103144,"Low Risk","Unapproved or unmaintained equipment or utensils"
920,"20130829",103121,"Moderate Risk","Inadequate procedures or records for time as a public health control "
920,"20130829",103119,"Moderate Risk","Inadequate and inaccessible handwashing facilities"
920,"20130829",103139,"Low Risk","Improper food storage"
920,"20130425",103133,"Moderate Risk","Foods not protected from contamination"
920,"20130425",103124,"Moderate Risk","Inadequately cleaned or sanitized food contact surfaces"
920,"20130425",103119,"Moderate Risk","Inadequate and inaccessible handwashing facilities"
920,"20140311",103121,"Moderate Risk","Inadequate procedures or records for time as a public health control "
920,"20140311",103133,"Moderate Risk","Foods not protected from contamination"
920,"20140311",103145,"Low Risk","Improper storage of equipment utensils or linens"
921,"20130829",103124,"Moderate Risk","Inadequately cleaned or sanitized food contact surfaces"
921,"20130425",103119,"Moderate Risk","Inadequate and inaccessible handwashing facilities"
921,"20130425",103150,"Low Risk","Improper or defective plumbing"
921,"20130425",103154,"Low Risk","Unclean or degraded floors walls or ceilings"
921,"20130425",103109,"High Risk","Unclean or unsanitary food contact surfaces"
921,"20140311",103109,"High Risk","Unclean or unsanitary food contact surfaces"
921,"20140311",103150,"Low Risk","Improper or defective plumbing"
921,"20140311",103142,"Low Risk","Unclean nonfood contact surfaces"
921,"20120919",103154,"Low Risk","Unclean or degraded floors walls or ceilings"
921,"20120919",103119,"Moderate Risk","Inadequate and inaccessible handwashing facilities"
921,"20120919",103124,"Moderate Risk","Inadequately cleaned or sanitized food contact surfaces"
929,"20130604",103145,"Low Risk","Improper storage of equipment utensils or linens"
929,"20130604",103154,"Low Risk","Unclean or degraded floors walls or ceilings"
929,"20130604",103139,"Low Risk","Improper food storage"
929,"20130604",103132,"Moderate Risk","Improper thawing methods "
929,"20130604",103131,"Moderate Risk","Moderate risk vermin infestation"
929,"20140603",103154,"Low Risk","Unclean or degraded floors walls or ceilings"
929,"20140603",103120,"Moderate Risk","Moderate risk food holding temperature "
929,"20140603",103144,"Low Risk","Unapproved or unmaintained equipment or utensils"
935,"20150217",103132,"Moderate Risk","Improper thawing methods "
935,"20150217",103105,"High Risk","Improper cooling methods"
935,"20130917",103142,"Low Risk","Unclean nonfood contact surfaces"
935,"20130917",103104,"High Risk","Unauthorized or unsafe use of time as a public health control measure"
935,"20140423",103149,"Low Risk","Wiping cloths not clean or properly stored or inadequate sanitizer"
935,"20140423",103103,"High Risk","High risk food holding temperature "
935,"20121128",103139,"Low Risk","Improper food storage"
935,"20121128",103162,"Low Risk","Other low risk violation"
941,"20150226",103114,"High Risk","High risk vermin infestation"
941,"20150226",103138,"Low Risk","Improper storage use or identification of toxic substances"
941,"20130806",103114,"High Risk","High risk vermin infestation"
941,"20130806",103133,"Moderate Risk","Foods not protected from contamination"
941,"20130806",103142,"Low Risk","Unclean nonfood contact surfaces"
941,"20130806",103109,"High Risk","Unclean or unsanitary food contact surfaces"
941,"20121025",103133,"Moderate Risk","Foods not protected from contamination"
943,"20140131",103149,"Low Risk","Wiping cloths not clean or properly stored or inadequate sanitizer"
943,"20140131",103147,"Low Risk","Inadequate ventilation or lighting"
943,"20140131",103142,"Low Risk","Unclean nonfood contact surfaces"
943,"20140131",103133,"Moderate Risk","Foods not protected from contamination"
943,"20140131",103145,"Low Risk","Improper storage of equipment utensils or linens"
943,"20121126",103139,"Low Risk","Improper food storage"
943,"20121126",103154,"Low Risk","Unclean or degraded floors walls or ceilings"
943,"20121126",103133,"Moderate Risk","Foods not protected from contamination"
943,"20121126",103120,"Moderate Risk","Moderate risk food holding temperature "
943,"20140514",103152,"Low Risk","Unclean unmaintained or improperly constructed toilet facilities"
943,"20140514",103120,"Moderate Risk","Moderate risk food holding temperature "
943,"20140514",103147,"Low Risk","Inadequate ventilation or lighting"
943,"20140514",103142,"Low Risk","Unclean nonfood contact surfaces"
943,"20140514",103135,"Low Risk","No person in charge of food facility"
943,"20140514",103129,"Moderate Risk","Insufficient hot water or running water"
949,"20141021",103124,"Moderate Risk","Inadequately cleaned or sanitized food contact surfaces"
949,"20141021",103133,"Moderate Risk","Foods not protected from contamination"
949,"20141021",103161,"Low Risk","Low risk vermin infestation"
949,"20130228",103119,"Moderate Risk","Inadequate and inaccessible handwashing facilities"
949,"20130228",103124,"Moderate Risk","Inadequately cleaned or sanitized food contact surfaces"
949,"20120815",103152,"Low Risk","Unclean unmaintained or improperly constructed toilet facilities"
949,"20120815",103149,"Low Risk","Wiping cloths not clean or properly stored or inadequate sanitizer"
949,"20120815",103116,"Moderate Risk","Inadequate food safety knowledge or lack of certified food safety manager"
949,"20140612",103124,"Moderate Risk","Inadequately cleaned or sanitized food contact surfaces"
950,"20141201",103124,"Moderate Risk","Inadequately cleaned or sanitized food contact surfaces"
950,"20141201",103133,"Moderate Risk","Foods not protected from contamination"
950,"20130422",103121,"Moderate Risk","Inadequate procedures or records for time as a public health control "
950,"20140424",103142,"Low Risk","Unclean nonfood contact surfaces"
950,"20121016",103145,"Low Risk","Improper storage of equipment utensils or linens"
950,"20121016",103121,"Moderate Risk","Inadequate procedures or records for time as a public health control "
951,"20130801",103120,"Moderate Risk","Moderate risk food holding temperature "
951,"20130801",103130,"Moderate Risk","Inadequate sewage or wastewater disposal"
951,"20130801",103154,"Low Risk","Unclean or degraded floors walls or ceilings"
951,"20130801",103152,"Low Risk","Unclean unmaintained or improperly constructed toilet facilities"
951,"20130801",103142,"Low Risk","Unclean nonfood contact surfaces"
951,"20130801",103143,"Low Risk","Inadequate warewashing facilities or equipment"
951,"20140129",103142,"Low Risk","Unclean nonfood contact surfaces"
951,"20140206",103154,"Low Risk","Unclean or degraded floors walls or ceilings"
951,"20140129",103149,"Low Risk","Wiping cloths not clean or properly stored or inadequate sanitizer"
951,"20120706",103142,"Low Risk","Unclean nonfood contact surfaces"
951,"20130201",103149,"Low Risk","Wiping cloths not clean or properly stored or inadequate sanitizer"
951,"20130201",103144,"Low Risk","Unapproved or unmaintained equipment or utensils"
951,"20130201",103142,"Low Risk","Unclean nonfood contact surfaces"
952,"20131216",103131,"Moderate Risk","Moderate risk vermin infestation"
952,"20131216",103144,"Low Risk","Unapproved or unmaintained equipment or utensils"
952,"20131216",103105,"High Risk","Improper cooling methods"
952,"20131216",103138,"Low Risk","Improper storage use or identification of toxic substances"
952,"20130416",103156,"Low Risk","Permit license or inspection report not posted"
952,"20130416",103131,"Moderate Risk","Moderate risk vermin infestation"
952,"20130416",103133,"Moderate Risk","Foods not protected from contamination"
952,"20130416",103154,"Low Risk","Unclean or degraded floors walls or ceilings"
952,"20130416",103139,"Low Risk","Improper food storage"
952,"20120731",103139,"Low Risk","Improper food storage"
952,"20120731",103143,"Low Risk","Inadequate warewashing facilities or equipment"
952,"20120731",103154,"Low Risk","Unclean or degraded floors walls or ceilings"
952,"20140623",103145,"Low Risk","Improper storage of equipment utensils or linens"
952,"20140623",103103,"High Risk","High risk food holding temperature "
961,"20141118",103154,"Low Risk","Unclean or degraded floors walls or ceilings"
961,"20141118",103149,"Low Risk","Wiping cloths not clean or properly stored or inadequate sanitizer"
961,"20141118",103131,"Moderate Risk","Moderate risk vermin infestation"
961,"20141118",103157,"Low Risk","Food safety certificate or food handler card not available"
961,"20130628",103109,"High Risk","Unclean or unsanitary food contact surfaces"
961,"20140106",103154,"Low Risk","Unclean or degraded floors walls or ceilings"
961,"20140106",103124,"Moderate Risk","Inadequately cleaned or sanitized food contact surfaces"
961,"20140106",103144,"Low Risk","Unapproved or unmaintained equipment or utensils"
961,"20130129",103120,"Moderate Risk","Moderate risk food holding temperature "
961,"20130129",103139,"Low Risk","Improper food storage"
961,"20140529",103120,"Moderate Risk","Moderate risk food holding temperature "
961,"20140529",103154,"Low Risk","Unclean or degraded floors walls or ceilings"
961,"20140529",103149,"Low Risk","Wiping cloths not clean or properly stored or inadequate sanitizer"
961,"20140529",103107,"High Risk","Improper reheating of food"
966,"20131001",103109,"High Risk","Unclean or unsanitary food contact surfaces"
966,"20131001",103120,"Moderate Risk","Moderate risk food holding temperature "
966,"20131001",103133,"Moderate Risk","Foods not protected from contamination"
966,"20131001",103150,"Low Risk","Improper or defective plumbing"
966,"20131001",103161,"Low Risk","Low risk vermin infestation"
966,"20121204",103116,"Moderate Risk","Inadequate food safety knowledge or lack of certified food safety manager"
966,"20121204",103120,"Moderate Risk","Moderate risk food holding temperature "
966,"20121204",103109,"High Risk","Unclean or unsanitary food contact surfaces"
966,"20121204",103105,"High Risk","Improper cooling methods"
966,"20121204",103102,"High Risk","Unclean hands or improper use of gloves"
966,"20121204",103133,"Moderate Risk","Foods not protected from contamination"
966,"20121204",103131,"Moderate Risk","Moderate risk vermin infestation"
966,"20140508",103120,"Moderate Risk","Moderate risk food holding temperature "
966,"20140508",103124,"Moderate Risk","Inadequately cleaned or sanitized food contact surfaces"
966,"20140508",103133,"Moderate Risk","Foods not protected from contamination"
966,"20140508",103161,"Low Risk","Low risk vermin infestation"
966,"20140508",103165,"Low Risk","No plan review or Building Permit"
968,"20140902",103139,"Low Risk","Improper food storage"
968,"20140902",103149,"Low Risk","Wiping cloths not clean or properly stored or inadequate sanitizer"
968,"20140902",103120,"Moderate Risk","Moderate risk food holding temperature "
968,"20140902",103161,"Low Risk","Low risk vermin infestation"
968,"20150324",103162,"Low Risk","Other low risk violation"
968,"20150324",103144,"Low Risk","Unapproved or unmaintained equipment or utensils"
968,"20150324",103139,"Low Risk","Improper food storage"
968,"20150324",103124,"Moderate Risk","Inadequately cleaned or sanitized food contact surfaces"
968,"20150324",103120,"Moderate Risk","Moderate risk food holding temperature "
968,"20150324",103133,"Moderate Risk","Foods not protected from contamination"
968,"20131008",103114,"High Risk","High risk vermin infestation"
968,"20131008",103144,"Low Risk","Unapproved or unmaintained equipment or utensils"
968,"20131008",103154,"Low Risk","Unclean or degraded floors walls or ceilings"
968,"20131008",103124,"Moderate Risk","Inadequately cleaned or sanitized food contact surfaces"
968,"20130409",103156,"Low Risk","Permit license or inspection report not posted"
968,"20130409",103133,"Moderate Risk","Foods not protected from contamination"
968,"20140407",103139,"Low Risk","Improper food storage"
968,"20140407",103142,"Low Risk","Unclean nonfood contact surfaces"
968,"20140407",103149,"Low Risk","Wiping cloths not clean or properly stored or inadequate sanitizer"
968,"20120828",103149,"Low Risk","Wiping cloths not clean or properly stored or inadequate sanitizer"
968,"20120828",103142,"Low Risk","Unclean nonfood contact surfaces"
968,"20120828",103139,"Low Risk","Improper food storage"
972,"20130718",103109,"High Risk","Unclean or unsanitary food contact surfaces"
972,"20130722",103131,"Moderate Risk","Moderate risk vermin infestation"
972,"20130718",103144,"Low Risk","Unapproved or unmaintained equipment or utensils"
972,"20140212",103114,"High Risk","High risk vermin infestation"
972,"20140212",103142,"Low Risk","Unclean nonfood contact surfaces"
972,"20140212",103154,"Low Risk","Unclean or degraded floors walls or ceilings"
972,"20140212",103116,"Moderate Risk","Inadequate food safety knowledge or lack of certified food safety manager"
972,"20140212",103124,"Moderate Risk","Inadequately cleaned or sanitized food contact surfaces"
972,"20120612",103139,"Low Risk","Improper food storage"
972,"20120612",103142,"Low Risk","Unclean nonfood contact surfaces"
972,"20120612",103144,"Low Risk","Unapproved or unmaintained equipment or utensils"
972,"20130116",103142,"Low Risk","Unclean nonfood contact surfaces"
972,"20130116",103149,"Low Risk","Wiping cloths not clean or properly stored or inadequate sanitizer"
972,"20130116",103139,"Low Risk","Improper food storage"
972,"20130116",103103,"High Risk","High risk food holding temperature "
972,"20140728",103116,"Moderate Risk","Inadequate food safety knowledge or lack of certified food safety manager"
972,"20140728",103154,"Low Risk","Unclean or degraded floors walls or ceilings"
972,"20140728",103149,"Low Risk","Wiping cloths not clean or properly stored or inadequate sanitizer"
972,"20140728",103114,"High Risk","High risk vermin infestation"
972,"20140728",103138,"Low Risk","Improper storage use or identification of toxic substances"
972,"20140728",103103,"High Risk","High risk food holding temperature "
977,"20130822",103142,"Low Risk","Unclean nonfood contact surfaces"
977,"20130822",103104,"High Risk","Unauthorized or unsafe use of time as a public health control measure"
977,"20130822",103138,"Low Risk","Improper storage use or identification of toxic substances"
977,"20130822",103129,"Moderate Risk","Insufficient hot water or running water"
977,"20130313",103109,"High Risk","Unclean or unsanitary food contact surfaces"
977,"20130313",103139,"Low Risk","Improper food storage"
977,"20140227",103142,"Low Risk","Unclean nonfood contact surfaces"
977,"20140227",103133,"Moderate Risk","Foods not protected from contamination"
977,"20140227",103144,"Low Risk","Unapproved or unmaintained equipment or utensils"
977,"20140227",103120,"Moderate Risk","Moderate risk food holding temperature "
977,"20120809",103144,"Low Risk","Unapproved or unmaintained equipment or utensils"
977,"20120809",103121,"Moderate Risk","Inadequate procedures or records for time as a public health control "
977,"20140715",103141,"Low Risk","Improper food labeling or menu misrepresentation"
977,"20140715",103133,"Moderate Risk","Foods not protected from contamination"
983,"20130625",103142,"Low Risk","Unclean nonfood contact surfaces"
983,"20130625",103144,"Low Risk","Unapproved or unmaintained equipment or utensils"
983,"20130625",103119,"Moderate Risk","Inadequate and inaccessible handwashing facilities"
983,"20130625",103133,"Moderate Risk","Foods not protected from contamination"
983,"20140122",103141,"Low Risk","Improper food labeling or menu misrepresentation"
983,"20140122",103144,"Low Risk","Unapproved or unmaintained equipment or utensils"
983,"20140122",103102,"High Risk","Unclean hands or improper use of gloves"
983,"20140122",103138,"Low Risk","Improper storage use or identification of toxic substances"
983,"20120821",103124,"Moderate Risk","Inadequately cleaned or sanitized food contact surfaces"
983,"20120821",103131,"Moderate Risk","Moderate risk vermin infestation"
983,"20120821",103144,"Low Risk","Unapproved or unmaintained equipment or utensils"
983,"20120821",103147,"Low Risk","Inadequate ventilation or lighting"
983,"20140818",103124,"Moderate Risk","Inadequately cleaned or sanitized food contact surfaces"
983,"20140818",103144,"Low Risk","Unapproved or unmaintained equipment or utensils"
983,"20140818",103139,"Low Risk","Improper food storage"
983,"20140818",103142,"Low Risk","Unclean nonfood contact surfaces"
984,"20141103",103103,"High Risk","High risk food holding temperature "
984,"20141103",103161,"Low Risk","Low risk vermin infestation"
984,"20131024",103124,"Moderate Risk","Inadequately cleaned or sanitized food contact surfaces"
984,"20131024",103144,"Low Risk","Unapproved or unmaintained equipment or utensils"
984,"20131024",103142,"Low Risk","Unclean nonfood contact surfaces"
984,"20140430",103120,"Moderate Risk","Moderate risk food holding temperature "
984,"20140430",103124,"Moderate Risk","Inadequately cleaned or sanitized food contact surfaces"
984,"20140430",103161,"Low Risk","Low risk vermin infestation"
984,"20130114",103154,"Low Risk","Unclean or degraded floors walls or ceilings"
984,"20130114",103103,"High Risk","High risk food holding temperature "
984,"20130114",103119,"Moderate Risk","Inadequate and inaccessible handwashing facilities"
984,"20130114",103131,"Moderate Risk","Moderate risk vermin infestation"
985,"20131024",103154,"Low Risk","Unclean or degraded floors walls or ceilings"
985,"20131024",103142,"Low Risk","Unclean nonfood contact surfaces"
985,"20131024",103144,"Low Risk","Unapproved or unmaintained equipment or utensils"
985,"20131024",103102,"High Risk","Unclean hands or improper use of gloves"
985,"20131024",103116,"Moderate Risk","Inadequate food safety knowledge or lack of certified food safety manager"
985,"20131024",103109,"High Risk","Unclean or unsanitary food contact surfaces"
985,"20131024",103145,"Low Risk","Improper storage of equipment utensils or linens"
985,"20140505",103144,"Low Risk","Unapproved or unmaintained equipment or utensils"
985,"20140505",103142,"Low Risk","Unclean nonfood contact surfaces"
985,"20140505",103133,"Moderate Risk","Foods not protected from contamination"
985,"20140505",103119,"Moderate Risk","Inadequate and inaccessible handwashing facilities"
985,"20140505",103109,"High Risk","Unclean or unsanitary food contact surfaces"
985,"20120821",103142,"Low Risk","Unclean nonfood contact surfaces"
985,"20120821",103154,"Low Risk","Unclean or degraded floors walls or ceilings"
985,"20120821",103143,"Low Risk","Inadequate warewashing facilities or equipment"
985,"20120821",103131,"Moderate Risk","Moderate risk vermin infestation"
985,"20120821",103124,"Moderate Risk","Inadequately cleaned or sanitized food contact surfaces"
985,"20120821",103116,"Moderate Risk","Inadequate food safety knowledge or lack of certified food safety manager"
985,"20120821",103102,"High Risk","Unclean hands or improper use of gloves"
985,"20120821",103144,"Low Risk","Unapproved or unmaintained equipment or utensils"
985,"20120821",103103,"High Risk","High risk food holding temperature "
993,"20150410",103116,"Moderate Risk","Inadequate food safety knowledge or lack of certified food safety manager"
994,"20141209",103157,"Low Risk","Food safety certificate or food handler card not available"
994,"20141209",103150,"Low Risk","Improper or defective plumbing"
994,"20141209",103149,"Low Risk","Wiping cloths not clean or properly stored or inadequate sanitizer"
994,"20141209",103119,"Moderate Risk","Inadequate and inaccessible handwashing facilities"
994,"20130627",103103,"High Risk","High risk food holding temperature "
994,"20130627",103157,"Low Risk","Food safety certificate or food handler card not available"
994,"20131119",103154,"Low Risk","Unclean or degraded floors walls or ceilings"
994,"20120621",103142,"Low Risk","Unclean nonfood contact surfaces"
994,"20121211",103142,"Low Risk","Unclean nonfood contact surfaces"
994,"20121211",103157,"Low Risk","Food safety certificate or food handler card not available"
994,"20121211",103119,"Moderate Risk","Inadequate and inaccessible handwashing facilities"
994,"20140520",103157,"Low Risk","Food safety certificate or food handler card not available"
999,"20150519",103139,"Low Risk","Improper food storage"
999,"20150519",103149,"Low Risk","Wiping cloths not clean or properly stored or inadequate sanitizer"
999,"20150519",103157,"Low Risk","Food safety certificate or food handler card not available"
999,"20150519",103161,"Low Risk","Low risk vermin infestation"
999,"20130802",103139,"Low Risk","Improper food storage"
999,"20140205",103161,"Low Risk","Low risk vermin infestation"
999,"20120925",103120,"Moderate Risk","Moderate risk food holding temperature "
999,"20120925",103132,"Moderate Risk","Improper thawing methods "
999,"20130124",103132,"Moderate Risk","Improper thawing methods "
999,"20130124",103142,"Low Risk","Unclean nonfood contact surfaces"
999,"20130124",103147,"Low Risk","Inadequate ventilation or lighting"
1000,"20150325",103103,"High Risk","High risk food holding temperature "
1000,"20150325",103124,"Moderate Risk","Inadequately cleaned or sanitized food contact surfaces"
1000,"20150325",103132,"Moderate Risk","Improper thawing methods "
1000,"20150325",103133,"Moderate Risk","Foods not protected from contamination"
1000,"20150325",103154,"Low Risk","Unclean or degraded floors walls or ceilings"
1000,"20150325",103161,"Low Risk","Low risk vermin infestation"
1000,"20130916",103149,"Low Risk","Wiping cloths not clean or properly stored or inadequate sanitizer"
1000,"20130916",103103,"High Risk","High risk food holding temperature "
1000,"20130916",103105,"High Risk","Improper cooling methods"
1000,"20130916",103133,"Moderate Risk","Foods not protected from contamination"
1000,"20130916",103154,"Low Risk","Unclean or degraded floors walls or ceilings"
1000,"20130916",103131,"Moderate Risk","Moderate risk vermin infestation"
1000,"20130424",103116,"Moderate Risk","Inadequate food safety knowledge or lack of certified food safety manager"
1000,"20130424",103119,"Moderate Risk","Inadequate and inaccessible handwashing facilities"
1000,"20130424",103131,"Moderate Risk","Moderate risk vermin infestation"
1000,"20130424",103133,"Moderate Risk","Foods not protected from contamination"
1000,"20130424",103105,"High Risk","Improper cooling methods"
1000,"20130424",103142,"Low Risk","Unclean nonfood contact surfaces"
1000,"20130424",103109,"High Risk","Unclean or unsanitary food contact surfaces"
1000,"20130424",103151,"Low Risk","Inadequate or unsanitary refuse containers or area or no garbage service"
1000,"20130424",103138,"Low Risk","Improper storage use or identification of toxic substances"
1000,"20130424",103102,"High Risk","Unclean hands or improper use of gloves"
1000,"20140415",103103,"High Risk","High risk food holding temperature "
1000,"20140415",103154,"Low Risk","Unclean or degraded floors walls or ceilings"
1000,"20140415",103105,"High Risk","Improper cooling methods"
1000,"20140415",103108,"High Risk","Contaminated or adulterated food"
1000,"20120917",103133,"Moderate Risk","Foods not protected from contamination"
1000,"20120917",103109,"High Risk","Unclean or unsanitary food contact surfaces"
1000,"20120917",103132,"Moderate Risk","Improper thawing methods "
1000,"20120917",103131,"Moderate Risk","Moderate risk vermin infestation"
1002,"20150126",103103,"High Risk","High risk food holding temperature "
1002,"20150126",103161,"Low Risk","Low risk vermin infestation"
1002,"20150126",103149,"Low Risk","Wiping cloths not clean or properly stored or inadequate sanitizer"
1002,"20130827",103154,"Low Risk","Unclean or degraded floors walls or ceilings"
1002,"20130827",103145,"Low Risk","Improper storage of equipment utensils or linens"
1002,"20130827",103114,"High Risk","High risk vermin infestation"
1002,"20130827",103103,"High Risk","High risk food holding temperature "
1002,"20140402",103119,"Moderate Risk","Inadequate and inaccessible handwashing facilities"
1002,"20140402",103139,"Low Risk","Improper food storage"
1002,"20121207",103149,"Low Risk","Wiping cloths not clean or properly stored or inadequate sanitizer"
1002,"20121207",103145,"Low Risk","Improper storage of equipment utensils or linens"
1002,"20121207",103109,"High Risk","Unclean or unsanitary food contact surfaces"
1002,"20121207",103144,"Low Risk","Unapproved or unmaintained equipment or utensils"
1002,"20121207",103153,"Low Risk","Inadequate dressing rooms or improper storage of personal items"
1002,"20121207",103147,"Low Risk","Inadequate ventilation or lighting"
1003,"20150407",103154,"Low Risk","Unclean or degraded floors walls or ceilings"
1003,"20131002",103161,"Low Risk","Low risk vermin infestation"
1003,"20131002",103142,"Low Risk","Unclean nonfood contact surfaces"
1003,"20130430",103131,"Moderate Risk","Moderate risk vermin infestation"
1003,"20130430",103149,"Low Risk","Wiping cloths not clean or properly stored or inadequate sanitizer"
1003,"20130430",103145,"Low Risk","Improper storage of equipment utensils or linens"
1003,"20130430",103133,"Moderate Risk","Foods not protected from contamination"
1003,"20130430",103132,"Moderate Risk","Improper thawing methods "
1003,"20140512",103154,"Low Risk","Unclean or degraded floors walls or ceilings"
1003,"20140512",103145,"Low Risk","Improper storage of equipment utensils or linens"
1003,"20140512",103161,"Low Risk","Low risk vermin infestation"
1005,"20141114",103147,"Low Risk","Inadequate ventilation or lighting"
1005,"20141114",103120,"Moderate Risk","Moderate risk food holding temperature "
1005,"20141114",103114,"High Risk","High risk vermin infestation"
1005,"20141114",103154,"Low Risk","Unclean or degraded floors walls or ceilings"
1005,"20141114",103124,"Moderate Risk","Inadequately cleaned or sanitized food contact surfaces"
1005,"20130725",103131,"Moderate Risk","Moderate risk vermin infestation"
1005,"20130725",103142,"Low Risk","Unclean nonfood contact surfaces"
1005,"20130725",103120,"Moderate Risk","Moderate risk food holding temperature "
1005,"20130725",103132,"Moderate Risk","Improper thawing methods "
1005,"20130408",103131,"Moderate Risk","Moderate risk vermin infestation"
1005,"20130408",103139,"Low Risk","Improper food storage"
1005,"20130408",103142,"Low Risk","Unclean nonfood contact surfaces"
1005,"20130408",103154,"Low Risk","Unclean or degraded floors walls or ceilings"
1005,"20130408",103149,"Low Risk","Wiping cloths not clean or properly stored or inadequate sanitizer"
1005,"20140303",103147,"Low Risk","Inadequate ventilation or lighting"
1005,"20140303",103154,"Low Risk","Unclean or degraded floors walls or ceilings"
1005,"20140303",103114,"High Risk","High risk vermin infestation"
1005,"20140303",103151,"Low Risk","Inadequate or unsanitary refuse containers or area or no garbage service"
1005,"20140303",103139,"Low Risk","Improper food storage"
1008,"20131011",103142,"Low Risk","Unclean nonfood contact surfaces"
1008,"20130416",103139,"Low Risk","Improper food storage"
1008,"20130416",103142,"Low Risk","Unclean nonfood contact surfaces"
1008,"20140414",103139,"Low Risk","Improper food storage"
1008,"20121023",103103,"High Risk","High risk food holding temperature "
1008,"20121023",103112,"High Risk","No hot water or running water"
1018,"20130320",103157,"Low Risk","Food safety certificate or food handler card not available"
1018,"20120917",103116,"Moderate Risk","Inadequate food safety knowledge or lack of certified food safety manager"
1018,"20120917",103103,"High Risk","High risk food holding temperature "
1018,"20120917",103121,"Moderate Risk","Inadequate procedures or records for time as a public health control "
1021,"20140128",103149,"Low Risk","Wiping cloths not clean or properly stored or inadequate sanitizer"
1021,"20140128",103105,"High Risk","Improper cooling methods"
1021,"20140128",103139,"Low Risk","Improper food storage"
1021,"20130612",103149,"Low Risk","Wiping cloths not clean or properly stored or inadequate sanitizer"
1021,"20130612",103133,"Moderate Risk","Foods not protected from contamination"
1021,"20121108",103103,"High Risk","High risk food holding temperature "
1021,"20140811",103149,"Low Risk","Wiping cloths not clean or properly stored or inadequate sanitizer"
1021,"20140811",103120,"Moderate Risk","Moderate risk food holding temperature "
1026,"20150520",103162,"Low Risk","Other low risk violation"
1026,"20150520",103119,"Moderate Risk","Inadequate and inaccessible handwashing facilities"
1026,"20150520",103142,"Low Risk","Unclean nonfood contact surfaces"
1026,"20150520",103161,"Low Risk","Low risk vermin infestation"
1026,"20150520",103157,"Low Risk","Food safety certificate or food handler card not available"
1026,"20140307",103138,"Low Risk","Improper storage use or identification of toxic substances"
1026,"20140307",103142,"Low Risk","Unclean nonfood contact surfaces"
1026,"20140307",103144,"Low Risk","Unapproved or unmaintained equipment or utensils"
1026,"20130220",103147,"Low Risk","Inadequate ventilation or lighting"
1026,"20130220",103120,"Moderate Risk","Moderate risk food holding temperature "
1026,"20130220",103162,"Low Risk","Other low risk violation"
1027,"20140304",103149,"Low Risk","Wiping cloths not clean or properly stored or inadequate sanitizer"
1027,"20140304",103142,"Low Risk","Unclean nonfood contact surfaces"
1027,"20140304",103120,"Moderate Risk","Moderate risk food holding temperature "
1027,"20130122",103154,"Low Risk","Unclean or degraded floors walls or ceilings"
1027,"20130122",103142,"Low Risk","Unclean nonfood contact surfaces"
1027,"20130122",103149,"Low Risk","Wiping cloths not clean or properly stored or inadequate sanitizer"
1031,"20130826",103142,"Low Risk","Unclean nonfood contact surfaces"
1031,"20130826",103149,"Low Risk","Wiping cloths not clean or properly stored or inadequate sanitizer"
1031,"20140129",103154,"Low Risk","Unclean or degraded floors walls or ceilings"
1031,"20140129",103142,"Low Risk","Unclean nonfood contact surfaces"
1031,"20130304",103114,"High Risk","High risk vermin infestation"
1031,"20120724",103154,"Low Risk","Unclean or degraded floors walls or ceilings"
1031,"20120724",103139,"Low Risk","Improper food storage"
1031,"20120724",103149,"Low Risk","Wiping cloths not clean or properly stored or inadequate sanitizer"
1031,"20120724",103142,"Low Risk","Unclean nonfood contact surfaces"
1031,"20120724",103131,"Moderate Risk","Moderate risk vermin infestation"
1031,"20140617",103114,"High Risk","High risk vermin infestation"
1036,"20131107",103142,"Low Risk","Unclean nonfood contact surfaces"
1036,"20131107",103139,"Low Risk","Improper food storage"
1036,"20131107",103154,"Low Risk","Unclean or degraded floors walls or ceilings"
1036,"20131107",103131,"Moderate Risk","Moderate risk vermin infestation"
1036,"20131107",103157,"Low Risk","Food safety certificate or food handler card not available"
1036,"20130312",103131,"Moderate Risk","Moderate risk vermin infestation"
1036,"20130312",103149,"Low Risk","Wiping cloths not clean or properly stored or inadequate sanitizer"
1036,"20130312",103102,"High Risk","Unclean hands or improper use of gloves"
1036,"20130312",103103,"High Risk","High risk food holding temperature "
1036,"20130312",103116,"Moderate Risk","Inadequate food safety knowledge or lack of certified food safety manager"
1036,"20140411",103116,"Moderate Risk","Inadequate food safety knowledge or lack of certified food safety manager"
1036,"20140411",103119,"Moderate Risk","Inadequate and inaccessible handwashing facilities"
1036,"20140411",103118,"Moderate Risk","Employee eating or smoking"
1042,"20150512",103144,"Low Risk","Unapproved or unmaintained equipment or utensils"
1042,"20150512",103112,"High Risk","No hot water or running water"
1042,"20140304",103157,"Low Risk","Food safety certificate or food handler card not available"
1042,"20140304",103153,"Low Risk","Inadequate dressing rooms or improper storage of personal items"
1042,"20140304",103144,"Low Risk","Unapproved or unmaintained equipment or utensils"
1042,"20130301",103157,"Low Risk","Food safety certificate or food handler card not available"
1042,"20130301",103149,"Low Risk","Wiping cloths not clean or properly stored or inadequate sanitizer"
1042,"20130301",103139,"Low Risk","Improper food storage"
1042,"20130301",103120,"Moderate Risk","Moderate risk food holding temperature "
1043,"20150605",103142,"Low Risk","Unclean nonfood contact surfaces"
1043,"20150605",103144,"Low Risk","Unapproved or unmaintained equipment or utensils"
1043,"20131226",103157,"Low Risk","Food safety certificate or food handler card not available"
1043,"20120806",103112,"High Risk","No hot water or running water"
1043,"20130213",103124,"Moderate Risk","Inadequately cleaned or sanitized food contact surfaces"
1043,"20140512",103116,"Moderate Risk","Inadequate food safety knowledge or lack of certified food safety manager"
1047,"20130605",103154,"Low Risk","Unclean or degraded floors walls or ceilings"
1047,"20130605",103138,"Low Risk","Improper storage use or identification of toxic substances"
1047,"20130605",103152,"Low Risk","Unclean unmaintained or improperly constructed toilet facilities"
1047,"20130605",103161,"Low Risk","Low risk vermin infestation"
1047,"20140501",103149,"Low Risk","Wiping cloths not clean or properly stored or inadequate sanitizer"
1047,"20140501",103152,"Low Risk","Unclean unmaintained or improperly constructed toilet facilities"
1047,"20140501",103161,"Low Risk","Low risk vermin infestation"
1047,"20120810",103139,"Low Risk","Improper food storage"
1047,"20120810",103161,"Low Risk","Low risk vermin infestation"
1047,"20120810",103120,"Moderate Risk","Moderate risk food holding temperature "
1047,"20120810",103152,"Low Risk","Unclean unmaintained or improperly constructed toilet facilities"
1048,"20130626",103161,"Low Risk","Low risk vermin infestation"
1048,"20130626",103120,"Moderate Risk","Moderate risk food holding temperature "
1048,"20130626",103149,"Low Risk","Wiping cloths not clean or properly stored or inadequate sanitizer"
1048,"20130626",103154,"Low Risk","Unclean or degraded floors walls or ceilings"
1048,"20130626",103157,"Low Risk","Food safety certificate or food handler card not available"
1048,"20120626",103142,"Low Risk","Unclean nonfood contact surfaces"
1048,"20120626",103134,"Moderate Risk","Other moderate risk violation"
1048,"20121214",103149,"Low Risk","Wiping cloths not clean or properly stored or inadequate sanitizer"
1048,"20121214",103139,"Low Risk","Improper food storage"
1048,"20121214",103157,"Low Risk","Food safety certificate or food handler card not available"
1048,"20140603",103149,"Low Risk","Wiping cloths not clean or properly stored or inadequate sanitizer"
1048,"20140603",103157,"Low Risk","Food safety certificate or food handler card not available"
1060,"20140305",103120,"Moderate Risk","Moderate risk food holding temperature "
1060,"20130103",103149,"Low Risk","Wiping cloths not clean or properly stored or inadequate sanitizer"
1060,"20140603",103144,"Low Risk","Unapproved or unmaintained equipment or utensils"
1060,"20140603",103149,"Low Risk","Wiping cloths not clean or properly stored or inadequate sanitizer"
1065,"20131112",103145,"Low Risk","Improper storage of equipment utensils or linens"
1065,"20131112",103120,"Moderate Risk","Moderate risk food holding temperature "
1065,"20130103",103114,"High Risk","High risk vermin infestation"
1065,"20130103",103149,"Low Risk","Wiping cloths not clean or properly stored or inadequate sanitizer"
1065,"20130110",103124,"Moderate Risk","Inadequately cleaned or sanitized food contact surfaces"
1065,"20140716",103145,"Low Risk","Improper storage of equipment utensils or linens"
1065,"20140716",103144,"Low Risk","Unapproved or unmaintained equipment or utensils"
1065,"20140716",103114,"High Risk","High risk vermin infestation"
1075,"20130905",103132,"Moderate Risk","Improper thawing methods "
1075,"20130905",103124,"Moderate Risk","Inadequately cleaned or sanitized food contact surfaces"
1075,"20130905",103107,"High Risk","Improper reheating of food"
1075,"20130905",103103,"High Risk","High risk food holding temperature "
1075,"20130312",103149,"Low Risk","Wiping cloths not clean or properly stored or inadequate sanitizer"
1075,"20130312",103139,"Low Risk","Improper food storage"
1075,"20130312",103119,"Moderate Risk","Inadequate and inaccessible handwashing facilities"
1075,"20140310",103142,"Low Risk","Unclean nonfood contact surfaces"
1075,"20140310",103120,"Moderate Risk","Moderate risk food holding temperature "
1075,"20120731",103103,"High Risk","High risk food holding temperature "
1075,"20120731",103124,"Moderate Risk","Inadequately cleaned or sanitized food contact surfaces"
1081,"20130425",103142,"Low Risk","Unclean nonfood contact surfaces"
1081,"20121030",103118,"Moderate Risk","Employee eating or smoking"
1081,"20121030",103157,"Low Risk","Food safety certificate or food handler card not available"
1085,"20141003",103103,"High Risk","High risk food holding temperature "
1085,"20141003",103119,"Moderate Risk","Inadequate and inaccessible handwashing facilities"
1085,"20130412",103119,"Moderate Risk","Inadequate and inaccessible handwashing facilities"
1085,"20130412",103118,"Moderate Risk","Employee eating or smoking"
1085,"20121002",103119,"Moderate Risk","Inadequate and inaccessible handwashing facilities"
1085,"20121002",103149,"Low Risk","Wiping cloths not clean or properly stored or inadequate sanitizer"
1090,"20150126",103157,"Low Risk","Food safety certificate or food handler card not available"
1090,"20131217",103157,"Low Risk","Food safety certificate or food handler card not available"
1090,"20120823",103139,"Low Risk","Improper food storage"
1090,"20120823",103144,"Low Risk","Unapproved or unmaintained equipment or utensils"
1090,"20120823",103142,"Low Risk","Unclean nonfood contact surfaces"
1090,"20120823",103120,"Moderate Risk","Moderate risk food holding temperature "
1091,"20141119",103121,"Moderate Risk","Inadequate procedures or records for time as a public health control "
1091,"20141119",103124,"Moderate Risk","Inadequately cleaned or sanitized food contact surfaces"
1091,"20141119",103124,"Moderate Risk","Inadequately cleaned or sanitized food contact surfaces"
1091,"20130815",103129,"Moderate Risk","Insufficient hot water or running water"
1091,"20130815",103142,"Low Risk","Unclean nonfood contact surfaces"
1091,"20130815",103103,"High Risk","High risk food holding temperature "
1091,"20140416",103119,"Moderate Risk","Inadequate and inaccessible handwashing facilities"
1091,"20140416",103133,"Moderate Risk","Foods not protected from contamination"
1091,"20140416",103149,"Low Risk","Wiping cloths not clean or properly stored or inadequate sanitizer"
1102,"20140917",103120,"Moderate Risk","Moderate risk food holding temperature "
1102,"20140917",103144,"Low Risk","Unapproved or unmaintained equipment or utensils"
1102,"20140917",103145,"Low Risk","Improper storage of equipment utensils or linens"
1102,"20140917",103139,"Low Risk","Improper food storage"
1102,"20130911",103142,"Low Risk","Unclean nonfood contact surfaces"
1102,"20130911",103154,"Low Risk","Unclean or degraded floors walls or ceilings"
1102,"20140204",103139,"Low Risk","Improper food storage"
1102,"20140204",103154,"Low Risk","Unclean or degraded floors walls or ceilings"
1102,"20130322",103120,"Moderate Risk","Moderate risk food holding temperature "
1103,"20131004",103145,"Low Risk","Improper storage of equipment utensils or linens"
1103,"20131004",103154,"Low Risk","Unclean or degraded floors walls or ceilings"
1103,"20130509",103142,"Low Risk","Unclean nonfood contact surfaces"
1103,"20130509",103144,"Low Risk","Unapproved or unmaintained equipment or utensils"
1103,"20130509",103146,"Low Risk","Noncompliance of vending machine "
1111,"20150513",103154,"Low Risk","Unclean or degraded floors walls or ceilings"
1111,"20150513",103124,"Moderate Risk","Inadequately cleaned or sanitized food contact surfaces"
1116,"20140829",103149,"Low Risk","Wiping cloths not clean or properly stored or inadequate sanitizer"
1116,"20140829",103161,"Low Risk","Low risk vermin infestation"
1116,"20130709",103142,"Low Risk","Unclean nonfood contact surfaces"
1116,"20140131",103154,"Low Risk","Unclean or degraded floors walls or ceilings"
1122,"20150204",103145,"Low Risk","Improper storage of equipment utensils or linens"
1122,"20131205",103109,"High Risk","Unclean or unsanitary food contact surfaces"
1122,"20131205",103142,"Low Risk","Unclean nonfood contact surfaces"
1124,"20131230",103149,"Low Risk","Wiping cloths not clean or properly stored or inadequate sanitizer"
1124,"20131230",103144,"Low Risk","Unapproved or unmaintained equipment or utensils"
1124,"20131230",103142,"Low Risk","Unclean nonfood contact surfaces"
1124,"20131230",103154,"Low Risk","Unclean or degraded floors walls or ceilings"
1124,"20120611",103149,"Low Risk","Wiping cloths not clean or properly stored or inadequate sanitizer"
1124,"20120611",103103,"High Risk","High risk food holding temperature "
1124,"20120611",103147,"Low Risk","Inadequate ventilation or lighting"
1124,"20120611",103124,"Moderate Risk","Inadequately cleaned or sanitized food contact surfaces"
1124,"20130206",103161,"Low Risk","Low risk vermin infestation"
1124,"20130206",103119,"Moderate Risk","Inadequate and inaccessible handwashing facilities"
1124,"20140625",103144,"Low Risk","Unapproved or unmaintained equipment or utensils"
1124,"20140625",103150,"Low Risk","Improper or defective plumbing"
1124,"20140625",103157,"Low Risk","Food safety certificate or food handler card not available"
1124,"20140625",103120,"Moderate Risk","Moderate risk food holding temperature "
1125,"20141202",103148,"Low Risk","No thermometers or uncalibrated thermometers "
1125,"20141202",103154,"Low Risk","Unclean or degraded floors walls or ceilings"
1125,"20141202",103149,"Low Risk","Wiping cloths not clean or properly stored or inadequate sanitizer"
1125,"20131025",103103,"High Risk","High risk food holding temperature "
1125,"20131025",103142,"Low Risk","Unclean nonfood contact surfaces"
1125,"20121009",103154,"Low Risk","Unclean or degraded floors walls or ceilings"
1125,"20140606",103103,"High Risk","High risk food holding temperature "
1125,"20140606",103109,"High Risk","Unclean or unsanitary food contact surfaces"
1127,"20140916",103149,"Low Risk","Wiping cloths not clean or properly stored or inadequate sanitizer"
1127,"20140916",103154,"Low Risk","Unclean or degraded floors walls or ceilings"
1127,"20140916",103124,"Moderate Risk","Inadequately cleaned or sanitized food contact surfaces"
1127,"20140916",103148,"Low Risk","No thermometers or uncalibrated thermometers "
1127,"20140307",103154,"Low Risk","Unclean or degraded floors walls or ceilings"
1127,"20140307",103148,"Low Risk","No thermometers or uncalibrated thermometers "
1127,"20140307",103131,"Moderate Risk","Moderate risk vermin infestation"
1135,"20150310",103144,"Low Risk","Unapproved or unmaintained equipment or utensils"
1135,"20150310",103120,"Moderate Risk","Moderate risk food holding temperature "
1135,"20150310",103124,"Moderate Risk","Inadequately cleaned or sanitized food contact surfaces"
1135,"20130205",103150,"Low Risk","Improper or defective plumbing"
1135,"20130205",103118,"Moderate Risk","Employee eating or smoking"
1139,"20150501",103121,"Moderate Risk","Inadequate procedures or records for time as a public health control "
1139,"20150501",103154,"Low Risk","Unclean or degraded floors walls or ceilings"
1139,"20150501",103138,"Low Risk","Improper storage use or identification of toxic substances"
1139,"20150501",103139,"Low Risk","Improper food storage"
1139,"20150501",103142,"Low Risk","Unclean nonfood contact surfaces"
1139,"20150501",103103,"High Risk","High risk food holding temperature "
1139,"20150501",103145,"Low Risk","Improper storage of equipment utensils or linens"
1139,"20130403",103142,"Low Risk","Unclean nonfood contact surfaces"
1139,"20130403",103114,"High Risk","High risk vermin infestation"
1139,"20130403",103112,"High Risk","No hot water or running water"
1144,"20141125",103145,"Low Risk","Improper storage of equipment utensils or linens"
1144,"20141125",103142,"Low Risk","Unclean nonfood contact surfaces"
1144,"20141125",103139,"Low Risk","Improper food storage"
1144,"20141125",103109,"High Risk","Unclean or unsanitary food contact surfaces"
1144,"20141125",103114,"High Risk","High risk vermin infestation"
1144,"20141125",103133,"Moderate Risk","Foods not protected from contamination"
1144,"20141125",103156,"Low Risk","Permit license or inspection report not posted"
1144,"20130819",103131,"Moderate Risk","Moderate risk vermin infestation"
1144,"20130819",103109,"High Risk","Unclean or unsanitary food contact surfaces"
1144,"20130819",103133,"Moderate Risk","Foods not protected from contamination"
1144,"20130819",103144,"Low Risk","Unapproved or unmaintained equipment or utensils"
1144,"20140325",103154,"Low Risk","Unclean or degraded floors walls or ceilings"
1144,"20140325",103144,"Low Risk","Unapproved or unmaintained equipment or utensils"
1144,"20140325",103133,"Moderate Risk","Foods not protected from contamination"
1144,"20140325",103149,"Low Risk","Wiping cloths not clean or properly stored or inadequate sanitizer"
1144,"20140325",103116,"Moderate Risk","Inadequate food safety knowledge or lack of certified food safety manager"
1144,"20140325",103109,"High Risk","Unclean or unsanitary food contact surfaces"
1144,"20121127",103133,"Moderate Risk","Foods not protected from contamination"
1146,"20150122",103145,"Low Risk","Improper storage of equipment utensils or linens"
1146,"20150122",103139,"Low Risk","Improper food storage"
1146,"20150122",103108,"High Risk","Contaminated or adulterated food"
1146,"20150122",103144,"Low Risk","Unapproved or unmaintained equipment or utensils"
1146,"20150122",103154,"Low Risk","Unclean or degraded floors walls or ceilings"
1146,"20150122",103148,"Low Risk","No thermometers or uncalibrated thermometers "
1146,"20130711",103142,"Low Risk","Unclean nonfood contact surfaces"
1146,"20130711",103154,"Low Risk","Unclean or degraded floors walls or ceilings"
1146,"20130711",103139,"Low Risk","Improper food storage"
1146,"20130711",103133,"Moderate Risk","Foods not protected from contamination"
1146,"20130711",103124,"Moderate Risk","Inadequately cleaned or sanitized food contact surfaces"
1146,"20130711",103120,"Moderate Risk","Moderate risk food holding temperature "
1146,"20131107",103124,"Moderate Risk","Inadequately cleaned or sanitized food contact surfaces"
1146,"20131107",103103,"High Risk","High risk food holding temperature "
1146,"20131107",103139,"Low Risk","Improper food storage"
1146,"20131107",103119,"Moderate Risk","Inadequate and inaccessible handwashing facilities"
1146,"20131107",103105,"High Risk","Improper cooling methods"
1146,"20131107",103156,"Low Risk","Permit license or inspection report not posted"
1146,"20131107",103158,"Low Risk","Unpermitted food facility"
1146,"20131107",103145,"Low Risk","Improper storage of equipment utensils or linens"
1146,"20121012",103124,"Moderate Risk","Inadequately cleaned or sanitized food contact surfaces"
1146,"20121012",103154,"Low Risk","Unclean or degraded floors walls or ceilings"
1146,"20120731",103120,"Moderate Risk","Moderate risk food holding temperature "
1146,"20120731",103139,"Low Risk","Improper food storage"
1146,"20120731",103124,"Moderate Risk","Inadequately cleaned or sanitized food contact surfaces"
1146,"20120731",103133,"Moderate Risk","Foods not protected from contamination"
1146,"20120731",103154,"Low Risk","Unclean or degraded floors walls or ceilings"
1146,"20121012",103120,"Moderate Risk","Moderate risk food holding temperature "
1146,"20140530",103131,"Moderate Risk","Moderate risk vermin infestation"
1146,"20140530",103139,"Low Risk","Improper food storage"
1146,"20140530",103154,"Low Risk","Unclean or degraded floors walls or ceilings"
1146,"20140530",103142,"Low Risk","Unclean nonfood contact surfaces"
1146,"20140530",103149,"Low Risk","Wiping cloths not clean or properly stored or inadequate sanitizer"
1147,"20150203",103161,"Low Risk","Low risk vermin infestation"
1151,"20150306",103157,"Low Risk","Food safety certificate or food handler card not available"
1151,"20150306",103139,"Low Risk","Improper food storage"
1151,"20140127",103154,"Low Risk","Unclean or degraded floors walls or ceilings"
1151,"20140127",103139,"Low Risk","Improper food storage"
1151,"20140127",103156,"Low Risk","Permit license or inspection report not posted"
1151,"20140127",103124,"Moderate Risk","Inadequately cleaned or sanitized food contact surfaces"
1151,"20130207",103157,"Low Risk","Food safety certificate or food handler card not available"
1151,"20130207",103142,"Low Risk","Unclean nonfood contact surfaces"
1154,"20131021",103138,"Low Risk","Improper storage use or identification of toxic substances"
1154,"20131021",103142,"Low Risk","Unclean nonfood contact surfaces"
1154,"20130426",103154,"Low Risk","Unclean or degraded floors walls or ceilings"
1154,"20130426",103103,"High Risk","High risk food holding temperature "
1154,"20130426",103161,"Low Risk","Low risk vermin infestation"
1154,"20140417",103103,"High Risk","High risk food holding temperature "
1154,"20121101",103118,"Moderate Risk","Employee eating or smoking"
1154,"20121101",103124,"Moderate Risk","Inadequately cleaned or sanitized food contact surfaces"
1154,"20121101",103120,"Moderate Risk","Moderate risk food holding temperature "
1156,"20150317",103109,"High Risk","Unclean or unsanitary food contact surfaces"
1156,"20130424",103156,"Low Risk","Permit license or inspection report not posted"
1156,"20130424",103154,"Low Risk","Unclean or degraded floors walls or ceilings"
1156,"20130424",103157,"Low Risk","Food safety certificate or food handler card not available"
1156,"20140618",103152,"Low Risk","Unclean unmaintained or improperly constructed toilet facilities"
1156,"20140618",103131,"Moderate Risk","Moderate risk vermin infestation"
1157,"20140916",103133,"Moderate Risk","Foods not protected from contamination"
1157,"20140916",103149,"Low Risk","Wiping cloths not clean or properly stored or inadequate sanitizer"
1157,"20130828",103103,"High Risk","High risk food holding temperature "
1157,"20130828",103139,"Low Risk","Improper food storage"
1157,"20130828",103124,"Moderate Risk","Inadequately cleaned or sanitized food contact surfaces"
1157,"20140220",103154,"Low Risk","Unclean or degraded floors walls or ceilings"
1157,"20140220",103150,"Low Risk","Improper or defective plumbing"
1157,"20140220",103144,"Low Risk","Unapproved or unmaintained equipment or utensils"
1157,"20140220",103139,"Low Risk","Improper food storage"
1157,"20140220",103142,"Low Risk","Unclean nonfood contact surfaces"
1157,"20121026",103144,"Low Risk","Unapproved or unmaintained equipment or utensils"
1157,"20121026",103124,"Moderate Risk","Inadequately cleaned or sanitized food contact surfaces"
1157,"20121026",103154,"Low Risk","Unclean or degraded floors walls or ceilings"
1159,"20130430",103142,"Low Risk","Unclean nonfood contact surfaces"
1159,"20130430",103149,"Low Risk","Wiping cloths not clean or properly stored or inadequate sanitizer"
1159,"20120822",103156,"Low Risk","Permit license or inspection report not posted"
1159,"20120709",103120,"Moderate Risk","Moderate risk food holding temperature "
1159,"20120709",103145,"Low Risk","Improper storage of equipment utensils or linens"
1159,"20120709",103157,"Low Risk","Food safety certificate or food handler card not available"
1159,"20120914",103139,"Low Risk","Improper food storage"
1159,"20120914",103142,"Low Risk","Unclean nonfood contact surfaces"
1159,"20120914",103154,"Low Risk","Unclean or degraded floors walls or ceilings"
1159,"20140602",103157,"Low Risk","Food safety certificate or food handler card not available"
1159,"20140602",103142,"Low Risk","Unclean nonfood contact surfaces"
1159,"20140602",103149,"Low Risk","Wiping cloths not clean or properly stored or inadequate sanitizer"
1159,"20140602",103150,"Low Risk","Improper or defective plumbing"
1172,"20140303",103149,"Low Risk","Wiping cloths not clean or properly stored or inadequate sanitizer"
1172,"20120717",103144,"Low Risk","Unapproved or unmaintained equipment or utensils"
1172,"20120717",103102,"High Risk","Unclean hands or improper use of gloves"
1172,"20140730",103144,"Low Risk","Unapproved or unmaintained equipment or utensils"
1186,"20131125",103150,"Low Risk","Improper or defective plumbing"
1186,"20131125",103133,"Moderate Risk","Foods not protected from contamination"
1186,"20131125",103154,"Low Risk","Unclean or degraded floors walls or ceilings"
1186,"20140429",103154,"Low Risk","Unclean or degraded floors walls or ceilings"
1186,"20140429",103147,"Low Risk","Inadequate ventilation or lighting"
1186,"20140429",103156,"Low Risk","Permit license or inspection report not posted"
1186,"20140429",103150,"Low Risk","Improper or defective plumbing"
1186,"20140429",103133,"Moderate Risk","Foods not protected from contamination"
1186,"20121025",103152,"Low Risk","Unclean unmaintained or improperly constructed toilet facilities"
1186,"20121025",103119,"Moderate Risk","Inadequate and inaccessible handwashing facilities"
1186,"20121025",103133,"Moderate Risk","Foods not protected from contamination"
1186,"20121025",103112,"High Risk","No hot water or running water"
1186,"20121025",103147,"Low Risk","Inadequate ventilation or lighting"
1186,"20121025",103131,"Moderate Risk","Moderate risk vermin infestation"
1186,"20121025",103154,"Low Risk","Unclean or degraded floors walls or ceilings"
1190,"20140820",103120,"Moderate Risk","Moderate risk food holding temperature "
1190,"20150309",103133,"Moderate Risk","Foods not protected from contamination"
1190,"20150309",103144,"Low Risk","Unapproved or unmaintained equipment or utensils"
1190,"20150309",103119,"Moderate Risk","Inadequate and inaccessible handwashing facilities"
1190,"20150309",103120,"Moderate Risk","Moderate risk food holding temperature "
1190,"20130814",103108,"High Risk","Contaminated or adulterated food"
1190,"20130814",103123,"Moderate Risk","Food in poor condition"
1190,"20130814",103139,"Low Risk","Improper food storage"
1190,"20140303",103102,"High Risk","Unclean hands or improper use of gloves"
1190,"20140303",103120,"Moderate Risk","Moderate risk food holding temperature "
1190,"20140303",103124,"Moderate Risk","Inadequately cleaned or sanitized food contact surfaces"
1190,"20140303",103133,"Moderate Risk","Foods not protected from contamination"
1190,"20130205",103119,"Moderate Risk","Inadequate and inaccessible handwashing facilities"
1190,"20130205",103133,"Moderate Risk","Foods not protected from contamination"
1190,"20130205",103124,"Moderate Risk","Inadequately cleaned or sanitized food contact surfaces"
1191,"20140618",103144,"Low Risk","Unapproved or unmaintained equipment or utensils"
1191,"20140618",103129,"Moderate Risk","Insufficient hot water or running water"
1191,"20140618",103139,"Low Risk","Improper food storage"
1191,"20140618",103161,"Low Risk","Low risk vermin infestation"
1191,"20140618",103154,"Low Risk","Unclean or degraded floors walls or ceilings"
1193,"20150601",103144,"Low Risk","Unapproved or unmaintained equipment or utensils"
1193,"20140422",103142,"Low Risk","Unclean nonfood contact surfaces"
1193,"20130212",103119,"Moderate Risk","Inadequate and inaccessible handwashing facilities"
1193,"20130212",103156,"Low Risk","Permit license or inspection report not posted"
1193,"20130212",103154,"Low Risk","Unclean or degraded floors walls or ceilings"
1193,"20130212",103124,"Moderate Risk","Inadequately cleaned or sanitized food contact surfaces"
1193,"20130212",103142,"Low Risk","Unclean nonfood contact surfaces"
1194,"20130214",103145,"Low Risk","Improper storage of equipment utensils or linens"
1194,"20130214",103156,"Low Risk","Permit license or inspection report not posted"
1199,"20150310",103144,"Low Risk","Unapproved or unmaintained equipment or utensils"
1199,"20130219",103119,"Moderate Risk","Inadequate and inaccessible handwashing facilities"
1199,"20130219",103142,"Low Risk","Unclean nonfood contact surfaces"
1199,"20130219",103144,"Low Risk","Unapproved or unmaintained equipment or utensils"
1199,"20130219",103145,"Low Risk","Improper storage of equipment utensils or linens"
1203,"20141209",103154,"Low Risk","Unclean or degraded floors walls or ceilings"
1203,"20130726",103124,"Moderate Risk","Inadequately cleaned or sanitized food contact surfaces"
1203,"20130726",103145,"Low Risk","Improper storage of equipment utensils or linens"
1203,"20140311",103144,"Low Risk","Unapproved or unmaintained equipment or utensils"
1203,"20140311",103124,"Moderate Risk","Inadequately cleaned or sanitized food contact surfaces"
1203,"20120711",103144,"Low Risk","Unapproved or unmaintained equipment or utensils"
1203,"20120711",103124,"Moderate Risk","Inadequately cleaned or sanitized food contact surfaces"
1203,"20130207",103133,"Moderate Risk","Foods not protected from contamination"
1203,"20130207",103144,"Low Risk","Unapproved or unmaintained equipment or utensils"
1204,"20141021",103118,"Moderate Risk","Employee eating or smoking"
1204,"20141021",103120,"Moderate Risk","Moderate risk food holding temperature "
1204,"20131212",103119,"Moderate Risk","Inadequate and inaccessible handwashing facilities"
1204,"20131212",103124,"Moderate Risk","Inadequately cleaned or sanitized food contact surfaces"
1204,"20130228",103149,"Low Risk","Wiping cloths not clean or properly stored or inadequate sanitizer"
1204,"20130228",103138,"Low Risk","Improper storage use or identification of toxic substances"
1204,"20140410",103120,"Moderate Risk","Moderate risk food holding temperature "
1204,"20120815",103129,"Moderate Risk","Insufficient hot water or running water"
1204,"20120815",103124,"Moderate Risk","Inadequately cleaned or sanitized food contact surfaces"
1204,"20120815",103154,"Low Risk","Unclean or degraded floors walls or ceilings"
1204,"20120815",103149,"Low Risk","Wiping cloths not clean or properly stored or inadequate sanitizer"
1204,"20120815",103133,"Moderate Risk","Foods not protected from contamination"
1204,"20130228",103116,"Moderate Risk","Inadequate food safety knowledge or lack of certified food safety manager"
1207,"20121213",103124,"Moderate Risk","Inadequately cleaned or sanitized food contact surfaces"
1207,"20121213",103157,"Low Risk","Food safety certificate or food handler card not available"
1208,"20150311",103129,"Moderate Risk","Insufficient hot water or running water"
1208,"20150311",103121,"Moderate Risk","Inadequate procedures or records for time as a public health control "
1208,"20150311",103116,"Moderate Risk","Inadequate food safety knowledge or lack of certified food safety manager"
1208,"20130612",103145,"Low Risk","Improper storage of equipment utensils or linens"
1208,"20130612",103105,"High Risk","Improper cooling methods"
1208,"20140328",103142,"Low Risk","Unclean nonfood contact surfaces"
1208,"20140328",103145,"Low Risk","Improper storage of equipment utensils or linens"
1208,"20140328",103149,"Low Risk","Wiping cloths not clean or properly stored or inadequate sanitizer"
1208,"20140328",103157,"Low Risk","Food safety certificate or food handler card not available"
1208,"20140328",103104,"High Risk","Unauthorized or unsafe use of time as a public health control measure"
1208,"20121107",103139,"Low Risk","Improper food storage"
1208,"20121107",103149,"Low Risk","Wiping cloths not clean or properly stored or inadequate sanitizer"
1208,"20121107",103144,"Low Risk","Unapproved or unmaintained equipment or utensils"
1208,"20121107",103142,"Low Risk","Unclean nonfood contact surfaces"
1216,"20150112",103142,"Low Risk","Unclean nonfood contact surfaces"
1216,"20150112",103144,"Low Risk","Unapproved or unmaintained equipment or utensils"
1216,"20150112",103145,"Low Risk","Improper storage of equipment utensils or linens"
1216,"20150112",103124,"Moderate Risk","Inadequately cleaned or sanitized food contact surfaces"
1216,"20150112",103119,"Moderate Risk","Inadequate and inaccessible handwashing facilities"
1216,"20150112",103131,"Moderate Risk","Moderate risk vermin infestation"
1216,"20150112",103116,"Moderate Risk","Inadequate food safety knowledge or lack of certified food safety manager"
1216,"20150112",103133,"Moderate Risk","Foods not protected from contamination"
1216,"20150129",103103,"High Risk","High risk food holding temperature "
1216,"20150129",103114,"High Risk","High risk vermin infestation"
1216,"20130719",103154,"Low Risk","Unclean or degraded floors walls or ceilings"
1216,"20130719",103147,"Low Risk","Inadequate ventilation or lighting"
1216,"20130719",103161,"Low Risk","Low risk vermin infestation"
1216,"20130719",103143,"Low Risk","Inadequate warewashing facilities or equipment"
1216,"20130719",103144,"Low Risk","Unapproved or unmaintained equipment or utensils"
1216,"20130719",103159,"Low Risk","Worker safety hazards"
1216,"20130719",103124,"Moderate Risk","Inadequately cleaned or sanitized food contact surfaces"
1216,"20130719",103119,"Moderate Risk","Inadequate and inaccessible handwashing facilities"
1216,"20130719",103139,"Low Risk","Improper food storage"
1216,"20130719",103133,"Moderate Risk","Foods not protected from contamination"
1216,"20140219",103154,"Low Risk","Unclean or degraded floors walls or ceilings"
1216,"20140219",103149,"Low Risk","Wiping cloths not clean or properly stored or inadequate sanitizer"
1216,"20140219",103144,"Low Risk","Unapproved or unmaintained equipment or utensils"
1216,"20140219",103143,"Low Risk","Inadequate warewashing facilities or equipment"
1216,"20140219",103133,"Moderate Risk","Foods not protected from contamination"
1216,"20140219",103124,"Moderate Risk","Inadequately cleaned or sanitized food contact surfaces"
1216,"20140219",103147,"Low Risk","Inadequate ventilation or lighting"
1216,"20140219",103131,"Moderate Risk","Moderate risk vermin infestation"
1216,"20120823",103114,"High Risk","High risk vermin infestation"
1216,"20120823",103149,"Low Risk","Wiping cloths not clean or properly stored or inadequate sanitizer"
1219,"20141215",103145,"Low Risk","Improper storage of equipment utensils or linens"
1219,"20141215",103147,"Low Risk","Inadequate ventilation or lighting"
1219,"20141215",103120,"Moderate Risk","Moderate risk food holding temperature "
1219,"20141215",103129,"Moderate Risk","Insufficient hot water or running water"
1219,"20130830",103149,"Low Risk","Wiping cloths not clean or properly stored or inadequate sanitizer"
1219,"20130830",103102,"High Risk","Unclean hands or improper use of gloves"
1219,"20140416",103147,"Low Risk","Inadequate ventilation or lighting"
1219,"20140416",103154,"Low Risk","Unclean or degraded floors walls or ceilings"
1219,"20120907",103119,"Moderate Risk","Inadequate and inaccessible handwashing facilities"
1219,"20120907",103148,"Low Risk","No thermometers or uncalibrated thermometers "
1219,"20120907",103149,"Low Risk","Wiping cloths not clean or properly stored or inadequate sanitizer"
1231,"20130801",103103,"High Risk","High risk food holding temperature "
1231,"20130801",103109,"High Risk","Unclean or unsanitary food contact surfaces"
1231,"20130801",103116,"Moderate Risk","Inadequate food safety knowledge or lack of certified food safety manager"
1231,"20140204",103156,"Low Risk","Permit license or inspection report not posted"
1231,"20140204",103139,"Low Risk","Improper food storage"
1231,"20140204",103149,"Low Risk","Wiping cloths not clean or properly stored or inadequate sanitizer"
1231,"20140204",103156,"Low Risk","Permit license or inspection report not posted"
1231,"20140204",103139,"Low Risk","Improper food storage"
1231,"20140204",103149,"Low Risk","Wiping cloths not clean or properly stored or inadequate sanitizer"
1231,"20120926",103133,"Moderate Risk","Foods not protected from contamination"
1231,"20120926",103154,"Low Risk","Unclean or degraded floors walls or ceilings"
1231,"20120926",103148,"Low Risk","No thermometers or uncalibrated thermometers "
1231,"20130123",103139,"Low Risk","Improper food storage"
1231,"20130123",103116,"Moderate Risk","Inadequate food safety knowledge or lack of certified food safety manager"
1232,"20150226",103120,"Moderate Risk","Moderate risk food holding temperature "
1232,"20130911",103156,"Low Risk","Permit license or inspection report not posted"
1232,"20130911",103154,"Low Risk","Unclean or degraded floors walls or ceilings"
1232,"20130911",103142,"Low Risk","Unclean nonfood contact surfaces"
1232,"20130911",103116,"Moderate Risk","Inadequate food safety knowledge or lack of certified food safety manager"
1232,"20120628",103149,"Low Risk","Wiping cloths not clean or properly stored or inadequate sanitizer"
1232,"20120628",103124,"Moderate Risk","Inadequately cleaned or sanitized food contact surfaces"
1232,"20120628",103120,"Moderate Risk","Moderate risk food holding temperature "
1232,"20120628",103116,"Moderate Risk","Inadequate food safety knowledge or lack of certified food safety manager"
1232,"20130123",103120,"Moderate Risk","Moderate risk food holding temperature "
1232,"20130123",103157,"Low Risk","Food safety certificate or food handler card not available"
1232,"20130123",103154,"Low Risk","Unclean or degraded floors walls or ceilings"
1232,"20140602",103116,"Moderate Risk","Inadequate food safety knowledge or lack of certified food safety manager"
1232,"20140602",103133,"Moderate Risk","Foods not protected from contamination"
1241,"20130828",103120,"Moderate Risk","Moderate risk food holding temperature "
1241,"20130828",103142,"Low Risk","Unclean nonfood contact surfaces"
1241,"20130828",103109,"High Risk","Unclean or unsanitary food contact surfaces"
1241,"20130313",103103,"High Risk","High risk food holding temperature "
1241,"20130313",103121,"Moderate Risk","Inadequate procedures or records for time as a public health control "
1241,"20140314",103124,"Moderate Risk","Inadequately cleaned or sanitized food contact surfaces"
1241,"20140314",103120,"Moderate Risk","Moderate risk food holding temperature "
1241,"20120817",103120,"Moderate Risk","Moderate risk food holding temperature "
1241,"20120817",103149,"Low Risk","Wiping cloths not clean or properly stored or inadequate sanitizer"
1241,"20120817",103133,"Moderate Risk","Foods not protected from contamination"
1241,"20140805",103149,"Low Risk","Wiping cloths not clean or properly stored or inadequate sanitizer"
1241,"20140805",103119,"Moderate Risk","Inadequate and inaccessible handwashing facilities"
1241,"20140805",103120,"Moderate Risk","Moderate risk food holding temperature "
1241,"20140805",103142,"Low Risk","Unclean nonfood contact surfaces"
1243,"20140123",103154,"Low Risk","Unclean or degraded floors walls or ceilings"
1243,"20140123",103144,"Low Risk","Unapproved or unmaintained equipment or utensils"
1243,"20140123",103133,"Moderate Risk","Foods not protected from contamination"
1243,"20130606",103142,"Low Risk","Unclean nonfood contact surfaces"
1243,"20130606",103114,"High Risk","High risk vermin infestation"
1243,"20130606",103139,"Low Risk","Improper food storage"
1243,"20130606",103144,"Low Risk","Unapproved or unmaintained equipment or utensils"
1243,"20130606",103145,"Low Risk","Improper storage of equipment utensils or linens"
1243,"20130606",103149,"Low Risk","Wiping cloths not clean or properly stored or inadequate sanitizer"
1243,"20140729",103138,"Low Risk","Improper storage use or identification of toxic substances"
1243,"20140729",103154,"Low Risk","Unclean or degraded floors walls or ceilings"
1243,"20140729",103153,"Low Risk","Inadequate dressing rooms or improper storage of personal items"
1243,"20140729",103143,"Low Risk","Inadequate warewashing facilities or equipment"
1244,"20130326",103161,"Low Risk","Low risk vermin infestation"
1244,"20130326",103114,"High Risk","High risk vermin infestation"
1244,"20130326",103116,"Moderate Risk","Inadequate food safety knowledge or lack of certified food safety manager"
1244,"20130326",103142,"Low Risk","Unclean nonfood contact surfaces"
1244,"20130326",103155,"Low Risk","Unapproved  living quarters in food facility"
1244,"20120813",103154,"Low Risk","Unclean or degraded floors walls or ceilings"
1244,"20120813",103157,"Low Risk","Food safety certificate or food handler card not available"
1244,"20140721",103142,"Low Risk","Unclean nonfood contact surfaces"
1244,"20140721",103129,"Moderate Risk","Insufficient hot water or running water"
1244,"20140721",103144,"Low Risk","Unapproved or unmaintained equipment or utensils"
1244,"20140721",103109,"High Risk","Unclean or unsanitary food contact surfaces"
1244,"20140721",103116,"Moderate Risk","Inadequate food safety knowledge or lack of certified food safety manager"
1244,"20140721",103143,"Low Risk","Inadequate warewashing facilities or equipment"
1249,"20150224",103134,"Moderate Risk","Other moderate risk violation"
1249,"20150224",103114,"High Risk","High risk vermin infestation"
1249,"20150224",103105,"High Risk","Improper cooling methods"
1249,"20150224",103103,"High Risk","High risk food holding temperature "
1249,"20150224",103154,"Low Risk","Unclean or degraded floors walls or ceilings"
1249,"20140108",103139,"Low Risk","Improper food storage"
1249,"20140108",103147,"Low Risk","Inadequate ventilation or lighting"
1249,"20140108",103154,"Low Risk","Unclean or degraded floors walls or ceilings"
1249,"20140108",103120,"Moderate Risk","Moderate risk food holding temperature "
1249,"20130603",103154,"Low Risk","Unclean or degraded floors walls or ceilings"
1249,"20130603",103120,"Moderate Risk","Moderate risk food holding temperature "
1249,"20130603",103139,"Low Risk","Improper food storage"
1249,"20130603",103161,"Low Risk","Low risk vermin infestation"
1249,"20130603",103147,"Low Risk","Inadequate ventilation or lighting"
1249,"20130603",103149,"Low Risk","Wiping cloths not clean or properly stored or inadequate sanitizer"
1249,"20121212",103119,"Moderate Risk","Inadequate and inaccessible handwashing facilities"
1249,"20121212",103154,"Low Risk","Unclean or degraded floors walls or ceilings"
1249,"20121212",103161,"Low Risk","Low risk vermin infestation"
1249,"20140609",103131,"Moderate Risk","Moderate risk vermin infestation"
1249,"20140609",103103,"High Risk","High risk food holding temperature "
1259,"20150424",103144,"Low Risk","Unapproved or unmaintained equipment or utensils"
1259,"20150424",103141,"Low Risk","Improper food labeling or menu misrepresentation"
1259,"20150424",103119,"Moderate Risk","Inadequate and inaccessible handwashing facilities"
1259,"20130830",103116,"Moderate Risk","Inadequate food safety knowledge or lack of certified food safety manager"
1259,"20130830",103144,"Low Risk","Unapproved or unmaintained equipment or utensils"
1259,"20130830",103161,"Low Risk","Low risk vermin infestation"
1259,"20140404",103161,"Low Risk","Low risk vermin infestation"
1259,"20140404",103144,"Low Risk","Unapproved or unmaintained equipment or utensils"
1259,"20121219",103139,"Low Risk","Improper food storage"
1259,"20121219",103157,"Low Risk","Food safety certificate or food handler card not available"
1259,"20121219",103144,"Low Risk","Unapproved or unmaintained equipment or utensils"
1261,"20131009",103109,"High Risk","Unclean or unsanitary food contact surfaces"
1261,"20131009",103131,"Moderate Risk","Moderate risk vermin infestation"
1261,"20131009",103120,"Moderate Risk","Moderate risk food holding temperature "
1261,"20131009",103121,"Moderate Risk","Inadequate procedures or records for time as a public health control "
1261,"20131017",103102,"High Risk","Unclean hands or improper use of gloves"
1261,"20121029",103145,"Low Risk","Improper storage of equipment utensils or linens"
1261,"20121029",103103,"High Risk","High risk food holding temperature "
1261,"20121029",103124,"Moderate Risk","Inadequately cleaned or sanitized food contact surfaces"
1261,"20121029",103131,"Moderate Risk","Moderate risk vermin infestation"
1261,"20121029",103133,"Moderate Risk","Foods not protected from contamination"
1261,"20130115",103149,"Low Risk","Wiping cloths not clean or properly stored or inadequate sanitizer"
1261,"20130115",103161,"Low Risk","Low risk vermin infestation"
1261,"20130115",103105,"High Risk","Improper cooling methods"
1261,"20140618",103133,"Moderate Risk","Foods not protected from contamination"
1261,"20140618",103120,"Moderate Risk","Moderate risk food holding temperature "
1261,"20140618",103121,"Moderate Risk","Inadequate procedures or records for time as a public health control "
1261,"20140618",103131,"Moderate Risk","Moderate risk vermin infestation"
1262,"20130725",103109,"High Risk","Unclean or unsanitary food contact surfaces"
1262,"20130725",103138,"Low Risk","Improper storage use or identification of toxic substances"
1262,"20130725",103131,"Moderate Risk","Moderate risk vermin infestation"
1262,"20130725",103120,"Moderate Risk","Moderate risk food holding temperature "
1262,"20130725",103116,"Moderate Risk","Inadequate food safety knowledge or lack of certified food safety manager"
1262,"20140430",103142,"Low Risk","Unclean nonfood contact surfaces"
1262,"20140430",103145,"Low Risk","Improper storage of equipment utensils or linens"
1262,"20140430",103133,"Moderate Risk","Foods not protected from contamination"
1262,"20140430",103131,"Moderate Risk","Moderate risk vermin infestation"
1262,"20140430",103120,"Moderate Risk","Moderate risk food holding temperature "
1262,"20121211",103129,"Moderate Risk","Insufficient hot water or running water"
1262,"20121211",103105,"High Risk","Improper cooling methods"
1262,"20121211",103107,"High Risk","Improper reheating of food"
1262,"20121211",103109,"High Risk","Unclean or unsanitary food contact surfaces"
1262,"20121211",103131,"Moderate Risk","Moderate risk vermin infestation"
1262,"20121211",103120,"Moderate Risk","Moderate risk food holding temperature "
1262,"20121211",103139,"Low Risk","Improper food storage"
1263,"20130531",103131,"Moderate Risk","Moderate risk vermin infestation"
1263,"20130531",103142,"Low Risk","Unclean nonfood contact surfaces"
1263,"20130531",103139,"Low Risk","Improper food storage"
1263,"20130531",103120,"Moderate Risk","Moderate risk food holding temperature "
1263,"20140318",103131,"Moderate Risk","Moderate risk vermin infestation"
1263,"20140318",103103,"High Risk","High risk food holding temperature "
1263,"20140318",103124,"Moderate Risk","Inadequately cleaned or sanitized food contact surfaces"
1263,"20120820",103145,"Low Risk","Improper storage of equipment utensils or linens"
1263,"20120820",103124,"Moderate Risk","Inadequately cleaned or sanitized food contact surfaces"
1263,"20120820",103120,"Moderate Risk","Moderate risk food holding temperature "
1263,"20120820",103119,"Moderate Risk","Inadequate and inaccessible handwashing facilities"
1263,"20120925",103139,"Low Risk","Improper food storage"
1265,"20131106",103139,"Low Risk","Improper food storage"
1265,"20131106",103144,"Low Risk","Unapproved or unmaintained equipment or utensils"
1265,"20130321",103120,"Moderate Risk","Moderate risk food holding temperature "
1265,"20130321",103142,"Low Risk","Unclean nonfood contact surfaces"
1265,"20130321",103123,"Moderate Risk","Food in poor condition"
1265,"20130321",103131,"Moderate Risk","Moderate risk vermin infestation"
1265,"20130321",103139,"Low Risk","Improper food storage"
1265,"20140530",103144,"Low Risk","Unapproved or unmaintained equipment or utensils"
1266,"20130823",103144,"Low Risk","Unapproved or unmaintained equipment or utensils"
1266,"20130823",103120,"Moderate Risk","Moderate risk food holding temperature "
1266,"20140428",103120,"Moderate Risk","Moderate risk food holding temperature "
1266,"20121227",103157,"Low Risk","Food safety certificate or food handler card not available"
1266,"20121227",103120,"Moderate Risk","Moderate risk food holding temperature "
1273,"20150323",103118,"Moderate Risk","Employee eating or smoking"
1273,"20140225",103142,"Low Risk","Unclean nonfood contact surfaces"
1273,"20140225",103139,"Low Risk","Improper food storage"
1273,"20140225",103114,"High Risk","High risk vermin infestation"
1273,"20130107",103157,"Low Risk","Food safety certificate or food handler card not available"
1274,"20150507",103102,"High Risk","Unclean hands or improper use of gloves"
1274,"20150507",103129,"Moderate Risk","Insufficient hot water or running water"
1274,"20150507",103131,"Moderate Risk","Moderate risk vermin infestation"
1274,"20150507",103149,"Low Risk","Wiping cloths not clean or properly stored or inadequate sanitizer"
1274,"20150507",103157,"Low Risk","Food safety certificate or food handler card not available"
1274,"20130731",103119,"Moderate Risk","Inadequate and inaccessible handwashing facilities"
1274,"20140130",103128,"Moderate Risk","Consumer advisory not provided for raw or undercooked foods"
1274,"20120924",103154,"Low Risk","Unclean or degraded floors walls or ceilings"
1274,"20120924",103157,"Low Risk","Food safety certificate or food handler card not available"
1274,"20120924",103156,"Low Risk","Permit license or inspection report not posted"
1274,"20130122",103114,"High Risk","High risk vermin infestation"
1274,"20130122",103103,"High Risk","High risk food holding temperature "
1280,"20131120",103131,"Moderate Risk","Moderate risk vermin infestation"
1280,"20131120",103142,"Low Risk","Unclean nonfood contact surfaces"
1282,"20150602",103149,"Low Risk","Wiping cloths not clean or properly stored or inadequate sanitizer"
1282,"20150602",103120,"Moderate Risk","Moderate risk food holding temperature "
1282,"20150602",103161,"Low Risk","Low risk vermin infestation"
1282,"20120928",103131,"Moderate Risk","Moderate risk vermin infestation"
1282,"20130128",103120,"Moderate Risk","Moderate risk food holding temperature "
1287,"20150506",103116,"Moderate Risk","Inadequate food safety knowledge or lack of certified food safety manager"
1287,"20150506",103157,"Low Risk","Food safety certificate or food handler card not available"
1287,"20150506",103154,"Low Risk","Unclean or degraded floors walls or ceilings"
1287,"20150506",103150,"Low Risk","Improper or defective plumbing"
1287,"20150506",103120,"Moderate Risk","Moderate risk food holding temperature "
1287,"20150506",103133,"Moderate Risk","Foods not protected from contamination"
1287,"20130729",103148,"Low Risk","No thermometers or uncalibrated thermometers "
1287,"20130729",103103,"High Risk","High risk food holding temperature "
1287,"20140121",103120,"Moderate Risk","Moderate risk food holding temperature "
1287,"20120820",103119,"Moderate Risk","Inadequate and inaccessible handwashing facilities"
1287,"20130114",103149,"Low Risk","Wiping cloths not clean or properly stored or inadequate sanitizer"
1287,"20130114",103124,"Moderate Risk","Inadequately cleaned or sanitized food contact surfaces"
1287,"20130114",103148,"Low Risk","No thermometers or uncalibrated thermometers "
1289,"20150323",103143,"Low Risk","Inadequate warewashing facilities or equipment"
1289,"20150323",103131,"Moderate Risk","Moderate risk vermin infestation"
1289,"20150323",103142,"Low Risk","Unclean nonfood contact surfaces"
1289,"20150323",103133,"Moderate Risk","Foods not protected from contamination"
1289,"20131022",103119,"Moderate Risk","Inadequate and inaccessible handwashing facilities"
1289,"20131022",103139,"Low Risk","Improper food storage"
1289,"20131022",103154,"Low Risk","Unclean or degraded floors walls or ceilings"
1289,"20130520",103149,"Low Risk","Wiping cloths not clean or properly stored or inadequate sanitizer"
1289,"20130520",103103,"High Risk","High risk food holding temperature "
1289,"20130520",103161,"Low Risk","Low risk vermin infestation"
1289,"20130520",103154,"Low Risk","Unclean or degraded floors walls or ceilings"
1289,"20140506",103153,"Low Risk","Inadequate dressing rooms or improper storage of personal items"
1289,"20140506",103139,"Low Risk","Improper food storage"
1289,"20140506",103154,"Low Risk","Unclean or degraded floors walls or ceilings"
1289,"20120723",103103,"High Risk","High risk food holding temperature "
1289,"20120723",103142,"Low Risk","Unclean nonfood contact surfaces"
1289,"20120723",103144,"Low Risk","Unapproved or unmaintained equipment or utensils"
1294,"20131029",103161,"Low Risk","Low risk vermin infestation"
1294,"20131029",103143,"Low Risk","Inadequate warewashing facilities or equipment"
1294,"20131029",103139,"Low Risk","Improper food storage"
1294,"20131029",103121,"Moderate Risk","Inadequate procedures or records for time as a public health control "
1294,"20130522",103118,"Moderate Risk","Employee eating or smoking"
1294,"20130522",103131,"Moderate Risk","Moderate risk vermin infestation"
1294,"20140506",103121,"Moderate Risk","Inadequate procedures or records for time as a public health control "
1294,"20140506",103154,"Low Risk","Unclean or degraded floors walls or ceilings"
1296,"20130417",103142,"Low Risk","Unclean nonfood contact surfaces"
1296,"20130417",103131,"Moderate Risk","Moderate risk vermin infestation"
1296,"20121026",103154,"Low Risk","Unclean or degraded floors walls or ceilings"
1300,"20131011",103150,"Low Risk","Improper or defective plumbing"
1300,"20131011",103131,"Moderate Risk","Moderate risk vermin infestation"
1300,"20130408",103156,"Low Risk","Permit license or inspection report not posted"
1300,"20140402",103154,"Low Risk","Unclean or degraded floors walls or ceilings"
1304,"20131030",103133,"Moderate Risk","Foods not protected from contamination"
1304,"20131030",103128,"Moderate Risk","Consumer advisory not provided for raw or undercooked foods"
1304,"20131030",103124,"Moderate Risk","Inadequately cleaned or sanitized food contact surfaces"
1304,"20131030",103120,"Moderate Risk","Moderate risk food holding temperature "
1304,"20130313",103131,"Moderate Risk","Moderate risk vermin infestation"
1304,"20130313",103120,"Moderate Risk","Moderate risk food holding temperature "
1304,"20130313",103138,"Low Risk","Improper storage use or identification of toxic substances"
1304,"20130313",103149,"Low Risk","Wiping cloths not clean or properly stored or inadequate sanitizer"
1304,"20140523",103124,"Moderate Risk","Inadequately cleaned or sanitized food contact surfaces"
1304,"20140523",103120,"Moderate Risk","Moderate risk food holding temperature "
1304,"20140523",103133,"Moderate Risk","Foods not protected from contamination"
1304,"20140523",103116,"Moderate Risk","Inadequate food safety knowledge or lack of certified food safety manager"
1318,"20141113",103143,"Low Risk","Inadequate warewashing facilities or equipment"
1318,"20141113",103124,"Moderate Risk","Inadequately cleaned or sanitized food contact surfaces"
1318,"20141113",103139,"Low Risk","Improper food storage"
1318,"20130925",103157,"Low Risk","Food safety certificate or food handler card not available"
1318,"20130925",103143,"Low Risk","Inadequate warewashing facilities or equipment"
1318,"20130925",103103,"High Risk","High risk food holding temperature "
1318,"20140611",103144,"Low Risk","Unapproved or unmaintained equipment or utensils"
1318,"20140611",103145,"Low Risk","Improper storage of equipment utensils or linens"
1322,"20131223",103154,"Low Risk","Unclean or degraded floors walls or ceilings"
1322,"20130314",103145,"Low Risk","Improper storage of equipment utensils or linens"
1322,"20130314",103150,"Low Risk","Improper or defective plumbing"
1322,"20140611",103116,"Moderate Risk","Inadequate food safety knowledge or lack of certified food safety manager"
1322,"20140611",103119,"Moderate Risk","Inadequate and inaccessible handwashing facilities"
1322,"20140611",103120,"Moderate Risk","Moderate risk food holding temperature "
1323,"20150120",103157,"Low Risk","Food safety certificate or food handler card not available"
1323,"20150120",103119,"Moderate Risk","Inadequate and inaccessible handwashing facilities"
1323,"20150120",103131,"Moderate Risk","Moderate risk vermin infestation"
1323,"20150120",103145,"Low Risk","Improper storage of equipment utensils or linens"
1323,"20150120",103142,"Low Risk","Unclean nonfood contact surfaces"
1323,"20130919",103156,"Low Risk","Permit license or inspection report not posted"
1323,"20130919",103139,"Low Risk","Improper food storage"
1323,"20130919",103143,"Low Risk","Inadequate warewashing facilities or equipment"
1323,"20130919",103153,"Low Risk","Inadequate dressing rooms or improper storage of personal items"
1323,"20130919",103154,"Low Risk","Unclean or degraded floors walls or ceilings"
1323,"20130919",103116,"Moderate Risk","Inadequate food safety knowledge or lack of certified food safety manager"
1323,"20120703",103156,"Low Risk","Permit license or inspection report not posted"
1323,"20120703",103154,"Low Risk","Unclean or degraded floors walls or ceilings"
1323,"20120703",103150,"Low Risk","Improper or defective plumbing"
1323,"20120703",103144,"Low Risk","Unapproved or unmaintained equipment or utensils"
1323,"20120703",103138,"Low Risk","Improper storage use or identification of toxic substances"
1327,"20140912",103102,"High Risk","Unclean hands or improper use of gloves"
1327,"20140912",103131,"Moderate Risk","Moderate risk vermin infestation"
1327,"20140912",103154,"Low Risk","Unclean or degraded floors walls or ceilings"
1327,"20140912",103124,"Moderate Risk","Inadequately cleaned or sanitized food contact surfaces"
1327,"20150319",103114,"High Risk","High risk vermin infestation"
1327,"20150319",103124,"Moderate Risk","Inadequately cleaned or sanitized food contact surfaces"
1327,"20150319",103116,"Moderate Risk","Inadequate food safety knowledge or lack of certified food safety manager"
1327,"20150319",103118,"Moderate Risk","Employee eating or smoking"
1327,"20150319",103120,"Moderate Risk","Moderate risk food holding temperature "
1327,"20150319",103157,"Low Risk","Food safety certificate or food handler card not available"
1327,"20150319",103154,"Low Risk","Unclean or degraded floors walls or ceilings"
1327,"20140121",103109,"High Risk","Unclean or unsanitary food contact surfaces"
1327,"20140121",103120,"Moderate Risk","Moderate risk food holding temperature "
1327,"20140121",103154,"Low Risk","Unclean or degraded floors walls or ceilings"
1327,"20130524",103119,"Moderate Risk","Inadequate and inaccessible handwashing facilities"
1327,"20130524",103124,"Moderate Risk","Inadequately cleaned or sanitized food contact surfaces"
1327,"20120620",103149,"Low Risk","Wiping cloths not clean or properly stored or inadequate sanitizer"
1327,"20120620",103131,"Moderate Risk","Moderate risk vermin infestation"
1327,"20120620",103129,"Moderate Risk","Insufficient hot water or running water"
1327,"20121128",103154,"Low Risk","Unclean or degraded floors walls or ceilings"
1327,"20121128",103133,"Moderate Risk","Foods not protected from contamination"
1327,"20121128",103161,"Low Risk","Low risk vermin infestation"
1327,"20140507",103133,"Moderate Risk","Foods not protected from contamination"
1327,"20140507",103119,"Moderate Risk","Inadequate and inaccessible handwashing facilities"
1327,"20140507",103161,"Low Risk","Low risk vermin infestation"
1332,"20140917",103139,"Low Risk","Improper food storage"
1332,"20140917",103131,"Moderate Risk","Moderate risk vermin infestation"
1332,"20140917",103119,"Moderate Risk","Inadequate and inaccessible handwashing facilities"
1332,"20140917",103103,"High Risk","High risk food holding temperature "
1332,"20140917",103154,"Low Risk","Unclean or degraded floors walls or ceilings"
1332,"20130724",103104,"High Risk","Unauthorized or unsafe use of time as a public health control measure"
1332,"20130724",103120,"Moderate Risk","Moderate risk food holding temperature "
1332,"20130724",103145,"Low Risk","Improper storage of equipment utensils or linens"
1332,"20130724",103154,"Low Risk","Unclean or degraded floors walls or ceilings"
1332,"20130724",103114,"High Risk","High risk vermin infestation"
1332,"20130724",103142,"Low Risk","Unclean nonfood contact surfaces"
1332,"20140220",103161,"Low Risk","Low risk vermin infestation"
1332,"20140220",103154,"Low Risk","Unclean or degraded floors walls or ceilings"
1332,"20140220",103153,"Low Risk","Inadequate dressing rooms or improper storage of personal items"
1332,"20140220",103139,"Low Risk","Improper food storage"
1337,"20140828",103149,"Low Risk","Wiping cloths not clean or properly stored or inadequate sanitizer"
1337,"20140828",103103,"High Risk","High risk food holding temperature "
1337,"20140828",103114,"High Risk","High risk vermin infestation"
1337,"20140828",103119,"Moderate Risk","Inadequate and inaccessible handwashing facilities"
1337,"20130819",103119,"Moderate Risk","Inadequate and inaccessible handwashing facilities"
1337,"20130819",103116,"Moderate Risk","Inadequate food safety knowledge or lack of certified food safety manager"
1337,"20130819",103145,"Low Risk","Improper storage of equipment utensils or linens"
1337,"20130819",103124,"Moderate Risk","Inadequately cleaned or sanitized food contact surfaces"
1337,"20130819",103108,"High Risk","Contaminated or adulterated food"
1337,"20140414",103119,"Moderate Risk","Inadequate and inaccessible handwashing facilities"
1337,"20140414",103131,"Moderate Risk","Moderate risk vermin infestation"
1337,"20140414",103120,"Moderate Risk","Moderate risk food holding temperature "
1337,"20140414",103105,"High Risk","Improper cooling methods"
1337,"20140414",103133,"Moderate Risk","Foods not protected from contamination"
1337,"20121206",103139,"Low Risk","Improper food storage"
1339,"20140908",103154,"Low Risk","Unclean or degraded floors walls or ceilings"
1339,"20140908",103157,"Low Risk","Food safety certificate or food handler card not available"
1339,"20140908",103156,"Low Risk","Permit license or inspection report not posted"
1339,"20150306",103149,"Low Risk","Wiping cloths not clean or properly stored or inadequate sanitizer"
1339,"20150306",103157,"Low Risk","Food safety certificate or food handler card not available"
1339,"20130808",103124,"Moderate Risk","Inadequately cleaned or sanitized food contact surfaces"
1339,"20130808",103157,"Low Risk","Food safety certificate or food handler card not available"
1339,"20130808",103119,"Moderate Risk","Inadequate and inaccessible handwashing facilities"
1339,"20140226",103103,"High Risk","High risk food holding temperature "
1339,"20140226",103143,"Low Risk","Inadequate warewashing facilities or equipment"
1339,"20121105",103154,"Low Risk","Unclean or degraded floors walls or ceilings"
1339,"20121105",103156,"Low Risk","Permit license or inspection report not posted"
1339,"20121105",103142,"Low Risk","Unclean nonfood contact surfaces"
1341,"20130802",103145,"Low Risk","Improper storage of equipment utensils or linens"
1341,"20130802",103149,"Low Risk","Wiping cloths not clean or properly stored or inadequate sanitizer"
1341,"20130802",103142,"Low Risk","Unclean nonfood contact surfaces"
1341,"20130802",103120,"Moderate Risk","Moderate risk food holding temperature "
1341,"20121024",103145,"Low Risk","Improper storage of equipment utensils or linens"
1341,"20121024",103120,"Moderate Risk","Moderate risk food holding temperature "
1341,"20140509",103138,"Low Risk","Improper storage use or identification of toxic substances"
1341,"20140509",103129,"Moderate Risk","Insufficient hot water or running water"
1341,"20140509",103149,"Low Risk","Wiping cloths not clean or properly stored or inadequate sanitizer"
1341,"20140509",103120,"Moderate Risk","Moderate risk food holding temperature "
1344,"20141112",103120,"Moderate Risk","Moderate risk food holding temperature "
1344,"20141112",103124,"Moderate Risk","Inadequately cleaned or sanitized food contact surfaces"
1344,"20141112",103138,"Low Risk","Improper storage use or identification of toxic substances"
1344,"20130520",103138,"Low Risk","Improper storage use or identification of toxic substances"
1344,"20130520",103161,"Low Risk","Low risk vermin infestation"
1344,"20130520",103149,"Low Risk","Wiping cloths not clean or properly stored or inadequate sanitizer"
1344,"20130520",103156,"Low Risk","Permit license or inspection report not posted"
1344,"20120907",103120,"Moderate Risk","Moderate risk food holding temperature "
1344,"20120907",103149,"Low Risk","Wiping cloths not clean or properly stored or inadequate sanitizer"
1344,"20120907",103145,"Low Risk","Improper storage of equipment utensils or linens"
1345,"20141118",103133,"Moderate Risk","Foods not protected from contamination"
1345,"20141118",103124,"Moderate Risk","Inadequately cleaned or sanitized food contact surfaces"
1345,"20141118",103132,"Moderate Risk","Improper thawing methods "
1345,"20141118",103131,"Moderate Risk","Moderate risk vermin infestation"
1345,"20140204",103154,"Low Risk","Unclean or degraded floors walls or ceilings"
1345,"20140204",103133,"Moderate Risk","Foods not protected from contamination"
1345,"20140204",103109,"High Risk","Unclean or unsanitary food contact surfaces"
1345,"20140204",103121,"Moderate Risk","Inadequate procedures or records for time as a public health control "
1345,"20130523",103116,"Moderate Risk","Inadequate food safety knowledge or lack of certified food safety manager"
1345,"20130523",103120,"Moderate Risk","Moderate risk food holding temperature "
1345,"20130523",103154,"Low Risk","Unclean or degraded floors walls or ceilings"
1345,"20120921",103119,"Moderate Risk","Inadequate and inaccessible handwashing facilities"
1345,"20120921",103121,"Moderate Risk","Inadequate procedures or records for time as a public health control "
1345,"20120921",103133,"Moderate Risk","Foods not protected from contamination"
1345,"20120921",103144,"Low Risk","Unapproved or unmaintained equipment or utensils"
1345,"20120921",103154,"Low Risk","Unclean or degraded floors walls or ceilings"
1347,"20150410",103103,"High Risk","High risk food holding temperature "
1347,"20150410",103157,"Low Risk","Food safety certificate or food handler card not available"
1347,"20150410",103144,"Low Risk","Unapproved or unmaintained equipment or utensils"
1347,"20150410",103107,"High Risk","Improper reheating of food"
1347,"20150410",103133,"Moderate Risk","Foods not protected from contamination"
1347,"20130821",103133,"Moderate Risk","Foods not protected from contamination"
1347,"20130821",103124,"Moderate Risk","Inadequately cleaned or sanitized food contact surfaces"
1347,"20130821",103105,"High Risk","Improper cooling methods"
1347,"20130821",103103,"High Risk","High risk food holding temperature "
1347,"20130821",103102,"High Risk","Unclean hands or improper use of gloves"
1347,"20130821",103161,"Low Risk","Low risk vermin infestation"
1347,"20140424",103105,"High Risk","Improper cooling methods"
1347,"20140424",103120,"Moderate Risk","Moderate risk food holding temperature "
1347,"20140424",103133,"Moderate Risk","Foods not protected from contamination"
1347,"20121107",103105,"High Risk","Improper cooling methods"
1347,"20121107",103120,"Moderate Risk","Moderate risk food holding temperature "
1347,"20121107",103133,"Moderate Risk","Foods not protected from contamination"
1347,"20121107",103131,"Moderate Risk","Moderate risk vermin infestation"
1350,"20140416",103120,"Moderate Risk","Moderate risk food holding temperature "
1350,"20140416",103149,"Low Risk","Wiping cloths not clean or properly stored or inadequate sanitizer"
1350,"20140416",103157,"Low Risk","Food safety certificate or food handler card not available"
1350,"20130129",103154,"Low Risk","Unclean or degraded floors walls or ceilings"
1350,"20130129",103149,"Low Risk","Wiping cloths not clean or properly stored or inadequate sanitizer"
1350,"20130129",103120,"Moderate Risk","Moderate risk food holding temperature "
1351,"20150302",103119,"Moderate Risk","Inadequate and inaccessible handwashing facilities"
1351,"20130508",103119,"Moderate Risk","Inadequate and inaccessible handwashing facilities"
1351,"20130508",103164,"N/A",
1351,"20130508",103154,"Low Risk","Unclean or degraded floors walls or ceilings"
1351,"20130508",103150,"Low Risk","Improper or defective plumbing"
1351,"20130508",103148,"Low Risk","No thermometers or uncalibrated thermometers "
1351,"20130508",103129,"Moderate Risk","Insufficient hot water or running water"
1351,"20130508",103114,"High Risk","High risk vermin infestation"
1351,"20130508",103142,"Low Risk","Unclean nonfood contact surfaces"
1351,"20140212",103144,"Low Risk","Unapproved or unmaintained equipment or utensils"
1352,"20150521",103131,"Moderate Risk","Moderate risk vermin infestation"
1352,"20150521",103109,"High Risk","Unclean or unsanitary food contact surfaces"
1352,"20150521",103119,"Moderate Risk","Inadequate and inaccessible handwashing facilities"
1352,"20150521",103142,"Low Risk","Unclean nonfood contact surfaces"
1352,"20150521",103133,"Moderate Risk","Foods not protected from contamination"
1352,"20130621",103149,"Low Risk","Wiping cloths not clean or properly stored or inadequate sanitizer"
1352,"20130621",103154,"Low Risk","Unclean or degraded floors walls or ceilings"
1352,"20130621",103102,"High Risk","Unclean hands or improper use of gloves"
1352,"20140123",103102,"High Risk","Unclean hands or improper use of gloves"
1352,"20140123",103144,"Low Risk","Unapproved or unmaintained equipment or utensils"
1352,"20140123",103149,"Low Risk","Wiping cloths not clean or properly stored or inadequate sanitizer"
1352,"20140123",103154,"Low Risk","Unclean or degraded floors walls or ceilings"
1352,"20121129",103133,"Moderate Risk","Foods not protected from contamination"
1352,"20121129",103124,"Moderate Risk","Inadequately cleaned or sanitized food contact surfaces"
1352,"20121129",103154,"Low Risk","Unclean or degraded floors walls or ceilings"
1352,"20121129",103161,"Low Risk","Low risk vermin infestation"
1354,"20150528",103116,"Moderate Risk","Inadequate food safety knowledge or lack of certified food safety manager"
1354,"20131001",103154,"Low Risk","Unclean or degraded floors walls or ceilings"
1354,"20131001",103120,"Moderate Risk","Moderate risk food holding temperature "
1354,"20130326",103161,"Low Risk","Low risk vermin infestation"
1354,"20140331",103142,"Low Risk","Unclean nonfood contact surfaces"
1359,"20130605",103154,"Low Risk","Unclean or degraded floors walls or ceilings"
1362,"20141001",103131,"Moderate Risk","Moderate risk vermin infestation"
1362,"20141001",103103,"High Risk","High risk food holding temperature "
1362,"20130719",103144,"Low Risk","Unapproved or unmaintained equipment or utensils"
1362,"20130719",103159,"Low Risk","Worker safety hazards"
1362,"20121108",103124,"Moderate Risk","Inadequately cleaned or sanitized food contact surfaces"
1366,"20150528",103154,"Low Risk","Unclean or degraded floors walls or ceilings"
1366,"20150528",103103,"High Risk","High risk food holding temperature "
1366,"20150528",103147,"Low Risk","Inadequate ventilation or lighting"
1366,"20150528",103139,"Low Risk","Improper food storage"
1366,"20130926",103154,"Low Risk","Unclean or degraded floors walls or ceilings"
1366,"20130320",103105,"High Risk","Improper cooling methods"
1366,"20140325",103154,"Low Risk","Unclean or degraded floors walls or ceilings"
1366,"20140325",103105,"High Risk","Improper cooling methods"
1366,"20140325",103128,"Moderate Risk","Consumer advisory not provided for raw or undercooked foods"
1368,"20150225",103154,"Low Risk","Unclean or degraded floors walls or ceilings"
1368,"20130131",103145,"Low Risk","Improper storage of equipment utensils or linens"
1368,"20140625",103119,"Moderate Risk","Inadequate and inaccessible handwashing facilities"
1381,"20150210",103120,"Moderate Risk","Moderate risk food holding temperature "
1381,"20150210",103149,"Low Risk","Wiping cloths not clean or properly stored or inadequate sanitizer"
1381,"20150210",103119,"Moderate Risk","Inadequate and inaccessible handwashing facilities"
1381,"20130808",103119,"Moderate Risk","Inadequate and inaccessible handwashing facilities"
1381,"20120619",103119,"Moderate Risk","Inadequate and inaccessible handwashing facilities"
1381,"20130102",103144,"Low Risk","Unapproved or unmaintained equipment or utensils"
1381,"20130102",103139,"Low Risk","Improper food storage"
1381,"20140825",103119,"Moderate Risk","Inadequate and inaccessible handwashing facilities"
1389,"20130819",103142,"Low Risk","Unclean nonfood contact surfaces"
1389,"20130819",103124,"Moderate Risk","Inadequately cleaned or sanitized food contact surfaces"
1389,"20130819",103114,"High Risk","High risk vermin infestation"
1389,"20121126",103149,"Low Risk","Wiping cloths not clean or properly stored or inadequate sanitizer"
1389,"20121126",103144,"Low Risk","Unapproved or unmaintained equipment or utensils"
1389,"20121126",103131,"Moderate Risk","Moderate risk vermin infestation"
1389,"20121126",103157,"Low Risk","Food safety certificate or food handler card not available"
1389,"20140509",103149,"Low Risk","Wiping cloths not clean or properly stored or inadequate sanitizer"
1389,"20140509",103145,"Low Risk","Improper storage of equipment utensils or linens"
1389,"20140509",103161,"Low Risk","Low risk vermin infestation"
1389,"20140509",103142,"Low Risk","Unclean nonfood contact surfaces"
1391,"20141107",103133,"Moderate Risk","Foods not protected from contamination"
1391,"20141107",103144,"Low Risk","Unapproved or unmaintained equipment or utensils"
1391,"20131018",103147,"Low Risk","Inadequate ventilation or lighting"
1391,"20131018",103158,"Low Risk","Unpermitted food facility"
1391,"20140425",103149,"Low Risk","Wiping cloths not clean or properly stored or inadequate sanitizer"
1391,"20120921",103154,"Low Risk","Unclean or degraded floors walls or ceilings"
1395,"20141204",103131,"Moderate Risk","Moderate risk vermin infestation"
1395,"20141204",103119,"Moderate Risk","Inadequate and inaccessible handwashing facilities"
1395,"20141204",103158,"Low Risk","Unpermitted food facility"
1395,"20141204",103150,"Low Risk","Improper or defective plumbing"
1395,"20141204",103161,"Low Risk","Low risk vermin infestation"
1395,"20141204",103154,"Low Risk","Unclean or degraded floors walls or ceilings"
1395,"20141204",103147,"Low Risk","Inadequate ventilation or lighting"
1395,"20141204",103144,"Low Risk","Unapproved or unmaintained equipment or utensils"
1395,"20131030",103120,"Moderate Risk","Moderate risk food holding temperature "
1395,"20131030",103149,"Low Risk","Wiping cloths not clean or properly stored or inadequate sanitizer"
1395,"20131030",103158,"Low Risk","Unpermitted food facility"
1395,"20131030",103156,"Low Risk","Permit license or inspection report not posted"
1395,"20131030",103142,"Low Risk","Unclean nonfood contact surfaces"
1395,"20131030",103154,"Low Risk","Unclean or degraded floors walls or ceilings"
1395,"20130506",103150,"Low Risk","Improper or defective plumbing"
1395,"20130506",103131,"Moderate Risk","Moderate risk vermin infestation"
1395,"20130506",103144,"Low Risk","Unapproved or unmaintained equipment or utensils"
1395,"20130506",103156,"Low Risk","Permit license or inspection report not posted"
1395,"20130506",103154,"Low Risk","Unclean or degraded floors walls or ceilings"
1395,"20130506",103142,"Low Risk","Unclean nonfood contact surfaces"
1395,"20140319",103156,"Low Risk","Permit license or inspection report not posted"
1395,"20140319",103142,"Low Risk","Unclean nonfood contact surfaces"
1395,"20140319",103144,"Low Risk","Unapproved or unmaintained equipment or utensils"
1395,"20140319",103116,"Moderate Risk","Inadequate food safety knowledge or lack of certified food safety manager"
1395,"20140319",103154,"Low Risk","Unclean or degraded floors walls or ceilings"
1395,"20121004",103139,"Low Risk","Improper food storage"
1395,"20121004",103131,"Moderate Risk","Moderate risk vermin infestation"
1395,"20121004",103134,"Moderate Risk","Other moderate risk violation"
1395,"20121004",103116,"Moderate Risk","Inadequate food safety knowledge or lack of certified food safety manager"
1395,"20121004",103149,"Low Risk","Wiping cloths not clean or properly stored or inadequate sanitizer"
1396,"20130926",103124,"Moderate Risk","Inadequately cleaned or sanitized food contact surfaces"
1396,"20130927",103131,"Moderate Risk","Moderate risk vermin infestation"
1396,"20130926",103114,"High Risk","High risk vermin infestation"
1396,"20130926",103154,"Low Risk","Unclean or degraded floors walls or ceilings"
1396,"20130605",103150,"Low Risk","Improper or defective plumbing"
1396,"20130605",103103,"High Risk","High risk food holding temperature "
1396,"20130605",103131,"Moderate Risk","Moderate risk vermin infestation"
1396,"20130605",103139,"Low Risk","Improper food storage"
1396,"20130605",103154,"Low Risk","Unclean or degraded floors walls or ceilings"
1396,"20120628",103103,"High Risk","High risk food holding temperature "
1396,"20121108",103108,"High Risk","Contaminated or adulterated food"
1398,"20140205",103161,"Low Risk","Low risk vermin infestation"
1398,"20140205",103133,"Moderate Risk","Foods not protected from contamination"
1398,"20140205",103116,"Moderate Risk","Inadequate food safety knowledge or lack of certified food safety manager"
1398,"20140205",103103,"High Risk","High risk food holding temperature "
1398,"20130517",103124,"Moderate Risk","Inadequately cleaned or sanitized food contact surfaces"
1398,"20130517",103131,"Moderate Risk","Moderate risk vermin infestation"
1398,"20130517",103103,"High Risk","High risk food holding temperature "
1398,"20130517",103102,"High Risk","Unclean hands or improper use of gloves"
1398,"20130517",103133,"Moderate Risk","Foods not protected from contamination"
1398,"20120913",103120,"Moderate Risk","Moderate risk food holding temperature "
1398,"20120913",103105,"High Risk","Improper cooling methods"
1398,"20120913",103142,"Low Risk","Unclean nonfood contact surfaces"
1398,"20120913",103131,"Moderate Risk","Moderate risk vermin infestation"
1398,"20120913",103144,"Low Risk","Unapproved or unmaintained equipment or utensils"
1398,"20140813",103139,"Low Risk","Improper food storage"
1398,"20140813",103105,"High Risk","Improper cooling methods"
1398,"20140813",103103,"High Risk","High risk food holding temperature "
1399,"20130801",103109,"High Risk","Unclean or unsanitary food contact surfaces"
1399,"20130801",103152,"Low Risk","Unclean unmaintained or improperly constructed toilet facilities"
1399,"20140206",103139,"Low Risk","Improper food storage"
1399,"20120927",103119,"Moderate Risk","Inadequate and inaccessible handwashing facilities"
1401,"20140207",103156,"Low Risk","Permit license or inspection report not posted"
1409,"20130312",103116,"Moderate Risk","Inadequate food safety knowledge or lack of certified food safety manager"
1409,"20130312",103119,"Moderate Risk","Inadequate and inaccessible handwashing facilities"
1409,"20140314",103116,"Moderate Risk","Inadequate food safety knowledge or lack of certified food safety manager"
1426,"20141210",103145,"Low Risk","Improper storage of equipment utensils or linens"
1426,"20141210",103129,"Moderate Risk","Insufficient hot water or running water"
1426,"20141210",103154,"Low Risk","Unclean or degraded floors walls or ceilings"
1426,"20141210",103142,"Low Risk","Unclean nonfood contact surfaces"
1426,"20131101",103121,"Moderate Risk","Inadequate procedures or records for time as a public health control "
1426,"20131101",103162,"Low Risk","Other low risk violation"
1426,"20131101",103133,"Moderate Risk","Foods not protected from contamination"
1426,"20131101",103149,"Low Risk","Wiping cloths not clean or properly stored or inadequate sanitizer"
1426,"20130501",103120,"Moderate Risk","Moderate risk food holding temperature "
1426,"20130501",103124,"Moderate Risk","Inadequately cleaned or sanitized food contact surfaces"
1426,"20130501",103142,"Low Risk","Unclean nonfood contact surfaces"
1426,"20140505",103139,"Low Risk","Improper food storage"
1426,"20140505",103154,"Low Risk","Unclean or degraded floors walls or ceilings"
1426,"20140505",103142,"Low Risk","Unclean nonfood contact surfaces"
1426,"20140505",103133,"Moderate Risk","Foods not protected from contamination"
1426,"20140505",103120,"Moderate Risk","Moderate risk food holding temperature "
1426,"20121009",103161,"Low Risk","Low risk vermin infestation"
1426,"20121009",103149,"Low Risk","Wiping cloths not clean or properly stored or inadequate sanitizer"
1426,"20121009",103142,"Low Risk","Unclean nonfood contact surfaces"
1426,"20121009",103120,"Moderate Risk","Moderate risk food holding temperature "
1426,"20121009",103144,"Low Risk","Unapproved or unmaintained equipment or utensils"
1427,"20141203",103116,"Moderate Risk","Inadequate food safety knowledge or lack of certified food safety manager"
1427,"20141203",103119,"Moderate Risk","Inadequate and inaccessible handwashing facilities"
1427,"20141203",103133,"Moderate Risk","Foods not protected from contamination"
1427,"20141203",103132,"Moderate Risk","Improper thawing methods "
1427,"20130826",103154,"Low Risk","Unclean or degraded floors walls or ceilings"
1427,"20130826",103142,"Low Risk","Unclean nonfood contact surfaces"
1427,"20140226",103142,"Low Risk","Unclean nonfood contact surfaces"
1427,"20140226",103154,"Low Risk","Unclean or degraded floors walls or ceilings"
1427,"20120829",103154,"Low Risk","Unclean or degraded floors walls or ceilings"
1427,"20120829",103144,"Low Risk","Unapproved or unmaintained equipment or utensils"
1427,"20120829",103142,"Low Risk","Unclean nonfood contact surfaces"
1427,"20130225",103102,"High Risk","Unclean hands or improper use of gloves"
1427,"20130225",103114,"High Risk","High risk vermin infestation"
1434,"20130617",103120,"Moderate Risk","Moderate risk food holding temperature "
1434,"20120918",103154,"Low Risk","Unclean or degraded floors walls or ceilings"
1434,"20120918",103147,"Low Risk","Inadequate ventilation or lighting"
1434,"20120918",103145,"Low Risk","Improper storage of equipment utensils or linens"
1434,"20140722",103129,"Moderate Risk","Insufficient hot water or running water"
1434,"20140722",103131,"Moderate Risk","Moderate risk vermin infestation"
1434,"20140722",103120,"Moderate Risk","Moderate risk food holding temperature "
1434,"20140722",103124,"Moderate Risk","Inadequately cleaned or sanitized food contact surfaces"
1438,"20140108",103154,"Low Risk","Unclean or degraded floors walls or ceilings"
1438,"20140108",103124,"Moderate Risk","Inadequately cleaned or sanitized food contact surfaces"
1438,"20140108",103143,"Low Risk","Inadequate warewashing facilities or equipment"
1438,"20140108",103149,"Low Risk","Wiping cloths not clean or properly stored or inadequate sanitizer"
1438,"20140108",103119,"Moderate Risk","Inadequate and inaccessible handwashing facilities"
1438,"20130410",103109,"High Risk","Unclean or unsanitary food contact surfaces"
1438,"20130410",103102,"High Risk","Unclean hands or improper use of gloves"
1438,"20130410",103112,"High Risk","No hot water or running water"
1438,"20120725",103131,"Moderate Risk","Moderate risk vermin infestation"
1438,"20120725",103144,"Low Risk","Unapproved or unmaintained equipment or utensils"
1438,"20140813",103154,"Low Risk","Unclean or degraded floors walls or ceilings"
1438,"20140813",103149,"Low Risk","Wiping cloths not clean or properly stored or inadequate sanitizer"
1438,"20140813",103145,"Low Risk","Improper storage of equipment utensils or linens"
1442,"20140908",103154,"Low Risk","Unclean or degraded floors walls or ceilings"
1442,"20140908",103144,"Low Risk","Unapproved or unmaintained equipment or utensils"
1442,"20140908",103133,"Moderate Risk","Foods not protected from contamination"
1442,"20140908",103157,"Low Risk","Food safety certificate or food handler card not available"
1442,"20130118",103142,"Low Risk","Unclean nonfood contact surfaces"
1442,"20130118",103157,"Low Risk","Food safety certificate or food handler card not available"
1442,"20130118",103149,"Low Risk","Wiping cloths not clean or properly stored or inadequate sanitizer"
1442,"20130118",103153,"Low Risk","Inadequate dressing rooms or improper storage of personal items"
1442,"20130118",103154,"Low Risk","Unclean or degraded floors walls or ceilings"
1444,"20141106",103157,"Low Risk","Food safety certificate or food handler card not available"
1444,"20141106",103124,"Moderate Risk","Inadequately cleaned or sanitized food contact surfaces"
1444,"20141106",103143,"Low Risk","Inadequate warewashing facilities or equipment"
1444,"20140205",103116,"Moderate Risk","Inadequate food safety knowledge or lack of certified food safety manager"
1444,"20140205",103133,"Moderate Risk","Foods not protected from contamination"
1444,"20121012",103154,"Low Risk","Unclean or degraded floors walls or ceilings"
1452,"20141008",103139,"Low Risk","Improper food storage"
1452,"20141008",103144,"Low Risk","Unapproved or unmaintained equipment or utensils"
1452,"20141008",103149,"Low Risk","Wiping cloths not clean or properly stored or inadequate sanitizer"
1452,"20141008",103161,"Low Risk","Low risk vermin infestation"
1452,"20141008",103132,"Moderate Risk","Improper thawing methods "
1452,"20130712",103154,"Low Risk","Unclean or degraded floors walls or ceilings"
1452,"20130712",103149,"Low Risk","Wiping cloths not clean or properly stored or inadequate sanitizer"
1452,"20130712",103144,"Low Risk","Unapproved or unmaintained equipment or utensils"
1452,"20130712",103116,"Moderate Risk","Inadequate food safety knowledge or lack of certified food safety manager"
1452,"20130712",103142,"Low Risk","Unclean nonfood contact surfaces"
1452,"20130712",103120,"Moderate Risk","Moderate risk food holding temperature "
1452,"20130712",103150,"Low Risk","Improper or defective plumbing"
1452,"20140205",103159,"Low Risk","Worker safety hazards"
1452,"20140205",103132,"Moderate Risk","Improper thawing methods "
1452,"20140205",103119,"Moderate Risk","Inadequate and inaccessible handwashing facilities"
1452,"20140205",103150,"Low Risk","Improper or defective plumbing"
1454,"20130711",103149,"Low Risk","Wiping cloths not clean or properly stored or inadequate sanitizer"
1454,"20140521",103139,"Low Risk","Improper food storage"
1454,"20140521",103132,"Moderate Risk","Improper thawing methods "
1454,"20140521",103157,"Low Risk","Food safety certificate or food handler card not available"
1458,"20150304",103139,"Low Risk","Improper food storage"
1458,"20150304",103124,"Moderate Risk","Inadequately cleaned or sanitized food contact surfaces"
1458,"20150304",103120,"Moderate Risk","Moderate risk food holding temperature "
1458,"20150304",103119,"Moderate Risk","Inadequate and inaccessible handwashing facilities"
1458,"20150304",103133,"Moderate Risk","Foods not protected from contamination"
1458,"20130628",103165,"Low Risk","No plan review or Building Permit"
1458,"20130628",103145,"Low Risk","Improper storage of equipment utensils or linens"
1458,"20130628",103144,"Low Risk","Unapproved or unmaintained equipment or utensils"
1458,"20130628",103142,"Low Risk","Unclean nonfood contact surfaces"
1458,"20130628",103156,"Low Risk","Permit license or inspection report not posted"
1458,"20130628",103124,"Moderate Risk","Inadequately cleaned or sanitized food contact surfaces"
1458,"20130628",103120,"Moderate Risk","Moderate risk food holding temperature "
1458,"20130628",103102,"High Risk","Unclean hands or improper use of gloves"
1458,"20131227",103154,"Low Risk","Unclean or degraded floors walls or ceilings"
1458,"20131227",103156,"Low Risk","Permit license or inspection report not posted"
1458,"20131227",103145,"Low Risk","Improper storage of equipment utensils or linens"
1458,"20131227",103139,"Low Risk","Improper food storage"
1458,"20131227",103138,"Low Risk","Improper storage use or identification of toxic substances"
1458,"20131227",103124,"Moderate Risk","Inadequately cleaned or sanitized food contact surfaces"
1458,"20131227",103108,"High Risk","Contaminated or adulterated food"
1458,"20131227",103103,"High Risk","High risk food holding temperature "
1458,"20130111",103148,"Low Risk","No thermometers or uncalibrated thermometers "
1458,"20130111",103139,"Low Risk","Improper food storage"
1458,"20130111",103105,"High Risk","Improper cooling methods"
1458,"20130111",103103,"High Risk","High risk food holding temperature "
1458,"20130111",103156,"Low Risk","Permit license or inspection report not posted"
1458,"20140611",103154,"Low Risk","Unclean or degraded floors walls or ceilings"
1458,"20140611",103139,"Low Risk","Improper food storage"
1458,"20140611",103120,"Moderate Risk","Moderate risk food holding temperature "
1458,"20140611",103119,"Moderate Risk","Inadequate and inaccessible handwashing facilities"
1458,"20140611",103112,"High Risk","No hot water or running water"
1465,"20141027",103131,"Moderate Risk","Moderate risk vermin infestation"
1465,"20141027",103152,"Low Risk","Unclean unmaintained or improperly constructed toilet facilities"
1465,"20141027",103154,"Low Risk","Unclean or degraded floors walls or ceilings"
1465,"20150304",103124,"Moderate Risk","Inadequately cleaned or sanitized food contact surfaces"
1465,"20150304",103154,"Low Risk","Unclean or degraded floors walls or ceilings"
1465,"20150528",103108,"High Risk","Contaminated or adulterated food"
1465,"20150528",103149,"Low Risk","Wiping cloths not clean or properly stored or inadequate sanitizer"
1465,"20150528",103120,"Moderate Risk","Moderate risk food holding temperature "
1465,"20130516",103154,"Low Risk","Unclean or degraded floors walls or ceilings"
1465,"20130516",103149,"Low Risk","Wiping cloths not clean or properly stored or inadequate sanitizer"
1465,"20130516",103161,"Low Risk","Low risk vermin infestation"
1465,"20140424",103154,"Low Risk","Unclean or degraded floors walls or ceilings"
1465,"20140424",103149,"Low Risk","Wiping cloths not clean or properly stored or inadequate sanitizer"
1465,"20121016",103161,"Low Risk","Low risk vermin infestation"
1465,"20121016",103154,"Low Risk","Unclean or degraded floors walls or ceilings"
1465,"20121016",103152,"Low Risk","Unclean unmaintained or improperly constructed toilet facilities"
1465,"20121016",103157,"Low Risk","Food safety certificate or food handler card not available"
1465,"20121016",103162,"Low Risk","Other low risk violation"
1466,"20140327",103139,"Low Risk","Improper food storage"
1469,"20130809",103119,"Moderate Risk","Inadequate and inaccessible handwashing facilities"
1473,"20130326",103120,"Moderate Risk","Moderate risk food holding temperature "
1473,"20130326",103154,"Low Risk","Unclean or degraded floors walls or ceilings"
1473,"20130326",103138,"Low Risk","Improper storage use or identification of toxic substances"
1473,"20130326",103129,"Moderate Risk","Insufficient hot water or running water"
1473,"20130326",103109,"High Risk","Unclean or unsanitary food contact surfaces"
1482,"20131108",103147,"Low Risk","Inadequate ventilation or lighting"
1482,"20131108",103148,"Low Risk","No thermometers or uncalibrated thermometers "
1482,"20131108",103132,"Moderate Risk","Improper thawing methods "
1482,"20131108",103133,"Moderate Risk","Foods not protected from contamination"
1482,"20130215",103105,"High Risk","Improper cooling methods"
1482,"20140730",103147,"Low Risk","Inadequate ventilation or lighting"
1482,"20140730",103149,"Low Risk","Wiping cloths not clean or properly stored or inadequate sanitizer"
1486,"20131127",103120,"Moderate Risk","Moderate risk food holding temperature "
1486,"20131127",103142,"Low Risk","Unclean nonfood contact surfaces"
1486,"20130322",103120,"Moderate Risk","Moderate risk food holding temperature "
1486,"20130322",103124,"Moderate Risk","Inadequately cleaned or sanitized food contact surfaces"
1487,"20150129",103116,"Moderate Risk","Inadequate food safety knowledge or lack of certified food safety manager"
1487,"20150129",103149,"Low Risk","Wiping cloths not clean or properly stored or inadequate sanitizer"
1487,"20150129",103142,"Low Risk","Unclean nonfood contact surfaces"
1487,"20130614",103124,"Moderate Risk","Inadequately cleaned or sanitized food contact surfaces"
1487,"20130614",103120,"Moderate Risk","Moderate risk food holding temperature "
1490,"20150311",103119,"Moderate Risk","Inadequate and inaccessible handwashing facilities"
1490,"20150311",103142,"Low Risk","Unclean nonfood contact surfaces"
1490,"20131211",103120,"Moderate Risk","Moderate risk food holding temperature "
1490,"20131211",103149,"Low Risk","Wiping cloths not clean or properly stored or inadequate sanitizer"
1490,"20131211",103142,"Low Risk","Unclean nonfood contact surfaces"
1490,"20131211",103162,"Low Risk","Other low risk violation"
1490,"20131211",103145,"Low Risk","Improper storage of equipment utensils or linens"
1490,"20131211",103114,"High Risk","High risk vermin infestation"
1490,"20131211",103154,"Low Risk","Unclean or degraded floors walls or ceilings"
1490,"20121213",103109,"High Risk","Unclean or unsanitary food contact surfaces"
1490,"20121213",103131,"Moderate Risk","Moderate risk vermin infestation"
1490,"20121213",103142,"Low Risk","Unclean nonfood contact surfaces"
1490,"20121213",103162,"Low Risk","Other low risk violation"
1490,"20121213",103154,"Low Risk","Unclean or degraded floors walls or ceilings"
1490,"20140507",103162,"Low Risk","Other low risk violation"
1490,"20140507",103131,"Moderate Risk","Moderate risk vermin infestation"
1490,"20140507",103116,"Moderate Risk","Inadequate food safety knowledge or lack of certified food safety manager"
1491,"20141103",103138,"Low Risk","Improper storage use or identification of toxic substances"
1491,"20141103",103124,"Moderate Risk","Inadequately cleaned or sanitized food contact surfaces"
1491,"20141103",103120,"Moderate Risk","Moderate risk food holding temperature "
1491,"20131010",103119,"Moderate Risk","Inadequate and inaccessible handwashing facilities"
1491,"20130423",103154,"Low Risk","Unclean or degraded floors walls or ceilings"
1491,"20130423",103103,"High Risk","High risk food holding temperature "
1491,"20130423",103114,"High Risk","High risk vermin infestation"
1491,"20130423",103144,"Low Risk","Unapproved or unmaintained equipment or utensils"
1491,"20130423",103148,"Low Risk","No thermometers or uncalibrated thermometers "
1493,"20150203",103142,"Low Risk","Unclean nonfood contact surfaces"
1493,"20130926",103153,"Low Risk","Inadequate dressing rooms or improper storage of personal items"
1493,"20120625",103142,"Low Risk","Unclean nonfood contact surfaces"
1493,"20120625",103156,"Low Risk","Permit license or inspection report not posted"
1493,"20120625",103152,"Low Risk","Unclean unmaintained or improperly constructed toilet facilities"
1493,"20130103",103142,"Low Risk","Unclean nonfood contact surfaces"
1493,"20130103",103154,"Low Risk","Unclean or degraded floors walls or ceilings"
1493,"20130103",103147,"Low Risk","Inadequate ventilation or lighting"
1493,"20130103",103157,"Low Risk","Food safety certificate or food handler card not available"
1493,"20130103",103109,"High Risk","Unclean or unsanitary food contact surfaces"
1493,"20140520",103119,"Moderate Risk","Inadequate and inaccessible handwashing facilities"
1496,"20141114",103119,"Moderate Risk","Inadequate and inaccessible handwashing facilities"
1496,"20141114",103105,"High Risk","Improper cooling methods"
1496,"20120927",103129,"Moderate Risk","Insufficient hot water or running water"
1505,"20140829",103116,"Moderate Risk","Inadequate food safety knowledge or lack of certified food safety manager"
1505,"20130719",103157,"Low Risk","Food safety certificate or food handler card not available"
1505,"20130719",103154,"Low Risk","Unclean or degraded floors walls or ceilings"
1505,"20140206",103150,"Low Risk","Improper or defective plumbing"
1505,"20140206",103145,"Low Risk","Improper storage of equipment utensils or linens"
1505,"20140206",103116,"Moderate Risk","Inadequate food safety knowledge or lack of certified food safety manager"
1505,"20120928",103154,"Low Risk","Unclean or degraded floors walls or ceilings"
1505,"20120928",103149,"Low Risk","Wiping cloths not clean or properly stored or inadequate sanitizer"
1508,"20131118",103103,"High Risk","High risk food holding temperature "
1508,"20131118",103107,"High Risk","Improper reheating of food"
1508,"20131118",103116,"Moderate Risk","Inadequate food safety knowledge or lack of certified food safety manager"
1508,"20130131",103118,"Moderate Risk","Employee eating or smoking"
1508,"20130131",103116,"Moderate Risk","Inadequate food safety knowledge or lack of certified food safety manager"
1508,"20130131",103133,"Moderate Risk","Foods not protected from contamination"
1508,"20140603",103149,"Low Risk","Wiping cloths not clean or properly stored or inadequate sanitizer"
1508,"20140603",103151,"Low Risk","Inadequate or unsanitary refuse containers or area or no garbage service"
1508,"20140603",103124,"Moderate Risk","Inadequately cleaned or sanitized food contact surfaces"
1509,"20140225",103105,"High Risk","Improper cooling methods"
1509,"20140225",103148,"Low Risk","No thermometers or uncalibrated thermometers "
1509,"20140225",103142,"Low Risk","Unclean nonfood contact surfaces"
1509,"20130108",103107,"High Risk","Improper reheating of food"
1509,"20130108",103114,"High Risk","High risk vermin infestation"
1509,"20130108",103147,"Low Risk","Inadequate ventilation or lighting"
1509,"20130108",103149,"Low Risk","Wiping cloths not clean or properly stored or inadequate sanitizer"
1511,"20140103",103156,"Low Risk","Permit license or inspection report not posted"
1511,"20140103",103116,"Moderate Risk","Inadequate food safety knowledge or lack of certified food safety manager"
1511,"20130502",103148,"Low Risk","No thermometers or uncalibrated thermometers "
1511,"20130502",103120,"Moderate Risk","Moderate risk food holding temperature "
1511,"20140807",103116,"Moderate Risk","Inadequate food safety knowledge or lack of certified food safety manager"
1511,"20140807",103156,"Low Risk","Permit license or inspection report not posted"
1515,"20140914",103154,"Low Risk","Unclean or degraded floors walls or ceilings"
1515,"20130405",103119,"Moderate Risk","Inadequate and inaccessible handwashing facilities"
1515,"20140408",103139,"Low Risk","Improper food storage"
1515,"20120920",103124,"Moderate Risk","Inadequately cleaned or sanitized food contact surfaces"
1516,"20141025",103103,"High Risk","High risk food holding temperature "
1516,"20150914",103107,"High Risk","Improper reheating of food"
1516,"20150419",103118,"Moderate Risk","Employee eating or smoking"
1516,"20150419",103119,"Moderate Risk","Inadequate and inaccessible handwashing facilities"
1516,"20150914",103149,"Low Risk","Wiping cloths not clean or properly stored or inadequate sanitizer"
1516,"20130405",103157,"Low Risk","Food safety certificate or food handler card not available"
1516,"20130405",103145,"Low Risk","Improper storage of equipment utensils or linens"
1516,"20130405",103139,"Low Risk","Improper food storage"
1516,"20140408",103144,"Low Risk","Unapproved or unmaintained equipment or utensils"
1516,"20140408",103123,"Moderate Risk","Food in poor condition"
1516,"20140408",103124,"Moderate Risk","Inadequately cleaned or sanitized food contact surfaces"
1516,"20121015",103151,"Low Risk","Inadequate or unsanitary refuse containers or area or no garbage service"
1516,"20120920",103119,"Moderate Risk","Inadequate and inaccessible handwashing facilities"
1516,"20120920",103144,"Low Risk","Unapproved or unmaintained equipment or utensils"
1516,"20120920",103157,"Low Risk","Food safety certificate or food handler card not available"
1516,"20121015",103149,"Low Risk","Wiping cloths not clean or properly stored or inadequate sanitizer"
1516,"20120920",103142,"Low Risk","Unclean nonfood contact surfaces"
1516,"20120920",103154,"Low Risk","Unclean or degraded floors walls or ceilings"
1517,"20130824",103144,"Low Risk","Unapproved or unmaintained equipment or utensils"
1517,"20130824",103150,"Low Risk","Improper or defective plumbing"
1517,"20130824",103162,"Low Risk","Other low risk violation"
1517,"20130824",103133,"Moderate Risk","Foods not protected from contamination"
1517,"20130405",103118,"Moderate Risk","Employee eating or smoking"
1517,"20130405",103120,"Moderate Risk","Moderate risk food holding temperature "
1517,"20121015",103120,"Moderate Risk","Moderate risk food holding temperature "
1526,"20140912",103150,"Low Risk","Improper or defective plumbing"
1526,"20140912",103149,"Low Risk","Wiping cloths not clean or properly stored or inadequate sanitizer"
1526,"20140912",103145,"Low Risk","Improper storage of equipment utensils or linens"
1526,"20140912",103142,"Low Risk","Unclean nonfood contact surfaces"
1526,"20131223",103116,"Moderate Risk","Inadequate food safety knowledge or lack of certified food safety manager"
1526,"20131223",103145,"Low Risk","Improper storage of equipment utensils or linens"
1526,"20131223",103162,"Low Risk","Other low risk violation"
1526,"20130314",103133,"Moderate Risk","Foods not protected from contamination"
1526,"20130314",103149,"Low Risk","Wiping cloths not clean or properly stored or inadequate sanitizer"
1526,"20130314",103154,"Low Risk","Unclean or degraded floors walls or ceilings"
1527,"20150202",103149,"Low Risk","Wiping cloths not clean or properly stored or inadequate sanitizer"
1527,"20150202",103119,"Moderate Risk","Inadequate and inaccessible handwashing facilities"
1527,"20150202",103120,"Moderate Risk","Moderate risk food holding temperature "
1527,"20150202",103139,"Low Risk","Improper food storage"
1527,"20150202",103144,"Low Risk","Unapproved or unmaintained equipment or utensils"
1527,"20131114",103120,"Moderate Risk","Moderate risk food holding temperature "
1527,"20131114",103119,"Moderate Risk","Inadequate and inaccessible handwashing facilities"
1527,"20140430",103119,"Moderate Risk","Inadequate and inaccessible handwashing facilities"
1527,"20140430",103144,"Low Risk","Unapproved or unmaintained equipment or utensils"
1527,"20140430",103150,"Low Risk","Improper or defective plumbing"
1527,"20130301",103119,"Moderate Risk","Inadequate and inaccessible handwashing facilities"
1527,"20130301",103144,"Low Risk","Unapproved or unmaintained equipment or utensils"
1527,"20130301",103145,"Low Risk","Improper storage of equipment utensils or linens"
1529,"20150311",103154,"Low Risk","Unclean or degraded floors walls or ceilings"
1529,"20150311",103119,"Moderate Risk","Inadequate and inaccessible handwashing facilities"
1529,"20140305",103120,"Moderate Risk","Moderate risk food holding temperature "
1529,"20140305",103139,"Low Risk","Improper food storage"
1529,"20140305",103119,"Moderate Risk","Inadequate and inaccessible handwashing facilities"
1529,"20140305",103154,"Low Risk","Unclean or degraded floors walls or ceilings"
1532,"20150323",103124,"Moderate Risk","Inadequately cleaned or sanitized food contact surfaces"
1532,"20150323",103139,"Low Risk","Improper food storage"
1532,"20130916",103103,"High Risk","High risk food holding temperature "
1532,"20130916",103124,"Moderate Risk","Inadequately cleaned or sanitized food contact surfaces"
1532,"20140416",103154,"Low Risk","Unclean or degraded floors walls or ceilings"
1532,"20140416",103120,"Moderate Risk","Moderate risk food holding temperature "
1532,"20140416",103124,"Moderate Risk","Inadequately cleaned or sanitized food contact surfaces"
1532,"20140416",103133,"Moderate Risk","Foods not protected from contamination"
1532,"20140416",103142,"Low Risk","Unclean nonfood contact surfaces"
1532,"20130114",103139,"Low Risk","Improper food storage"
1532,"20130114",103103,"High Risk","High risk food holding temperature "
1532,"20130114",103124,"Moderate Risk","Inadequately cleaned or sanitized food contact surfaces"
1532,"20130114",103154,"Low Risk","Unclean or degraded floors walls or ceilings"
1534,"20150527",103142,"Low Risk","Unclean nonfood contact surfaces"
1534,"20150527",103147,"Low Risk","Inadequate ventilation or lighting"
1534,"20140311",103142,"Low Risk","Unclean nonfood contact surfaces"
1534,"20140311",103119,"Moderate Risk","Inadequate and inaccessible handwashing facilities"
1534,"20130118",103142,"Low Risk","Unclean nonfood contact surfaces"
1534,"20130118",103144,"Low Risk","Unapproved or unmaintained equipment or utensils"
1534,"20130118",103133,"Moderate Risk","Foods not protected from contamination"
1542,"20150108",103145,"Low Risk","Improper storage of equipment utensils or linens"
1542,"20150108",103103,"High Risk","High risk food holding temperature "
1542,"20150108",103139,"Low Risk","Improper food storage"
1542,"20150108",103149,"Low Risk","Wiping cloths not clean or properly stored or inadequate sanitizer"
1542,"20150108",103119,"Moderate Risk","Inadequate and inaccessible handwashing facilities"
1542,"20131213",103142,"Low Risk","Unclean nonfood contact surfaces"
1542,"20131213",103157,"Low Risk","Food safety certificate or food handler card not available"
1542,"20131213",103129,"Moderate Risk","Insufficient hot water or running water"
1542,"20131213",103114,"High Risk","High risk vermin infestation"
1542,"20131213",103109,"High Risk","Unclean or unsanitary food contact surfaces"
1542,"20131213",103161,"Low Risk","Low risk vermin infestation"
1542,"20120914",103162,"Low Risk","Other low risk violation"
1542,"20120914",103120,"Moderate Risk","Moderate risk food holding temperature "
1542,"20120914",103142,"Low Risk","Unclean nonfood contact surfaces"
1542,"20120914",103149,"Low Risk","Wiping cloths not clean or properly stored or inadequate sanitizer"
1544,"20131118",103154,"Low Risk","Unclean or degraded floors walls or ceilings"
1544,"20140612",103156,"Low Risk","Permit license or inspection report not posted"
1549,"20140121",103149,"Low Risk","Wiping cloths not clean or properly stored or inadequate sanitizer"
1549,"20140121",103150,"Low Risk","Improper or defective plumbing"
1549,"20130226",103124,"Moderate Risk","Inadequately cleaned or sanitized food contact surfaces"
1554,"20131219",103103,"High Risk","High risk food holding temperature "
1554,"20131219",103157,"Low Risk","Food safety certificate or food handler card not available"
1554,"20131219",103144,"Low Risk","Unapproved or unmaintained equipment or utensils"
1554,"20131219",103143,"Low Risk","Inadequate warewashing facilities or equipment"
1554,"20131219",103109,"High Risk","Unclean or unsanitary food contact surfaces"
1554,"20130412",103149,"Low Risk","Wiping cloths not clean or properly stored or inadequate sanitizer"
1554,"20130412",103150,"Low Risk","Improper or defective plumbing"
1554,"20130412",103157,"Low Risk","Food safety certificate or food handler card not available"
1554,"20130412",103142,"Low Risk","Unclean nonfood contact surfaces"
1554,"20120905",103124,"Moderate Risk","Inadequately cleaned or sanitized food contact surfaces"
1554,"20120905",103142,"Low Risk","Unclean nonfood contact surfaces"
1554,"20120905",103157,"Low Risk","Food safety certificate or food handler card not available"
1554,"20120905",103158,"Low Risk","Unpermitted food facility"
1554,"20140609",103157,"Low Risk","Food safety certificate or food handler card not available"
1554,"20140609",103103,"High Risk","High risk food holding temperature "
1554,"20140609",103142,"Low Risk","Unclean nonfood contact surfaces"
1554,"20140609",103145,"Low Risk","Improper storage of equipment utensils or linens"
1554,"20140609",103149,"Low Risk","Wiping cloths not clean or properly stored or inadequate sanitizer"
1554,"20140609",103156,"Low Risk","Permit license or inspection report not posted"
1561,"20150430",103114,"High Risk","High risk vermin infestation"
1561,"20150430",103161,"Low Risk","Low risk vermin infestation"
1561,"20150430",103131,"Moderate Risk","Moderate risk vermin infestation"
1561,"20150430",103132,"Moderate Risk","Improper thawing methods "
1561,"20150430",103133,"Moderate Risk","Foods not protected from contamination"
1561,"20150430",103142,"Low Risk","Unclean nonfood contact surfaces"
1561,"20150430",103144,"Low Risk","Unapproved or unmaintained equipment or utensils"
1561,"20150430",103145,"Low Risk","Improper storage of equipment utensils or linens"
1561,"20150430",103149,"Low Risk","Wiping cloths not clean or properly stored or inadequate sanitizer"
1561,"20150501",103154,"Low Risk","Unclean or degraded floors walls or ceilings"
1561,"20150430",103154,"Low Risk","Unclean or degraded floors walls or ceilings"
1561,"20140404",103145,"Low Risk","Improper storage of equipment utensils or linens"
1561,"20140404",103161,"Low Risk","Low risk vermin infestation"
1561,"20140404",103162,"Low Risk","Other low risk violation"
1561,"20140404",103119,"Moderate Risk","Inadequate and inaccessible handwashing facilities"
1561,"20140404",103142,"Low Risk","Unclean nonfood contact surfaces"
1561,"20140404",103149,"Low Risk","Wiping cloths not clean or properly stored or inadequate sanitizer"
1564,"20130314",103133,"Moderate Risk","Foods not protected from contamination"
1564,"20130314",103161,"Low Risk","Low risk vermin infestation"
1565,"20141205",103124,"Moderate Risk","Inadequately cleaned or sanitized food contact surfaces"
1565,"20141205",103131,"Moderate Risk","Moderate risk vermin infestation"
1565,"20141205",103142,"Low Risk","Unclean nonfood contact surfaces"
1565,"20141205",103154,"Low Risk","Unclean or degraded floors walls or ceilings"
1565,"20131025",103103,"High Risk","High risk food holding temperature "
1565,"20131025",103124,"Moderate Risk","Inadequately cleaned or sanitized food contact surfaces"
1565,"20131025",103144,"Low Risk","Unapproved or unmaintained equipment or utensils"
1565,"20130227",103129,"Moderate Risk","Insufficient hot water or running water"
1565,"20130227",103157,"Low Risk","Food safety certificate or food handler card not available"
1565,"20130227",103131,"Moderate Risk","Moderate risk vermin infestation"
1565,"20130227",103162,"Low Risk","Other low risk violation"
1566,"20150309",103120,"Moderate Risk","Moderate risk food holding temperature "
1566,"20150309",103154,"Low Risk","Unclean or degraded floors walls or ceilings"
1566,"20150309",103133,"Moderate Risk","Foods not protected from contamination"
1566,"20150309",103124,"Moderate Risk","Inadequately cleaned or sanitized food contact surfaces"
1566,"20140205",103119,"Moderate Risk","Inadequate and inaccessible handwashing facilities"
1566,"20140205",103124,"Moderate Risk","Inadequately cleaned or sanitized food contact surfaces"
1566,"20140205",103144,"Low Risk","Unapproved or unmaintained equipment or utensils"
1566,"20140205",103154,"Low Risk","Unclean or degraded floors walls or ceilings"
1566,"20140205",103103,"High Risk","High risk food holding temperature "
1566,"20130604",103144,"Low Risk","Unapproved or unmaintained equipment or utensils"
1566,"20130604",103124,"Moderate Risk","Inadequately cleaned or sanitized food contact surfaces"
1566,"20130604",103145,"Low Risk","Improper storage of equipment utensils or linens"
1566,"20130604",103154,"Low Risk","Unclean or degraded floors walls or ceilings"
1567,"20141021",103161,"Low Risk","Low risk vermin infestation"
1567,"20141021",103108,"High Risk","Contaminated or adulterated food"
1567,"20141021",103119,"Moderate Risk","Inadequate and inaccessible handwashing facilities"
1567,"20141021",103120,"Moderate Risk","Moderate risk food holding temperature "
1567,"20141021",103130,"Moderate Risk","Inadequate sewage or wastewater disposal"
1567,"20141021",103134,"Moderate Risk","Other moderate risk violation"
1567,"20141021",103144,"Low Risk","Unapproved or unmaintained equipment or utensils"
1567,"20131119",103132,"Moderate Risk","Improper thawing methods "
1567,"20131119",103131,"Moderate Risk","Moderate risk vermin infestation"
1567,"20131119",103142,"Low Risk","Unclean nonfood contact surfaces"
1567,"20131119",103145,"Low Risk","Improper storage of equipment utensils or linens"
1567,"20131119",103154,"Low Risk","Unclean or degraded floors walls or ceilings"
1567,"20131119",103103,"High Risk","High risk food holding temperature "
1567,"20130424",103144,"Low Risk","Unapproved or unmaintained equipment or utensils"
1567,"20130424",103134,"Moderate Risk","Other moderate risk violation"
1567,"20130424",103147,"Low Risk","Inadequate ventilation or lighting"
1567,"20130424",103142,"Low Risk","Unclean nonfood contact surfaces"
1567,"20130424",103103,"High Risk","High risk food holding temperature "
1567,"20130424",103109,"High Risk","Unclean or unsanitary food contact surfaces"
1567,"20130424",103161,"Low Risk","Low risk vermin infestation"
1567,"20120910",103132,"Moderate Risk","Improper thawing methods "
1567,"20120910",103115,"High Risk","Other high risk violation"
1567,"20120910",103120,"Moderate Risk","Moderate risk food holding temperature "
1567,"20120910",103102,"High Risk","Unclean hands or improper use of gloves"
1567,"20120910",103131,"Moderate Risk","Moderate risk vermin infestation"
1568,"20150126",103157,"Low Risk","Food safety certificate or food handler card not available"
1568,"20150126",103154,"Low Risk","Unclean or degraded floors walls or ceilings"
1568,"20150126",103124,"Moderate Risk","Inadequately cleaned or sanitized food contact surfaces"
1568,"20150126",103114,"High Risk","High risk vermin infestation"
1568,"20131030",103144,"Low Risk","Unapproved or unmaintained equipment or utensils"
1568,"20131030",103154,"Low Risk","Unclean or degraded floors walls or ceilings"
1568,"20131030",103116,"Moderate Risk","Inadequate food safety knowledge or lack of certified food safety manager"
1568,"20130308",103131,"Moderate Risk","Moderate risk vermin infestation"
1568,"20130308",103124,"Moderate Risk","Inadequately cleaned or sanitized food contact surfaces"
1568,"20140529",103142,"Low Risk","Unclean nonfood contact surfaces"
1568,"20140529",103154,"Low Risk","Unclean or degraded floors walls or ceilings"
1571,"20140908",103139,"Low Risk","Improper food storage"
1571,"20140908",103109,"High Risk","Unclean or unsanitary food contact surfaces"
1571,"20140908",103131,"Moderate Risk","Moderate risk vermin infestation"
1571,"20140908",103103,"High Risk","High risk food holding temperature "
1571,"20130327",103156,"Low Risk","Permit license or inspection report not posted"
1571,"20130327",103154,"Low Risk","Unclean or degraded floors walls or ceilings"
1571,"20130327",103142,"Low Risk","Unclean nonfood contact surfaces"
1579,"20150408",103143,"Low Risk","Inadequate warewashing facilities or equipment"
1579,"20150408",103144,"Low Risk","Unapproved or unmaintained equipment or utensils"
1579,"20150408",103142,"Low Risk","Unclean nonfood contact surfaces"
1579,"20130923",103132,"Moderate Risk","Improper thawing methods "
1579,"20130923",103154,"Low Risk","Unclean or degraded floors walls or ceilings"
1579,"20140312",103120,"Moderate Risk","Moderate risk food holding temperature "
1579,"20140312",103124,"Moderate Risk","Inadequately cleaned or sanitized food contact surfaces"
1579,"20140312",103145,"Low Risk","Improper storage of equipment utensils or linens"
1579,"20130125",103120,"Moderate Risk","Moderate risk food holding temperature "
1579,"20130125",103142,"Low Risk","Unclean nonfood contact surfaces"
1579,"20130125",103154,"Low Risk","Unclean or degraded floors walls or ceilings"
1582,"20141022",103103,"High Risk","High risk food holding temperature "
1582,"20141022",103124,"Moderate Risk","Inadequately cleaned or sanitized food contact surfaces"
1582,"20141022",103131,"Moderate Risk","Moderate risk vermin infestation"
1582,"20140310",103124,"Moderate Risk","Inadequately cleaned or sanitized food contact surfaces"
1583,"20150408",103120,"Moderate Risk","Moderate risk food holding temperature "
1583,"20150408",103119,"Moderate Risk","Inadequate and inaccessible handwashing facilities"
1583,"20150408",103133,"Moderate Risk","Foods not protected from contamination"
1583,"20150408",103124,"Moderate Risk","Inadequately cleaned or sanitized food contact surfaces"
1583,"20130905",103144,"Low Risk","Unapproved or unmaintained equipment or utensils"
1583,"20130905",103154,"Low Risk","Unclean or degraded floors walls or ceilings"
1583,"20130905",103142,"Low Risk","Unclean nonfood contact surfaces"
1583,"20130905",103120,"Moderate Risk","Moderate risk food holding temperature "
1583,"20140311",103105,"High Risk","Improper cooling methods"
1583,"20140311",103107,"High Risk","Improper reheating of food"
1583,"20140311",103114,"High Risk","High risk vermin infestation"
1583,"20140311",103154,"Low Risk","Unclean or degraded floors walls or ceilings"
1583,"20140311",103102,"High Risk","Unclean hands or improper use of gloves"
1583,"20130123",103102,"High Risk","Unclean hands or improper use of gloves"
1583,"20130123",103131,"Moderate Risk","Moderate risk vermin infestation"
1583,"20130123",103133,"Moderate Risk","Foods not protected from contamination"
1583,"20130123",103142,"Low Risk","Unclean nonfood contact surfaces"
1584,"20150325",103131,"Moderate Risk","Moderate risk vermin infestation"
1584,"20150325",103105,"High Risk","Improper cooling methods"
1584,"20150325",103133,"Moderate Risk","Foods not protected from contamination"
1584,"20150325",103154,"Low Risk","Unclean or degraded floors walls or ceilings"
1584,"20130916",103154,"Low Risk","Unclean or degraded floors walls or ceilings"
1584,"20130916",103145,"Low Risk","Improper storage of equipment utensils or linens"
1584,"20130916",103143,"Low Risk","Inadequate warewashing facilities or equipment"
1584,"20130916",103139,"Low Risk","Improper food storage"
1584,"20130916",103132,"Moderate Risk","Improper thawing methods "
1584,"20130424",103161,"Low Risk","Low risk vermin infestation"
1584,"20130424",103124,"Moderate Risk","Inadequately cleaned or sanitized food contact surfaces"
1584,"20130424",103125,"Moderate Risk","Noncompliance with shell fish tags or display"
1584,"20130424",103133,"Moderate Risk","Foods not protected from contamination"
1584,"20130424",103102,"High Risk","Unclean hands or improper use of gloves"
1584,"20130424",103154,"Low Risk","Unclean or degraded floors walls or ceilings"
1584,"20130424",103161,"Low Risk","Low risk vermin infestation"
1584,"20130424",103105,"High Risk","Improper cooling methods"
1584,"20140415",103102,"High Risk","Unclean hands or improper use of gloves"
1584,"20140415",103139,"Low Risk","Improper food storage"
1584,"20140415",103154,"Low Risk","Unclean or degraded floors walls or ceilings"
1585,"20150205",103154,"Low Risk","Unclean or degraded floors walls or ceilings"
1585,"20150205",103124,"Moderate Risk","Inadequately cleaned or sanitized food contact surfaces"
1585,"20131115",103154,"Low Risk","Unclean or degraded floors walls or ceilings"
1585,"20131115",103124,"Moderate Risk","Inadequately cleaned or sanitized food contact surfaces"
1585,"20120702",103154,"Low Risk","Unclean or degraded floors walls or ceilings"
1585,"20120702",103149,"Low Risk","Wiping cloths not clean or properly stored or inadequate sanitizer"
1585,"20120702",103144,"Low Risk","Unapproved or unmaintained equipment or utensils"
1585,"20120702",103124,"Moderate Risk","Inadequately cleaned or sanitized food contact surfaces"
1585,"20120702",103123,"Moderate Risk","Food in poor condition"
1585,"20130115",103154,"Low Risk","Unclean or degraded floors walls or ceilings"
1585,"20130115",103147,"Low Risk","Inadequate ventilation or lighting"
1585,"20130115",103124,"Moderate Risk","Inadequately cleaned or sanitized food contact surfaces"
1585,"20130115",103156,"Low Risk","Permit license or inspection report not posted"
1585,"20140612",103144,"Low Risk","Unapproved or unmaintained equipment or utensils"
1585,"20140612",103151,"Low Risk","Inadequate or unsanitary refuse containers or area or no garbage service"
1585,"20140612",103124,"Moderate Risk","Inadequately cleaned or sanitized food contact surfaces"
1594,"20130820",103103,"High Risk","High risk food holding temperature "
1594,"20121011",103139,"Low Risk","Improper food storage"
1594,"20121011",103145,"Low Risk","Improper storage of equipment utensils or linens"
1594,"20121011",103156,"Low Risk","Permit license or inspection report not posted"
1594,"20121011",103154,"Low Risk","Unclean or degraded floors walls or ceilings"
1594,"20121011",103144,"Low Risk","Unapproved or unmaintained equipment or utensils"
1594,"20121011",103149,"Low Risk","Wiping cloths not clean or properly stored or inadequate sanitizer"
1594,"20121011",103147,"Low Risk","Inadequate ventilation or lighting"
1594,"20121011",103142,"Low Risk","Unclean nonfood contact surfaces"
1594,"20121011",103123,"Moderate Risk","Food in poor condition"
1595,"20131009",103133,"Moderate Risk","Foods not protected from contamination"
1595,"20131009",103105,"High Risk","Improper cooling methods"
1595,"20131009",103103,"High Risk","High risk food holding temperature "
1595,"20131009",103102,"High Risk","Unclean hands or improper use of gloves"
1595,"20131009",103121,"Moderate Risk","Inadequate procedures or records for time as a public health control "
1595,"20121029",103149,"Low Risk","Wiping cloths not clean or properly stored or inadequate sanitizer"
1595,"20121029",103142,"Low Risk","Unclean nonfood contact surfaces"
1595,"20121029",103103,"High Risk","High risk food holding temperature "
1595,"20121029",103119,"Moderate Risk","Inadequate and inaccessible handwashing facilities"
1595,"20121029",103133,"Moderate Risk","Foods not protected from contamination"
1595,"20121029",103129,"Moderate Risk","Insufficient hot water or running water"
1595,"20140618",103149,"Low Risk","Wiping cloths not clean or properly stored or inadequate sanitizer"
1595,"20140618",103138,"Low Risk","Improper storage use or identification of toxic substances"
1595,"20140618",103121,"Moderate Risk","Inadequate procedures or records for time as a public health control "
1595,"20140618",103120,"Moderate Risk","Moderate risk food holding temperature "
1595,"20140618",103119,"Moderate Risk","Inadequate and inaccessible handwashing facilities"
1596,"20150407",103114,"High Risk","High risk vermin infestation"
1596,"20150407",103120,"Moderate Risk","Moderate risk food holding temperature "
1596,"20150407",103149,"Low Risk","Wiping cloths not clean or properly stored or inadequate sanitizer"
1596,"20150407",103154,"Low Risk","Unclean or degraded floors walls or ceilings"
1596,"20150407",103132,"Moderate Risk","Improper thawing methods "
1596,"20130827",103102,"High Risk","Unclean hands or improper use of gloves"
1596,"20130827",103120,"Moderate Risk","Moderate risk food holding temperature "
1596,"20130827",103131,"Moderate Risk","Moderate risk vermin infestation"
1596,"20130827",103149,"Low Risk","Wiping cloths not clean or properly stored or inadequate sanitizer"
1596,"20140429",103116,"Moderate Risk","Inadequate food safety knowledge or lack of certified food safety manager"
1596,"20140429",103120,"Moderate Risk","Moderate risk food holding temperature "
1596,"20140429",103124,"Moderate Risk","Inadequately cleaned or sanitized food contact surfaces"
1596,"20140429",103161,"Low Risk","Low risk vermin infestation"
1596,"20120907",103154,"Low Risk","Unclean or degraded floors walls or ceilings"
1596,"20120907",103149,"Low Risk","Wiping cloths not clean or properly stored or inadequate sanitizer"
1596,"20120907",103144,"Low Risk","Unapproved or unmaintained equipment or utensils"
1596,"20120907",103142,"Low Risk","Unclean nonfood contact surfaces"
1598,"20131021",103142,"Low Risk","Unclean nonfood contact surfaces"
1598,"20131021",103154,"Low Risk","Unclean or degraded floors walls or ceilings"
1598,"20120719",103145,"Low Risk","Improper storage of equipment utensils or linens"
1598,"20130226",103124,"Moderate Risk","Inadequately cleaned or sanitized food contact surfaces"
1598,"20140519",103138,"Low Risk","Improper storage use or identification of toxic substances"
1604,"20150601",103142,"Low Risk","Unclean nonfood contact surfaces"
1604,"20150601",103149,"Low Risk","Wiping cloths not clean or properly stored or inadequate sanitizer"
1604,"20150601",103139,"Low Risk","Improper food storage"
1604,"20150601",103133,"Moderate Risk","Foods not protected from contamination"
1604,"20150601",103131,"Moderate Risk","Moderate risk vermin infestation"
1604,"20130802",103109,"High Risk","Unclean or unsanitary food contact surfaces"
1604,"20130802",103151,"Low Risk","Inadequate or unsanitary refuse containers or area or no garbage service"
1604,"20130802",103138,"Low Risk","Improper storage use or identification of toxic substances"
1604,"20130802",103116,"Moderate Risk","Inadequate food safety knowledge or lack of certified food safety manager"
1604,"20130802",103149,"Low Risk","Wiping cloths not clean or properly stored or inadequate sanitizer"
1604,"20140204",103151,"Low Risk","Inadequate or unsanitary refuse containers or area or no garbage service"
1604,"20140204",103131,"Moderate Risk","Moderate risk vermin infestation"
1604,"20140204",103109,"High Risk","Unclean or unsanitary food contact surfaces"
1604,"20120717",103124,"Moderate Risk","Inadequately cleaned or sanitized food contact surfaces"
1604,"20120717",103119,"Moderate Risk","Inadequate and inaccessible handwashing facilities"
1604,"20120717",103103,"High Risk","High risk food holding temperature "
1604,"20120717",103151,"Low Risk","Inadequate or unsanitary refuse containers or area or no garbage service"
1604,"20120717",103149,"Low Risk","Wiping cloths not clean or properly stored or inadequate sanitizer"
1604,"20120717",103133,"Moderate Risk","Foods not protected from contamination"
1604,"20120717",103131,"Moderate Risk","Moderate risk vermin infestation"
1604,"20130124",103131,"Moderate Risk","Moderate risk vermin infestation"
1604,"20130124",103120,"Moderate Risk","Moderate risk food holding temperature "
1604,"20130124",103149,"Low Risk","Wiping cloths not clean or properly stored or inadequate sanitizer"
1604,"20130124",103102,"High Risk","Unclean hands or improper use of gloves"
1607,"20130705",103139,"Low Risk","Improper food storage"
1607,"20130705",103145,"Low Risk","Improper storage of equipment utensils or linens"
1607,"20130705",103120,"Moderate Risk","Moderate risk food holding temperature "
1607,"20140204",103153,"Low Risk","Inadequate dressing rooms or improper storage of personal items"
1607,"20140204",103139,"Low Risk","Improper food storage"
1607,"20140204",103144,"Low Risk","Unapproved or unmaintained equipment or utensils"
1607,"20120619",103120,"Moderate Risk","Moderate risk food holding temperature "
1607,"20120619",103154,"Low Risk","Unclean or degraded floors walls or ceilings"
1607,"20140820",103124,"Moderate Risk","Inadequately cleaned or sanitized food contact surfaces"
1608,"20150121",103149,"Low Risk","Wiping cloths not clean or properly stored or inadequate sanitizer"
1608,"20150121",103157,"Low Risk","Food safety certificate or food handler card not available"
1608,"20150121",103131,"Moderate Risk","Moderate risk vermin infestation"
1608,"20150121",103143,"Low Risk","Inadequate warewashing facilities or equipment"
1608,"20130919",103143,"Low Risk","Inadequate warewashing facilities or equipment"
1608,"20130919",103131,"Moderate Risk","Moderate risk vermin infestation"
1608,"20130919",103129,"Moderate Risk","Insufficient hot water or running water"
1608,"20130919",103149,"Low Risk","Wiping cloths not clean or properly stored or inadequate sanitizer"
1608,"20140429",103124,"Moderate Risk","Inadequately cleaned or sanitized food contact surfaces"
1608,"20140429",103143,"Low Risk","Inadequate warewashing facilities or equipment"
1608,"20130109",103145,"Low Risk","Improper storage of equipment utensils or linens"
1608,"20130109",103131,"Moderate Risk","Moderate risk vermin infestation"
1609,"20150309",103102,"High Risk","Unclean hands or improper use of gloves"
1609,"20150309",103133,"Moderate Risk","Foods not protected from contamination"
1609,"20150309",103154,"Low Risk","Unclean or degraded floors walls or ceilings"
1609,"20150309",103139,"Low Risk","Improper food storage"
1609,"20130923",103119,"Moderate Risk","Inadequate and inaccessible handwashing facilities"
1609,"20130923",103149,"Low Risk","Wiping cloths not clean or properly stored or inadequate sanitizer"
1609,"20130923",103154,"Low Risk","Unclean or degraded floors walls or ceilings"
1609,"20130923",103139,"Low Risk","Improper food storage"
1609,"20130408",103109,"High Risk","Unclean or unsanitary food contact surfaces"
1609,"20130408",103149,"Low Risk","Wiping cloths not clean or properly stored or inadequate sanitizer"
1609,"20130408",103144,"Low Risk","Unapproved or unmaintained equipment or utensils"
1609,"20130408",103133,"Moderate Risk","Foods not protected from contamination"
1609,"20130408",103132,"Moderate Risk","Improper thawing methods "
1609,"20140429",103119,"Moderate Risk","Inadequate and inaccessible handwashing facilities"
1609,"20140429",103139,"Low Risk","Improper food storage"
1609,"20140429",103145,"Low Risk","Improper storage of equipment utensils or linens"
1609,"20120822",103144,"Low Risk","Unapproved or unmaintained equipment or utensils"
1609,"20120822",103119,"Moderate Risk","Inadequate and inaccessible handwashing facilities"
1609,"20120822",103133,"Moderate Risk","Foods not protected from contamination"
1609,"20120822",103139,"Low Risk","Improper food storage"
1613,"20150522",103149,"Low Risk","Wiping cloths not clean or properly stored or inadequate sanitizer"
1613,"20120928",103149,"Low Risk","Wiping cloths not clean or properly stored or inadequate sanitizer"
1613,"20120928",103110,"High Risk","Unapproved food source"
1613,"20120928",103133,"Moderate Risk","Foods not protected from contamination"
1613,"20120928",103144,"Low Risk","Unapproved or unmaintained equipment or utensils"
1613,"20120928",103147,"Low Risk","Inadequate ventilation or lighting"
1613,"20120928",103154,"Low Risk","Unclean or degraded floors walls or ceilings"
1613,"20120928",103150,"Low Risk","Improper or defective plumbing"
1613,"20140620",103103,"High Risk","High risk food holding temperature "
1614,"20140926",103120,"Moderate Risk","Moderate risk food holding temperature "
1614,"20121002",103116,"Moderate Risk","Inadequate food safety knowledge or lack of certified food safety manager"
1615,"20140916",103145,"Low Risk","Improper storage of equipment utensils or linens"
1615,"20140916",103148,"Low Risk","No thermometers or uncalibrated thermometers "
1615,"20140314",103148,"Low Risk","No thermometers or uncalibrated thermometers "
1616,"20130409",103116,"Moderate Risk","Inadequate food safety knowledge or lack of certified food safety manager"
1616,"20130409",103107,"High Risk","Improper reheating of food"
1616,"20140819",103154,"Low Risk","Unclean or degraded floors walls or ceilings"
1616,"20140819",103149,"Low Risk","Wiping cloths not clean or properly stored or inadequate sanitizer"
1616,"20140819",103148,"Low Risk","No thermometers or uncalibrated thermometers "
1616,"20140819",103144,"Low Risk","Unapproved or unmaintained equipment or utensils"
1616,"20140819",103139,"Low Risk","Improper food storage"
1616,"20140819",103120,"Moderate Risk","Moderate risk food holding temperature "
1617,"20140425",103120,"Moderate Risk","Moderate risk food holding temperature "
1617,"20140425",103124,"Moderate Risk","Inadequately cleaned or sanitized food contact surfaces"
1617,"20140425",103142,"Low Risk","Unclean nonfood contact surfaces"
1617,"20121226",103103,"High Risk","High risk food holding temperature "
1617,"20121226",103106,"High Risk","Improper cooking time or temperatures"
1617,"20121226",103127,"Moderate Risk","Noncompliance with HAACP plan or variance"
1617,"20121226",103149,"Low Risk","Wiping cloths not clean or properly stored or inadequate sanitizer"
1617,"20121226",103157,"Low Risk","Food safety certificate or food handler card not available"
1619,"20130114",103123,"Moderate Risk","Food in poor condition"
1619,"20130114",103154,"Low Risk","Unclean or degraded floors walls or ceilings"
1623,"20150427",103159,"Low Risk","Worker safety hazards"
1623,"20140210",103149,"Low Risk","Wiping cloths not clean or properly stored or inadequate sanitizer"
1623,"20140210",103133,"Moderate Risk","Foods not protected from contamination"
1623,"20140210",103147,"Low Risk","Inadequate ventilation or lighting"
1623,"20140811",103150,"Low Risk","Improper or defective plumbing"
1623,"20140811",103103,"High Risk","High risk food holding temperature "
1626,"20140107",103131,"Moderate Risk","Moderate risk vermin infestation"
1626,"20140107",103154,"Low Risk","Unclean or degraded floors walls or ceilings"
1626,"20140107",103133,"Moderate Risk","Foods not protected from contamination"
1626,"20140716",103133,"Moderate Risk","Foods not protected from contamination"
1626,"20140716",103144,"Low Risk","Unapproved or unmaintained equipment or utensils"
1631,"20130627",103119,"Moderate Risk","Inadequate and inaccessible handwashing facilities"
1631,"20130627",103139,"Low Risk","Improper food storage"
1631,"20130627",103149,"Low Risk","Wiping cloths not clean or properly stored or inadequate sanitizer"
1631,"20130627",103154,"Low Risk","Unclean or degraded floors walls or ceilings"
1631,"20130627",103103,"High Risk","High risk food holding temperature "
1631,"20140204",103131,"Moderate Risk","Moderate risk vermin infestation"
1631,"20140204",103139,"Low Risk","Improper food storage"
1631,"20140204",103144,"Low Risk","Unapproved or unmaintained equipment or utensils"
1631,"20140204",103154,"Low Risk","Unclean or degraded floors walls or ceilings"
1631,"20140204",103150,"Low Risk","Improper or defective plumbing"
1631,"20121031",103162,"Low Risk","Other low risk violation"
1631,"20121031",103144,"Low Risk","Unapproved or unmaintained equipment or utensils"
1631,"20121031",103132,"Moderate Risk","Improper thawing methods "
1631,"20121031",103142,"Low Risk","Unclean nonfood contact surfaces"
1631,"20121210",103154,"Low Risk","Unclean or degraded floors walls or ceilings"
1631,"20121210",103144,"Low Risk","Unapproved or unmaintained equipment or utensils"
1631,"20121031",103139,"Low Risk","Improper food storage"
1631,"20140820",103154,"Low Risk","Unclean or degraded floors walls or ceilings"
1631,"20140820",103144,"Low Risk","Unapproved or unmaintained equipment or utensils"
1631,"20140820",103133,"Moderate Risk","Foods not protected from contamination"
1631,"20140820",103120,"Moderate Risk","Moderate risk food holding temperature "
1631,"20140820",103119,"Moderate Risk","Inadequate and inaccessible handwashing facilities"
1632,"20140820",103118,"Moderate Risk","Employee eating or smoking"
1632,"20130808",103154,"Low Risk","Unclean or degraded floors walls or ceilings"
1632,"20130808",103149,"Low Risk","Wiping cloths not clean or properly stored or inadequate sanitizer"
1632,"20140325",103147,"Low Risk","Inadequate ventilation or lighting"
1635,"20130930",103161,"Low Risk","Low risk vermin infestation"
1635,"20130930",103109,"High Risk","Unclean or unsanitary food contact surfaces"
1635,"20130930",103129,"Moderate Risk","Insufficient hot water or running water"
1635,"20130306",103120,"Moderate Risk","Moderate risk food holding temperature "
1635,"20130306",103139,"Low Risk","Improper food storage"
1635,"20121211",103109,"High Risk","Unclean or unsanitary food contact surfaces"
1635,"20121211",103119,"Moderate Risk","Inadequate and inaccessible handwashing facilities"
1635,"20121211",103144,"Low Risk","Unapproved or unmaintained equipment or utensils"
1635,"20121211",103133,"Moderate Risk","Foods not protected from contamination"
1635,"20121211",103131,"Moderate Risk","Moderate risk vermin infestation"
1635,"20140529",103131,"Moderate Risk","Moderate risk vermin infestation"
1635,"20140529",103142,"Low Risk","Unclean nonfood contact surfaces"
1635,"20140529",103124,"Moderate Risk","Inadequately cleaned or sanitized food contact surfaces"
1636,"20140924",103138,"Low Risk","Improper storage use or identification of toxic substances"
1636,"20140924",103142,"Low Risk","Unclean nonfood contact surfaces"
1636,"20130404",103154,"Low Risk","Unclean or degraded floors walls or ceilings"
1641,"20141117",103149,"Low Risk","Wiping cloths not clean or properly stored or inadequate sanitizer"
1641,"20130812",103142,"Low Risk","Unclean nonfood contact surfaces"
1641,"20130812",103157,"Low Risk","Food safety certificate or food handler card not available"
1641,"20140402",103142,"Low Risk","Unclean nonfood contact surfaces"
1641,"20140402",103157,"Low Risk","Food safety certificate or food handler card not available"
1641,"20120627",103138,"Low Risk","Improper storage use or identification of toxic substances"
1641,"20120627",103142,"Low Risk","Unclean nonfood contact surfaces"
1641,"20120627",103103,"High Risk","High risk food holding temperature "
1641,"20120627",103119,"Moderate Risk","Inadequate and inaccessible handwashing facilities"
1641,"20130115",103157,"Low Risk","Food safety certificate or food handler card not available"
1641,"20130115",103161,"Low Risk","Low risk vermin infestation"
1649,"20140421",103154,"Low Risk","Unclean or degraded floors walls or ceilings"
1649,"20140421",103156,"Low Risk","Permit license or inspection report not posted"
1649,"20121116",103154,"Low Risk","Unclean or degraded floors walls or ceilings"
1652,"20140410",103112,"High Risk","No hot water or running water"
1664,"20130724",103154,"Low Risk","Unclean or degraded floors walls or ceilings"
1664,"20130724",103147,"Low Risk","Inadequate ventilation or lighting"
1664,"20140423",103156,"Low Risk","Permit license or inspection report not posted"
1664,"20140423",103129,"Moderate Risk","Insufficient hot water or running water"
1664,"20120824",103142,"Low Risk","Unclean nonfood contact surfaces"
1664,"20120824",103154,"Low Risk","Unclean or degraded floors walls or ceilings"
1664,"20130227",103142,"Low Risk","Unclean nonfood contact surfaces"
1667,"20150219",103132,"Moderate Risk","Improper thawing methods "
1667,"20150219",103154,"Low Risk","Unclean or degraded floors walls or ceilings"
1667,"20150219",103116,"Moderate Risk","Inadequate food safety knowledge or lack of certified food safety manager"
1667,"20150219",103105,"High Risk","Improper cooling methods"
1667,"20150219",103149,"Low Risk","Wiping cloths not clean or properly stored or inadequate sanitizer"
1667,"20140211",103144,"Low Risk","Unapproved or unmaintained equipment or utensils"
1667,"20140211",103124,"Moderate Risk","Inadequately cleaned or sanitized food contact surfaces"
1667,"20140211",103154,"Low Risk","Unclean or degraded floors walls or ceilings"
1667,"20140211",103148,"Low Risk","No thermometers or uncalibrated thermometers "
1667,"20130501",103107,"High Risk","Improper reheating of food"
1667,"20130501",103124,"Moderate Risk","Inadequately cleaned or sanitized food contact surfaces"
1667,"20130501",103133,"Moderate Risk","Foods not protected from contamination"
1667,"20130501",103131,"Moderate Risk","Moderate risk vermin infestation"
1667,"20120924",103114,"High Risk","High risk vermin infestation"
1667,"20120924",103105,"High Risk","Improper cooling methods"
1667,"20120924",103147,"Low Risk","Inadequate ventilation or lighting"
1667,"20120924",103144,"Low Risk","Unapproved or unmaintained equipment or utensils"
1667,"20120924",103132,"Moderate Risk","Improper thawing methods "
1667,"20120924",103154,"Low Risk","Unclean or degraded floors walls or ceilings"
1667,"20120924",103124,"Moderate Risk","Inadequately cleaned or sanitized food contact surfaces"
1668,"20150401",103138,"Low Risk","Improper storage use or identification of toxic substances"
1668,"20121030",103157,"Low Risk","Food safety certificate or food handler card not available"
1668,"20121030",103109,"High Risk","Unclean or unsanitary food contact surfaces"
1671,"20150330",103116,"Moderate Risk","Inadequate food safety knowledge or lack of certified food safety manager"
1671,"20150330",103120,"Moderate Risk","Moderate risk food holding temperature "
1671,"20150330",103131,"Moderate Risk","Moderate risk vermin infestation"
1671,"20150330",103154,"Low Risk","Unclean or degraded floors walls or ceilings"
1671,"20131202",103120,"Moderate Risk","Moderate risk food holding temperature "
1671,"20130501",103149,"Low Risk","Wiping cloths not clean or properly stored or inadequate sanitizer"
1671,"20130501",103161,"Low Risk","Low risk vermin infestation"
1671,"20121004",103120,"Moderate Risk","Moderate risk food holding temperature "
1671,"20121004",103114,"High Risk","High risk vermin infestation"
1671,"20121004",103133,"Moderate Risk","Foods not protected from contamination"
1671,"20121004",103149,"Low Risk","Wiping cloths not clean or properly stored or inadequate sanitizer"
1671,"20140604",103154,"Low Risk","Unclean or degraded floors walls or ceilings"
1671,"20140604",103165,"Low Risk","No plan review or Building Permit"
1671,"20140604",103124,"Moderate Risk","Inadequately cleaned or sanitized food contact surfaces"
1672,"20130315",103118,"Moderate Risk","Employee eating or smoking"
1672,"20130315",103150,"Low Risk","Improper or defective plumbing"
1672,"20130315",103103,"High Risk","High risk food holding temperature "
1672,"20140328",103119,"Moderate Risk","Inadequate and inaccessible handwashing facilities"
1672,"20140328",103148,"Low Risk","No thermometers or uncalibrated thermometers "
1674,"20130905",103116,"Moderate Risk","Inadequate food safety knowledge or lack of certified food safety manager"
1674,"20130905",103149,"Low Risk","Wiping cloths not clean or properly stored or inadequate sanitizer"
1674,"20130905",103103,"High Risk","High risk food holding temperature "
1674,"20140205",103105,"High Risk","Improper cooling methods"
1674,"20131029",103104,"High Risk","Unauthorized or unsafe use of time as a public health control measure"
1674,"20140205",103149,"Low Risk","Wiping cloths not clean or properly stored or inadequate sanitizer"
1674,"20140205",103120,"Moderate Risk","Moderate risk food holding temperature "
1674,"20140205",103102,"High Risk","Unclean hands or improper use of gloves"
1674,"20130524",103149,"Low Risk","Wiping cloths not clean or properly stored or inadequate sanitizer"
1674,"20130524",103103,"High Risk","High risk food holding temperature "
1674,"20130524",103105,"High Risk","Improper cooling methods"
1674,"20121001",103103,"High Risk","High risk food holding temperature "
1674,"20121001",103105,"High Risk","Improper cooling methods"
1677,"20131106",103144,"Low Risk","Unapproved or unmaintained equipment or utensils"
1677,"20131106",103154,"Low Risk","Unclean or degraded floors walls or ceilings"
1677,"20121217",103162,"Low Risk","Other low risk violation"
1677,"20140609",103120,"Moderate Risk","Moderate risk food holding temperature "
1677,"20140609",103131,"Moderate Risk","Moderate risk vermin infestation"
1677,"20140609",103149,"Low Risk","Wiping cloths not clean or properly stored or inadequate sanitizer"
1677,"20140609",103139,"Low Risk","Improper food storage"
1677,"20140609",103157,"Low Risk","Food safety certificate or food handler card not available"
1685,"20150123",103139,"Low Risk","Improper food storage"
1685,"20150123",103144,"Low Risk","Unapproved or unmaintained equipment or utensils"
1685,"20150123",103154,"Low Risk","Unclean or degraded floors walls or ceilings"
1685,"20131113",103124,"Moderate Risk","Inadequately cleaned or sanitized food contact surfaces"
1685,"20131113",103132,"Moderate Risk","Improper thawing methods "
1685,"20120808",103120,"Moderate Risk","Moderate risk food holding temperature "
1685,"20120808",103142,"Low Risk","Unclean nonfood contact surfaces"
1685,"20120808",103105,"High Risk","Improper cooling methods"
1685,"20130130",103116,"Moderate Risk","Inadequate food safety knowledge or lack of certified food safety manager"
1685,"20130130",103154,"Low Risk","Unclean or degraded floors walls or ceilings"
1685,"20140514",103142,"Low Risk","Unclean nonfood contact surfaces"
1685,"20140514",103105,"High Risk","Improper cooling methods"
1687,"20150401",103144,"Low Risk","Unapproved or unmaintained equipment or utensils"
1687,"20150401",103157,"Low Risk","Food safety certificate or food handler card not available"
1687,"20150401",103154,"Low Risk","Unclean or degraded floors walls or ceilings"
1687,"20150401",103142,"Low Risk","Unclean nonfood contact surfaces"
1687,"20131223",103157,"Low Risk","Food safety certificate or food handler card not available"
1687,"20131223",103154,"Low Risk","Unclean or degraded floors walls or ceilings"
1687,"20131223",103148,"Low Risk","No thermometers or uncalibrated thermometers "
1687,"20131223",103142,"Low Risk","Unclean nonfood contact surfaces"
1687,"20131223",103139,"Low Risk","Improper food storage"
1687,"20131223",103103,"High Risk","High risk food holding temperature "
1687,"20131223",103124,"Moderate Risk","Inadequately cleaned or sanitized food contact surfaces"
1687,"20121108",103114,"High Risk","High risk vermin infestation"
1687,"20121108",103109,"High Risk","Unclean or unsanitary food contact surfaces"
1687,"20121108",103115,"High Risk","Other high risk violation"
1687,"20121108",103142,"Low Risk","Unclean nonfood contact surfaces"
1687,"20121108",103144,"Low Risk","Unapproved or unmaintained equipment or utensils"
1687,"20121108",103145,"Low Risk","Improper storage of equipment utensils or linens"
1687,"20121108",103154,"Low Risk","Unclean or degraded floors walls or ceilings"
1687,"20121108",103133,"Moderate Risk","Foods not protected from contamination"
1692,"20130722",103157,"Low Risk","Food safety certificate or food handler card not available"
1692,"20140320",103109,"High Risk","Unclean or unsanitary food contact surfaces"
1692,"20140320",103131,"Moderate Risk","Moderate risk vermin infestation"
1692,"20140320",103139,"Low Risk","Improper food storage"
1692,"20121217",103103,"High Risk","High risk food holding temperature "
1692,"20121217",103143,"Low Risk","Inadequate warewashing facilities or equipment"
1692,"20140731",103149,"Low Risk","Wiping cloths not clean or properly stored or inadequate sanitizer"
1699,"20130320",103120,"Moderate Risk","Moderate risk food holding temperature "
1700,"20140904",103119,"Moderate Risk","Inadequate and inaccessible handwashing facilities"
1700,"20140904",103131,"Moderate Risk","Moderate risk vermin infestation"
1700,"20140904",103149,"Low Risk","Wiping cloths not clean or properly stored or inadequate sanitizer"
1700,"20140904",103120,"Moderate Risk","Moderate risk food holding temperature "
1700,"20130509",103149,"Low Risk","Wiping cloths not clean or properly stored or inadequate sanitizer"
1700,"20130509",103103,"High Risk","High risk food holding temperature "
1700,"20130509",103133,"Moderate Risk","Foods not protected from contamination"
1700,"20130509",103142,"Low Risk","Unclean nonfood contact surfaces"
1700,"20140218",103120,"Moderate Risk","Moderate risk food holding temperature "
1700,"20140218",103124,"Moderate Risk","Inadequately cleaned or sanitized food contact surfaces"
1700,"20140218",103161,"Low Risk","Low risk vermin infestation"
1702,"20130621",103120,"Moderate Risk","Moderate risk food holding temperature "
1702,"20130417",103124,"Moderate Risk","Inadequately cleaned or sanitized food contact surfaces"
1702,"20130417",103133,"Moderate Risk","Foods not protected from contamination"
1702,"20130417",103131,"Moderate Risk","Moderate risk vermin infestation"
1702,"20130417",103130,"Moderate Risk","Inadequate sewage or wastewater disposal"
1702,"20130417",103116,"Moderate Risk","Inadequate food safety knowledge or lack of certified food safety manager"
1702,"20130417",103105,"High Risk","Improper cooling methods"
1702,"20140617",103124,"Moderate Risk","Inadequately cleaned or sanitized food contact surfaces"
1702,"20140617",103133,"Moderate Risk","Foods not protected from contamination"
1702,"20140617",103103,"High Risk","High risk food holding temperature "
1702,"20140617",103129,"Moderate Risk","Insufficient hot water or running water"
1703,"20130730",103144,"Low Risk","Unapproved or unmaintained equipment or utensils"
1703,"20130730",103139,"Low Risk","Improper food storage"
1703,"20140203",103149,"Low Risk","Wiping cloths not clean or properly stored or inadequate sanitizer"
1703,"20140203",103142,"Low Risk","Unclean nonfood contact surfaces"
1703,"20121025",103120,"Moderate Risk","Moderate risk food holding temperature "
1703,"20121025",103149,"Low Risk","Wiping cloths not clean or properly stored or inadequate sanitizer"
1703,"20140701",103133,"Moderate Risk","Foods not protected from contamination"
1703,"20140701",103149,"Low Risk","Wiping cloths not clean or properly stored or inadequate sanitizer"
1710,"20150225",103154,"Low Risk","Unclean or degraded floors walls or ceilings"
1710,"20150225",103144,"Low Risk","Unapproved or unmaintained equipment or utensils"
1710,"20150225",103139,"Low Risk","Improper food storage"
1710,"20150225",103142,"Low Risk","Unclean nonfood contact surfaces"
1710,"20150225",103120,"Moderate Risk","Moderate risk food holding temperature "
1710,"20130913",103103,"High Risk","High risk food holding temperature "
1710,"20130913",103154,"Low Risk","Unclean or degraded floors walls or ceilings"
1710,"20130913",103143,"Low Risk","Inadequate warewashing facilities or equipment"
1710,"20130913",103139,"Low Risk","Improper food storage"
1710,"20130913",103124,"Moderate Risk","Inadequately cleaned or sanitized food contact surfaces"
1710,"20130913",103116,"Moderate Risk","Inadequate food safety knowledge or lack of certified food safety manager"
1710,"20130110",103120,"Moderate Risk","Moderate risk food holding temperature "
1710,"20130110",103154,"Low Risk","Unclean or degraded floors walls or ceilings"
1710,"20140516",103142,"Low Risk","Unclean nonfood contact surfaces"
1710,"20140516",103103,"High Risk","High risk food holding temperature "
1710,"20140516",103119,"Moderate Risk","Inadequate and inaccessible handwashing facilities"
1710,"20140516",103149,"Low Risk","Wiping cloths not clean or properly stored or inadequate sanitizer"
1710,"20140516",103139,"Low Risk","Improper food storage"
1712,"20141121",103120,"Moderate Risk","Moderate risk food holding temperature "
1712,"20141121",103149,"Low Risk","Wiping cloths not clean or properly stored or inadequate sanitizer"
1712,"20130627",103142,"Low Risk","Unclean nonfood contact surfaces"
1712,"20130627",103131,"Moderate Risk","Moderate risk vermin infestation"
1712,"20130627",103124,"Moderate Risk","Inadequately cleaned or sanitized food contact surfaces"
1712,"20140128",103154,"Low Risk","Unclean or degraded floors walls or ceilings"
1712,"20140128",103144,"Low Risk","Unapproved or unmaintained equipment or utensils"
1712,"20140128",103120,"Moderate Risk","Moderate risk food holding temperature "
1712,"20140128",103114,"High Risk","High risk vermin infestation"
1712,"20120724",103149,"Low Risk","Wiping cloths not clean or properly stored or inadequate sanitizer"
1712,"20120724",103142,"Low Risk","Unclean nonfood contact surfaces"
1712,"20130208",103119,"Moderate Risk","Inadequate and inaccessible handwashing facilities"
1712,"20140522",103124,"Moderate Risk","Inadequately cleaned or sanitized food contact surfaces"
1712,"20140522",103139,"Low Risk","Improper food storage"
1712,"20140522",103132,"Moderate Risk","Improper thawing methods "
1718,"20150422",103124,"Moderate Risk","Inadequately cleaned or sanitized food contact surfaces"
1718,"20150422",103149,"Low Risk","Wiping cloths not clean or properly stored or inadequate sanitizer"
1718,"20130723",103161,"Low Risk","Low risk vermin infestation"
1718,"20130723",103139,"Low Risk","Improper food storage"
1718,"20130723",103109,"High Risk","Unclean or unsanitary food contact surfaces"
1718,"20130723",103102,"High Risk","Unclean hands or improper use of gloves"
1718,"20140122",103145,"Low Risk","Improper storage of equipment utensils or linens"
1718,"20140122",103149,"Low Risk","Wiping cloths not clean or properly stored or inadequate sanitizer"
1718,"20140122",103139,"Low Risk","Improper food storage"
1718,"20140122",103154,"Low Risk","Unclean or degraded floors walls or ceilings"
1718,"20140122",103120,"Moderate Risk","Moderate risk food holding temperature "
1718,"20140122",103144,"Low Risk","Unapproved or unmaintained equipment or utensils"
1718,"20140122",103142,"Low Risk","Unclean nonfood contact surfaces"
1718,"20140122",103124,"Moderate Risk","Inadequately cleaned or sanitized food contact surfaces"
1718,"20130424",103161,"Low Risk","Low risk vermin infestation"
1718,"20130424",103149,"Low Risk","Wiping cloths not clean or properly stored or inadequate sanitizer"
1718,"20130424",103143,"Low Risk","Inadequate warewashing facilities or equipment"
1718,"20130424",103142,"Low Risk","Unclean nonfood contact surfaces"
1718,"20130424",103139,"Low Risk","Improper food storage"
1718,"20130424",103133,"Moderate Risk","Foods not protected from contamination"
1718,"20130424",103124,"Moderate Risk","Inadequately cleaned or sanitized food contact surfaces"
1718,"20130424",103103,"High Risk","High risk food holding temperature "
1718,"20130424",103154,"Low Risk","Unclean or degraded floors walls or ceilings"
1718,"20120904",103149,"Low Risk","Wiping cloths not clean or properly stored or inadequate sanitizer"
1718,"20120904",103139,"Low Risk","Improper food storage"
1718,"20120904",103133,"Moderate Risk","Foods not protected from contamination"
1718,"20120904",103124,"Moderate Risk","Inadequately cleaned or sanitized food contact surfaces"
1718,"20120904",103120,"Moderate Risk","Moderate risk food holding temperature "
1718,"20120904",103119,"Moderate Risk","Inadequate and inaccessible handwashing facilities"
1718,"20120904",103114,"High Risk","High risk vermin infestation"
1718,"20140715",103120,"Moderate Risk","Moderate risk food holding temperature "
1718,"20140715",103144,"Low Risk","Unapproved or unmaintained equipment or utensils"
1718,"20140715",103139,"Low Risk","Improper food storage"
1718,"20140715",103132,"Moderate Risk","Improper thawing methods "
1718,"20140715",103162,"Low Risk","Other low risk violation"
1724,"20131017",103143,"Low Risk","Inadequate warewashing facilities or equipment"
1724,"20131017",103120,"Moderate Risk","Moderate risk food holding temperature "
1724,"20131017",103154,"Low Risk","Unclean or degraded floors walls or ceilings"
1724,"20130517",103139,"Low Risk","Improper food storage"
1724,"20130517",103154,"Low Risk","Unclean or degraded floors walls or ceilings"
1724,"20130517",103149,"Low Risk","Wiping cloths not clean or properly stored or inadequate sanitizer"
1724,"20130517",103142,"Low Risk","Unclean nonfood contact surfaces"
1724,"20130517",103144,"Low Risk","Unapproved or unmaintained equipment or utensils"
1724,"20130517",103133,"Moderate Risk","Foods not protected from contamination"
1724,"20130517",103131,"Moderate Risk","Moderate risk vermin infestation"
1724,"20140505",103139,"Low Risk","Improper food storage"
1724,"20140505",103161,"Low Risk","Low risk vermin infestation"
1724,"20140505",103154,"Low Risk","Unclean or degraded floors walls or ceilings"
1724,"20140505",103102,"High Risk","Unclean hands or improper use of gloves"
1726,"20140624",103154,"Low Risk","Unclean or degraded floors walls or ceilings"
1727,"20130627",103144,"Low Risk","Unapproved or unmaintained equipment or utensils"
1727,"20130627",103103,"High Risk","High risk food holding temperature "
1727,"20130627",103131,"Moderate Risk","Moderate risk vermin infestation"
1727,"20130627",103120,"Moderate Risk","Moderate risk food holding temperature "
1727,"20130627",103142,"Low Risk","Unclean nonfood contact surfaces"
1727,"20120615",103149,"Low Risk","Wiping cloths not clean or properly stored or inadequate sanitizer"
1727,"20120615",103138,"Low Risk","Improper storage use or identification of toxic substances"
1727,"20120615",103103,"High Risk","High risk food holding temperature "
1727,"20140611",103103,"High Risk","High risk food holding temperature "
1727,"20140611",103102,"High Risk","Unclean hands or improper use of gloves"
1734,"20150406",103132,"Moderate Risk","Improper thawing methods "
1734,"20150406",103145,"Low Risk","Improper storage of equipment utensils or linens"
1734,"20150406",103147,"Low Risk","Inadequate ventilation or lighting"
1734,"20150406",103142,"Low Risk","Unclean nonfood contact surfaces"
1734,"20150406",103120,"Moderate Risk","Moderate risk food holding temperature "
1734,"20131105",103154,"Low Risk","Unclean or degraded floors walls or ceilings"
1734,"20131105",103142,"Low Risk","Unclean nonfood contact surfaces"
1734,"20131105",103149,"Low Risk","Wiping cloths not clean or properly stored or inadequate sanitizer"
1734,"20130430",103154,"Low Risk","Unclean or degraded floors walls or ceilings"
1734,"20130430",103142,"Low Risk","Unclean nonfood contact surfaces"
1734,"20120910",103142,"Low Risk","Unclean nonfood contact surfaces"
1734,"20120910",103154,"Low Risk","Unclean or degraded floors walls or ceilings"
1741,"20150223",103154,"Low Risk","Unclean or degraded floors walls or ceilings"
1741,"20150223",103124,"Moderate Risk","Inadequately cleaned or sanitized food contact surfaces"
1741,"20150223",103144,"Low Risk","Unapproved or unmaintained equipment or utensils"
1741,"20150223",103120,"Moderate Risk","Moderate risk food holding temperature "
1741,"20150223",103119,"Moderate Risk","Inadequate and inaccessible handwashing facilities"
1741,"20130604",103145,"Low Risk","Improper storage of equipment utensils or linens"
1741,"20130604",103149,"Low Risk","Wiping cloths not clean or properly stored or inadequate sanitizer"
1741,"20130604",103131,"Moderate Risk","Moderate risk vermin infestation"
1741,"20130604",103124,"Moderate Risk","Inadequately cleaned or sanitized food contact surfaces"
1741,"20130604",103154,"Low Risk","Unclean or degraded floors walls or ceilings"
1741,"20130604",103144,"Low Risk","Unapproved or unmaintained equipment or utensils"
1741,"20120619",103154,"Low Risk","Unclean or degraded floors walls or ceilings"
1741,"20120619",103120,"Moderate Risk","Moderate risk food holding temperature "
1741,"20120619",103131,"Moderate Risk","Moderate risk vermin infestation"
1741,"20130122",103131,"Moderate Risk","Moderate risk vermin infestation"
1741,"20130122",103154,"Low Risk","Unclean or degraded floors walls or ceilings"
1741,"20130122",103144,"Low Risk","Unapproved or unmaintained equipment or utensils"
1741,"20130122",103103,"High Risk","High risk food holding temperature "
1741,"20140521",103154,"Low Risk","Unclean or degraded floors walls or ceilings"
1741,"20140521",103150,"Low Risk","Improper or defective plumbing"
1741,"20140521",103145,"Low Risk","Improper storage of equipment utensils or linens"
1741,"20140521",103105,"High Risk","Improper cooling methods"
1741,"20140521",103142,"Low Risk","Unclean nonfood contact surfaces"
1747,"20141204",103132,"Moderate Risk","Improper thawing methods "
1747,"20141204",103154,"Low Risk","Unclean or degraded floors walls or ceilings"
1747,"20141204",103133,"Moderate Risk","Foods not protected from contamination"
1747,"20141204",103150,"Low Risk","Improper or defective plumbing"
1747,"20150602",103102,"High Risk","Unclean hands or improper use of gloves"
1747,"20150602",103119,"Moderate Risk","Inadequate and inaccessible handwashing facilities"
1747,"20150602",103131,"Moderate Risk","Moderate risk vermin infestation"
1747,"20150602",103132,"Moderate Risk","Improper thawing methods "
1747,"20150602",103138,"Low Risk","Improper storage use or identification of toxic substances"
1747,"20150602",103139,"Low Risk","Improper food storage"
1747,"20130819",103154,"Low Risk","Unclean or degraded floors walls or ceilings"
1747,"20130819",103133,"Moderate Risk","Foods not protected from contamination"
1747,"20130819",103114,"High Risk","High risk vermin infestation"
1747,"20140418",103114,"High Risk","High risk vermin infestation"
1747,"20140325",103154,"Low Risk","Unclean or degraded floors walls or ceilings"
1747,"20140325",103119,"Moderate Risk","Inadequate and inaccessible handwashing facilities"
1747,"20140325",103133,"Moderate Risk","Foods not protected from contamination"
1747,"20121204",103108,"High Risk","Contaminated or adulterated food"
1750,"20130416",103147,"Low Risk","Inadequate ventilation or lighting"
1750,"20130416",103103,"High Risk","High risk food holding temperature "
1750,"20130416",103142,"Low Risk","Unclean nonfood contact surfaces"
1750,"20130416",103156,"Low Risk","Permit license or inspection report not posted"
1750,"20130416",103144,"Low Risk","Unapproved or unmaintained equipment or utensils"
1750,"20130416",103149,"Low Risk","Wiping cloths not clean or properly stored or inadequate sanitizer"
1750,"20130416",103151,"Low Risk","Inadequate or unsanitary refuse containers or area or no garbage service"
1750,"20130416",103119,"Moderate Risk","Inadequate and inaccessible handwashing facilities"
1750,"20130416",103120,"Moderate Risk","Moderate risk food holding temperature "
1750,"20130416",103124,"Moderate Risk","Inadequately cleaned or sanitized food contact surfaces"
1750,"20130416",103131,"Moderate Risk","Moderate risk vermin infestation"
1750,"20130416",103145,"Low Risk","Improper storage of equipment utensils or linens"
1750,"20130416",103154,"Low Risk","Unclean or degraded floors walls or ceilings"
1753,"20150112",103154,"Low Risk","Unclean or degraded floors walls or ceilings"
1753,"20150112",103139,"Low Risk","Improper food storage"
1753,"20150112",103118,"Moderate Risk","Employee eating or smoking"
1753,"20150112",103131,"Moderate Risk","Moderate risk vermin infestation"
1753,"20130813",103105,"High Risk","Improper cooling methods"
1753,"20130813",103161,"Low Risk","Low risk vermin infestation"
1753,"20130813",103142,"Low Risk","Unclean nonfood contact surfaces"
1753,"20130813",103119,"Moderate Risk","Inadequate and inaccessible handwashing facilities"
1753,"20140304",103133,"Moderate Risk","Foods not protected from contamination"
1753,"20140304",103131,"Moderate Risk","Moderate risk vermin infestation"
1753,"20140304",103177,"Low Risk","Non service animal"
1753,"20121017",103162,"Low Risk","Other low risk violation"
1753,"20121017",103156,"Low Risk","Permit license or inspection report not posted"
1753,"20121017",103103,"High Risk","High risk food holding temperature "
1753,"20121017",103144,"Low Risk","Unapproved or unmaintained equipment or utensils"
1753,"20121217",103105,"High Risk","Improper cooling methods"
1754,"20150504",103157,"Low Risk","Food safety certificate or food handler card not available"
1754,"20150504",103154,"Low Risk","Unclean or degraded floors walls or ceilings"
1754,"20150504",103139,"Low Risk","Improper food storage"
1754,"20150504",103124,"Moderate Risk","Inadequately cleaned or sanitized food contact surfaces"
1754,"20150504",103131,"Moderate Risk","Moderate risk vermin infestation"
1754,"20150504",103145,"Low Risk","Improper storage of equipment utensils or linens"
1754,"20130709",103133,"Moderate Risk","Foods not protected from contamination"
1754,"20130709",103144,"Low Risk","Unapproved or unmaintained equipment or utensils"
1754,"20130709",103142,"Low Risk","Unclean nonfood contact surfaces"
1754,"20130709",103114,"High Risk","High risk vermin infestation"
1754,"20130709",103102,"High Risk","Unclean hands or improper use of gloves"
1754,"20130709",103108,"High Risk","Contaminated or adulterated food"
1754,"20130709",103109,"High Risk","Unclean or unsanitary food contact surfaces"
1754,"20130709",103154,"Low Risk","Unclean or degraded floors walls or ceilings"
1754,"20140324",103109,"High Risk","Unclean or unsanitary food contact surfaces"
1754,"20140324",103154,"Low Risk","Unclean or degraded floors walls or ceilings"
1754,"20140324",103131,"Moderate Risk","Moderate risk vermin infestation"
1754,"20140324",103139,"Low Risk","Improper food storage"
1757,"20141210",103132,"Moderate Risk","Improper thawing methods "
1757,"20141210",103120,"Moderate Risk","Moderate risk food holding temperature "
1757,"20141210",103138,"Low Risk","Improper storage use or identification of toxic substances"
1757,"20141210",103142,"Low Risk","Unclean nonfood contact surfaces"
1757,"20141210",103133,"Moderate Risk","Foods not protected from contamination"
1757,"20141210",103114,"High Risk","High risk vermin infestation"
1757,"20141210",103116,"Moderate Risk","Inadequate food safety knowledge or lack of certified food safety manager"
1757,"20131106",103133,"Moderate Risk","Foods not protected from contamination"
1757,"20131106",103154,"Low Risk","Unclean or degraded floors walls or ceilings"
1757,"20131106",103109,"High Risk","Unclean or unsanitary food contact surfaces"
1757,"20140424",103133,"Moderate Risk","Foods not protected from contamination"
1757,"20140424",103139,"Low Risk","Improper food storage"
1757,"20140424",103156,"Low Risk","Permit license or inspection report not posted"
1757,"20120723",103133,"Moderate Risk","Foods not protected from contamination"
1757,"20120723",103124,"Moderate Risk","Inadequately cleaned or sanitized food contact surfaces"
1757,"20120723",103114,"High Risk","High risk vermin infestation"
1757,"20130125",103131,"Moderate Risk","Moderate risk vermin infestation"
1757,"20130125",103142,"Low Risk","Unclean nonfood contact surfaces"
1757,"20130125",103133,"Moderate Risk","Foods not protected from contamination"
1764,"20140306",103149,"Low Risk","Wiping cloths not clean or properly stored or inadequate sanitizer"
1764,"20140306",103119,"Moderate Risk","Inadequate and inaccessible handwashing facilities"
1764,"20121220",103157,"Low Risk","Food safety certificate or food handler card not available"
1765,"20150605",103120,"Moderate Risk","Moderate risk food holding temperature "
1765,"20140423",103139,"Low Risk","Improper food storage"
1765,"20140423",103149,"Low Risk","Wiping cloths not clean or properly stored or inadequate sanitizer"
1765,"20140423",103121,"Moderate Risk","Inadequate procedures or records for time as a public health control "
1768,"20141114",103129,"Moderate Risk","Insufficient hot water or running water"
1768,"20141114",103130,"Moderate Risk","Inadequate sewage or wastewater disposal"
1768,"20130918",103154,"Low Risk","Unclean or degraded floors walls or ceilings"
1768,"20121227",103116,"Moderate Risk","Inadequate food safety knowledge or lack of certified food safety manager"
1768,"20121227",103120,"Moderate Risk","Moderate risk food holding temperature "
1768,"20121227",103131,"Moderate Risk","Moderate risk vermin infestation"
1768,"20121227",103129,"Moderate Risk","Insufficient hot water or running water"
1775,"20140917",103148,"Low Risk","No thermometers or uncalibrated thermometers "
1775,"20140917",103139,"Low Risk","Improper food storage"
1775,"20140917",103114,"High Risk","High risk vermin infestation"
1775,"20140917",103109,"High Risk","Unclean or unsanitary food contact surfaces"
1775,"20140917",103153,"Low Risk","Inadequate dressing rooms or improper storage of personal items"
1775,"20140917",103105,"High Risk","Improper cooling methods"
1775,"20140917",103103,"High Risk","High risk food holding temperature "
1775,"20140917",103154,"Low Risk","Unclean or degraded floors walls or ceilings"
1775,"20130806",103154,"Low Risk","Unclean or degraded floors walls or ceilings"
1775,"20130806",103142,"Low Risk","Unclean nonfood contact surfaces"
1775,"20130806",103149,"Low Risk","Wiping cloths not clean or properly stored or inadequate sanitizer"
1775,"20140210",103120,"Moderate Risk","Moderate risk food holding temperature "
1775,"20140210",103131,"Moderate Risk","Moderate risk vermin infestation"
1775,"20140210",103142,"Low Risk","Unclean nonfood contact surfaces"
1775,"20140210",103145,"Low Risk","Improper storage of equipment utensils or linens"
1775,"20130107",103115,"High Risk","Other high risk violation"
1775,"20130107",103114,"High Risk","High risk vermin infestation"
1775,"20130107",103103,"High Risk","High risk food holding temperature "
1775,"20130107",103109,"High Risk","Unclean or unsanitary food contact surfaces"
1775,"20130107",103145,"Low Risk","Improper storage of equipment utensils or linens"
1777,"20150330",103105,"High Risk","Improper cooling methods"
1777,"20150330",103154,"Low Risk","Unclean or degraded floors walls or ceilings"
1777,"20150330",103132,"Moderate Risk","Improper thawing methods "
1777,"20150330",103131,"Moderate Risk","Moderate risk vermin infestation"
1777,"20150330",103139,"Low Risk","Improper food storage"
1777,"20131008",103154,"Low Risk","Unclean or degraded floors walls or ceilings"
1777,"20131008",103116,"Moderate Risk","Inadequate food safety knowledge or lack of certified food safety manager"
1777,"20131008",103103,"High Risk","High risk food holding temperature "
1777,"20140325",103154,"Low Risk","Unclean or degraded floors walls or ceilings"
1777,"20140325",103144,"Low Risk","Unapproved or unmaintained equipment or utensils"
1777,"20140325",103142,"Low Risk","Unclean nonfood contact surfaces"
1777,"20140325",103145,"Low Risk","Improper storage of equipment utensils or linens"
1777,"20120711",103103,"High Risk","High risk food holding temperature "
1777,"20120711",103157,"Low Risk","Food safety certificate or food handler card not available"
1777,"20130220",103154,"Low Risk","Unclean or degraded floors walls or ceilings"
1777,"20130220",103157,"Low Risk","Food safety certificate or food handler card not available"
1777,"20130220",103103,"High Risk","High risk food holding temperature "
1777,"20130220",103161,"Low Risk","Low risk vermin infestation"
1778,"20131010",103124,"Moderate Risk","Inadequately cleaned or sanitized food contact surfaces"
1778,"20131010",103132,"Moderate Risk","Improper thawing methods "
1778,"20131010",103149,"Low Risk","Wiping cloths not clean or properly stored or inadequate sanitizer"
1778,"20130502",103154,"Low Risk","Unclean or degraded floors walls or ceilings"
1778,"20130502",103120,"Moderate Risk","Moderate risk food holding temperature "
1778,"20130502",103134,"Moderate Risk","Other moderate risk violation"
1778,"20130502",103144,"Low Risk","Unapproved or unmaintained equipment or utensils"
1778,"20130502",103139,"Low Risk","Improper food storage"
1778,"20140505",103153,"Low Risk","Inadequate dressing rooms or improper storage of personal items"
1778,"20140505",103144,"Low Risk","Unapproved or unmaintained equipment or utensils"
1778,"20140505",103154,"Low Risk","Unclean or degraded floors walls or ceilings"
1778,"20120725",103120,"Moderate Risk","Moderate risk food holding temperature "
1778,"20120725",103144,"Low Risk","Unapproved or unmaintained equipment or utensils"
1784,"20150113",103157,"Low Risk","Food safety certificate or food handler card not available"
1784,"20150113",103143,"Low Risk","Inadequate warewashing facilities or equipment"
1784,"20150113",103147,"Low Risk","Inadequate ventilation or lighting"
1784,"20150113",103142,"Low Risk","Unclean nonfood contact surfaces"
1784,"20150113",103139,"Low Risk","Improper food storage"
1784,"20130619",103124,"Moderate Risk","Inadequately cleaned or sanitized food contact surfaces"
1784,"20130619",103131,"Moderate Risk","Moderate risk vermin infestation"
1784,"20140319",103142,"Low Risk","Unclean nonfood contact surfaces"
1784,"20140319",103161,"Low Risk","Low risk vermin infestation"
1784,"20120620",103124,"Moderate Risk","Inadequately cleaned or sanitized food contact surfaces"
1784,"20120620",103144,"Low Risk","Unapproved or unmaintained equipment or utensils"
1784,"20120620",103142,"Low Risk","Unclean nonfood contact surfaces"
1785,"20150227",103116,"Moderate Risk","Inadequate food safety knowledge or lack of certified food safety manager"
1785,"20150227",103103,"High Risk","High risk food holding temperature "
1785,"20131219",103149,"Low Risk","Wiping cloths not clean or properly stored or inadequate sanitizer"
1785,"20130410",103120,"Moderate Risk","Moderate risk food holding temperature "
1785,"20130410",103119,"Moderate Risk","Inadequate and inaccessible handwashing facilities"
1785,"20120814",103129,"Moderate Risk","Insufficient hot water or running water"
1785,"20120814",103139,"Low Risk","Improper food storage"
1785,"20120814",103132,"Moderate Risk","Improper thawing methods "
1788,"20150126",103102,"High Risk","Unclean hands or improper use of gloves"
1788,"20150126",103149,"Low Risk","Wiping cloths not clean or properly stored or inadequate sanitizer"
1788,"20150126",103116,"Moderate Risk","Inadequate food safety knowledge or lack of certified food safety manager"
1788,"20150126",103154,"Low Risk","Unclean or degraded floors walls or ceilings"
1788,"20150126",103120,"Moderate Risk","Moderate risk food holding temperature "
1788,"20131125",103138,"Low Risk","Improper storage use or identification of toxic substances"
1788,"20131125",103139,"Low Risk","Improper food storage"
1788,"20131125",103144,"Low Risk","Unapproved or unmaintained equipment or utensils"
1788,"20131125",103149,"Low Risk","Wiping cloths not clean or properly stored or inadequate sanitizer"
1788,"20131125",103120,"Moderate Risk","Moderate risk food holding temperature "
1788,"20131125",103133,"Moderate Risk","Foods not protected from contamination"
1788,"20131125",103154,"Low Risk","Unclean or degraded floors walls or ceilings"
1788,"20131125",103124,"Moderate Risk","Inadequately cleaned or sanitized food contact surfaces"
1788,"20120613",103149,"Low Risk","Wiping cloths not clean or properly stored or inadequate sanitizer"
1788,"20120613",103109,"High Risk","Unclean or unsanitary food contact surfaces"
1788,"20120613",103142,"Low Risk","Unclean nonfood contact surfaces"
1788,"20120613",103124,"Moderate Risk","Inadequately cleaned or sanitized food contact surfaces"
1788,"20120613",103144,"Low Risk","Unapproved or unmaintained equipment or utensils"
1791,"20141110",103124,"Moderate Risk","Inadequately cleaned or sanitized food contact surfaces"
1791,"20141110",103161,"Low Risk","Low risk vermin infestation"
1791,"20140314",103149,"Low Risk","Wiping cloths not clean or properly stored or inadequate sanitizer"
1791,"20140314",103154,"Low Risk","Unclean or degraded floors walls or ceilings"
1791,"20140314",103152,"Low Risk","Unclean unmaintained or improperly constructed toilet facilities"
1791,"20121022",103139,"Low Risk","Improper food storage"
1791,"20121022",103142,"Low Risk","Unclean nonfood contact surfaces"
1791,"20121022",103154,"Low Risk","Unclean or degraded floors walls or ceilings"
1791,"20121022",103120,"Moderate Risk","Moderate risk food holding temperature "
1792,"20130906",103149,"Low Risk","Wiping cloths not clean or properly stored or inadequate sanitizer"
1792,"20130906",103124,"Moderate Risk","Inadequately cleaned or sanitized food contact surfaces"
1792,"20140416",103142,"Low Risk","Unclean nonfood contact surfaces"
1792,"20130131",103120,"Moderate Risk","Moderate risk food holding temperature "
1796,"20140114",103116,"Moderate Risk","Inadequate food safety knowledge or lack of certified food safety manager"
1796,"20140114",103139,"Low Risk","Improper food storage"
1796,"20140114",103156,"Low Risk","Permit license or inspection report not posted"
1796,"20130415",103147,"Low Risk","Inadequate ventilation or lighting"
1796,"20130415",103116,"Moderate Risk","Inadequate food safety knowledge or lack of certified food safety manager"
1796,"20130415",103109,"High Risk","Unclean or unsanitary food contact surfaces"
1796,"20140708",103116,"Moderate Risk","Inadequate food safety knowledge or lack of certified food safety manager"
1796,"20140708",103161,"Low Risk","Low risk vermin infestation"
1796,"20140708",103103,"High Risk","High risk food holding temperature "
1796,"20140708",103119,"Moderate Risk","Inadequate and inaccessible handwashing facilities"
1796,"20140708",103142,"Low Risk","Unclean nonfood contact surfaces"
1796,"20140708",103154,"Low Risk","Unclean or degraded floors walls or ceilings"
1796,"20140708",103156,"Low Risk","Permit license or inspection report not posted"
1797,"20150422",103102,"High Risk","Unclean hands or improper use of gloves"
1797,"20150422",103109,"High Risk","Unclean or unsanitary food contact surfaces"
1797,"20150422",103103,"High Risk","High risk food holding temperature "
1797,"20150422",103139,"Low Risk","Improper food storage"
1797,"20150422",103105,"High Risk","Improper cooling methods"
1797,"20131126",103138,"Low Risk","Improper storage use or identification of toxic substances"
1797,"20131126",103120,"Moderate Risk","Moderate risk food holding temperature "
1797,"20131126",103133,"Moderate Risk","Foods not protected from contamination"
1797,"20131126",103161,"Low Risk","Low risk vermin infestation"
1797,"20131126",103142,"Low Risk","Unclean nonfood contact surfaces"
1797,"20131126",103149,"Low Risk","Wiping cloths not clean or properly stored or inadequate sanitizer"
1797,"20130102",103103,"High Risk","High risk food holding temperature "
1797,"20130102",103125,"Moderate Risk","Noncompliance with shell fish tags or display"
1797,"20130102",103131,"Moderate Risk","Moderate risk vermin infestation"
1797,"20130102",103138,"Low Risk","Improper storage use or identification of toxic substances"
1797,"20130102",103142,"Low Risk","Unclean nonfood contact surfaces"
1797,"20130102",103149,"Low Risk","Wiping cloths not clean or properly stored or inadequate sanitizer"
1797,"20130102",103133,"Moderate Risk","Foods not protected from contamination"
1797,"20130102",103144,"Low Risk","Unapproved or unmaintained equipment or utensils"
1798,"20141104",103141,"Low Risk","Improper food labeling or menu misrepresentation"
1798,"20141104",103119,"Moderate Risk","Inadequate and inaccessible handwashing facilities"
1798,"20140224",103150,"Low Risk","Improper or defective plumbing"
1800,"20130523",103144,"Low Risk","Unapproved or unmaintained equipment or utensils"
1800,"20130523",103142,"Low Risk","Unclean nonfood contact surfaces"
1800,"20121009",103157,"Low Risk","Food safety certificate or food handler card not available"
1800,"20121009",103143,"Low Risk","Inadequate warewashing facilities or equipment"
1800,"20121009",103142,"Low Risk","Unclean nonfood contact surfaces"
1800,"20121009",103109,"High Risk","Unclean or unsanitary food contact surfaces"
1800,"20121009",103131,"Moderate Risk","Moderate risk vermin infestation"
1800,"20140516",103124,"Moderate Risk","Inadequately cleaned or sanitized food contact surfaces"
1800,"20140516",103144,"Low Risk","Unapproved or unmaintained equipment or utensils"
1800,"20140516",103157,"Low Risk","Food safety certificate or food handler card not available"
1810,"20141016",103154,"Low Risk","Unclean or degraded floors walls or ceilings"
1810,"20141016",103142,"Low Risk","Unclean nonfood contact surfaces"
1810,"20141016",103158,"Low Risk","Unpermitted food facility"
1810,"20130304",103157,"Low Risk","Food safety certificate or food handler card not available"
1810,"20130304",103156,"Low Risk","Permit license or inspection report not posted"
1810,"20130304",103149,"Low Risk","Wiping cloths not clean or properly stored or inadequate sanitizer"
1810,"20130304",103147,"Low Risk","Inadequate ventilation or lighting"
1810,"20140318",103149,"Low Risk","Wiping cloths not clean or properly stored or inadequate sanitizer"
1810,"20140318",103119,"Moderate Risk","Inadequate and inaccessible handwashing facilities"
1810,"20140318",103154,"Low Risk","Unclean or degraded floors walls or ceilings"
1810,"20140318",103157,"Low Risk","Food safety certificate or food handler card not available"
1811,"20130530",103103,"High Risk","High risk food holding temperature "
1811,"20130530",103157,"Low Risk","Food safety certificate or food handler card not available"
1811,"20130530",103161,"Low Risk","Low risk vermin infestation"
1811,"20140318",103157,"Low Risk","Food safety certificate or food handler card not available"
1811,"20120914",103157,"Low Risk","Food safety certificate or food handler card not available"
1811,"20120914",103109,"High Risk","Unclean or unsanitary food contact surfaces"
1811,"20140819",103120,"Moderate Risk","Moderate risk food holding temperature "
1813,"20130812",103144,"Low Risk","Unapproved or unmaintained equipment or utensils"
1813,"20130812",103116,"Moderate Risk","Inadequate food safety knowledge or lack of certified food safety manager"
1813,"20130812",103142,"Low Risk","Unclean nonfood contact surfaces"
1813,"20121126",103144,"Low Risk","Unapproved or unmaintained equipment or utensils"
1813,"20121126",103149,"Low Risk","Wiping cloths not clean or properly stored or inadequate sanitizer"
1813,"20140528",103154,"Low Risk","Unclean or degraded floors walls or ceilings"
1813,"20140528",103144,"Low Risk","Unapproved or unmaintained equipment or utensils"
1814,"20120921",103119,"Moderate Risk","Inadequate and inaccessible handwashing facilities"
1814,"20120921",103102,"High Risk","Unclean hands or improper use of gloves"
1814,"20120921",103148,"Low Risk","No thermometers or uncalibrated thermometers "
1815,"20140124",103119,"Moderate Risk","Inadequate and inaccessible handwashing facilities"
1815,"20130509",103118,"Moderate Risk","Employee eating or smoking"
1815,"20120921",103161,"Low Risk","Low risk vermin infestation"
1815,"20120921",103154,"Low Risk","Unclean or degraded floors walls or ceilings"
1815,"20120921",103119,"Moderate Risk","Inadequate and inaccessible handwashing facilities"
1815,"20140625",103131,"Moderate Risk","Moderate risk vermin infestation"
1822,"20130315",103109,"High Risk","Unclean or unsanitary food contact surfaces"
1822,"20130315",103151,"Low Risk","Inadequate or unsanitary refuse containers or area or no garbage service"
1822,"20140228",103154,"Low Risk","Unclean or degraded floors walls or ceilings"
1822,"20140228",103129,"Moderate Risk","Insufficient hot water or running water"
1822,"20140228",103139,"Low Risk","Improper food storage"
1822,"20140228",103142,"Low Risk","Unclean nonfood contact surfaces"
1822,"20140228",103145,"Low Risk","Improper storage of equipment utensils or linens"
1822,"20140228",103124,"Moderate Risk","Inadequately cleaned or sanitized food contact surfaces"
1823,"20130607",103149,"Low Risk","Wiping cloths not clean or properly stored or inadequate sanitizer"
1823,"20140505",103124,"Moderate Risk","Inadequately cleaned or sanitized food contact surfaces"
1823,"20121205",103119,"Moderate Risk","Inadequate and inaccessible handwashing facilities"
1823,"20121205",103149,"Low Risk","Wiping cloths not clean or properly stored or inadequate sanitizer"
1823,"20121205",103107,"High Risk","Improper reheating of food"
1829,"20140902",103131,"Moderate Risk","Moderate risk vermin infestation"
1829,"20140902",103154,"Low Risk","Unclean or degraded floors walls or ceilings"
1829,"20140902",103120,"Moderate Risk","Moderate risk food holding temperature "
1829,"20130816",103132,"Moderate Risk","Improper thawing methods "
1829,"20130816",103123,"Moderate Risk","Food in poor condition"
1829,"20130816",103103,"High Risk","High risk food holding temperature "
1829,"20130816",103150,"Low Risk","Improper or defective plumbing"
1829,"20130816",103144,"Low Risk","Unapproved or unmaintained equipment or utensils"
1829,"20121023",103131,"Moderate Risk","Moderate risk vermin infestation"
1829,"20121023",103124,"Moderate Risk","Inadequately cleaned or sanitized food contact surfaces"
1830,"20150423",103138,"Low Risk","Improper storage use or identification of toxic substances"
1830,"20150423",103142,"Low Risk","Unclean nonfood contact surfaces"
1830,"20150423",103139,"Low Risk","Improper food storage"
1830,"20150423",103131,"Moderate Risk","Moderate risk vermin infestation"
1830,"20150423",103133,"Moderate Risk","Foods not protected from contamination"
1830,"20150423",103154,"Low Risk","Unclean or degraded floors walls or ceilings"
1830,"20131114",103154,"Low Risk","Unclean or degraded floors walls or ceilings"
1830,"20131114",103145,"Low Risk","Improper storage of equipment utensils or linens"
1830,"20131114",103142,"Low Risk","Unclean nonfood contact surfaces"
1830,"20131114",103139,"Low Risk","Improper food storage"
1830,"20131114",103156,"Low Risk","Permit license or inspection report not posted"
1830,"20131114",103120,"Moderate Risk","Moderate risk food holding temperature "
1830,"20131114",103124,"Moderate Risk","Inadequately cleaned or sanitized food contact surfaces"
1830,"20131114",103119,"Moderate Risk","Inadequate and inaccessible handwashing facilities"
1830,"20130219",103149,"Low Risk","Wiping cloths not clean or properly stored or inadequate sanitizer"
1830,"20130219",103154,"Low Risk","Unclean or degraded floors walls or ceilings"
1830,"20130219",103144,"Low Risk","Unapproved or unmaintained equipment or utensils"
1830,"20130219",103139,"Low Risk","Improper food storage"
1830,"20130219",103131,"Moderate Risk","Moderate risk vermin infestation"
1830,"20140604",103105,"High Risk","Improper cooling methods"
1830,"20140604",103142,"Low Risk","Unclean nonfood contact surfaces"
1830,"20140604",103133,"Moderate Risk","Foods not protected from contamination"
1830,"20140604",103154,"Low Risk","Unclean or degraded floors walls or ceilings"
1830,"20140604",103156,"Low Risk","Permit license or inspection report not posted"
1830,"20140604",103139,"Low Risk","Improper food storage"
1831,"20140219",103109,"High Risk","Unclean or unsanitary food contact surfaces"
1831,"20140219",103119,"Moderate Risk","Inadequate and inaccessible handwashing facilities"
1831,"20140219",103131,"Moderate Risk","Moderate risk vermin infestation"
1831,"20140219",103133,"Moderate Risk","Foods not protected from contamination"
1831,"20130219",103102,"High Risk","Unclean hands or improper use of gloves"
1831,"20130219",103120,"Moderate Risk","Moderate risk food holding temperature "
1831,"20130219",103157,"Low Risk","Food safety certificate or food handler card not available"
1831,"20130219",103119,"Moderate Risk","Inadequate and inaccessible handwashing facilities"
1832,"20140114",103105,"High Risk","Improper cooling methods"
1832,"20140114",103142,"Low Risk","Unclean nonfood contact surfaces"
1832,"20140114",103120,"Moderate Risk","Moderate risk food holding temperature "
1832,"20140114",103156,"Low Risk","Permit license or inspection report not posted"
1832,"20140114",103124,"Moderate Risk","Inadequately cleaned or sanitized food contact surfaces"
1832,"20140114",103131,"Moderate Risk","Moderate risk vermin infestation"
1832,"20140826",103145,"Low Risk","Improper storage of equipment utensils or linens"
1832,"20140826",103144,"Low Risk","Unapproved or unmaintained equipment or utensils"
1832,"20140826",103103,"High Risk","High risk food holding temperature "
1832,"20140826",103154,"Low Risk","Unclean or degraded floors walls or ceilings"
1832,"20140826",103124,"Moderate Risk","Inadequately cleaned or sanitized food contact surfaces"
1833,"20150128",103154,"Low Risk","Unclean or degraded floors walls or ceilings"
1833,"20150128",103105,"High Risk","Improper cooling methods"
1833,"20150128",103103,"High Risk","High risk food holding temperature "
1833,"20150128",103144,"Low Risk","Unapproved or unmaintained equipment or utensils"
1833,"20150128",103138,"Low Risk","Improper storage use or identification of toxic substances"
1833,"20150128",103145,"Low Risk","Improper storage of equipment utensils or linens"
1833,"20150128",103151,"Low Risk","Inadequate or unsanitary refuse containers or area or no garbage service"
1833,"20150128",103124,"Moderate Risk","Inadequately cleaned or sanitized food contact surfaces"
1833,"20150128",103131,"Moderate Risk","Moderate risk vermin infestation"
1833,"20130904",103157,"Low Risk","Food safety certificate or food handler card not available"
1833,"20130904",103156,"Low Risk","Permit license or inspection report not posted"
1833,"20130904",103149,"Low Risk","Wiping cloths not clean or properly stored or inadequate sanitizer"
1833,"20130904",103114,"High Risk","High risk vermin infestation"
1833,"20130904",103142,"Low Risk","Unclean nonfood contact surfaces"
1833,"20130904",103139,"Low Risk","Improper food storage"
1833,"20130904",103124,"Moderate Risk","Inadequately cleaned or sanitized food contact surfaces"
1833,"20130904",103120,"Moderate Risk","Moderate risk food holding temperature "
1833,"20140206",103114,"High Risk","High risk vermin infestation"
1833,"20140206",103144,"Low Risk","Unapproved or unmaintained equipment or utensils"
1833,"20140206",103150,"Low Risk","Improper or defective plumbing"
1833,"20140206",103154,"Low Risk","Unclean or degraded floors walls or ceilings"
1833,"20140206",103116,"Moderate Risk","Inadequate food safety knowledge or lack of certified food safety manager"
1833,"20140206",103145,"Low Risk","Improper storage of equipment utensils or linens"
1833,"20140206",103142,"Low Risk","Unclean nonfood contact surfaces"
1833,"20140206",103139,"Low Risk","Improper food storage"
1833,"20140206",103130,"Moderate Risk","Inadequate sewage or wastewater disposal"
1833,"20140206",103124,"Moderate Risk","Inadequately cleaned or sanitized food contact surfaces"
1833,"20140206",103119,"Moderate Risk","Inadequate and inaccessible handwashing facilities"
1833,"20130109",103120,"Moderate Risk","Moderate risk food holding temperature "
1833,"20130109",103148,"Low Risk","No thermometers or uncalibrated thermometers "
1833,"20130109",103114,"High Risk","High risk vermin infestation"
1833,"20130109",103116,"Moderate Risk","Inadequate food safety knowledge or lack of certified food safety manager"
1833,"20130109",103153,"Low Risk","Inadequate dressing rooms or improper storage of personal items"
1833,"20130109",103149,"Low Risk","Wiping cloths not clean or properly stored or inadequate sanitizer"
1833,"20130109",103150,"Low Risk","Improper or defective plumbing"
1833,"20130109",103144,"Low Risk","Unapproved or unmaintained equipment or utensils"
1833,"20130109",103152,"Low Risk","Unclean unmaintained or improperly constructed toilet facilities"
1833,"20130109",103154,"Low Risk","Unclean or degraded floors walls or ceilings"
1833,"20130109",103145,"Low Risk","Improper storage of equipment utensils or linens"
1833,"20130109",103142,"Low Risk","Unclean nonfood contact surfaces"
1833,"20130109",103139,"Low Risk","Improper food storage"
1833,"20140626",103144,"Low Risk","Unapproved or unmaintained equipment or utensils"
1833,"20140626",103154,"Low Risk","Unclean or degraded floors walls or ceilings"
1833,"20140626",103157,"Low Risk","Food safety certificate or food handler card not available"
1833,"20140626",103150,"Low Risk","Improper or defective plumbing"
1833,"20140626",103114,"High Risk","High risk vermin infestation"
1833,"20140626",103142,"Low Risk","Unclean nonfood contact surfaces"
1833,"20140626",103109,"High Risk","Unclean or unsanitary food contact surfaces"
1833,"20140626",103103,"High Risk","High risk food holding temperature "
1836,"20150303",103120,"Moderate Risk","Moderate risk food holding temperature "
1836,"20150303",103131,"Moderate Risk","Moderate risk vermin infestation"
1836,"20150303",103154,"Low Risk","Unclean or degraded floors walls or ceilings"
1836,"20150303",103124,"Moderate Risk","Inadequately cleaned or sanitized food contact surfaces"
1836,"20150303",103150,"Low Risk","Improper or defective plumbing"
1836,"20150303",103142,"Low Risk","Unclean nonfood contact surfaces"
1836,"20150303",103139,"Low Risk","Improper food storage"
1836,"20130124",103142,"Low Risk","Unclean nonfood contact surfaces"
1836,"20130124",103109,"High Risk","Unclean or unsanitary food contact surfaces"
1836,"20130124",103153,"Low Risk","Inadequate dressing rooms or improper storage of personal items"
1836,"20140625",103139,"Low Risk","Improper food storage"
1836,"20140625",103109,"High Risk","Unclean or unsanitary food contact surfaces"
1836,"20140625",103144,"Low Risk","Unapproved or unmaintained equipment or utensils"
1837,"20140122",103105,"High Risk","Improper cooling methods"
1837,"20140122",103142,"Low Risk","Unclean nonfood contact surfaces"
1837,"20140122",103133,"Moderate Risk","Foods not protected from contamination"
1837,"20140122",103124,"Moderate Risk","Inadequately cleaned or sanitized food contact surfaces"
1837,"20121217",103119,"Moderate Risk","Inadequate and inaccessible handwashing facilities"
1837,"20140731",103133,"Moderate Risk","Foods not protected from contamination"
1837,"20140731",103120,"Moderate Risk","Moderate risk food holding temperature "
1837,"20140731",103131,"Moderate Risk","Moderate risk vermin infestation"
1843,"20150121",103109,"High Risk","Unclean or unsanitary food contact surfaces"
1843,"20150121",103133,"Moderate Risk","Foods not protected from contamination"
1843,"20150121",103144,"Low Risk","Unapproved or unmaintained equipment or utensils"
1843,"20150121",103103,"High Risk","High risk food holding temperature "
1843,"20150121",103108,"High Risk","Contaminated or adulterated food"
1843,"20150121",103154,"Low Risk","Unclean or degraded floors walls or ceilings"
1843,"20150121",103114,"High Risk","High risk vermin infestation"
1843,"20150121",103119,"Moderate Risk","Inadequate and inaccessible handwashing facilities"
1843,"20140108",103124,"Moderate Risk","Inadequately cleaned or sanitized food contact surfaces"
1843,"20140108",103103,"High Risk","High risk food holding temperature "
1843,"20140108",103132,"Moderate Risk","Improper thawing methods "
1843,"20140108",103133,"Moderate Risk","Foods not protected from contamination"
1843,"20140108",103154,"Low Risk","Unclean or degraded floors walls or ceilings"
1843,"20140108",103149,"Low Risk","Wiping cloths not clean or properly stored or inadequate sanitizer"
1843,"20140108",103144,"Low Risk","Unapproved or unmaintained equipment or utensils"
1843,"20130117",103104,"High Risk","Unauthorized or unsafe use of time as a public health control measure"
1843,"20130117",103103,"High Risk","High risk food holding temperature "
1843,"20130117",103154,"Low Risk","Unclean or degraded floors walls or ceilings"
1843,"20130117",103133,"Moderate Risk","Foods not protected from contamination"
1843,"20130117",103124,"Moderate Risk","Inadequately cleaned or sanitized food contact surfaces"
1844,"20150105",103154,"Low Risk","Unclean or degraded floors walls or ceilings"
1844,"20150105",103124,"Moderate Risk","Inadequately cleaned or sanitized food contact surfaces"
1844,"20150105",103139,"Low Risk","Improper food storage"
1844,"20150105",103144,"Low Risk","Unapproved or unmaintained equipment or utensils"
1844,"20120731",103119,"Moderate Risk","Inadequate and inaccessible handwashing facilities"
1844,"20120731",103142,"Low Risk","Unclean nonfood contact surfaces"
1844,"20120731",103154,"Low Risk","Unclean or degraded floors walls or ceilings"
1844,"20130228",103154,"Low Risk","Unclean or degraded floors walls or ceilings"
1850,"20130131",103114,"High Risk","High risk vermin infestation"
1850,"20130131",103119,"Moderate Risk","Inadequate and inaccessible handwashing facilities"
1850,"20130131",103154,"Low Risk","Unclean or degraded floors walls or ceilings"
1850,"20130131",103149,"Low Risk","Wiping cloths not clean or properly stored or inadequate sanitizer"
1850,"20140627",103103,"High Risk","High risk food holding temperature "
1850,"20140627",103153,"Low Risk","Inadequate dressing rooms or improper storage of personal items"
1850,"20140627",103109,"High Risk","Unclean or unsanitary food contact surfaces"
1852,"20141106",103143,"Low Risk","Inadequate warewashing facilities or equipment"
1852,"20141106",103120,"Moderate Risk","Moderate risk food holding temperature "
1852,"20141106",103138,"Low Risk","Improper storage use or identification of toxic substances"
1852,"20141106",103149,"Low Risk","Wiping cloths not clean or properly stored or inadequate sanitizer"
1852,"20141106",103154,"Low Risk","Unclean or degraded floors walls or ceilings"
1852,"20130702",103142,"Low Risk","Unclean nonfood contact surfaces"
1852,"20130702",103119,"Moderate Risk","Inadequate and inaccessible handwashing facilities"
1852,"20130702",103116,"Moderate Risk","Inadequate food safety knowledge or lack of certified food safety manager"
1852,"20140220",103149,"Low Risk","Wiping cloths not clean or properly stored or inadequate sanitizer"
1852,"20120619",103124,"Moderate Risk","Inadequately cleaned or sanitized food contact surfaces"
1852,"20120619",103120,"Moderate Risk","Moderate risk food holding temperature "
1854,"20141006",103103,"High Risk","High risk food holding temperature "
1854,"20141006",103105,"High Risk","Improper cooling methods"
1854,"20130319",103142,"Low Risk","Unclean nonfood contact surfaces"
1854,"20140304",103149,"Low Risk","Wiping cloths not clean or properly stored or inadequate sanitizer"
1854,"20140304",103156,"Low Risk","Permit license or inspection report not posted"
1854,"20140304",103133,"Moderate Risk","Foods not protected from contamination"
1854,"20140304",103105,"High Risk","Improper cooling methods"
1854,"20120719",103120,"Moderate Risk","Moderate risk food holding temperature "
1856,"20131021",103107,"High Risk","Improper reheating of food"
1856,"20140604",103103,"High Risk","High risk food holding temperature "
1856,"20140604",103156,"Low Risk","Permit license or inspection report not posted"
1856,"20140604",103148,"Low Risk","No thermometers or uncalibrated thermometers "
1865,"20150406",103124,"Moderate Risk","Inadequately cleaned or sanitized food contact surfaces"
1865,"20130828",103112,"High Risk","No hot water or running water"
1865,"20130828",103102,"High Risk","Unclean hands or improper use of gloves"
1865,"20140319",103145,"Low Risk","Improper storage of equipment utensils or linens"
1865,"20121228",103132,"Moderate Risk","Improper thawing methods "
1866,"20140911",103116,"Moderate Risk","Inadequate food safety knowledge or lack of certified food safety manager"
1866,"20140911",103156,"Low Risk","Permit license or inspection report not posted"
1866,"20140911",103120,"Moderate Risk","Moderate risk food holding temperature "
1866,"20140226",103145,"Low Risk","Improper storage of equipment utensils or linens"
1866,"20140226",103142,"Low Risk","Unclean nonfood contact surfaces"
1866,"20140226",103149,"Low Risk","Wiping cloths not clean or properly stored or inadequate sanitizer"
1867,"20140210",103148,"Low Risk","No thermometers or uncalibrated thermometers "
1867,"20140210",103121,"Moderate Risk","Inadequate procedures or records for time as a public health control "
1867,"20140819",103105,"High Risk","Improper cooling methods"
1867,"20140819",103121,"Moderate Risk","Inadequate procedures or records for time as a public health control "
1870,"20140114",103119,"Moderate Risk","Inadequate and inaccessible handwashing facilities"
1870,"20140114",103109,"High Risk","Unclean or unsanitary food contact surfaces"
1870,"20140114",103148,"Low Risk","No thermometers or uncalibrated thermometers "
1870,"20140114",103103,"High Risk","High risk food holding temperature "
1870,"20121114",103143,"Low Risk","Inadequate warewashing facilities or equipment"
1870,"20121114",103144,"Low Risk","Unapproved or unmaintained equipment or utensils"
1870,"20140729",103120,"Moderate Risk","Moderate risk food holding temperature "
1870,"20140729",103150,"Low Risk","Improper or defective plumbing"
1873,"20131210",103124,"Moderate Risk","Inadequately cleaned or sanitized food contact surfaces"
1873,"20131210",103150,"Low Risk","Improper or defective plumbing"
1873,"20131210",103103,"High Risk","High risk food holding temperature "
1873,"20131210",103131,"Moderate Risk","Moderate risk vermin infestation"
1873,"20131210",103133,"Moderate Risk","Foods not protected from contamination"
1873,"20131210",103139,"Low Risk","Improper food storage"
1873,"20131210",103145,"Low Risk","Improper storage of equipment utensils or linens"
1873,"20131210",103147,"Low Risk","Inadequate ventilation or lighting"
1873,"20131210",103154,"Low Risk","Unclean or degraded floors walls or ceilings"
1873,"20130321",103156,"Low Risk","Permit license or inspection report not posted"
1873,"20130321",103157,"Low Risk","Food safety certificate or food handler card not available"
1873,"20130321",103158,"Low Risk","Unpermitted food facility"
1873,"20130321",103142,"Low Risk","Unclean nonfood contact surfaces"
1873,"20130321",103139,"Low Risk","Improper food storage"
1873,"20130321",103154,"Low Risk","Unclean or degraded floors walls or ceilings"
1873,"20140724",103133,"Moderate Risk","Foods not protected from contamination"
1873,"20140724",103124,"Moderate Risk","Inadequately cleaned or sanitized food contact surfaces"
1873,"20140724",103114,"High Risk","High risk vermin infestation"
1873,"20140724",103154,"Low Risk","Unclean or degraded floors walls or ceilings"
1880,"20131105",103124,"Moderate Risk","Inadequately cleaned or sanitized food contact surfaces"
1880,"20131105",103145,"Low Risk","Improper storage of equipment utensils or linens"
1880,"20131105",103142,"Low Risk","Unclean nonfood contact surfaces"
1880,"20131105",103116,"Moderate Risk","Inadequate food safety knowledge or lack of certified food safety manager"
1880,"20131105",103112,"High Risk","No hot water or running water"
1880,"20131105",103107,"High Risk","Improper reheating of food"
1880,"20140410",103144,"Low Risk","Unapproved or unmaintained equipment or utensils"
1880,"20140410",103103,"High Risk","High risk food holding temperature "
1880,"20140410",103142,"Low Risk","Unclean nonfood contact surfaces"
1882,"20141023",103103,"High Risk","High risk food holding temperature "
1882,"20131016",103120,"Moderate Risk","Moderate risk food holding temperature "
1882,"20130607",103161,"Low Risk","Low risk vermin infestation"
1882,"20130423",103131,"Moderate Risk","Moderate risk vermin infestation"
1882,"20130423",103154,"Low Risk","Unclean or degraded floors walls or ceilings"
1882,"20130423",103162,"Low Risk","Other low risk violation"
1882,"20140416",103157,"Low Risk","Food safety certificate or food handler card not available"
1882,"20140416",103144,"Low Risk","Unapproved or unmaintained equipment or utensils"
1882,"20140416",103147,"Low Risk","Inadequate ventilation or lighting"
1882,"20121115",103139,"Low Risk","Improper food storage"
1882,"20121115",103161,"Low Risk","Low risk vermin infestation"
1884,"20150505",103149,"Low Risk","Wiping cloths not clean or properly stored or inadequate sanitizer"
1884,"20150505",103121,"Moderate Risk","Inadequate procedures or records for time as a public health control "
1884,"20131115",103156,"Low Risk","Permit license or inspection report not posted"
1884,"20140430",103120,"Moderate Risk","Moderate risk food holding temperature "
1894,"20130307",103120,"Moderate Risk","Moderate risk food holding temperature "
1894,"20130307",103131,"Moderate Risk","Moderate risk vermin infestation"
1894,"20140425",103147,"Low Risk","Inadequate ventilation or lighting"
1894,"20140425",103149,"Low Risk","Wiping cloths not clean or properly stored or inadequate sanitizer"
1894,"20121129",103138,"Low Risk","Improper storage use or identification of toxic substances"
1894,"20121129",103112,"High Risk","No hot water or running water"
1894,"20121129",103142,"Low Risk","Unclean nonfood contact surfaces"
1896,"20141125",103120,"Moderate Risk","Moderate risk food holding temperature "
1896,"20141125",103124,"Moderate Risk","Inadequately cleaned or sanitized food contact surfaces"
1896,"20141125",103154,"Low Risk","Unclean or degraded floors walls or ceilings"
1896,"20140211",103149,"Low Risk","Wiping cloths not clean or properly stored or inadequate sanitizer"
1896,"20140211",103107,"High Risk","Improper reheating of food"
1896,"20120619",103154,"Low Risk","Unclean or degraded floors walls or ceilings"
1896,"20130107",103144,"Low Risk","Unapproved or unmaintained equipment or utensils"
1896,"20130107",103154,"Low Risk","Unclean or degraded floors walls or ceilings"
1896,"20140528",103120,"Moderate Risk","Moderate risk food holding temperature "
1896,"20140528",103124,"Moderate Risk","Inadequately cleaned or sanitized food contact surfaces"
1896,"20140528",103154,"Low Risk","Unclean or degraded floors walls or ceilings"
1898,"20130808",103149,"Low Risk","Wiping cloths not clean or properly stored or inadequate sanitizer"
1898,"20130808",103148,"Low Risk","No thermometers or uncalibrated thermometers "
1898,"20130808",103143,"Low Risk","Inadequate warewashing facilities or equipment"
1898,"20130808",103139,"Low Risk","Improper food storage"
1898,"20130808",103124,"Moderate Risk","Inadequately cleaned or sanitized food contact surfaces"
1898,"20130808",103139,"Low Risk","Improper food storage"
1898,"20131025",103138,"Low Risk","Improper storage use or identification of toxic substances"
1898,"20131025",103131,"Moderate Risk","Moderate risk vermin infestation"
1898,"20131025",103147,"Low Risk","Inadequate ventilation or lighting"
1898,"20130326",103152,"Low Risk","Unclean unmaintained or improperly constructed toilet facilities"
1898,"20130326",103120,"Moderate Risk","Moderate risk food holding temperature "
1898,"20140424",103157,"Low Risk","Food safety certificate or food handler card not available"
1898,"20120905",103154,"Low Risk","Unclean or degraded floors walls or ceilings"
1900,"20141002",103144,"Low Risk","Unapproved or unmaintained equipment or utensils"
1900,"20141002",103133,"Moderate Risk","Foods not protected from contamination"
1900,"20141002",103154,"Low Risk","Unclean or degraded floors walls or ceilings"
1900,"20130123",103133,"Moderate Risk","Foods not protected from contamination"
1900,"20130123",103139,"Low Risk","Improper food storage"
1900,"20130123",103144,"Low Risk","Unapproved or unmaintained equipment or utensils"
1900,"20130123",103157,"Low Risk","Food safety certificate or food handler card not available"
1900,"20130123",103149,"Low Risk","Wiping cloths not clean or properly stored or inadequate sanitizer"
1903,"20140419",103139,"Low Risk","Improper food storage"
1903,"20140419",103149,"Low Risk","Wiping cloths not clean or properly stored or inadequate sanitizer"
1903,"20121213",103129,"Moderate Risk","Insufficient hot water or running water"
1903,"20121213",103149,"Low Risk","Wiping cloths not clean or properly stored or inadequate sanitizer"
1906,"20130522",103149,"Low Risk","Wiping cloths not clean or properly stored or inadequate sanitizer"
1906,"20130522",103147,"Low Risk","Inadequate ventilation or lighting"
1906,"20130522",103139,"Low Risk","Improper food storage"
1906,"20130522",103119,"Moderate Risk","Inadequate and inaccessible handwashing facilities"
1906,"20121120",103161,"Low Risk","Low risk vermin infestation"
1906,"20121120",103139,"Low Risk","Improper food storage"
1906,"20121120",103149,"Low Risk","Wiping cloths not clean or properly stored or inadequate sanitizer"
1906,"20121120",103103,"High Risk","High risk food holding temperature "
1906,"20140516",103161,"Low Risk","Low risk vermin infestation"
1906,"20140516",103139,"Low Risk","Improper food storage"
1906,"20140516",103130,"Moderate Risk","Inadequate sewage or wastewater disposal"
1912,"20141229",103109,"High Risk","Unclean or unsanitary food contact surfaces"
1912,"20141229",103154,"Low Risk","Unclean or degraded floors walls or ceilings"
1912,"20141229",103103,"High Risk","High risk food holding temperature "
1912,"20141229",103114,"High Risk","High risk vermin infestation"
1912,"20141229",103116,"Moderate Risk","Inadequate food safety knowledge or lack of certified food safety manager"
1912,"20141229",103119,"Moderate Risk","Inadequate and inaccessible handwashing facilities"
1912,"20141229",103132,"Moderate Risk","Improper thawing methods "
1912,"20141229",103139,"Low Risk","Improper food storage"
1912,"20141229",103142,"Low Risk","Unclean nonfood contact surfaces"
1912,"20141229",103145,"Low Risk","Improper storage of equipment utensils or linens"
1912,"20141229",103149,"Low Risk","Wiping cloths not clean or properly stored or inadequate sanitizer"
1912,"20150120",103131,"Moderate Risk","Moderate risk vermin infestation"
1912,"20131113",103131,"Moderate Risk","Moderate risk vermin infestation"
1912,"20131113",103105,"High Risk","Improper cooling methods"
1912,"20131119",103105,"High Risk","Improper cooling methods"
1912,"20131113",103139,"Low Risk","Improper food storage"
1912,"20131113",103124,"Moderate Risk","Inadequately cleaned or sanitized food contact surfaces"
1912,"20131113",103144,"Low Risk","Unapproved or unmaintained equipment or utensils"
1912,"20131113",103103,"High Risk","High risk food holding temperature "
1912,"20131113",103142,"Low Risk","Unclean nonfood contact surfaces"
1912,"20130506",103131,"Moderate Risk","Moderate risk vermin infestation"
1912,"20130506",103133,"Moderate Risk","Foods not protected from contamination"
1912,"20130506",103149,"Low Risk","Wiping cloths not clean or properly stored or inadequate sanitizer"
1912,"20130506",103105,"High Risk","Improper cooling methods"
1912,"20121029",103139,"Low Risk","Improper food storage"
1912,"20121029",103131,"Moderate Risk","Moderate risk vermin infestation"
1912,"20121029",103133,"Moderate Risk","Foods not protected from contamination"
1912,"20140514",103142,"Low Risk","Unclean nonfood contact surfaces"
1912,"20140514",103103,"High Risk","High risk food holding temperature "
1912,"20140514",103133,"Moderate Risk","Foods not protected from contamination"
1916,"20140418",103149,"Low Risk","Wiping cloths not clean or properly stored or inadequate sanitizer"
1921,"20130701",103142,"Low Risk","Unclean nonfood contact surfaces"
1921,"20130701",103161,"Low Risk","Low risk vermin infestation"
1921,"20130701",103103,"High Risk","High risk food holding temperature "
1921,"20130701",103138,"Low Risk","Improper storage use or identification of toxic substances"
1921,"20140310",103103,"High Risk","High risk food holding temperature "
1921,"20140310",103124,"Moderate Risk","Inadequately cleaned or sanitized food contact surfaces"
1921,"20120822",103142,"Low Risk","Unclean nonfood contact surfaces"
1921,"20120822",103133,"Moderate Risk","Foods not protected from contamination"
1921,"20120822",103149,"Low Risk","Wiping cloths not clean or properly stored or inadequate sanitizer"
1921,"20140813",103154,"Low Risk","Unclean or degraded floors walls or ceilings"
1921,"20140813",103142,"Low Risk","Unclean nonfood contact surfaces"
1921,"20140813",103103,"High Risk","High risk food holding temperature "
1921,"20140813",103102,"High Risk","Unclean hands or improper use of gloves"
1922,"20140204",103120,"Moderate Risk","Moderate risk food holding temperature "
1922,"20140204",103142,"Low Risk","Unclean nonfood contact surfaces"
1922,"20140204",103142,"Low Risk","Unclean nonfood contact surfaces"
1922,"20121211",103142,"Low Risk","Unclean nonfood contact surfaces"
1922,"20121211",103149,"Low Risk","Wiping cloths not clean or properly stored or inadequate sanitizer"
1922,"20121211",103154,"Low Risk","Unclean or degraded floors walls or ceilings"
1922,"20121211",103157,"Low Risk","Food safety certificate or food handler card not available"
1922,"20121211",103138,"Low Risk","Improper storage use or identification of toxic substances"
1922,"20140815",103143,"Low Risk","Inadequate warewashing facilities or equipment"
1922,"20140815",103139,"Low Risk","Improper food storage"
1922,"20140815",103124,"Moderate Risk","Inadequately cleaned or sanitized food contact surfaces"
1924,"20130507",103144,"Low Risk","Unapproved or unmaintained equipment or utensils"
1924,"20130507",103154,"Low Risk","Unclean or degraded floors walls or ceilings"
1924,"20130507",103149,"Low Risk","Wiping cloths not clean or properly stored or inadequate sanitizer"
1924,"20140401",103144,"Low Risk","Unapproved or unmaintained equipment or utensils"
1924,"20140401",103149,"Low Risk","Wiping cloths not clean or properly stored or inadequate sanitizer"
1924,"20140401",103142,"Low Risk","Unclean nonfood contact surfaces"
1924,"20140401",103133,"Moderate Risk","Foods not protected from contamination"
1926,"20130322",103157,"Low Risk","Food safety certificate or food handler card not available"
1926,"20130322",103149,"Low Risk","Wiping cloths not clean or properly stored or inadequate sanitizer"
1926,"20130322",103120,"Moderate Risk","Moderate risk food holding temperature "
1926,"20140218",103157,"Low Risk","Food safety certificate or food handler card not available"
1926,"20140218",103149,"Low Risk","Wiping cloths not clean or properly stored or inadequate sanitizer"
1926,"20140218",103119,"Moderate Risk","Inadequate and inaccessible handwashing facilities"
1928,"20130328",103149,"Low Risk","Wiping cloths not clean or properly stored or inadequate sanitizer"
1928,"20130328",103152,"Low Risk","Unclean unmaintained or improperly constructed toilet facilities"
1928,"20140318",103139,"Low Risk","Improper food storage"
1928,"20140318",103149,"Low Risk","Wiping cloths not clean or properly stored or inadequate sanitizer"
1930,"20131010",103149,"Low Risk","Wiping cloths not clean or properly stored or inadequate sanitizer"
1930,"20131010",103131,"Moderate Risk","Moderate risk vermin infestation"
1930,"20131010",103120,"Moderate Risk","Moderate risk food holding temperature "
1930,"20130319",103145,"Low Risk","Improper storage of equipment utensils or linens"
1930,"20130319",103103,"High Risk","High risk food holding temperature "
1930,"20130319",103154,"Low Risk","Unclean or degraded floors walls or ceilings"
1930,"20140416",103150,"Low Risk","Improper or defective plumbing"
1930,"20140416",103103,"High Risk","High risk food holding temperature "
1930,"20140416",103109,"High Risk","Unclean or unsanitary food contact surfaces"
1930,"20140416",103116,"Moderate Risk","Inadequate food safety knowledge or lack of certified food safety manager"
1930,"20140416",103139,"Low Risk","Improper food storage"
1930,"20140416",103142,"Low Risk","Unclean nonfood contact surfaces"
1930,"20120725",103124,"Moderate Risk","Inadequately cleaned or sanitized food contact surfaces"
1930,"20120725",103131,"Moderate Risk","Moderate risk vermin infestation"
1930,"20120725",103133,"Moderate Risk","Foods not protected from contamination"
1931,"20130718",103161,"Low Risk","Low risk vermin infestation"
1931,"20130718",103105,"High Risk","Improper cooling methods"
1931,"20130718",103120,"Moderate Risk","Moderate risk food holding temperature "
1931,"20130718",103124,"Moderate Risk","Inadequately cleaned or sanitized food contact surfaces"
1931,"20130718",103133,"Moderate Risk","Foods not protected from contamination"
1931,"20130718",103125,"Moderate Risk","Noncompliance with shell fish tags or display"
1931,"20140402",103133,"Moderate Risk","Foods not protected from contamination"
1931,"20140402",103161,"Low Risk","Low risk vermin infestation"
1931,"20140402",103120,"Moderate Risk","Moderate risk food holding temperature "
1931,"20140402",103124,"Moderate Risk","Inadequately cleaned or sanitized food contact surfaces"
1931,"20121022",103105,"High Risk","Improper cooling methods"
1931,"20121022",103102,"High Risk","Unclean hands or improper use of gloves"
1931,"20121001",103133,"Moderate Risk","Foods not protected from contamination"
1931,"20121022",103132,"Moderate Risk","Improper thawing methods "
1931,"20121001",103109,"High Risk","Unclean or unsanitary food contact surfaces"
1931,"20121022",103131,"Moderate Risk","Moderate risk vermin infestation"
1931,"20121001",103144,"Low Risk","Unapproved or unmaintained equipment or utensils"
1931,"20121001",103114,"High Risk","High risk vermin infestation"
1931,"20121001",103120,"Moderate Risk","Moderate risk food holding temperature "
1931,"20121105",103131,"Moderate Risk","Moderate risk vermin infestation"
1931,"20121101",103116,"Moderate Risk","Inadequate food safety knowledge or lack of certified food safety manager"
1931,"20121101",103120,"Moderate Risk","Moderate risk food holding temperature "
1932,"20140114",103154,"Low Risk","Unclean or degraded floors walls or ceilings"
1932,"20140114",103139,"Low Risk","Improper food storage"
1932,"20140114",103149,"Low Risk","Wiping cloths not clean or properly stored or inadequate sanitizer"
1932,"20140114",103142,"Low Risk","Unclean nonfood contact surfaces"
1932,"20140114",103161,"Low Risk","Low risk vermin infestation"
1936,"20140919",103149,"Low Risk","Wiping cloths not clean or properly stored or inadequate sanitizer"
1936,"20140919",103154,"Low Risk","Unclean or degraded floors walls or ceilings"
1936,"20140919",103120,"Moderate Risk","Moderate risk food holding temperature "
1936,"20150429",103133,"Moderate Risk","Foods not protected from contamination"
1936,"20150429",103153,"Low Risk","Inadequate dressing rooms or improper storage of personal items"
1936,"20130820",103139,"Low Risk","Improper food storage"
1936,"20140307",103119,"Moderate Risk","Inadequate and inaccessible handwashing facilities"
1936,"20140307",103154,"Low Risk","Unclean or degraded floors walls or ceilings"
1936,"20120808",103142,"Low Risk","Unclean nonfood contact surfaces"
1936,"20120808",103102,"High Risk","Unclean hands or improper use of gloves"
1936,"20120808",103103,"High Risk","High risk food holding temperature "
1936,"20130213",103142,"Low Risk","Unclean nonfood contact surfaces"
1939,"20141205",103120,"Moderate Risk","Moderate risk food holding temperature "
1939,"20130613",103149,"Low Risk","Wiping cloths not clean or properly stored or inadequate sanitizer"
1939,"20121220",103119,"Moderate Risk","Inadequate and inaccessible handwashing facilities"
1939,"20121220",103148,"Low Risk","No thermometers or uncalibrated thermometers "
1939,"20121220",103149,"Low Risk","Wiping cloths not clean or properly stored or inadequate sanitizer"
1939,"20140603",103119,"Moderate Risk","Inadequate and inaccessible handwashing facilities"
1939,"20140603",103116,"Moderate Risk","Inadequate food safety knowledge or lack of certified food safety manager"
1942,"20141215",103114,"High Risk","High risk vermin infestation"
1942,"20141105",103103,"High Risk","High risk food holding temperature "
1942,"20141105",103142,"Low Risk","Unclean nonfood contact surfaces"
1942,"20141215",103108,"High Risk","Contaminated or adulterated food"
1942,"20141215",103109,"High Risk","Unclean or unsanitary food contact surfaces"
1942,"20141215",103120,"Moderate Risk","Moderate risk food holding temperature "
1942,"20130809",103131,"Moderate Risk","Moderate risk vermin infestation"
1942,"20130809",103142,"Low Risk","Unclean nonfood contact surfaces"
1942,"20130808",103144,"Low Risk","Unapproved or unmaintained equipment or utensils"
1942,"20130808",103157,"Low Risk","Food safety certificate or food handler card not available"
1942,"20130808",103148,"Low Risk","No thermometers or uncalibrated thermometers "
1942,"20130808",103120,"Moderate Risk","Moderate risk food holding temperature "
1942,"20130808",103114,"High Risk","High risk vermin infestation"
1942,"20130808",103109,"High Risk","Unclean or unsanitary food contact surfaces"
1942,"20121127",103142,"Low Risk","Unclean nonfood contact surfaces"
1942,"20121127",103109,"High Risk","Unclean or unsanitary food contact surfaces"
1942,"20121127",103114,"High Risk","High risk vermin infestation"
1942,"20121127",103119,"Moderate Risk","Inadequate and inaccessible handwashing facilities"
1942,"20121220",103154,"Low Risk","Unclean or degraded floors walls or ceilings"
1942,"20121127",103120,"Moderate Risk","Moderate risk food holding temperature "
1942,"20121127",103138,"Low Risk","Improper storage use or identification of toxic substances"
1942,"20121220",103108,"High Risk","Contaminated or adulterated food"
1942,"20121220",103109,"High Risk","Unclean or unsanitary food contact surfaces"
1942,"20121127",103144,"Low Risk","Unapproved or unmaintained equipment or utensils"
1949,"20141118",103121,"Moderate Risk","Inadequate procedures or records for time as a public health control "
1949,"20141118",103124,"Moderate Risk","Inadequately cleaned or sanitized food contact surfaces"
1949,"20141118",103131,"Moderate Risk","Moderate risk vermin infestation"
1949,"20141118",103105,"High Risk","Improper cooling methods"
1949,"20141118",103120,"Moderate Risk","Moderate risk food holding temperature "
1949,"20130619",103131,"Moderate Risk","Moderate risk vermin infestation"
1949,"20130619",103121,"Moderate Risk","Inadequate procedures or records for time as a public health control "
1949,"20130619",103120,"Moderate Risk","Moderate risk food holding temperature "
1949,"20130619",103105,"High Risk","Improper cooling methods"
1949,"20140305",103131,"Moderate Risk","Moderate risk vermin infestation"
1949,"20140305",103120,"Moderate Risk","Moderate risk food holding temperature "
1949,"20140305",103124,"Moderate Risk","Inadequately cleaned or sanitized food contact surfaces"
1949,"20140305",103105,"High Risk","Improper cooling methods"
1949,"20121102",103131,"Moderate Risk","Moderate risk vermin infestation"
1949,"20121102",103149,"Low Risk","Wiping cloths not clean or properly stored or inadequate sanitizer"
1949,"20121102",103120,"Moderate Risk","Moderate risk food holding temperature "
1950,"20120717",103102,"High Risk","Unclean hands or improper use of gloves"
1950,"20120717",103108,"High Risk","Contaminated or adulterated food"
1950,"20120717",103103,"High Risk","High risk food holding temperature "
1950,"20120717",103116,"Moderate Risk","Inadequate food safety knowledge or lack of certified food safety manager"
1950,"20120717",103133,"Moderate Risk","Foods not protected from contamination"
1950,"20120717",103142,"Low Risk","Unclean nonfood contact surfaces"
1950,"20120717",103144,"Low Risk","Unapproved or unmaintained equipment or utensils"
1950,"20120717",103148,"Low Risk","No thermometers or uncalibrated thermometers "
1950,"20120717",103156,"Low Risk","Permit license or inspection report not posted"
1950,"20120717",103109,"High Risk","Unclean or unsanitary food contact surfaces"
1950,"20140623",103161,"Low Risk","Low risk vermin infestation"
1950,"20140623",103120,"Moderate Risk","Moderate risk food holding temperature "
1950,"20140623",103139,"Low Risk","Improper food storage"
1950,"20140623",103124,"Moderate Risk","Inadequately cleaned or sanitized food contact surfaces"
1950,"20140623",103129,"Moderate Risk","Insufficient hot water or running water"
1950,"20140623",103133,"Moderate Risk","Foods not protected from contamination"
1952,"20130701",103139,"Low Risk","Improper food storage"
1952,"20130701",103120,"Moderate Risk","Moderate risk food holding temperature "
1952,"20140310",103149,"Low Risk","Wiping cloths not clean or properly stored or inadequate sanitizer"
1952,"20140310",103133,"Moderate Risk","Foods not protected from contamination"
1952,"20130123",103120,"Moderate Risk","Moderate risk food holding temperature "
1952,"20130123",103114,"High Risk","High risk vermin infestation"
1952,"20130123",103144,"Low Risk","Unapproved or unmaintained equipment or utensils"
1952,"20130123",103142,"Low Risk","Unclean nonfood contact surfaces"
1952,"20140804",103131,"Moderate Risk","Moderate risk vermin infestation"
1952,"20140804",103133,"Moderate Risk","Foods not protected from contamination"
1954,"20130826",103120,"Moderate Risk","Moderate risk food holding temperature "
1954,"20130826",103149,"Low Risk","Wiping cloths not clean or properly stored or inadequate sanitizer"
1954,"20130826",103161,"Low Risk","Low risk vermin infestation"
1954,"20140224",103124,"Moderate Risk","Inadequately cleaned or sanitized food contact surfaces"
1954,"20140224",103120,"Moderate Risk","Moderate risk food holding temperature "
1954,"20140224",103142,"Low Risk","Unclean nonfood contact surfaces"
1954,"20120725",103145,"Low Risk","Improper storage of equipment utensils or linens"
1954,"20120725",103133,"Moderate Risk","Foods not protected from contamination"
1954,"20120725",103142,"Low Risk","Unclean nonfood contact surfaces"
1954,"20130220",103144,"Low Risk","Unapproved or unmaintained equipment or utensils"
1954,"20130220",103121,"Moderate Risk","Inadequate procedures or records for time as a public health control "
1954,"20130220",103120,"Moderate Risk","Moderate risk food holding temperature "
1954,"20130220",103142,"Low Risk","Unclean nonfood contact surfaces"
1954,"20140714",103103,"High Risk","High risk food holding temperature "
1954,"20140714",103149,"Low Risk","Wiping cloths not clean or properly stored or inadequate sanitizer"
1957,"20150512",103154,"Low Risk","Unclean or degraded floors walls or ceilings"
1957,"20150512",103120,"Moderate Risk","Moderate risk food holding temperature "
1957,"20150512",103144,"Low Risk","Unapproved or unmaintained equipment or utensils"
1957,"20131204",103139,"Low Risk","Improper food storage"
1957,"20131204",103120,"Moderate Risk","Moderate risk food holding temperature "
1957,"20131204",103142,"Low Risk","Unclean nonfood contact surfaces"
1957,"20131204",103149,"Low Risk","Wiping cloths not clean or properly stored or inadequate sanitizer"
1957,"20130207",103142,"Low Risk","Unclean nonfood contact surfaces"
1957,"20130207",103120,"Moderate Risk","Moderate risk food holding temperature "
1959,"20140903",103120,"Moderate Risk","Moderate risk food holding temperature "
1959,"20140903",103133,"Moderate Risk","Foods not protected from contamination"
1959,"20140903",103128,"Moderate Risk","Consumer advisory not provided for raw or undercooked foods"
1959,"20140903",103124,"Moderate Risk","Inadequately cleaned or sanitized food contact surfaces"
1959,"20140903",103102,"High Risk","Unclean hands or improper use of gloves"
1959,"20131205",103120,"Moderate Risk","Moderate risk food holding temperature "
1959,"20131205",103102,"High Risk","Unclean hands or improper use of gloves"
1959,"20131205",103133,"Moderate Risk","Foods not protected from contamination"
1959,"20131205",103142,"Low Risk","Unclean nonfood contact surfaces"
1959,"20131205",103149,"Low Risk","Wiping cloths not clean or properly stored or inadequate sanitizer"
1959,"20130410",103133,"Moderate Risk","Foods not protected from contamination"
1959,"20130410",103131,"Moderate Risk","Moderate risk vermin infestation"
1959,"20130410",103120,"Moderate Risk","Moderate risk food holding temperature "
1959,"20130410",103109,"High Risk","Unclean or unsanitary food contact surfaces"
1959,"20140219",103102,"High Risk","Unclean hands or improper use of gloves"
1959,"20140219",103124,"Moderate Risk","Inadequately cleaned or sanitized food contact surfaces"
1959,"20140219",103108,"High Risk","Contaminated or adulterated food"
1960,"20130326",103103,"High Risk","High risk food holding temperature "
1960,"20130326",103133,"Moderate Risk","Foods not protected from contamination"
1960,"20130326",103124,"Moderate Risk","Inadequately cleaned or sanitized food contact surfaces"
1960,"20130326",103161,"Low Risk","Low risk vermin infestation"
1960,"20130326",103119,"Moderate Risk","Inadequate and inaccessible handwashing facilities"
1960,"20140304",103120,"Moderate Risk","Moderate risk food holding temperature "
1960,"20140304",103119,"Moderate Risk","Inadequate and inaccessible handwashing facilities"
1960,"20140304",103131,"Moderate Risk","Moderate risk vermin infestation"
1960,"20140304",103133,"Moderate Risk","Foods not protected from contamination"
1960,"20140304",103109,"High Risk","Unclean or unsanitary food contact surfaces"
1963,"20140905",103105,"High Risk","Improper cooling methods"
1963,"20140204",103133,"Moderate Risk","Foods not protected from contamination"
1963,"20140204",103129,"Moderate Risk","Insufficient hot water or running water"
1963,"20140204",103120,"Moderate Risk","Moderate risk food holding temperature "
1963,"20140204",103116,"Moderate Risk","Inadequate food safety knowledge or lack of certified food safety manager"
1963,"20140204",103149,"Low Risk","Wiping cloths not clean or properly stored or inadequate sanitizer"
1963,"20130514",103149,"Low Risk","Wiping cloths not clean or properly stored or inadequate sanitizer"
1963,"20130514",103133,"Moderate Risk","Foods not protected from contamination"
1963,"20130514",103116,"Moderate Risk","Inadequate food safety knowledge or lack of certified food safety manager"
1963,"20130514",103102,"High Risk","Unclean hands or improper use of gloves"
1963,"20130514",103142,"Low Risk","Unclean nonfood contact surfaces"
1963,"20120829",103154,"Low Risk","Unclean or degraded floors walls or ceilings"
1963,"20120829",103149,"Low Risk","Wiping cloths not clean or properly stored or inadequate sanitizer"
1963,"20120829",103124,"Moderate Risk","Inadequately cleaned or sanitized food contact surfaces"
1963,"20120829",103161,"Low Risk","Low risk vermin infestation"
1963,"20120829",103133,"Moderate Risk","Foods not protected from contamination"
1963,"20120918",103108,"High Risk","Contaminated or adulterated food"
1963,"20120918",103132,"Moderate Risk","Improper thawing methods "
1963,"20140818",103120,"Moderate Risk","Moderate risk food holding temperature "
1963,"20140818",103102,"High Risk","Unclean hands or improper use of gloves"
1963,"20140818",103124,"Moderate Risk","Inadequately cleaned or sanitized food contact surfaces"
1963,"20140818",103161,"Low Risk","Low risk vermin infestation"
1963,"20140818",103133,"Moderate Risk","Foods not protected from contamination"
1968,"20140710",103149,"Low Risk","Wiping cloths not clean or properly stored or inadequate sanitizer"
1968,"20140710",103142,"Low Risk","Unclean nonfood contact surfaces"
1970,"20140106",103124,"Moderate Risk","Inadequately cleaned or sanitized food contact surfaces"
1970,"20140106",103133,"Moderate Risk","Foods not protected from contamination"
1970,"20130619",103131,"Moderate Risk","Moderate risk vermin infestation"
1970,"20130619",103133,"Moderate Risk","Foods not protected from contamination"
1970,"20121126",103154,"Low Risk","Unclean or degraded floors walls or ceilings"
1970,"20121126",103131,"Moderate Risk","Moderate risk vermin infestation"
1970,"20140624",103133,"Moderate Risk","Foods not protected from contamination"
1970,"20140624",103124,"Moderate Risk","Inadequately cleaned or sanitized food contact surfaces"
1970,"20140624",103161,"Low Risk","Low risk vermin infestation"
1972,"20130219",103161,"Low Risk","Low risk vermin infestation"
1972,"20130219",103149,"Low Risk","Wiping cloths not clean or properly stored or inadequate sanitizer"
1972,"20130219",103120,"Moderate Risk","Moderate risk food holding temperature "
1972,"20130219",103154,"Low Risk","Unclean or degraded floors walls or ceilings"
1972,"20140528",103154,"Low Risk","Unclean or degraded floors walls or ceilings"
1972,"20140528",103147,"Low Risk","Inadequate ventilation or lighting"
1973,"20141103",103154,"Low Risk","Unclean or degraded floors walls or ceilings"
1973,"20141103",103142,"Low Risk","Unclean nonfood contact surfaces"
1973,"20141103",103124,"Moderate Risk","Inadequately cleaned or sanitized food contact surfaces"
1973,"20140309",103156,"Low Risk","Permit license or inspection report not posted"
1973,"20140309",103149,"Low Risk","Wiping cloths not clean or properly stored or inadequate sanitizer"
1973,"20140309",103150,"Low Risk","Improper or defective plumbing"
1973,"20140309",103157,"Low Risk","Food safety certificate or food handler card not available"
1973,"20130114",103154,"Low Risk","Unclean or degraded floors walls or ceilings"
1973,"20130114",103152,"Low Risk","Unclean unmaintained or improperly constructed toilet facilities"
1973,"20130114",103149,"Low Risk","Wiping cloths not clean or properly stored or inadequate sanitizer"
1973,"20130114",103119,"Moderate Risk","Inadequate and inaccessible handwashing facilities"
1977,"20140117",103120,"Moderate Risk","Moderate risk food holding temperature "
1977,"20140117",103154,"Low Risk","Unclean or degraded floors walls or ceilings"
1977,"20130214",103162,"Low Risk","Other low risk violation"
1977,"20130214",103152,"Low Risk","Unclean unmaintained or improperly constructed toilet facilities"
1977,"20130214",103149,"Low Risk","Wiping cloths not clean or properly stored or inadequate sanitizer"
1977,"20130214",103124,"Moderate Risk","Inadequately cleaned or sanitized food contact surfaces"
1978,"20141208",103144,"Low Risk","Unapproved or unmaintained equipment or utensils"
1978,"20141208",103109,"High Risk","Unclean or unsanitary food contact surfaces"
1978,"20141208",103132,"Moderate Risk","Improper thawing methods "
1978,"20141208",103154,"Low Risk","Unclean or degraded floors walls or ceilings"
1978,"20141208",103114,"High Risk","High risk vermin infestation"
1978,"20141208",103139,"Low Risk","Improper food storage"
1978,"20131115",103133,"Moderate Risk","Foods not protected from contamination"
1978,"20131115",103161,"Low Risk","Low risk vermin infestation"
1978,"20131115",103124,"Moderate Risk","Inadequately cleaned or sanitized food contact surfaces"
1978,"20131115",103139,"Low Risk","Improper food storage"
1978,"20131115",103142,"Low Risk","Unclean nonfood contact surfaces"
1978,"20131115",103144,"Low Risk","Unapproved or unmaintained equipment or utensils"
1978,"20131115",103154,"Low Risk","Unclean or degraded floors walls or ceilings"
1978,"20131115",103102,"High Risk","Unclean hands or improper use of gloves"
1978,"20130607",103154,"Low Risk","Unclean or degraded floors walls or ceilings"
1978,"20130607",103109,"High Risk","Unclean or unsanitary food contact surfaces"
1978,"20130607",103142,"Low Risk","Unclean nonfood contact surfaces"
1978,"20140428",103152,"Low Risk","Unclean unmaintained or improperly constructed toilet facilities"
1978,"20140428",103138,"Low Risk","Improper storage use or identification of toxic substances"
1978,"20140428",103142,"Low Risk","Unclean nonfood contact surfaces"
1978,"20140428",103144,"Low Risk","Unapproved or unmaintained equipment or utensils"
1978,"20130107",103114,"High Risk","High risk vermin infestation"
1978,"20130107",103124,"Moderate Risk","Inadequately cleaned or sanitized food contact surfaces"
1978,"20130107",103154,"Low Risk","Unclean or degraded floors walls or ceilings"
1978,"20130107",103144,"Low Risk","Unapproved or unmaintained equipment or utensils"
1978,"20130107",103133,"Moderate Risk","Foods not protected from contamination"
1983,"20150305",103139,"Low Risk","Improper food storage"
1983,"20140509",103149,"Low Risk","Wiping cloths not clean or properly stored or inadequate sanitizer"
1989,"20130308",103151,"Low Risk","Inadequate or unsanitary refuse containers or area or no garbage service"
1989,"20130308",103144,"Low Risk","Unapproved or unmaintained equipment or utensils"
1989,"20131108",103165,"Low Risk","No plan review or Building Permit"
1989,"20131108",103118,"Moderate Risk","Employee eating or smoking"
1989,"20140607",103157,"Low Risk","Food safety certificate or food handler card not available"
1991,"20150310",103142,"Low Risk","Unclean nonfood contact surfaces"
1991,"20150310",103139,"Low Risk","Improper food storage"
1991,"20150310",103133,"Moderate Risk","Foods not protected from contamination"
1991,"20130924",103144,"Low Risk","Unapproved or unmaintained equipment or utensils"
1991,"20130924",103124,"Moderate Risk","Inadequately cleaned or sanitized food contact surfaces"
1991,"20130924",103116,"Moderate Risk","Inadequate food safety knowledge or lack of certified food safety manager"
1991,"20130924",103131,"Moderate Risk","Moderate risk vermin infestation"
1991,"20130924",103142,"Low Risk","Unclean nonfood contact surfaces"
1992,"20150401",103154,"Low Risk","Unclean or degraded floors walls or ceilings"
1992,"20150401",103102,"High Risk","Unclean hands or improper use of gloves"
1992,"20150401",103114,"High Risk","High risk vermin infestation"
1992,"20150402",103119,"Moderate Risk","Inadequate and inaccessible handwashing facilities"
1992,"20150401",103144,"Low Risk","Unapproved or unmaintained equipment or utensils"
1992,"20150401",103139,"Low Risk","Improper food storage"
1992,"20130529",103156,"Low Risk","Permit license or inspection report not posted"
1992,"20130529",103150,"Low Risk","Improper or defective plumbing"
1992,"20130529",103116,"Moderate Risk","Inadequate food safety knowledge or lack of certified food safety manager"
1992,"20140305",103156,"Low Risk","Permit license or inspection report not posted"
1992,"20140305",103143,"Low Risk","Inadequate warewashing facilities or equipment"
1992,"20140305",103142,"Low Risk","Unclean nonfood contact surfaces"
1992,"20121016",103116,"Moderate Risk","Inadequate food safety knowledge or lack of certified food safety manager"
1992,"20121016",103150,"Low Risk","Improper or defective plumbing"
1994,"20131030",103143,"Low Risk","Inadequate warewashing facilities or equipment"
1994,"20131030",103145,"Low Risk","Improper storage of equipment utensils or linens"
1994,"20131030",103154,"Low Risk","Unclean or degraded floors walls or ceilings"
1994,"20131030",103152,"Low Risk","Unclean unmaintained or improperly constructed toilet facilities"
1994,"20131030",103131,"Moderate Risk","Moderate risk vermin infestation"
1994,"20130205",103142,"Low Risk","Unclean nonfood contact surfaces"
1994,"20130205",103154,"Low Risk","Unclean or degraded floors walls or ceilings"
1994,"20140529",103154,"Low Risk","Unclean or degraded floors walls or ceilings"
1994,"20140529",103157,"Low Risk","Food safety certificate or food handler card not available"
2007,"20150526",103120,"Moderate Risk","Moderate risk food holding temperature "
2007,"20140214",103119,"Moderate Risk","Inadequate and inaccessible handwashing facilities"
2007,"20140214",103157,"Low Risk","Food safety certificate or food handler card not available"
2007,"20121115",103132,"Moderate Risk","Improper thawing methods "
2007,"20121115",103133,"Moderate Risk","Foods not protected from contamination"
2007,"20121115",103144,"Low Risk","Unapproved or unmaintained equipment or utensils"
2008,"20131028",103161,"Low Risk","Low risk vermin infestation"
2008,"20131028",103154,"Low Risk","Unclean or degraded floors walls or ceilings"
2008,"20131028",103144,"Low Risk","Unapproved or unmaintained equipment or utensils"
2008,"20131028",103133,"Moderate Risk","Foods not protected from contamination"
2008,"20130328",103124,"Moderate Risk","Inadequately cleaned or sanitized food contact surfaces"
2008,"20130328",103133,"Moderate Risk","Foods not protected from contamination"
2008,"20130328",103144,"Low Risk","Unapproved or unmaintained equipment or utensils"
2008,"20130328",103154,"Low Risk","Unclean or degraded floors walls or ceilings"
2008,"20130328",103131,"Moderate Risk","Moderate risk vermin infestation"
2008,"20140610",103144,"Low Risk","Unapproved or unmaintained equipment or utensils"
2008,"20140610",103116,"Moderate Risk","Inadequate food safety knowledge or lack of certified food safety manager"
2008,"20140610",103131,"Moderate Risk","Moderate risk vermin infestation"
2008,"20140610",103156,"Low Risk","Permit license or inspection report not posted"
2012,"20131203",103149,"Low Risk","Wiping cloths not clean or properly stored or inadequate sanitizer"
2012,"20131203",103154,"Low Risk","Unclean or degraded floors walls or ceilings"
2012,"20131203",103142,"Low Risk","Unclean nonfood contact surfaces"
2012,"20131203",103131,"Moderate Risk","Moderate risk vermin infestation"
2012,"20130605",103131,"Moderate Risk","Moderate risk vermin infestation"
2012,"20130605",103149,"Low Risk","Wiping cloths not clean or properly stored or inadequate sanitizer"
2012,"20130605",103154,"Low Risk","Unclean or degraded floors walls or ceilings"
2012,"20121119",103131,"Moderate Risk","Moderate risk vermin infestation"
2012,"20121119",103142,"Low Risk","Unclean nonfood contact surfaces"
2012,"20121119",103154,"Low Risk","Unclean or degraded floors walls or ceilings"
2012,"20140609",103114,"High Risk","High risk vermin infestation"
2012,"20140609",103154,"Low Risk","Unclean or degraded floors walls or ceilings"
2016,"20150204",103131,"Moderate Risk","Moderate risk vermin infestation"
2016,"20150204",103154,"Low Risk","Unclean or degraded floors walls or ceilings"
2016,"20130828",103156,"Low Risk","Permit license or inspection report not posted"
2016,"20130828",103154,"Low Risk","Unclean or degraded floors walls or ceilings"
2016,"20140203",103156,"Low Risk","Permit license or inspection report not posted"
2016,"20140203",103154,"Low Risk","Unclean or degraded floors walls or ceilings"
2016,"20130321",103103,"High Risk","High risk food holding temperature "
2016,"20130321",103154,"Low Risk","Unclean or degraded floors walls or ceilings"
2016,"20120913",103154,"Low Risk","Unclean or degraded floors walls or ceilings"
2016,"20120913",103120,"Moderate Risk","Moderate risk food holding temperature "
2016,"20120913",103112,"High Risk","No hot water or running water"
2017,"20130731",103120,"Moderate Risk","Moderate risk food holding temperature "
2017,"20130731",103114,"High Risk","High risk vermin infestation"
2017,"20130731",103154,"Low Risk","Unclean or degraded floors walls or ceilings"
2017,"20130731",103144,"Low Risk","Unapproved or unmaintained equipment or utensils"
2017,"20130731",103123,"Moderate Risk","Food in poor condition"
2017,"20140227",103145,"Low Risk","Improper storage of equipment utensils or linens"
2017,"20140227",103144,"Low Risk","Unapproved or unmaintained equipment or utensils"
2017,"20140227",103139,"Low Risk","Improper food storage"
2017,"20140227",103161,"Low Risk","Low risk vermin infestation"
2017,"20120710",103154,"Low Risk","Unclean or degraded floors walls or ceilings"
2017,"20120710",103120,"Moderate Risk","Moderate risk food holding temperature "
2017,"20120710",103143,"Low Risk","Inadequate warewashing facilities or equipment"
2017,"20120710",103156,"Low Risk","Permit license or inspection report not posted"
2017,"20120710",103142,"Low Risk","Unclean nonfood contact surfaces"
2017,"20121206",103144,"Low Risk","Unapproved or unmaintained equipment or utensils"
2017,"20121206",103120,"Moderate Risk","Moderate risk food holding temperature "
2017,"20121206",103118,"Moderate Risk","Employee eating or smoking"
2020,"20130206",103154,"Low Risk","Unclean or degraded floors walls or ceilings"
2020,"20130206",103133,"Moderate Risk","Foods not protected from contamination"
2020,"20130206",103124,"Moderate Risk","Inadequately cleaned or sanitized food contact surfaces"
2020,"20130206",103114,"High Risk","High risk vermin infestation"
2020,"20130206",103108,"High Risk","Contaminated or adulterated food"
2020,"20140509",103154,"Low Risk","Unclean or degraded floors walls or ceilings"
2020,"20140509",103133,"Moderate Risk","Foods not protected from contamination"
2020,"20140509",103144,"Low Risk","Unapproved or unmaintained equipment or utensils"
2027,"20140909",103154,"Low Risk","Unclean or degraded floors walls or ceilings"
2027,"20140909",103103,"High Risk","High risk food holding temperature "
2027,"20140909",103108,"High Risk","Contaminated or adulterated food"
2027,"20140909",103114,"High Risk","High risk vermin infestation"
2027,"20140909",103119,"Moderate Risk","Inadequate and inaccessible handwashing facilities"
2027,"20140909",103145,"Low Risk","Improper storage of equipment utensils or linens"
2027,"20140909",103138,"Low Risk","Improper storage use or identification of toxic substances"
2027,"20130806",103144,"Low Risk","Unapproved or unmaintained equipment or utensils"
2027,"20130806",103154,"Low Risk","Unclean or degraded floors walls or ceilings"
2027,"20130806",103142,"Low Risk","Unclean nonfood contact surfaces"
2027,"20130806",103131,"Moderate Risk","Moderate risk vermin infestation"
2027,"20130806",103139,"Low Risk","Improper food storage"
2027,"20140227",103114,"High Risk","High risk vermin infestation"
2027,"20140227",103142,"Low Risk","Unclean nonfood contact surfaces"
2027,"20140227",103154,"Low Risk","Unclean or degraded floors walls or ceilings"
2027,"20120816",103103,"High Risk","High risk food holding temperature "
2027,"20120816",103119,"Moderate Risk","Inadequate and inaccessible handwashing facilities"
2027,"20120816",103131,"Moderate Risk","Moderate risk vermin infestation"
2027,"20120816",103154,"Low Risk","Unclean or degraded floors walls or ceilings"
2027,"20130205",103115,"High Risk","Other high risk violation"
2027,"20130205",103149,"Low Risk","Wiping cloths not clean or properly stored or inadequate sanitizer"
2027,"20130205",103120,"Moderate Risk","Moderate risk food holding temperature "
2031,"20130703",103139,"Low Risk","Improper food storage"
2031,"20130703",103142,"Low Risk","Unclean nonfood contact surfaces"
2031,"20130703",103154,"Low Risk","Unclean or degraded floors walls or ceilings"
2031,"20140226",103131,"Moderate Risk","Moderate risk vermin infestation"
2031,"20140226",103119,"Moderate Risk","Inadequate and inaccessible handwashing facilities"
2031,"20121025",103133,"Moderate Risk","Foods not protected from contamination"
2031,"20121025",103154,"Low Risk","Unclean or degraded floors walls or ceilings"
2031,"20121025",103138,"Low Risk","Improper storage use or identification of toxic substances"
2032,"20130703",103154,"Low Risk","Unclean or degraded floors walls or ceilings"
2032,"20130703",103109,"High Risk","Unclean or unsanitary food contact surfaces"
2032,"20130703",103144,"Low Risk","Unapproved or unmaintained equipment or utensils"
2032,"20140226",103161,"Low Risk","Low risk vermin infestation"
2032,"20140226",103154,"Low Risk","Unclean or degraded floors walls or ceilings"
2032,"20140226",103139,"Low Risk","Improper food storage"
2032,"20140226",103129,"Moderate Risk","Insufficient hot water or running water"
2032,"20120725",103120,"Moderate Risk","Moderate risk food holding temperature "
2032,"20120725",103109,"High Risk","Unclean or unsanitary food contact surfaces"
2032,"20120725",103131,"Moderate Risk","Moderate risk vermin infestation"
2032,"20120725",103144,"Low Risk","Unapproved or unmaintained equipment or utensils"
2035,"20131106",103114,"High Risk","High risk vermin infestation"
2035,"20131106",103149,"Low Risk","Wiping cloths not clean or properly stored or inadequate sanitizer"
2035,"20130514",103145,"Low Risk","Improper storage of equipment utensils or linens"
2035,"20130514",103131,"Moderate Risk","Moderate risk vermin infestation"
2035,"20140422",103114,"High Risk","High risk vermin infestation"
2035,"20140422",103142,"Low Risk","Unclean nonfood contact surfaces"
2035,"20121108",103116,"Moderate Risk","Inadequate food safety knowledge or lack of certified food safety manager"
2035,"20121108",103102,"High Risk","Unclean hands or improper use of gloves"
2035,"20121108",103120,"Moderate Risk","Moderate risk food holding temperature "
2035,"20121108",103114,"High Risk","High risk vermin infestation"
2035,"20121108",103133,"Moderate Risk","Foods not protected from contamination"
2035,"20121108",103149,"Low Risk","Wiping cloths not clean or properly stored or inadequate sanitizer"
2035,"20121108",103109,"High Risk","Unclean or unsanitary food contact surfaces"
2039,"20130903",103156,"Low Risk","Permit license or inspection report not posted"
2039,"20130903",103102,"High Risk","Unclean hands or improper use of gloves"
2039,"20130903",103133,"Moderate Risk","Foods not protected from contamination"
2039,"20140318",103133,"Moderate Risk","Foods not protected from contamination"
2039,"20121017",103130,"Moderate Risk","Inadequate sewage or wastewater disposal"
2039,"20121017",103149,"Low Risk","Wiping cloths not clean or properly stored or inadequate sanitizer"
2039,"20121017",103142,"Low Risk","Unclean nonfood contact surfaces"
2040,"20130917",103103,"High Risk","High risk food holding temperature "
2040,"20130917",103142,"Low Risk","Unclean nonfood contact surfaces"
2040,"20130917",103144,"Low Risk","Unapproved or unmaintained equipment or utensils"
2040,"20130917",103154,"Low Risk","Unclean or degraded floors walls or ceilings"
2040,"20130917",103131,"Moderate Risk","Moderate risk vermin infestation"
2040,"20140311",103120,"Moderate Risk","Moderate risk food holding temperature "
2040,"20140311",103142,"Low Risk","Unclean nonfood contact surfaces"
2040,"20140311",103131,"Moderate Risk","Moderate risk vermin infestation"
2040,"20140311",103154,"Low Risk","Unclean or degraded floors walls or ceilings"
2040,"20130107",103149,"Low Risk","Wiping cloths not clean or properly stored or inadequate sanitizer"
2040,"20130107",103154,"Low Risk","Unclean or degraded floors walls or ceilings"
2040,"20130107",103142,"Low Risk","Unclean nonfood contact surfaces"
2040,"20130107",103131,"Moderate Risk","Moderate risk vermin infestation"
2040,"20130107",103120,"Moderate Risk","Moderate risk food holding temperature "
2040,"20130107",103119,"Moderate Risk","Inadequate and inaccessible handwashing facilities"
2040,"20140806",103103,"High Risk","High risk food holding temperature "
2040,"20140806",103131,"Moderate Risk","Moderate risk vermin infestation"
2040,"20140806",103119,"Moderate Risk","Inadequate and inaccessible handwashing facilities"
2040,"20140806",103133,"Moderate Risk","Foods not protected from contamination"
2040,"20140806",103154,"Low Risk","Unclean or degraded floors walls or ceilings"
2040,"20140806",103144,"Low Risk","Unapproved or unmaintained equipment or utensils"
2043,"20130715",103161,"Low Risk","Low risk vermin infestation"
2043,"20130715",103154,"Low Risk","Unclean or degraded floors walls or ceilings"
2043,"20130715",103149,"Low Risk","Wiping cloths not clean or properly stored or inadequate sanitizer"
2043,"20130715",103145,"Low Risk","Improper storage of equipment utensils or linens"
2043,"20130715",103142,"Low Risk","Unclean nonfood contact surfaces"
2043,"20140121",103154,"Low Risk","Unclean or degraded floors walls or ceilings"
2043,"20140121",103149,"Low Risk","Wiping cloths not clean or properly stored or inadequate sanitizer"
2043,"20140121",103142,"Low Risk","Unclean nonfood contact surfaces"
2043,"20140121",103144,"Low Risk","Unapproved or unmaintained equipment or utensils"
2043,"20121214",103154,"Low Risk","Unclean or degraded floors walls or ceilings"
2043,"20121214",103142,"Low Risk","Unclean nonfood contact surfaces"
2043,"20121214",103102,"High Risk","Unclean hands or improper use of gloves"
2043,"20121214",103149,"Low Risk","Wiping cloths not clean or properly stored or inadequate sanitizer"
2044,"20121217",103132,"Moderate Risk","Improper thawing methods "
2044,"20121217",103131,"Moderate Risk","Moderate risk vermin infestation"
2044,"20121217",103124,"Moderate Risk","Inadequately cleaned or sanitized food contact surfaces"
2044,"20121217",103119,"Moderate Risk","Inadequate and inaccessible handwashing facilities"
2044,"20121217",103109,"High Risk","Unclean or unsanitary food contact surfaces"
2044,"20140806",103142,"Low Risk","Unclean nonfood contact surfaces"
2044,"20140806",103156,"Low Risk","Permit license or inspection report not posted"
2044,"20140806",103154,"Low Risk","Unclean or degraded floors walls or ceilings"
2044,"20140806",103150,"Low Risk","Improper or defective plumbing"
2044,"20140806",103105,"High Risk","Improper cooling methods"
2044,"20140806",103119,"Moderate Risk","Inadequate and inaccessible handwashing facilities"
2044,"20140806",103124,"Moderate Risk","Inadequately cleaned or sanitized food contact surfaces"
2044,"20140806",103131,"Moderate Risk","Moderate risk vermin infestation"
2044,"20140806",103139,"Low Risk","Improper food storage"
2044,"20140806",103148,"Low Risk","No thermometers or uncalibrated thermometers "
2047,"20141107",103149,"Low Risk","Wiping cloths not clean or properly stored or inadequate sanitizer"
2047,"20141107",103154,"Low Risk","Unclean or degraded floors walls or ceilings"
2047,"20130729",103150,"Low Risk","Improper or defective plumbing"
2047,"20130729",103131,"Moderate Risk","Moderate risk vermin infestation"
2047,"20130729",103142,"Low Risk","Unclean nonfood contact surfaces"
2047,"20130729",103138,"Low Risk","Improper storage use or identification of toxic substances"
2047,"20130729",103154,"Low Risk","Unclean or degraded floors walls or ceilings"
2047,"20140205",103142,"Low Risk","Unclean nonfood contact surfaces"
2047,"20121019",103119,"Moderate Risk","Inadequate and inaccessible handwashing facilities"
2047,"20121019",103145,"Low Risk","Improper storage of equipment utensils or linens"
2048,"20150518",103114,"High Risk","High risk vermin infestation"
2048,"20150518",103144,"Low Risk","Unapproved or unmaintained equipment or utensils"
2048,"20150602",103131,"Moderate Risk","Moderate risk vermin infestation"
2048,"20150518",103142,"Low Risk","Unclean nonfood contact surfaces"
2048,"20150518",103149,"Low Risk","Wiping cloths not clean or properly stored or inadequate sanitizer"
2048,"20131003",103156,"Low Risk","Permit license or inspection report not posted"
2048,"20131003",103149,"Low Risk","Wiping cloths not clean or properly stored or inadequate sanitizer"
2048,"20131003",103131,"Moderate Risk","Moderate risk vermin infestation"
2048,"20131003",103120,"Moderate Risk","Moderate risk food holding temperature "
2048,"20140411",103131,"Moderate Risk","Moderate risk vermin infestation"
2048,"20140411",103124,"Moderate Risk","Inadequately cleaned or sanitized food contact surfaces"
2048,"20121211",103133,"Moderate Risk","Foods not protected from contamination"
2048,"20121211",103154,"Low Risk","Unclean or degraded floors walls or ceilings"
2048,"20121211",103131,"Moderate Risk","Moderate risk vermin infestation"
2050,"20140925",103103,"High Risk","High risk food holding temperature "
2050,"20140925",103144,"Low Risk","Unapproved or unmaintained equipment or utensils"
2050,"20140925",103119,"Moderate Risk","Inadequate and inaccessible handwashing facilities"
2050,"20130410",103142,"Low Risk","Unclean nonfood contact surfaces"
2050,"20120814",103153,"Low Risk","Inadequate dressing rooms or improper storage of personal items"
2050,"20120814",103138,"Low Risk","Improper storage use or identification of toxic substances"
2051,"20121012",103133,"Moderate Risk","Foods not protected from contamination"
2051,"20121012",103145,"Low Risk","Improper storage of equipment utensils or linens"
2051,"20140522",103156,"Low Risk","Permit license or inspection report not posted"
2053,"20131118",103119,"Moderate Risk","Inadequate and inaccessible handwashing facilities"
2053,"20131118",103120,"Moderate Risk","Moderate risk food holding temperature "
2053,"20131118",103124,"Moderate Risk","Inadequately cleaned or sanitized food contact surfaces"
2053,"20131118",103142,"Low Risk","Unclean nonfood contact surfaces"
2053,"20131118",103154,"Low Risk","Unclean or degraded floors walls or ceilings"
2053,"20131118",103157,"Low Risk","Food safety certificate or food handler card not available"
2053,"20131118",103104,"High Risk","Unauthorized or unsafe use of time as a public health control measure"
2053,"20130124",103154,"Low Risk","Unclean or degraded floors walls or ceilings"
2053,"20130124",103149,"Low Risk","Wiping cloths not clean or properly stored or inadequate sanitizer"
2053,"20130124",103142,"Low Risk","Unclean nonfood contact surfaces"
2053,"20130124",103131,"Moderate Risk","Moderate risk vermin infestation"
2053,"20140606",103154,"Low Risk","Unclean or degraded floors walls or ceilings"
2053,"20140606",103149,"Low Risk","Wiping cloths not clean or properly stored or inadequate sanitizer"
2053,"20140606",103142,"Low Risk","Unclean nonfood contact surfaces"
2053,"20140606",103131,"Moderate Risk","Moderate risk vermin infestation"
2054,"20150521",103119,"Moderate Risk","Inadequate and inaccessible handwashing facilities"
2054,"20150521",103130,"Moderate Risk","Inadequate sewage or wastewater disposal"
2054,"20130625",103156,"Low Risk","Permit license or inspection report not posted"
2054,"20130625",103103,"High Risk","High risk food holding temperature "
2054,"20130625",103124,"Moderate Risk","Inadequately cleaned or sanitized food contact surfaces"
2054,"20130625",103131,"Moderate Risk","Moderate risk vermin infestation"
2054,"20130625",103142,"Low Risk","Unclean nonfood contact surfaces"
2054,"20140212",103114,"High Risk","High risk vermin infestation"
2054,"20140212",103154,"Low Risk","Unclean or degraded floors walls or ceilings"
2054,"20140212",103139,"Low Risk","Improper food storage"
2054,"20140212",103142,"Low Risk","Unclean nonfood contact surfaces"
2054,"20120720",103119,"Moderate Risk","Inadequate and inaccessible handwashing facilities"
2054,"20120720",103124,"Moderate Risk","Inadequately cleaned or sanitized food contact surfaces"
2054,"20120720",103131,"Moderate Risk","Moderate risk vermin infestation"
2054,"20120720",103133,"Moderate Risk","Foods not protected from contamination"
2054,"20120720",103154,"Low Risk","Unclean or degraded floors walls or ceilings"
2055,"20150324",103124,"Moderate Risk","Inadequately cleaned or sanitized food contact surfaces"
2055,"20150324",103103,"High Risk","High risk food holding temperature "
2055,"20130924",103156,"Low Risk","Permit license or inspection report not posted"
2055,"20130924",103153,"Low Risk","Inadequate dressing rooms or improper storage of personal items"
2055,"20130924",103149,"Low Risk","Wiping cloths not clean or properly stored or inadequate sanitizer"
2055,"20130924",103148,"Low Risk","No thermometers or uncalibrated thermometers "
2055,"20130924",103144,"Low Risk","Unapproved or unmaintained equipment or utensils"
2055,"20120827",103102,"High Risk","Unclean hands or improper use of gloves"
2055,"20120827",103114,"High Risk","High risk vermin infestation"
2055,"20120827",103109,"High Risk","Unclean or unsanitary food contact surfaces"
2055,"20120827",103108,"High Risk","Contaminated or adulterated food"
2055,"20120827",103103,"High Risk","High risk food holding temperature "
2055,"20120827",103105,"High Risk","Improper cooling methods"
2055,"20140812",103154,"Low Risk","Unclean or degraded floors walls or ceilings"
2055,"20140812",103149,"Low Risk","Wiping cloths not clean or properly stored or inadequate sanitizer"
2055,"20140812",103133,"Moderate Risk","Foods not protected from contamination"
2055,"20140812",103144,"Low Risk","Unapproved or unmaintained equipment or utensils"
2055,"20140812",103131,"Moderate Risk","Moderate risk vermin infestation"
2057,"20150513",103158,"Low Risk","Unpermitted food facility"
2057,"20150513",103133,"Moderate Risk","Foods not protected from contamination"
2057,"20150513",103120,"Moderate Risk","Moderate risk food holding temperature "
2057,"20130909",103131,"Moderate Risk","Moderate risk vermin infestation"
2057,"20130909",103151,"Low Risk","Inadequate or unsanitary refuse containers or area or no garbage service"
2057,"20130909",103156,"Low Risk","Permit license or inspection report not posted"
2057,"20140415",103154,"Low Risk","Unclean or degraded floors walls or ceilings"
2057,"20140415",103124,"Moderate Risk","Inadequately cleaned or sanitized food contact surfaces"
2057,"20140415",103145,"Low Risk","Improper storage of equipment utensils or linens"
2057,"20140415",103114,"High Risk","High risk vermin infestation"
2057,"20140415",103142,"Low Risk","Unclean nonfood contact surfaces"
2057,"20130124",103156,"Low Risk","Permit license or inspection report not posted"
2057,"20130124",103120,"Moderate Risk","Moderate risk food holding temperature "
2057,"20130124",103114,"High Risk","High risk vermin infestation"
2057,"20130124",103124,"Moderate Risk","Inadequately cleaned or sanitized food contact surfaces"
2057,"20130124",103154,"Low Risk","Unclean or degraded floors walls or ceilings"
2057,"20130124",103116,"Moderate Risk","Inadequate food safety knowledge or lack of certified food safety manager"
2060,"20141007",103145,"Low Risk","Improper storage of equipment utensils or linens"
2060,"20141007",103150,"Low Risk","Improper or defective plumbing"
2060,"20141007",103142,"Low Risk","Unclean nonfood contact surfaces"
2060,"20141007",103119,"Moderate Risk","Inadequate and inaccessible handwashing facilities"
2060,"20141007",103149,"Low Risk","Wiping cloths not clean or properly stored or inadequate sanitizer"
2060,"20140127",103144,"Low Risk","Unapproved or unmaintained equipment or utensils"
2060,"20140127",103150,"Low Risk","Improper or defective plumbing"
2060,"20140127",103124,"Moderate Risk","Inadequately cleaned or sanitized food contact surfaces"
2060,"20130510",103142,"Low Risk","Unclean nonfood contact surfaces"
2060,"20130510",103103,"High Risk","High risk food holding temperature "
2060,"20130510",103154,"Low Risk","Unclean or degraded floors walls or ceilings"
2060,"20130510",103131,"Moderate Risk","Moderate risk vermin infestation"
2060,"20121130",103154,"Low Risk","Unclean or degraded floors walls or ceilings"
2060,"20121130",103120,"Moderate Risk","Moderate risk food holding temperature "
2060,"20121130",103123,"Moderate Risk","Food in poor condition"
2060,"20121130",103131,"Moderate Risk","Moderate risk vermin infestation"
2060,"20121130",103139,"Low Risk","Improper food storage"
2060,"20121130",103142,"Low Risk","Unclean nonfood contact surfaces"
2060,"20121130",103159,"Low Risk","Worker safety hazards"
2060,"20121130",103145,"Low Risk","Improper storage of equipment utensils or linens"
2060,"20130102",103161,"Low Risk","Low risk vermin infestation"
2061,"20150116",103142,"Low Risk","Unclean nonfood contact surfaces"
2061,"20150116",103156,"Low Risk","Permit license or inspection report not posted"
2061,"20130619",103148,"Low Risk","No thermometers or uncalibrated thermometers "
2061,"20130619",103161,"Low Risk","Low risk vermin infestation"
2061,"20130619",103124,"Moderate Risk","Inadequately cleaned or sanitized food contact surfaces"
2061,"20130619",103149,"Low Risk","Wiping cloths not clean or properly stored or inadequate sanitizer"
2061,"20140227",103133,"Moderate Risk","Foods not protected from contamination"
2061,"20140227",103142,"Low Risk","Unclean nonfood contact surfaces"
2061,"20140227",103149,"Low Risk","Wiping cloths not clean or properly stored or inadequate sanitizer"
2063,"20150129",103149,"Low Risk","Wiping cloths not clean or properly stored or inadequate sanitizer"
2063,"20150129",103131,"Moderate Risk","Moderate risk vermin infestation"
2063,"20150129",103145,"Low Risk","Improper storage of equipment utensils or linens"
2063,"20150129",103139,"Low Risk","Improper food storage"
2063,"20150129",103154,"Low Risk","Unclean or degraded floors walls or ceilings"
2063,"20150129",103144,"Low Risk","Unapproved or unmaintained equipment or utensils"
2063,"20130515",103154,"Low Risk","Unclean or degraded floors walls or ceilings"
2063,"20130515",103124,"Moderate Risk","Inadequately cleaned or sanitized food contact surfaces"
2063,"20130515",103131,"Moderate Risk","Moderate risk vermin infestation"
2063,"20130515",103139,"Low Risk","Improper food storage"
2063,"20130515",103149,"Low Risk","Wiping cloths not clean or properly stored or inadequate sanitizer"
2063,"20140326",103131,"Moderate Risk","Moderate risk vermin infestation"
2063,"20140326",103142,"Low Risk","Unclean nonfood contact surfaces"
2063,"20140326",103149,"Low Risk","Wiping cloths not clean or properly stored or inadequate sanitizer"
2063,"20140326",103119,"Moderate Risk","Inadequate and inaccessible handwashing facilities"
2063,"20140326",103148,"Low Risk","No thermometers or uncalibrated thermometers "
2063,"20140326",103120,"Moderate Risk","Moderate risk food holding temperature "
2063,"20140326",103138,"Low Risk","Improper storage use or identification of toxic substances"
2066,"20150212",103153,"Low Risk","Inadequate dressing rooms or improper storage of personal items"
2066,"20150212",103119,"Moderate Risk","Inadequate and inaccessible handwashing facilities"
2066,"20150212",103144,"Low Risk","Unapproved or unmaintained equipment or utensils"
2066,"20150212",103133,"Moderate Risk","Foods not protected from contamination"
2066,"20150212",103156,"Low Risk","Permit license or inspection report not posted"
2066,"20121217",103118,"Moderate Risk","Employee eating or smoking"
2066,"20121217",103154,"Low Risk","Unclean or degraded floors walls or ceilings"
2066,"20121217",103149,"Low Risk","Wiping cloths not clean or properly stored or inadequate sanitizer"
2066,"20121217",103118,"Moderate Risk","Employee eating or smoking"
2066,"20121217",103124,"Moderate Risk","Inadequately cleaned or sanitized food contact surfaces"
2066,"20121217",103144,"Low Risk","Unapproved or unmaintained equipment or utensils"
2066,"20121217",103139,"Low Risk","Improper food storage"
2066,"20140721",103105,"High Risk","Improper cooling methods"
2066,"20140721",103116,"Moderate Risk","Inadequate food safety knowledge or lack of certified food safety manager"
2066,"20140721",103119,"Moderate Risk","Inadequate and inaccessible handwashing facilities"
2066,"20140721",103133,"Moderate Risk","Foods not protected from contamination"
2066,"20140721",103138,"Low Risk","Improper storage use or identification of toxic substances"
2070,"20130522",103156,"Low Risk","Permit license or inspection report not posted"
2070,"20130522",103119,"Moderate Risk","Inadequate and inaccessible handwashing facilities"
2070,"20130522",103124,"Moderate Risk","Inadequately cleaned or sanitized food contact surfaces"
2070,"20130522",103133,"Moderate Risk","Foods not protected from contamination"
2070,"20130522",103142,"Low Risk","Unclean nonfood contact surfaces"
2070,"20130522",103150,"Low Risk","Improper or defective plumbing"
2070,"20130522",103154,"Low Risk","Unclean or degraded floors walls or ceilings"
2070,"20130522",103164,"N/A",
2070,"20130522",103114,"High Risk","High risk vermin infestation"
2070,"20140528",103139,"Low Risk","Improper food storage"
2070,"20140528",103145,"Low Risk","Improper storage of equipment utensils or linens"
2070,"20140528",103156,"Low Risk","Permit license or inspection report not posted"
2070,"20140528",103144,"Low Risk","Unapproved or unmaintained equipment or utensils"
2072,"20141216",103119,"Moderate Risk","Inadequate and inaccessible handwashing facilities"
2072,"20131108",103157,"Low Risk","Food safety certificate or food handler card not available"
2072,"20131108",103119,"Moderate Risk","Inadequate and inaccessible handwashing facilities"
2072,"20131108",103158,"Low Risk","Unpermitted food facility"
2072,"20131108",103156,"Low Risk","Permit license or inspection report not posted"
2072,"20131108",103143,"Low Risk","Inadequate warewashing facilities or equipment"
2072,"20130312",103154,"Low Risk","Unclean or degraded floors walls or ceilings"
2072,"20130312",103114,"High Risk","High risk vermin infestation"
2072,"20130312",103164,"N/A",
2072,"20120823",103154,"Low Risk","Unclean or degraded floors walls or ceilings"
2072,"20120823",103151,"Low Risk","Inadequate or unsanitary refuse containers or area or no garbage service"
2072,"20120823",103149,"Low Risk","Wiping cloths not clean or properly stored or inadequate sanitizer"
2072,"20140529",103157,"Low Risk","Food safety certificate or food handler card not available"
2072,"20140529",103156,"Low Risk","Permit license or inspection report not posted"
2072,"20140529",103154,"Low Risk","Unclean or degraded floors walls or ceilings"
2076,"20150513",103132,"Moderate Risk","Improper thawing methods "
2076,"20150513",103143,"Low Risk","Inadequate warewashing facilities or equipment"
2076,"20150513",103102,"High Risk","Unclean hands or improper use of gloves"
2076,"20131106",103161,"Low Risk","Low risk vermin infestation"
2076,"20131106",103133,"Moderate Risk","Foods not protected from contamination"
2076,"20131106",103139,"Low Risk","Improper food storage"
2076,"20131106",103154,"Low Risk","Unclean or degraded floors walls or ceilings"
2076,"20131106",103142,"Low Risk","Unclean nonfood contact surfaces"
2076,"20140429",103154,"Low Risk","Unclean or degraded floors walls or ceilings"
2076,"20140429",103139,"Low Risk","Improper food storage"
2076,"20140429",103144,"Low Risk","Unapproved or unmaintained equipment or utensils"
2076,"20140429",103124,"Moderate Risk","Inadequately cleaned or sanitized food contact surfaces"
2076,"20140429",103120,"Moderate Risk","Moderate risk food holding temperature "
2076,"20140429",103114,"High Risk","High risk vermin infestation"
2076,"20130124",103139,"Low Risk","Improper food storage"
2076,"20130124",103131,"Moderate Risk","Moderate risk vermin infestation"
2076,"20130124",103154,"Low Risk","Unclean or degraded floors walls or ceilings"
2076,"20130124",103149,"Low Risk","Wiping cloths not clean or properly stored or inadequate sanitizer"
2076,"20130124",103142,"Low Risk","Unclean nonfood contact surfaces"
2077,"20140108",103124,"Moderate Risk","Inadequately cleaned or sanitized food contact surfaces"
2077,"20140108",103142,"Low Risk","Unclean nonfood contact surfaces"
2077,"20140108",103131,"Moderate Risk","Moderate risk vermin infestation"
2077,"20140108",103154,"Low Risk","Unclean or degraded floors walls or ceilings"
2077,"20130515",103124,"Moderate Risk","Inadequately cleaned or sanitized food contact surfaces"
2077,"20130515",103139,"Low Risk","Improper food storage"
2077,"20130515",103148,"Low Risk","No thermometers or uncalibrated thermometers "
2077,"20130515",103156,"Low Risk","Permit license or inspection report not posted"
2077,"20130515",103145,"Low Risk","Improper storage of equipment utensils or linens"
2077,"20130515",103154,"Low Risk","Unclean or degraded floors walls or ceilings"
2077,"20120823",103116,"Moderate Risk","Inadequate food safety knowledge or lack of certified food safety manager"
2077,"20120823",103156,"Low Risk","Permit license or inspection report not posted"
2077,"20120823",103151,"Low Risk","Inadequate or unsanitary refuse containers or area or no garbage service"
2085,"20130419",103142,"Low Risk","Unclean nonfood contact surfaces"
2085,"20130419",103120,"Moderate Risk","Moderate risk food holding temperature "
2085,"20140409",103154,"Low Risk","Unclean or degraded floors walls or ceilings"
2085,"20140409",103114,"High Risk","High risk vermin infestation"
2085,"20140409",103108,"High Risk","Contaminated or adulterated food"
2094,"20130725",103131,"Moderate Risk","Moderate risk vermin infestation"
2094,"20130725",103103,"High Risk","High risk food holding temperature "
2094,"20130725",103154,"Low Risk","Unclean or degraded floors walls or ceilings"
2094,"20130725",103102,"High Risk","Unclean hands or improper use of gloves"
2094,"20130725",103144,"Low Risk","Unapproved or unmaintained equipment or utensils"
2094,"20140212",103139,"Low Risk","Improper food storage"
2094,"20140212",103144,"Low Risk","Unapproved or unmaintained equipment or utensils"
2094,"20121113",103147,"Low Risk","Inadequate ventilation or lighting"
2094,"20140630",103133,"Moderate Risk","Foods not protected from contamination"
2094,"20140630",103154,"Low Risk","Unclean or degraded floors walls or ceilings"
2094,"20140630",103104,"High Risk","Unauthorized or unsafe use of time as a public health control measure"
2104,"20150408",103154,"Low Risk","Unclean or degraded floors walls or ceilings"
2104,"20150408",103103,"High Risk","High risk food holding temperature "
2104,"20150408",103109,"High Risk","Unclean or unsanitary food contact surfaces"
2104,"20150408",103161,"Low Risk","Low risk vermin infestation"
2104,"20150408",103138,"Low Risk","Improper storage use or identification of toxic substances"
2104,"20130418",103144,"Low Risk","Unapproved or unmaintained equipment or utensils"
2104,"20130418",103154,"Low Risk","Unclean or degraded floors walls or ceilings"
2104,"20130418",103109,"High Risk","Unclean or unsanitary food contact surfaces"
2104,"20130418",103133,"Moderate Risk","Foods not protected from contamination"
2104,"20130418",103157,"Low Risk","Food safety certificate or food handler card not available"
2104,"20130418",103120,"Moderate Risk","Moderate risk food holding temperature "
2104,"20120613",103120,"Moderate Risk","Moderate risk food holding temperature "
2104,"20120613",103124,"Moderate Risk","Inadequately cleaned or sanitized food contact surfaces"
2104,"20120613",103133,"Moderate Risk","Foods not protected from contamination"
2104,"20120613",103154,"Low Risk","Unclean or degraded floors walls or ceilings"
2104,"20120613",103157,"Low Risk","Food safety certificate or food handler card not available"
2104,"20140513",103109,"High Risk","Unclean or unsanitary food contact surfaces"
2104,"20140513",103144,"Low Risk","Unapproved or unmaintained equipment or utensils"
2104,"20140513",103133,"Moderate Risk","Foods not protected from contamination"
2104,"20140513",103142,"Low Risk","Unclean nonfood contact surfaces"
2104,"20140513",103145,"Low Risk","Improper storage of equipment utensils or linens"
2104,"20140513",103154,"Low Risk","Unclean or degraded floors walls or ceilings"
2105,"20130422",103124,"Moderate Risk","Inadequately cleaned or sanitized food contact surfaces"
2105,"20130422",103154,"Low Risk","Unclean or degraded floors walls or ceilings"
2105,"20130422",103139,"Low Risk","Improper food storage"
2105,"20140507",103142,"Low Risk","Unclean nonfood contact surfaces"
2105,"20140507",103150,"Low Risk","Improper or defective plumbing"
2105,"20140507",103139,"Low Risk","Improper food storage"
2106,"20141110",103145,"Low Risk","Improper storage of equipment utensils or linens"
2106,"20141110",103142,"Low Risk","Unclean nonfood contact surfaces"
2106,"20141110",103144,"Low Risk","Unapproved or unmaintained equipment or utensils"
2106,"20141110",103139,"Low Risk","Improper food storage"
2106,"20141110",103162,"Low Risk","Other low risk violation"
2106,"20141110",103138,"Low Risk","Improper storage use or identification of toxic substances"
2106,"20141110",103114,"High Risk","High risk vermin infestation"
2106,"20141110",103109,"High Risk","Unclean or unsanitary food contact surfaces"
2106,"20131002",103154,"Low Risk","Unclean or degraded floors walls or ceilings"
2106,"20131002",103120,"Moderate Risk","Moderate risk food holding temperature "
2106,"20131002",103124,"Moderate Risk","Inadequately cleaned or sanitized food contact surfaces"
2106,"20131002",103138,"Low Risk","Improper storage use or identification of toxic substances"
2106,"20131002",103133,"Moderate Risk","Foods not protected from contamination"
2106,"20130130",103138,"Low Risk","Improper storage use or identification of toxic substances"
2106,"20130130",103120,"Moderate Risk","Moderate risk food holding temperature "
2106,"20130130",103142,"Low Risk","Unclean nonfood contact surfaces"
2106,"20130130",103133,"Moderate Risk","Foods not protected from contamination"
2106,"20130130",103161,"Low Risk","Low risk vermin infestation"
2107,"20150313",103132,"Moderate Risk","Improper thawing methods "
2107,"20150313",103149,"Low Risk","Wiping cloths not clean or properly stored or inadequate sanitizer"
2107,"20150313",103139,"Low Risk","Improper food storage"
2107,"20130610",103119,"Moderate Risk","Inadequate and inaccessible handwashing facilities"
2107,"20130610",103125,"Moderate Risk","Noncompliance with shell fish tags or display"
2107,"20130610",103120,"Moderate Risk","Moderate risk food holding temperature "
2107,"20130610",103149,"Low Risk","Wiping cloths not clean or properly stored or inadequate sanitizer"
2107,"20130610",103144,"Low Risk","Unapproved or unmaintained equipment or utensils"
2107,"20130610",103142,"Low Risk","Unclean nonfood contact surfaces"
2107,"20140416",103124,"Moderate Risk","Inadequately cleaned or sanitized food contact surfaces"
2107,"20140416",103139,"Low Risk","Improper food storage"
2107,"20140416",103102,"High Risk","Unclean hands or improper use of gloves"
2107,"20140416",103103,"High Risk","High risk food holding temperature "
2107,"20140416",103145,"Low Risk","Improper storage of equipment utensils or linens"
2107,"20120730",103133,"Moderate Risk","Foods not protected from contamination"
2107,"20120730",103150,"Low Risk","Improper or defective plumbing"
2107,"20120730",103144,"Low Risk","Unapproved or unmaintained equipment or utensils"
2107,"20120730",103103,"High Risk","High risk food holding temperature "
2107,"20120730",103131,"Moderate Risk","Moderate risk vermin infestation"
2109,"20150528",103157,"Low Risk","Food safety certificate or food handler card not available"
2109,"20150528",103124,"Moderate Risk","Inadequately cleaned or sanitized food contact surfaces"
2109,"20150528",103114,"High Risk","High risk vermin infestation"
2109,"20150528",103149,"Low Risk","Wiping cloths not clean or properly stored or inadequate sanitizer"
2109,"20150528",103142,"Low Risk","Unclean nonfood contact surfaces"
2109,"20150528",103154,"Low Risk","Unclean or degraded floors walls or ceilings"
2109,"20150528",103133,"Moderate Risk","Foods not protected from contamination"
2109,"20150528",103132,"Moderate Risk","Improper thawing methods "
2109,"20131008",103145,"Low Risk","Improper storage of equipment utensils or linens"
2109,"20131008",103131,"Moderate Risk","Moderate risk vermin infestation"
2109,"20131008",103154,"Low Risk","Unclean or degraded floors walls or ceilings"
2109,"20131008",103149,"Low Risk","Wiping cloths not clean or properly stored or inadequate sanitizer"
2109,"20131008",103142,"Low Risk","Unclean nonfood contact surfaces"
2109,"20130325",103154,"Low Risk","Unclean or degraded floors walls or ceilings"
2109,"20130325",103120,"Moderate Risk","Moderate risk food holding temperature "
2109,"20130325",103131,"Moderate Risk","Moderate risk vermin infestation"
2109,"20130325",103139,"Low Risk","Improper food storage"
2109,"20130325",103149,"Low Risk","Wiping cloths not clean or properly stored or inadequate sanitizer"
2109,"20140626",103114,"High Risk","High risk vermin infestation"
2109,"20140626",103134,"Moderate Risk","Other moderate risk violation"
2109,"20140626",103144,"Low Risk","Unapproved or unmaintained equipment or utensils"
2109,"20140626",103154,"Low Risk","Unclean or degraded floors walls or ceilings"
2109,"20140626",103124,"Moderate Risk","Inadequately cleaned or sanitized food contact surfaces"
2110,"20150227",103154,"Low Risk","Unclean or degraded floors walls or ceilings"
2110,"20150227",103120,"Moderate Risk","Moderate risk food holding temperature "
2110,"20150227",103139,"Low Risk","Improper food storage"
2110,"20150227",103142,"Low Risk","Unclean nonfood contact surfaces"
2110,"20150227",103133,"Moderate Risk","Foods not protected from contamination"
2110,"20130724",103114,"High Risk","High risk vermin infestation"
2110,"20130724",103142,"Low Risk","Unclean nonfood contact surfaces"
2110,"20130724",103154,"Low Risk","Unclean or degraded floors walls or ceilings"
2110,"20140317",103157,"Low Risk","Food safety certificate or food handler card not available"
2110,"20140317",103154,"Low Risk","Unclean or degraded floors walls or ceilings"
2110,"20140317",103149,"Low Risk","Wiping cloths not clean or properly stored or inadequate sanitizer"
2110,"20140317",103131,"Moderate Risk","Moderate risk vermin infestation"
2110,"20121210",103149,"Low Risk","Wiping cloths not clean or properly stored or inadequate sanitizer"
2110,"20121210",103154,"Low Risk","Unclean or degraded floors walls or ceilings"
2110,"20121210",103132,"Moderate Risk","Improper thawing methods "
2110,"20121210",103161,"Low Risk","Low risk vermin infestation"
2110,"20121210",103119,"Moderate Risk","Inadequate and inaccessible handwashing facilities"
2115,"20141204",103120,"Moderate Risk","Moderate risk food holding temperature "
2115,"20141204",103144,"Low Risk","Unapproved or unmaintained equipment or utensils"
2115,"20141204",103133,"Moderate Risk","Foods not protected from contamination"
2115,"20141204",103102,"High Risk","Unclean hands or improper use of gloves"
2115,"20141204",103149,"Low Risk","Wiping cloths not clean or properly stored or inadequate sanitizer"
2115,"20141204",103109,"High Risk","Unclean or unsanitary food contact surfaces"
2115,"20141204",103143,"Low Risk","Inadequate warewashing facilities or equipment"
2115,"20131015",103131,"Moderate Risk","Moderate risk vermin infestation"
2115,"20131015",103149,"Low Risk","Wiping cloths not clean or properly stored or inadequate sanitizer"
2115,"20131015",103154,"Low Risk","Unclean or degraded floors walls or ceilings"
2115,"20131015",103120,"Moderate Risk","Moderate risk food holding temperature "
2115,"20130501",103142,"Low Risk","Unclean nonfood contact surfaces"
2115,"20130501",103120,"Moderate Risk","Moderate risk food holding temperature "
2115,"20130501",103154,"Low Risk","Unclean or degraded floors walls or ceilings"
2115,"20130501",103114,"High Risk","High risk vermin infestation"
2115,"20140319",103154,"Low Risk","Unclean or degraded floors walls or ceilings"
2115,"20140319",103103,"High Risk","High risk food holding temperature "
2115,"20121003",103134,"Moderate Risk","Other moderate risk violation"
2115,"20121003",103142,"Low Risk","Unclean nonfood contact surfaces"
2115,"20121003",103124,"Moderate Risk","Inadequately cleaned or sanitized food contact surfaces"
2115,"20121003",103120,"Moderate Risk","Moderate risk food holding temperature "
2117,"20131105",103149,"Low Risk","Wiping cloths not clean or properly stored or inadequate sanitizer"
2117,"20131105",103142,"Low Risk","Unclean nonfood contact surfaces"
2117,"20130109",103139,"Low Risk","Improper food storage"
2117,"20130109",103124,"Moderate Risk","Inadequately cleaned or sanitized food contact surfaces"
2117,"20130109",103154,"Low Risk","Unclean or degraded floors walls or ceilings"
2124,"20130529",103154,"Low Risk","Unclean or degraded floors walls or ceilings"
2124,"20130529",103150,"Low Risk","Improper or defective plumbing"
2124,"20140508",103120,"Moderate Risk","Moderate risk food holding temperature "
2127,"20140923",103147,"Low Risk","Inadequate ventilation or lighting"
2127,"20140923",103154,"Low Risk","Unclean or degraded floors walls or ceilings"
2127,"20140923",103149,"Low Risk","Wiping cloths not clean or properly stored or inadequate sanitizer"
2127,"20140923",103132,"Moderate Risk","Improper thawing methods "
2127,"20140923",103124,"Moderate Risk","Inadequately cleaned or sanitized food contact surfaces"
2127,"20140923",103130,"Moderate Risk","Inadequate sewage or wastewater disposal"
2127,"20130719",103103,"High Risk","High risk food holding temperature "
2127,"20130719",103142,"Low Risk","Unclean nonfood contact surfaces"
2127,"20121024",103150,"Low Risk","Improper or defective plumbing"
2127,"20121024",103161,"Low Risk","Low risk vermin infestation"
2127,"20121024",103154,"Low Risk","Unclean or degraded floors walls or ceilings"
2127,"20121024",103120,"Moderate Risk","Moderate risk food holding temperature "
2127,"20121024",103124,"Moderate Risk","Inadequately cleaned or sanitized food contact surfaces"
2127,"20121101",103154,"Low Risk","Unclean or degraded floors walls or ceilings"
2131,"20150309",103109,"High Risk","Unclean or unsanitary food contact surfaces"
2131,"20131104",103148,"Low Risk","No thermometers or uncalibrated thermometers "
2131,"20140611",103149,"Low Risk","Wiping cloths not clean or properly stored or inadequate sanitizer"
2131,"20140611",103133,"Moderate Risk","Foods not protected from contamination"
2132,"20140221",103145,"Low Risk","Improper storage of equipment utensils or linens"
2132,"20140221",103148,"Low Risk","No thermometers or uncalibrated thermometers "
2132,"20130111",103124,"Moderate Risk","Inadequately cleaned or sanitized food contact surfaces"
2132,"20130111",103139,"Low Risk","Improper food storage"
2134,"20140203",103105,"High Risk","Improper cooling methods"
2134,"20140203",103120,"Moderate Risk","Moderate risk food holding temperature "
2134,"20120620",103103,"High Risk","High risk food holding temperature "
2134,"20120620",103150,"Low Risk","Improper or defective plumbing"
2134,"20120620",103129,"Moderate Risk","Insufficient hot water or running water"
2134,"20120620",103142,"Low Risk","Unclean nonfood contact surfaces"
2134,"20120620",103124,"Moderate Risk","Inadequately cleaned or sanitized food contact surfaces"
2134,"20120620",103119,"Moderate Risk","Inadequate and inaccessible handwashing facilities"
2134,"20121219",103138,"Low Risk","Improper storage use or identification of toxic substances"
2134,"20121219",103120,"Moderate Risk","Moderate risk food holding temperature "
2134,"20121219",103142,"Low Risk","Unclean nonfood contact surfaces"
2134,"20121219",103154,"Low Risk","Unclean or degraded floors walls or ceilings"
2135,"20130315",103119,"Moderate Risk","Inadequate and inaccessible handwashing facilities"
2135,"20140319",103148,"Low Risk","No thermometers or uncalibrated thermometers "
2135,"20140319",103149,"Low Risk","Wiping cloths not clean or properly stored or inadequate sanitizer"
2135,"20140319",103145,"Low Risk","Improper storage of equipment utensils or linens"
2135,"20140319",103157,"Low Risk","Food safety certificate or food handler card not available"
2136,"20131126",103120,"Moderate Risk","Moderate risk food holding temperature "
2136,"20120727",103131,"Moderate Risk","Moderate risk vermin infestation"
2136,"20120727",103154,"Low Risk","Unclean or degraded floors walls or ceilings"
2136,"20140709",103161,"Low Risk","Low risk vermin infestation"
2136,"20140709",103148,"Low Risk","No thermometers or uncalibrated thermometers "
2138,"20141201",103144,"Low Risk","Unapproved or unmaintained equipment or utensils"
2138,"20141201",103120,"Moderate Risk","Moderate risk food holding temperature "
2138,"20141201",103148,"Low Risk","No thermometers or uncalibrated thermometers "
2143,"20140303",103139,"Low Risk","Improper food storage"
2143,"20140303",103152,"Low Risk","Unclean unmaintained or improperly constructed toilet facilities"
2143,"20140303",103150,"Low Risk","Improper or defective plumbing"
2143,"20140303",103157,"Low Risk","Food safety certificate or food handler card not available"
2143,"20140303",103162,"Low Risk","Other low risk violation"
2143,"20121120",103138,"Low Risk","Improper storage use or identification of toxic substances"
2143,"20121120",103149,"Low Risk","Wiping cloths not clean or properly stored or inadequate sanitizer"
2143,"20121120",103152,"Low Risk","Unclean unmaintained or improperly constructed toilet facilities"
2143,"20121120",103154,"Low Risk","Unclean or degraded floors walls or ceilings"
2144,"20150122",103148,"Low Risk","No thermometers or uncalibrated thermometers "
2144,"20150122",103124,"Moderate Risk","Inadequately cleaned or sanitized food contact surfaces"
2144,"20130628",103162,"Low Risk","Other low risk violation"
2144,"20130628",103148,"Low Risk","No thermometers or uncalibrated thermometers "
2144,"20130628",103147,"Low Risk","Inadequate ventilation or lighting"
2144,"20130628",103120,"Moderate Risk","Moderate risk food holding temperature "
2144,"20130111",103102,"High Risk","Unclean hands or improper use of gloves"
2144,"20130111",103123,"Moderate Risk","Food in poor condition"
2145,"20150512",103120,"Moderate Risk","Moderate risk food holding temperature "
2145,"20150512",103154,"Low Risk","Unclean or degraded floors walls or ceilings"
2145,"20150512",103102,"High Risk","Unclean hands or improper use of gloves"
2145,"20130426",103124,"Moderate Risk","Inadequately cleaned or sanitized food contact surfaces"
2145,"20130426",103154,"Low Risk","Unclean or degraded floors walls or ceilings"
2145,"20130426",103132,"Moderate Risk","Improper thawing methods "
2145,"20140305",103139,"Low Risk","Improper food storage"
2145,"20140305",103107,"High Risk","Improper reheating of food"
2152,"20141205",103142,"Low Risk","Unclean nonfood contact surfaces"
2152,"20141205",103132,"Moderate Risk","Improper thawing methods "
2152,"20141205",103105,"High Risk","Improper cooling methods"
2152,"20141205",103154,"Low Risk","Unclean or degraded floors walls or ceilings"
2152,"20130515",103109,"High Risk","Unclean or unsanitary food contact surfaces"
2152,"20130515",103139,"Low Risk","Improper food storage"
2152,"20130515",103154,"Low Risk","Unclean or degraded floors walls or ceilings"
2152,"20130515",103120,"Moderate Risk","Moderate risk food holding temperature "
2152,"20140306",103109,"High Risk","Unclean or unsanitary food contact surfaces"
2152,"20140306",103132,"Moderate Risk","Improper thawing methods "
2152,"20121024",103113,"High Risk","Sewage or wastewater contamination"
2155,"20150402",103116,"Moderate Risk","Inadequate food safety knowledge or lack of certified food safety manager"
2155,"20150402",103143,"Low Risk","Inadequate warewashing facilities or equipment"
2155,"20140423",103142,"Low Risk","Unclean nonfood contact surfaces"
2156,"20130923",103131,"Moderate Risk","Moderate risk vermin infestation"
2156,"20130923",103109,"High Risk","Unclean or unsanitary food contact surfaces"
2156,"20130923",103103,"High Risk","High risk food holding temperature "
2156,"20130923",103156,"Low Risk","Permit license or inspection report not posted"
2156,"20121119",103120,"Moderate Risk","Moderate risk food holding temperature "
2156,"20121119",103119,"Moderate Risk","Inadequate and inaccessible handwashing facilities"
2156,"20140521",103120,"Moderate Risk","Moderate risk food holding temperature "
2156,"20140521",103105,"High Risk","Improper cooling methods"
2156,"20140521",103123,"Moderate Risk","Food in poor condition"
2165,"20140923",103154,"Low Risk","Unclean or degraded floors walls or ceilings"
2165,"20140923",103138,"Low Risk","Improper storage use or identification of toxic substances"
2165,"20140923",103144,"Low Risk","Unapproved or unmaintained equipment or utensils"
2165,"20140923",103139,"Low Risk","Improper food storage"
2165,"20131030",103145,"Low Risk","Improper storage of equipment utensils or linens"
2165,"20131030",103157,"Low Risk","Food safety certificate or food handler card not available"
2165,"20131030",103154,"Low Risk","Unclean or degraded floors walls or ceilings"
2165,"20130212",103149,"Low Risk","Wiping cloths not clean or properly stored or inadequate sanitizer"
2165,"20130212",103144,"Low Risk","Unapproved or unmaintained equipment or utensils"
2165,"20130212",103120,"Moderate Risk","Moderate risk food holding temperature "
2165,"20140529",103133,"Moderate Risk","Foods not protected from contamination"
2165,"20140529",103157,"Low Risk","Food safety certificate or food handler card not available"
2165,"20140529",103150,"Low Risk","Improper or defective plumbing"
2165,"20140529",103149,"Low Risk","Wiping cloths not clean or properly stored or inadequate sanitizer"
2168,"20150403",103124,"Moderate Risk","Inadequately cleaned or sanitized food contact surfaces"
2168,"20150403",103157,"Low Risk","Food safety certificate or food handler card not available"
2168,"20150403",103139,"Low Risk","Improper food storage"
2168,"20140207",103124,"Moderate Risk","Inadequately cleaned or sanitized food contact surfaces"
2168,"20140207",103154,"Low Risk","Unclean or degraded floors walls or ceilings"
2168,"20130529",103133,"Moderate Risk","Foods not protected from contamination"
2168,"20130529",103144,"Low Risk","Unapproved or unmaintained equipment or utensils"
2168,"20130529",103114,"High Risk","High risk vermin infestation"
2168,"20121120",103120,"Moderate Risk","Moderate risk food holding temperature "
2172,"20130711",103154,"Low Risk","Unclean or degraded floors walls or ceilings"
2172,"20130711",103144,"Low Risk","Unapproved or unmaintained equipment or utensils"
2172,"20130711",103142,"Low Risk","Unclean nonfood contact surfaces"
2172,"20130711",103114,"High Risk","High risk vermin infestation"
2172,"20130711",103109,"High Risk","Unclean or unsanitary food contact surfaces"
2172,"20140401",103149,"Low Risk","Wiping cloths not clean or properly stored or inadequate sanitizer"
2172,"20140401",103119,"Moderate Risk","Inadequate and inaccessible handwashing facilities"
2172,"20140401",103139,"Low Risk","Improper food storage"
2173,"20150225",103120,"Moderate Risk","Moderate risk food holding temperature "
2173,"20150225",103144,"Low Risk","Unapproved or unmaintained equipment or utensils"
2173,"20150225",103154,"Low Risk","Unclean or degraded floors walls or ceilings"
2173,"20150225",103156,"Low Risk","Permit license or inspection report not posted"
2173,"20150225",103114,"High Risk","High risk vermin infestation"
2173,"20150225",103109,"High Risk","Unclean or unsanitary food contact surfaces"
2173,"20131224",103129,"Moderate Risk","Insufficient hot water or running water"
2173,"20131224",103141,"Low Risk","Improper food labeling or menu misrepresentation"
2173,"20131224",103156,"Low Risk","Permit license or inspection report not posted"
2173,"20131224",103161,"Low Risk","Low risk vermin infestation"
2173,"20131224",103116,"Moderate Risk","Inadequate food safety knowledge or lack of certified food safety manager"
2173,"20130607",103116,"Moderate Risk","Inadequate food safety knowledge or lack of certified food safety manager"
2173,"20130607",103144,"Low Risk","Unapproved or unmaintained equipment or utensils"
2173,"20130607",103129,"Moderate Risk","Insufficient hot water or running water"
2173,"20130607",103161,"Low Risk","Low risk vermin infestation"
2173,"20120919",103109,"High Risk","Unclean or unsanitary food contact surfaces"
2173,"20120919",103120,"Moderate Risk","Moderate risk food holding temperature "
2173,"20120919",103147,"Low Risk","Inadequate ventilation or lighting"
2173,"20120919",103131,"Moderate Risk","Moderate risk vermin infestation"
2173,"20120919",103138,"Low Risk","Improper storage use or identification of toxic substances"
2173,"20120919",103142,"Low Risk","Unclean nonfood contact surfaces"
2173,"20120919",103154,"Low Risk","Unclean or degraded floors walls or ceilings"
2173,"20120919",103116,"Moderate Risk","Inadequate food safety knowledge or lack of certified food safety manager"
2173,"20120919",103129,"Moderate Risk","Insufficient hot water or running water"
2175,"20120913",103154,"Low Risk","Unclean or degraded floors walls or ceilings"
2175,"20120913",103149,"Low Risk","Wiping cloths not clean or properly stored or inadequate sanitizer"
2189,"20131024",103102,"High Risk","Unclean hands or improper use of gloves"
2189,"20131024",103109,"High Risk","Unclean or unsanitary food contact surfaces"
2189,"20131024",103114,"High Risk","High risk vermin infestation"
2189,"20131024",103145,"Low Risk","Improper storage of equipment utensils or linens"
2189,"20131024",103152,"Low Risk","Unclean unmaintained or improperly constructed toilet facilities"
2189,"20130124",103131,"Moderate Risk","Moderate risk vermin infestation"
2189,"20130124",103112,"High Risk","No hot water or running water"
2189,"20130124",103103,"High Risk","High risk food holding temperature "
2189,"20130124",103142,"Low Risk","Unclean nonfood contact surfaces"
2189,"20140612",103152,"Low Risk","Unclean unmaintained or improperly constructed toilet facilities"
2189,"20140612",103124,"Moderate Risk","Inadequately cleaned or sanitized food contact surfaces"
2189,"20140612",103142,"Low Risk","Unclean nonfood contact surfaces"
2189,"20140612",103154,"Low Risk","Unclean or degraded floors walls or ceilings"
2193,"20150305",103157,"Low Risk","Food safety certificate or food handler card not available"
2193,"20150305",103120,"Moderate Risk","Moderate risk food holding temperature "
2193,"20150305",103139,"Low Risk","Improper food storage"
2193,"20150305",103142,"Low Risk","Unclean nonfood contact surfaces"
2193,"20130611",103124,"Moderate Risk","Inadequately cleaned or sanitized food contact surfaces"
2193,"20130611",103119,"Moderate Risk","Inadequate and inaccessible handwashing facilities"
2193,"20130611",103103,"High Risk","High risk food holding temperature "
2193,"20140218",103120,"Moderate Risk","Moderate risk food holding temperature "
2193,"20140218",103119,"Moderate Risk","Inadequate and inaccessible handwashing facilities"
2193,"20140218",103145,"Low Risk","Improper storage of equipment utensils or linens"
2193,"20140218",103124,"Moderate Risk","Inadequately cleaned or sanitized food contact surfaces"
2193,"20121205",103119,"Moderate Risk","Inadequate and inaccessible handwashing facilities"
2193,"20121205",103142,"Low Risk","Unclean nonfood contact surfaces"
2193,"20121205",103105,"High Risk","Improper cooling methods"
2193,"20140807",103124,"Moderate Risk","Inadequately cleaned or sanitized food contact surfaces"
2199,"20150217",103119,"Moderate Risk","Inadequate and inaccessible handwashing facilities"
2199,"20150217",103133,"Moderate Risk","Foods not protected from contamination"
2199,"20150217",103161,"Low Risk","Low risk vermin infestation"
2199,"20150217",103154,"Low Risk","Unclean or degraded floors walls or ceilings"
2199,"20150217",103144,"Low Risk","Unapproved or unmaintained equipment or utensils"
2199,"20130607",103119,"Moderate Risk","Inadequate and inaccessible handwashing facilities"
2199,"20130607",103142,"Low Risk","Unclean nonfood contact surfaces"
2199,"20130607",103124,"Moderate Risk","Inadequately cleaned or sanitized food contact surfaces"
2199,"20130607",103150,"Low Risk","Improper or defective plumbing"
2199,"20130607",103120,"Moderate Risk","Moderate risk food holding temperature "
2199,"20140502",103119,"Moderate Risk","Inadequate and inaccessible handwashing facilities"
2199,"20140502",103142,"Low Risk","Unclean nonfood contact surfaces"
2199,"20140502",103145,"Low Risk","Improper storage of equipment utensils or linens"
2199,"20140502",103154,"Low Risk","Unclean or degraded floors walls or ceilings"
2199,"20140502",103120,"Moderate Risk","Moderate risk food holding temperature "
2199,"20140502",103150,"Low Risk","Improper or defective plumbing"
2199,"20120830",103120,"Moderate Risk","Moderate risk food holding temperature "
2199,"20120829",103139,"Low Risk","Improper food storage"
2199,"20120830",103124,"Moderate Risk","Inadequately cleaned or sanitized food contact surfaces"
2199,"20120830",103133,"Moderate Risk","Foods not protected from contamination"
2199,"20120830",103139,"Low Risk","Improper food storage"
2199,"20120830",103144,"Low Risk","Unapproved or unmaintained equipment or utensils"
2199,"20120830",103154,"Low Risk","Unclean or degraded floors walls or ceilings"
2199,"20120829",103119,"Moderate Risk","Inadequate and inaccessible handwashing facilities"
2199,"20120829",103120,"Moderate Risk","Moderate risk food holding temperature "
2199,"20120829",103124,"Moderate Risk","Inadequately cleaned or sanitized food contact surfaces"
2199,"20120829",103133,"Moderate Risk","Foods not protected from contamination"
2199,"20120829",103144,"Low Risk","Unapproved or unmaintained equipment or utensils"
2199,"20120829",103154,"Low Risk","Unclean or degraded floors walls or ceilings"
2199,"20120830",103119,"Moderate Risk","Inadequate and inaccessible handwashing facilities"
2200,"20130919",103120,"Moderate Risk","Moderate risk food holding temperature "
2200,"20130919",103142,"Low Risk","Unclean nonfood contact surfaces"
2200,"20130919",103139,"Low Risk","Improper food storage"
2200,"20130919",103124,"Moderate Risk","Inadequately cleaned or sanitized food contact surfaces"
2200,"20130919",103156,"Low Risk","Permit license or inspection report not posted"
2200,"20130919",103131,"Moderate Risk","Moderate risk vermin infestation"
2200,"20140213",103124,"Moderate Risk","Inadequately cleaned or sanitized food contact surfaces"
2200,"20140213",103114,"High Risk","High risk vermin infestation"
2200,"20140213",103132,"Moderate Risk","Improper thawing methods "
2200,"20140213",103139,"Low Risk","Improper food storage"
2200,"20140213",103142,"Low Risk","Unclean nonfood contact surfaces"
2200,"20140213",103154,"Low Risk","Unclean or degraded floors walls or ceilings"
2200,"20130103",103142,"Low Risk","Unclean nonfood contact surfaces"
2200,"20130103",103114,"High Risk","High risk vermin infestation"
2200,"20130103",103124,"Moderate Risk","Inadequately cleaned or sanitized food contact surfaces"
2200,"20130103",103154,"Low Risk","Unclean or degraded floors walls or ceilings"
2200,"20140625",103150,"Low Risk","Improper or defective plumbing"
2200,"20140625",103154,"Low Risk","Unclean or degraded floors walls or ceilings"
2200,"20140625",103139,"Low Risk","Improper food storage"
2200,"20140625",103124,"Moderate Risk","Inadequately cleaned or sanitized food contact surfaces"
2200,"20140625",103131,"Moderate Risk","Moderate risk vermin infestation"
2201,"20150112",103119,"Moderate Risk","Inadequate and inaccessible handwashing facilities"
2201,"20150112",103124,"Moderate Risk","Inadequately cleaned or sanitized food contact surfaces"
2201,"20150112",103132,"Moderate Risk","Improper thawing methods "
2201,"20150112",103133,"Moderate Risk","Foods not protected from contamination"
2201,"20150112",103154,"Low Risk","Unclean or degraded floors walls or ceilings"
2201,"20150112",103151,"Low Risk","Inadequate or unsanitary refuse containers or area or no garbage service"
2201,"20150112",103131,"Moderate Risk","Moderate risk vermin infestation"
2201,"20150112",103139,"Low Risk","Improper food storage"
2201,"20140108",103139,"Low Risk","Improper food storage"
2201,"20140108",103119,"Moderate Risk","Inadequate and inaccessible handwashing facilities"
2201,"20140108",103144,"Low Risk","Unapproved or unmaintained equipment or utensils"
2201,"20130319",103145,"Low Risk","Improper storage of equipment utensils or linens"
2201,"20130319",103142,"Low Risk","Unclean nonfood contact surfaces"
2201,"20130319",103154,"Low Risk","Unclean or degraded floors walls or ceilings"
2201,"20130319",103114,"High Risk","High risk vermin infestation"
2201,"20130319",103109,"High Risk","Unclean or unsanitary food contact surfaces"
2201,"20130319",103103,"High Risk","High risk food holding temperature "
2201,"20130319",103144,"Low Risk","Unapproved or unmaintained equipment or utensils"
2205,"20140918",103154,"Low Risk","Unclean or degraded floors walls or ceilings"
2205,"20140918",103144,"Low Risk","Unapproved or unmaintained equipment or utensils"
2205,"20140918",103119,"Moderate Risk","Inadequate and inaccessible handwashing facilities"
2205,"20140918",103161,"Low Risk","Low risk vermin infestation"
2205,"20140918",103133,"Moderate Risk","Foods not protected from contamination"
2205,"20140918",103124,"Moderate Risk","Inadequately cleaned or sanitized food contact surfaces"
2205,"20130716",103154,"Low Risk","Unclean or degraded floors walls or ceilings"
2205,"20130716",103119,"Moderate Risk","Inadequate and inaccessible handwashing facilities"
2205,"20130716",103124,"Moderate Risk","Inadequately cleaned or sanitized food contact surfaces"
2205,"20130716",103148,"Low Risk","No thermometers or uncalibrated thermometers "
2205,"20140228",103144,"Low Risk","Unapproved or unmaintained equipment or utensils"
2205,"20140228",103124,"Moderate Risk","Inadequately cleaned or sanitized food contact surfaces"
2205,"20140228",103142,"Low Risk","Unclean nonfood contact surfaces"
2205,"20140228",103119,"Moderate Risk","Inadequate and inaccessible handwashing facilities"
2205,"20140228",103114,"High Risk","High risk vermin infestation"
2205,"20140228",103139,"Low Risk","Improper food storage"
2205,"20140228",103154,"Low Risk","Unclean or degraded floors walls or ceilings"
2205,"20120920",103132,"Moderate Risk","Improper thawing methods "
2205,"20120920",103114,"High Risk","High risk vermin infestation"
2205,"20120920",103139,"Low Risk","Improper food storage"
2205,"20120920",103142,"Low Risk","Unclean nonfood contact surfaces"
2205,"20120920",103124,"Moderate Risk","Inadequately cleaned or sanitized food contact surfaces"
2205,"20120920",103154,"Low Risk","Unclean or degraded floors walls or ceilings"
2206,"20130708",103142,"Low Risk","Unclean nonfood contact surfaces"
2206,"20130708",103154,"Low Risk","Unclean or degraded floors walls or ceilings"
2206,"20130708",103161,"Low Risk","Low risk vermin infestation"
2206,"20131204",103120,"Moderate Risk","Moderate risk food holding temperature "
2206,"20131204",103131,"Moderate Risk","Moderate risk vermin infestation"
2206,"20140505",103103,"High Risk","High risk food holding temperature "
2206,"20140505",103142,"Low Risk","Unclean nonfood contact surfaces"
2206,"20140505",103154,"Low Risk","Unclean or degraded floors walls or ceilings"
2206,"20120621",103142,"Low Risk","Unclean nonfood contact surfaces"
2206,"20120621",103115,"High Risk","Other high risk violation"
2206,"20120621",103139,"Low Risk","Improper food storage"
2206,"20120621",103131,"Moderate Risk","Moderate risk vermin infestation"
2206,"20121213",103103,"High Risk","High risk food holding temperature "
2206,"20121213",103131,"Moderate Risk","Moderate risk vermin infestation"
2216,"20131205",103120,"Moderate Risk","Moderate risk food holding temperature "
2216,"20131205",103148,"Low Risk","No thermometers or uncalibrated thermometers "
2216,"20131205",103124,"Moderate Risk","Inadequately cleaned or sanitized food contact surfaces"
2216,"20131205",103149,"Low Risk","Wiping cloths not clean or properly stored or inadequate sanitizer"
2216,"20120621",103130,"Moderate Risk","Inadequate sewage or wastewater disposal"
2216,"20120621",103132,"Moderate Risk","Improper thawing methods "
2216,"20120621",103133,"Moderate Risk","Foods not protected from contamination"
2216,"20120621",103144,"Low Risk","Unapproved or unmaintained equipment or utensils"
2216,"20130115",103102,"High Risk","Unclean hands or improper use of gloves"
2216,"20130115",103124,"Moderate Risk","Inadequately cleaned or sanitized food contact surfaces"
2216,"20130115",103132,"Moderate Risk","Improper thawing methods "
2216,"20130115",103133,"Moderate Risk","Foods not protected from contamination"
2216,"20130115",103139,"Low Risk","Improper food storage"
2216,"20130115",103114,"High Risk","High risk vermin infestation"
2216,"20130115",103154,"Low Risk","Unclean or degraded floors walls or ceilings"
2216,"20140626",103120,"Moderate Risk","Moderate risk food holding temperature "
2216,"20140626",103102,"High Risk","Unclean hands or improper use of gloves"
2218,"20121128",103116,"Moderate Risk","Inadequate food safety knowledge or lack of certified food safety manager"
2218,"20121128",103149,"Low Risk","Wiping cloths not clean or properly stored or inadequate sanitizer"
2218,"20121128",103152,"Low Risk","Unclean unmaintained or improperly constructed toilet facilities"
2218,"20121128",103156,"Low Risk","Permit license or inspection report not posted"
2218,"20121128",103144,"Low Risk","Unapproved or unmaintained equipment or utensils"
2218,"20121128",103142,"Low Risk","Unclean nonfood contact surfaces"
2219,"20131113",103119,"Moderate Risk","Inadequate and inaccessible handwashing facilities"
2219,"20131113",103139,"Low Risk","Improper food storage"
2219,"20131113",103150,"Low Risk","Improper or defective plumbing"
2219,"20120816",103105,"High Risk","Improper cooling methods"
2219,"20120816",103145,"Low Risk","Improper storage of equipment utensils or linens"
2219,"20120816",103109,"High Risk","Unclean or unsanitary food contact surfaces"
2219,"20120816",103120,"Moderate Risk","Moderate risk food holding temperature "
2219,"20130116",103133,"Moderate Risk","Foods not protected from contamination"
2219,"20130116",103145,"Low Risk","Improper storage of equipment utensils or linens"
2219,"20140731",103133,"Moderate Risk","Foods not protected from contamination"
2223,"20150303",103139,"Low Risk","Improper food storage"
2223,"20150303",103124,"Moderate Risk","Inadequately cleaned or sanitized food contact surfaces"
2223,"20150303",103114,"High Risk","High risk vermin infestation"
2223,"20150303",103157,"Low Risk","Food safety certificate or food handler card not available"
2223,"20150303",103108,"High Risk","Contaminated or adulterated food"
2223,"20150303",103142,"Low Risk","Unclean nonfood contact surfaces"
2223,"20150303",103149,"Low Risk","Wiping cloths not clean or properly stored or inadequate sanitizer"
2223,"20150303",103154,"Low Risk","Unclean or degraded floors walls or ceilings"
2223,"20130114",103154,"Low Risk","Unclean or degraded floors walls or ceilings"
2223,"20130114",103139,"Low Risk","Improper food storage"
2223,"20130114",103144,"Low Risk","Unapproved or unmaintained equipment or utensils"
2223,"20130114",103142,"Low Risk","Unclean nonfood contact surfaces"
2223,"20130114",103114,"High Risk","High risk vermin infestation"
2223,"20130114",103119,"Moderate Risk","Inadequate and inaccessible handwashing facilities"
2223,"20130114",103145,"Low Risk","Improper storage of equipment utensils or linens"
2223,"20140520",103139,"Low Risk","Improper food storage"
2223,"20140520",103131,"Moderate Risk","Moderate risk vermin infestation"
2223,"20140520",103144,"Low Risk","Unapproved or unmaintained equipment or utensils"
2223,"20140520",103149,"Low Risk","Wiping cloths not clean or properly stored or inadequate sanitizer"
2223,"20140520",103120,"Moderate Risk","Moderate risk food holding temperature "
2226,"20150107",103157,"Low Risk","Food safety certificate or food handler card not available"
2226,"20140318",103143,"Low Risk","Inadequate warewashing facilities or equipment"
2226,"20121120",103142,"Low Risk","Unclean nonfood contact surfaces"
2226,"20121120",103144,"Low Risk","Unapproved or unmaintained equipment or utensils"
2226,"20121120",103149,"Low Risk","Wiping cloths not clean or properly stored or inadequate sanitizer"
2228,"20140924",103142,"Low Risk","Unclean nonfood contact surfaces"
2228,"20140924",103148,"Low Risk","No thermometers or uncalibrated thermometers "
2228,"20130819",103120,"Moderate Risk","Moderate risk food holding temperature "
2228,"20121113",103149,"Low Risk","Wiping cloths not clean or properly stored or inadequate sanitizer"
2228,"20121113",103144,"Low Risk","Unapproved or unmaintained equipment or utensils"
2228,"20121113",103131,"Moderate Risk","Moderate risk vermin infestation"
2228,"20121113",103156,"Low Risk","Permit license or inspection report not posted"
2228,"20121113",103132,"Moderate Risk","Improper thawing methods "
2228,"20121113",103147,"Low Risk","Inadequate ventilation or lighting"
2228,"20121113",103142,"Low Risk","Unclean nonfood contact surfaces"
2233,"20150121",103104,"High Risk","Unauthorized or unsafe use of time as a public health control measure"
2233,"20150121",103114,"High Risk","High risk vermin infestation"
2233,"20150121",103102,"High Risk","Unclean hands or improper use of gloves"
2233,"20150121",103124,"Moderate Risk","Inadequately cleaned or sanitized food contact surfaces"
2233,"20150121",103142,"Low Risk","Unclean nonfood contact surfaces"
2233,"20150121",103154,"Low Risk","Unclean or degraded floors walls or ceilings"
2233,"20131216",103144,"Low Risk","Unapproved or unmaintained equipment or utensils"
2233,"20131216",103156,"Low Risk","Permit license or inspection report not posted"
2233,"20131216",103154,"Low Risk","Unclean or degraded floors walls or ceilings"
2233,"20131216",103148,"Low Risk","No thermometers or uncalibrated thermometers "
2233,"20131216",103104,"High Risk","Unauthorized or unsafe use of time as a public health control measure"
2233,"20131216",103124,"Moderate Risk","Inadequately cleaned or sanitized food contact surfaces"
2233,"20131216",103145,"Low Risk","Improper storage of equipment utensils or linens"
2233,"20131216",103142,"Low Risk","Unclean nonfood contact surfaces"
2233,"20131216",103139,"Low Risk","Improper food storage"
2233,"20131216",103133,"Moderate Risk","Foods not protected from contamination"
2233,"20131216",103131,"Moderate Risk","Moderate risk vermin infestation"
2233,"20131216",103116,"Moderate Risk","Inadequate food safety knowledge or lack of certified food safety manager"
2233,"20131216",103119,"Moderate Risk","Inadequate and inaccessible handwashing facilities"
2233,"20131216",103118,"Moderate Risk","Employee eating or smoking"
2233,"20120918",103133,"Moderate Risk","Foods not protected from contamination"
2233,"20120918",103103,"High Risk","High risk food holding temperature "
2233,"20120918",103104,"High Risk","Unauthorized or unsafe use of time as a public health control measure"
2233,"20120918",103124,"Moderate Risk","Inadequately cleaned or sanitized food contact surfaces"
2233,"20120918",103144,"Low Risk","Unapproved or unmaintained equipment or utensils"
2233,"20120918",103149,"Low Risk","Wiping cloths not clean or properly stored or inadequate sanitizer"
2233,"20140520",103119,"Moderate Risk","Inadequate and inaccessible handwashing facilities"
2233,"20140520",103120,"Moderate Risk","Moderate risk food holding temperature "
2233,"20140520",103131,"Moderate Risk","Moderate risk vermin infestation"
2233,"20140520",103133,"Moderate Risk","Foods not protected from contamination"
2233,"20140520",103154,"Low Risk","Unclean or degraded floors walls or ceilings"
2234,"20130923",103103,"High Risk","High risk food holding temperature "
2234,"20130923",103105,"High Risk","Improper cooling methods"
2234,"20130923",103109,"High Risk","Unclean or unsanitary food contact surfaces"
2234,"20130923",103133,"Moderate Risk","Foods not protected from contamination"
2234,"20120814",103105,"High Risk","Improper cooling methods"
2234,"20120814",103109,"High Risk","Unclean or unsanitary food contact surfaces"
2234,"20120814",103154,"Low Risk","Unclean or degraded floors walls or ceilings"
2234,"20120814",103114,"High Risk","High risk vermin infestation"
2234,"20120814",103139,"Low Risk","Improper food storage"
2234,"20140520",103115,"High Risk","Other high risk violation"
2234,"20140520",103154,"Low Risk","Unclean or degraded floors walls or ceilings"
2234,"20140520",103149,"Low Risk","Wiping cloths not clean or properly stored or inadequate sanitizer"
2234,"20140520",103139,"Low Risk","Improper food storage"
2234,"20140520",103132,"Moderate Risk","Improper thawing methods "
2234,"20140520",103120,"Moderate Risk","Moderate risk food holding temperature "
2234,"20140520",103114,"High Risk","High risk vermin infestation"
2240,"20140915",103147,"Low Risk","Inadequate ventilation or lighting"
2240,"20140915",103103,"High Risk","High risk food holding temperature "
2240,"20140210",103139,"Low Risk","Improper food storage"
2240,"20140210",103103,"High Risk","High risk food holding temperature "
2240,"20140210",103124,"Moderate Risk","Inadequately cleaned or sanitized food contact surfaces"
2240,"20140210",103107,"High Risk","Improper reheating of food"
2243,"20150306",103120,"Moderate Risk","Moderate risk food holding temperature "
2243,"20150306",103142,"Low Risk","Unclean nonfood contact surfaces"
2243,"20131219",103103,"High Risk","High risk food holding temperature "
2243,"20131219",103124,"Moderate Risk","Inadequately cleaned or sanitized food contact surfaces"
2243,"20140626",103142,"Low Risk","Unclean nonfood contact surfaces"
2243,"20140626",103120,"Moderate Risk","Moderate risk food holding temperature "
2243,"20140626",103119,"Moderate Risk","Inadequate and inaccessible handwashing facilities"
2244,"20131206",103145,"Low Risk","Improper storage of equipment utensils or linens"
2244,"20131206",103116,"Moderate Risk","Inadequate food safety knowledge or lack of certified food safety manager"
2244,"20131206",103149,"Low Risk","Wiping cloths not clean or properly stored or inadequate sanitizer"
2244,"20131206",103142,"Low Risk","Unclean nonfood contact surfaces"
2244,"20140618",103145,"Low Risk","Improper storage of equipment utensils or linens"
2244,"20140618",103120,"Moderate Risk","Moderate risk food holding temperature "
2244,"20140618",103119,"Moderate Risk","Inadequate and inaccessible handwashing facilities"
2245,"20141219",103156,"Low Risk","Permit license or inspection report not posted"
2245,"20140103",103139,"Low Risk","Improper food storage"
2245,"20140103",103120,"Moderate Risk","Moderate risk food holding temperature "
2245,"20140103",103105,"High Risk","Improper cooling methods"
2245,"20140103",103147,"Low Risk","Inadequate ventilation or lighting"
2245,"20131227",103149,"Low Risk","Wiping cloths not clean or properly stored or inadequate sanitizer"
2245,"20131227",103103,"High Risk","High risk food holding temperature "
2245,"20140703",103154,"Low Risk","Unclean or degraded floors walls or ceilings"
2249,"20140102",103139,"Low Risk","Improper food storage"
2249,"20140102",103124,"Moderate Risk","Inadequately cleaned or sanitized food contact surfaces"
2249,"20140102",103120,"Moderate Risk","Moderate risk food holding temperature "
2249,"20121031",103157,"Low Risk","Food safety certificate or food handler card not available"
2249,"20140703",103120,"Moderate Risk","Moderate risk food holding temperature "
2249,"20140703",103107,"High Risk","Improper reheating of food"
2252,"20140122",103154,"Low Risk","Unclean or degraded floors walls or ceilings"
2252,"20140122",103103,"High Risk","High risk food holding temperature "
2252,"20140122",103139,"Low Risk","Improper food storage"
2252,"20140122",103133,"Moderate Risk","Foods not protected from contamination"
2252,"20140811",103139,"Low Risk","Improper food storage"
2252,"20140811",103120,"Moderate Risk","Moderate risk food holding temperature "
2252,"20140811",103150,"Low Risk","Improper or defective plumbing"
2256,"20140314",103151,"Low Risk","Inadequate or unsanitary refuse containers or area or no garbage service"
2256,"20140314",103159,"Low Risk","Worker safety hazards"
2256,"20121129",103149,"Low Risk","Wiping cloths not clean or properly stored or inadequate sanitizer"
2256,"20121129",103157,"Low Risk","Food safety certificate or food handler card not available"
2257,"20140204",103156,"Low Risk","Permit license or inspection report not posted"
2257,"20140204",103131,"Moderate Risk","Moderate risk vermin infestation"
2257,"20140204",103124,"Moderate Risk","Inadequately cleaned or sanitized food contact surfaces"
2257,"20130307",103103,"High Risk","High risk food holding temperature "
2257,"20140805",103119,"Moderate Risk","Inadequate and inaccessible handwashing facilities"
2257,"20140805",103109,"High Risk","Unclean or unsanitary food contact surfaces"
2257,"20140805",103105,"High Risk","Improper cooling methods"
2257,"20140805",103154,"Low Risk","Unclean or degraded floors walls or ceilings"
2261,"20150209",103145,"Low Risk","Improper storage of equipment utensils or linens"
2261,"20150209",103161,"Low Risk","Low risk vermin infestation"
2261,"20130829",103124,"Moderate Risk","Inadequately cleaned or sanitized food contact surfaces"
2261,"20130829",103154,"Low Risk","Unclean or degraded floors walls or ceilings"
2261,"20130829",103119,"Moderate Risk","Inadequate and inaccessible handwashing facilities"
2261,"20130425",103154,"Low Risk","Unclean or degraded floors walls or ceilings"
2261,"20130425",103124,"Moderate Risk","Inadequately cleaned or sanitized food contact surfaces"
2261,"20130425",103120,"Moderate Risk","Moderate risk food holding temperature "
2261,"20140311",103144,"Low Risk","Unapproved or unmaintained equipment or utensils"
2261,"20140311",103154,"Low Risk","Unclean or degraded floors walls or ceilings"
2261,"20120919",103154,"Low Risk","Unclean or degraded floors walls or ceilings"
2261,"20120919",103119,"Moderate Risk","Inadequate and inaccessible handwashing facilities"
2262,"20150209",103151,"Low Risk","Inadequate or unsanitary refuse containers or area or no garbage service"
2262,"20150209",103109,"High Risk","Unclean or unsanitary food contact surfaces"
2262,"20130829",103154,"Low Risk","Unclean or degraded floors walls or ceilings"
2262,"20130829",103131,"Moderate Risk","Moderate risk vermin infestation"
2262,"20130829",103149,"Low Risk","Wiping cloths not clean or properly stored or inadequate sanitizer"
2262,"20130425",103124,"Moderate Risk","Inadequately cleaned or sanitized food contact surfaces"
2262,"20130425",103154,"Low Risk","Unclean or degraded floors walls or ceilings"
2262,"20130425",103139,"Low Risk","Improper food storage"
2263,"20140909",103142,"Low Risk","Unclean nonfood contact surfaces"
2263,"20140909",103131,"Moderate Risk","Moderate risk vermin infestation"
2263,"20140909",103148,"Low Risk","No thermometers or uncalibrated thermometers "
2263,"20140909",103102,"High Risk","Unclean hands or improper use of gloves"
2263,"20140909",103156,"Low Risk","Permit license or inspection report not posted"
2263,"20140909",103147,"Low Risk","Inadequate ventilation or lighting"
2263,"20130612",103142,"Low Risk","Unclean nonfood contact surfaces"
2263,"20130612",103149,"Low Risk","Wiping cloths not clean or properly stored or inadequate sanitizer"
2263,"20130612",103151,"Low Risk","Inadequate or unsanitary refuse containers or area or no garbage service"
2263,"20140310",103144,"Low Risk","Unapproved or unmaintained equipment or utensils"
2263,"20140310",103139,"Low Risk","Improper food storage"
2263,"20140310",103149,"Low Risk","Wiping cloths not clean or properly stored or inadequate sanitizer"
2263,"20140310",103120,"Moderate Risk","Moderate risk food holding temperature "
2263,"20120912",103161,"Low Risk","Low risk vermin infestation"
2263,"20120912",103154,"Low Risk","Unclean or degraded floors walls or ceilings"
2265,"20131030",103144,"Low Risk","Unapproved or unmaintained equipment or utensils"
2265,"20131030",103139,"Low Risk","Improper food storage"
2265,"20131030",103154,"Low Risk","Unclean or degraded floors walls or ceilings"
2265,"20130522",103154,"Low Risk","Unclean or degraded floors walls or ceilings"
2265,"20130522",103143,"Low Risk","Inadequate warewashing facilities or equipment"
2265,"20130522",103139,"Low Risk","Improper food storage"
2265,"20130522",103131,"Moderate Risk","Moderate risk vermin infestation"
2265,"20130522",103153,"Low Risk","Inadequate dressing rooms or improper storage of personal items"
2265,"20140522",103144,"Low Risk","Unapproved or unmaintained equipment or utensils"
2265,"20140522",103161,"Low Risk","Low risk vermin infestation"
2265,"20140522",103153,"Low Risk","Inadequate dressing rooms or improper storage of personal items"
2266,"20131011",103133,"Moderate Risk","Foods not protected from contamination"
2266,"20131011",103142,"Low Risk","Unclean nonfood contact surfaces"
2266,"20131011",103120,"Moderate Risk","Moderate risk food holding temperature "
2266,"20130416",103142,"Low Risk","Unclean nonfood contact surfaces"
2266,"20140414",103133,"Moderate Risk","Foods not protected from contamination"
2266,"20140414",103159,"Low Risk","Worker safety hazards"
2266,"20140414",103161,"Low Risk","Low risk vermin infestation"
2266,"20140414",103149,"Low Risk","Wiping cloths not clean or properly stored or inadequate sanitizer"
2266,"20140414",103142,"Low Risk","Unclean nonfood contact surfaces"
2266,"20121026",103144,"Low Risk","Unapproved or unmaintained equipment or utensils"
2266,"20121026",103142,"Low Risk","Unclean nonfood contact surfaces"
2268,"20140206",103144,"Low Risk","Unapproved or unmaintained equipment or utensils"
2268,"20140206",103142,"Low Risk","Unclean nonfood contact surfaces"
2268,"20130610",103144,"Low Risk","Unapproved or unmaintained equipment or utensils"
2268,"20130610",103150,"Low Risk","Improper or defective plumbing"
2268,"20130610",103154,"Low Risk","Unclean or degraded floors walls or ceilings"
2268,"20130610",103139,"Low Risk","Improper food storage"
2268,"20140723",103131,"Moderate Risk","Moderate risk vermin infestation"
2268,"20140723",103133,"Moderate Risk","Foods not protected from contamination"
2268,"20140723",103139,"Low Risk","Improper food storage"
2274,"20140130",103156,"Low Risk","Permit license or inspection report not posted"
2274,"20140130",103107,"High Risk","Improper reheating of food"
2274,"20140130",103144,"Low Risk","Unapproved or unmaintained equipment or utensils"
2274,"20140130",103147,"Low Risk","Inadequate ventilation or lighting"
2274,"20140130",103142,"Low Risk","Unclean nonfood contact surfaces"
2274,"20130220",103154,"Low Risk","Unclean or degraded floors walls or ceilings"
2274,"20140625",103154,"Low Risk","Unclean or degraded floors walls or ceilings"
2274,"20140625",103149,"Low Risk","Wiping cloths not clean or properly stored or inadequate sanitizer"
2279,"20141029",103154,"Low Risk","Unclean or degraded floors walls or ceilings"
2279,"20141029",103142,"Low Risk","Unclean nonfood contact surfaces"
2279,"20130627",103124,"Moderate Risk","Inadequately cleaned or sanitized food contact surfaces"
2279,"20131212",103120,"Moderate Risk","Moderate risk food holding temperature "
2279,"20131212",103152,"Low Risk","Unclean unmaintained or improperly constructed toilet facilities"
2279,"20140411",103142,"Low Risk","Unclean nonfood contact surfaces"
2279,"20130124",103142,"Low Risk","Unclean nonfood contact surfaces"
2279,"20130124",103124,"Moderate Risk","Inadequately cleaned or sanitized food contact surfaces"
2280,"20141024",103133,"Moderate Risk","Foods not protected from contamination"
2280,"20141024",103154,"Low Risk","Unclean or degraded floors walls or ceilings"
2280,"20141024",103109,"High Risk","Unclean or unsanitary food contact surfaces"
2280,"20141024",103120,"Moderate Risk","Moderate risk food holding temperature "
2280,"20141024",103142,"Low Risk","Unclean nonfood contact surfaces"
2280,"20131216",103124,"Moderate Risk","Inadequately cleaned or sanitized food contact surfaces"
2280,"20131216",103132,"Moderate Risk","Improper thawing methods "
2280,"20131216",103133,"Moderate Risk","Foods not protected from contamination"
2280,"20131216",103144,"Low Risk","Unapproved or unmaintained equipment or utensils"
2280,"20131216",103150,"Low Risk","Improper or defective plumbing"
2280,"20130529",103121,"Moderate Risk","Inadequate procedures or records for time as a public health control "
2280,"20130529",103102,"High Risk","Unclean hands or improper use of gloves"
2280,"20130529",103138,"Low Risk","Improper storage use or identification of toxic substances"
2280,"20121219",103121,"Moderate Risk","Inadequate procedures or records for time as a public health control "
2280,"20121219",103139,"Low Risk","Improper food storage"
2280,"20121219",103142,"Low Risk","Unclean nonfood contact surfaces"
2280,"20121219",103144,"Low Risk","Unapproved or unmaintained equipment or utensils"
2280,"20140515",103142,"Low Risk","Unclean nonfood contact surfaces"
2280,"20140515",103154,"Low Risk","Unclean or degraded floors walls or ceilings"
2280,"20140515",103144,"Low Risk","Unapproved or unmaintained equipment or utensils"
2280,"20140515",103109,"High Risk","Unclean or unsanitary food contact surfaces"
2280,"20140515",103132,"Moderate Risk","Improper thawing methods "
2282,"20140322",103149,"Low Risk","Wiping cloths not clean or properly stored or inadequate sanitizer"
2292,"20130621",103132,"Moderate Risk","Improper thawing methods "
2292,"20130621",103131,"Moderate Risk","Moderate risk vermin infestation"
2292,"20130621",103120,"Moderate Risk","Moderate risk food holding temperature "
2292,"20130621",103109,"High Risk","Unclean or unsanitary food contact surfaces"
2292,"20130621",103142,"Low Risk","Unclean nonfood contact surfaces"
2292,"20121105",103142,"Low Risk","Unclean nonfood contact surfaces"
2292,"20121105",103114,"High Risk","High risk vermin infestation"
2292,"20121105",103132,"Moderate Risk","Improper thawing methods "
2293,"20130108",103120,"Moderate Risk","Moderate risk food holding temperature "
2298,"20131025",103142,"Low Risk","Unclean nonfood contact surfaces"
2298,"20131025",103119,"Moderate Risk","Inadequate and inaccessible handwashing facilities"
2298,"20131025",103160,"Low Risk","Inadequate HACCP plan record keeping"
2298,"20131025",103150,"Low Risk","Improper or defective plumbing"
2298,"20130304",103142,"Low Risk","Unclean nonfood contact surfaces"
2298,"20130304",103131,"Moderate Risk","Moderate risk vermin infestation"
2298,"20130304",103119,"Moderate Risk","Inadequate and inaccessible handwashing facilities"
2298,"20140814",103161,"Low Risk","Low risk vermin infestation"
2298,"20140814",103124,"Moderate Risk","Inadequately cleaned or sanitized food contact surfaces"
2298,"20140814",103144,"Low Risk","Unapproved or unmaintained equipment or utensils"
2299,"20130924",103157,"Low Risk","Food safety certificate or food handler card not available"
2299,"20140227",103154,"Low Risk","Unclean or degraded floors walls or ceilings"
2302,"20130819",103105,"High Risk","Improper cooling methods"
2302,"20130819",103103,"High Risk","High risk food holding temperature "
2302,"20130819",103108,"High Risk","Contaminated or adulterated food"
2302,"20130819",103109,"High Risk","Unclean or unsanitary food contact surfaces"
2302,"20130819",103131,"Moderate Risk","Moderate risk vermin infestation"
2302,"20130819",103139,"Low Risk","Improper food storage"
2302,"20130819",103144,"Low Risk","Unapproved or unmaintained equipment or utensils"
2302,"20130819",103142,"Low Risk","Unclean nonfood contact surfaces"
2302,"20130819",103102,"High Risk","Unclean hands or improper use of gloves"
2302,"20120716",103139,"Low Risk","Improper food storage"
2302,"20120716",103109,"High Risk","Unclean or unsanitary food contact surfaces"
2302,"20120716",103114,"High Risk","High risk vermin infestation"
2302,"20120716",103120,"Moderate Risk","Moderate risk food holding temperature "
2302,"20120716",103108,"High Risk","Contaminated or adulterated food"
2302,"20120716",103142,"Low Risk","Unclean nonfood contact surfaces"
2302,"20120716",103144,"Low Risk","Unapproved or unmaintained equipment or utensils"
2302,"20120718",103165,"Low Risk","No plan review or Building Permit"
2302,"20120716",103119,"Moderate Risk","Inadequate and inaccessible handwashing facilities"
2302,"20140709",103120,"Moderate Risk","Moderate risk food holding temperature "
2302,"20140709",103142,"Low Risk","Unclean nonfood contact surfaces"
2302,"20140709",103133,"Moderate Risk","Foods not protected from contamination"
2302,"20140709",103131,"Moderate Risk","Moderate risk vermin infestation"
2305,"20131002",103109,"High Risk","Unclean or unsanitary food contact surfaces"
2305,"20131002",103161,"Low Risk","Low risk vermin infestation"
2305,"20131002",103157,"Low Risk","Food safety certificate or food handler card not available"
2305,"20131002",103139,"Low Risk","Improper food storage"
2305,"20140527",103149,"Low Risk","Wiping cloths not clean or properly stored or inadequate sanitizer"
2305,"20140527",103139,"Low Risk","Improper food storage"
2307,"20150220",103156,"Low Risk","Permit license or inspection report not posted"
2307,"20150220",103154,"Low Risk","Unclean or degraded floors walls or ceilings"
2307,"20130806",103149,"Low Risk","Wiping cloths not clean or properly stored or inadequate sanitizer"
2307,"20130806",103119,"Moderate Risk","Inadequate and inaccessible handwashing facilities"
2307,"20140204",103139,"Low Risk","Improper food storage"
2307,"20140204",103119,"Moderate Risk","Inadequate and inaccessible handwashing facilities"
2307,"20140204",103133,"Moderate Risk","Foods not protected from contamination"
2307,"20120711",103139,"Low Risk","Improper food storage"
2307,"20120711",103149,"Low Risk","Wiping cloths not clean or properly stored or inadequate sanitizer"
2307,"20120711",103142,"Low Risk","Unclean nonfood contact surfaces"
2307,"20120711",103119,"Moderate Risk","Inadequate and inaccessible handwashing facilities"
2307,"20120711",103154,"Low Risk","Unclean or degraded floors walls or ceilings"
2307,"20130129",103132,"Moderate Risk","Improper thawing methods "
2307,"20130129",103119,"Moderate Risk","Inadequate and inaccessible handwashing facilities"
2307,"20130129",103157,"Low Risk","Food safety certificate or food handler card not available"
2307,"20140820",103131,"Moderate Risk","Moderate risk vermin infestation"
2308,"20141210",103103,"High Risk","High risk food holding temperature "
2308,"20141210",103154,"Low Risk","Unclean or degraded floors walls or ceilings"
2308,"20141210",103109,"High Risk","Unclean or unsanitary food contact surfaces"
2308,"20141217",103109,"High Risk","Unclean or unsanitary food contact surfaces"
2308,"20141210",103144,"Low Risk","Unapproved or unmaintained equipment or utensils"
2308,"20141210",103107,"High Risk","Improper reheating of food"
2308,"20141217",103103,"High Risk","High risk food holding temperature "
2308,"20130621",103103,"High Risk","High risk food holding temperature "
2308,"20130621",103144,"Low Risk","Unapproved or unmaintained equipment or utensils"
2308,"20131126",103120,"Moderate Risk","Moderate risk food holding temperature "
2308,"20131126",103144,"Low Risk","Unapproved or unmaintained equipment or utensils"
2308,"20120611",103148,"Low Risk","No thermometers or uncalibrated thermometers "
2308,"20140529",103144,"Low Risk","Unapproved or unmaintained equipment or utensils"
2308,"20140529",103121,"Moderate Risk","Inadequate procedures or records for time as a public health control "
2309,"20130805",103152,"Low Risk","Unclean unmaintained or improperly constructed toilet facilities"
2309,"20130805",103142,"Low Risk","Unclean nonfood contact surfaces"
2309,"20130805",103147,"Low Risk","Inadequate ventilation or lighting"
2309,"20140117",103145,"Low Risk","Improper storage of equipment utensils or linens"
2309,"20140117",103150,"Low Risk","Improper or defective plumbing"
2309,"20140117",103159,"Low Risk","Worker safety hazards"
2309,"20140117",103154,"Low Risk","Unclean or degraded floors walls or ceilings"
2309,"20130111",103154,"Low Risk","Unclean or degraded floors walls or ceilings"
2309,"20140807",103145,"Low Risk","Improper storage of equipment utensils or linens"
2312,"20141006",103157,"Low Risk","Food safety certificate or food handler card not available"
2312,"20141006",103142,"Low Risk","Unclean nonfood contact surfaces"
2312,"20141006",103139,"Low Risk","Improper food storage"
2312,"20130826",103103,"High Risk","High risk food holding temperature "
2312,"20130826",103161,"Low Risk","Low risk vermin infestation"
2312,"20130826",103144,"Low Risk","Unapproved or unmaintained equipment or utensils"
2312,"20130826",103142,"Low Risk","Unclean nonfood contact surfaces"
2312,"20140312",103157,"Low Risk","Food safety certificate or food handler card not available"
2312,"20120618",103154,"Low Risk","Unclean or degraded floors walls or ceilings"
2312,"20120618",103142,"Low Risk","Unclean nonfood contact surfaces"
2312,"20120618",103131,"Moderate Risk","Moderate risk vermin infestation"
2312,"20120618",103119,"Moderate Risk","Inadequate and inaccessible handwashing facilities"
2312,"20130213",103157,"Low Risk","Food safety certificate or food handler card not available"
2312,"20130213",103103,"High Risk","High risk food holding temperature "
2315,"20150511",103103,"High Risk","High risk food holding temperature "
2315,"20150511",103133,"Moderate Risk","Foods not protected from contamination"
2315,"20150511",103154,"Low Risk","Unclean or degraded floors walls or ceilings"
2315,"20150511",103149,"Low Risk","Wiping cloths not clean or properly stored or inadequate sanitizer"
2315,"20130315",103105,"High Risk","Improper cooling methods"
2315,"20130315",103120,"Moderate Risk","Moderate risk food holding temperature "
2315,"20140319",103154,"Low Risk","Unclean or degraded floors walls or ceilings"
2315,"20120913",103161,"Low Risk","Low risk vermin infestation"
2315,"20120913",103145,"Low Risk","Improper storage of equipment utensils or linens"
2317,"20150602",103139,"Low Risk","Improper food storage"
2317,"20150602",103119,"Moderate Risk","Inadequate and inaccessible handwashing facilities"
2317,"20131015",103128,"Moderate Risk","Consumer advisory not provided for raw or undercooked foods"
2317,"20140414",103139,"Low Risk","Improper food storage"
2317,"20121023",103116,"Moderate Risk","Inadequate food safety knowledge or lack of certified food safety manager"
2318,"20150325",103118,"Moderate Risk","Employee eating or smoking"
2318,"20130723",103161,"Low Risk","Low risk vermin infestation"
2318,"20130723",103139,"Low Risk","Improper food storage"
2318,"20140312",103119,"Moderate Risk","Inadequate and inaccessible handwashing facilities"
2318,"20140312",103120,"Moderate Risk","Moderate risk food holding temperature "
2323,"20150513",103133,"Moderate Risk","Foods not protected from contamination"
2323,"20150513",103102,"High Risk","Unclean hands or improper use of gloves"
2323,"20150513",103116,"Moderate Risk","Inadequate food safety knowledge or lack of certified food safety manager"
2323,"20150513",103119,"Moderate Risk","Inadequate and inaccessible handwashing facilities"
2323,"20150513",103124,"Moderate Risk","Inadequately cleaned or sanitized food contact surfaces"
2323,"20150513",103131,"Moderate Risk","Moderate risk vermin infestation"
2323,"20150513",103103,"High Risk","High risk food holding temperature "
2323,"20150513",103142,"Low Risk","Unclean nonfood contact surfaces"
2323,"20150513",103138,"Low Risk","Improper storage use or identification of toxic substances"
2323,"20130515",103154,"Low Risk","Unclean or degraded floors walls or ceilings"
2323,"20130515",103103,"High Risk","High risk food holding temperature "
2323,"20130515",103142,"Low Risk","Unclean nonfood contact surfaces"
2323,"20130515",103147,"Low Risk","Inadequate ventilation or lighting"
2323,"20140306",103133,"Moderate Risk","Foods not protected from contamination"
2323,"20140306",103120,"Moderate Risk","Moderate risk food holding temperature "
2323,"20140306",103157,"Low Risk","Food safety certificate or food handler card not available"
2323,"20121009",103147,"Low Risk","Inadequate ventilation or lighting"
2323,"20121009",103154,"Low Risk","Unclean or degraded floors walls or ceilings"
2323,"20121009",103138,"Low Risk","Improper storage use or identification of toxic substances"
2323,"20121009",103139,"Low Risk","Improper food storage"
2325,"20150608",103116,"Moderate Risk","Inadequate food safety knowledge or lack of certified food safety manager"
2325,"20150608",103138,"Low Risk","Improper storage use or identification of toxic substances"
2325,"20150608",103149,"Low Risk","Wiping cloths not clean or properly stored or inadequate sanitizer"
2325,"20150608",103102,"High Risk","Unclean hands or improper use of gloves"
2325,"20150608",103139,"Low Risk","Improper food storage"
2325,"20150608",103154,"Low Risk","Unclean or degraded floors walls or ceilings"
2325,"20150608",103103,"High Risk","High risk food holding temperature "
2325,"20150608",103142,"Low Risk","Unclean nonfood contact surfaces"
2325,"20150608",103131,"Moderate Risk","Moderate risk vermin infestation"
2325,"20150608",103144,"Low Risk","Unapproved or unmaintained equipment or utensils"
2325,"20130529",103139,"Low Risk","Improper food storage"
2325,"20130529",103157,"Low Risk","Food safety certificate or food handler card not available"
2325,"20130529",103131,"Moderate Risk","Moderate risk vermin infestation"
2325,"20130529",103138,"Low Risk","Improper storage use or identification of toxic substances"
2325,"20120820",103150,"Low Risk","Improper or defective plumbing"
2325,"20120820",103157,"Low Risk","Food safety certificate or food handler card not available"
2325,"20120820",103139,"Low Risk","Improper food storage"
2325,"20120820",103131,"Moderate Risk","Moderate risk vermin infestation"
2325,"20120820",103161,"Low Risk","Low risk vermin infestation"
2325,"20120820",103162,"Low Risk","Other low risk violation"
2325,"20140603",103139,"Low Risk","Improper food storage"
2325,"20140603",103103,"High Risk","High risk food holding temperature "
2325,"20140603",103154,"Low Risk","Unclean or degraded floors walls or ceilings"
2325,"20140603",103131,"Moderate Risk","Moderate risk vermin infestation"
2325,"20140603",103149,"Low Risk","Wiping cloths not clean or properly stored or inadequate sanitizer"
2325,"20140603",103132,"Moderate Risk","Improper thawing methods "
2326,"20131105",103114,"High Risk","High risk vermin infestation"
2326,"20131105",103105,"High Risk","Improper cooling methods"
2326,"20131105",103102,"High Risk","Unclean hands or improper use of gloves"
2326,"20131105",103119,"Moderate Risk","Inadequate and inaccessible handwashing facilities"
2326,"20130509",103120,"Moderate Risk","Moderate risk food holding temperature "
2326,"20140421",103124,"Moderate Risk","Inadequately cleaned or sanitized food contact surfaces"
2326,"20140421",103114,"High Risk","High risk vermin infestation"
2326,"20140421",103154,"Low Risk","Unclean or degraded floors walls or ceilings"
2326,"20140421",103103,"High Risk","High risk food holding temperature "
2326,"20121113",103149,"Low Risk","Wiping cloths not clean or properly stored or inadequate sanitizer"
2326,"20121113",103114,"High Risk","High risk vermin infestation"
2326,"20121113",103145,"Low Risk","Improper storage of equipment utensils or linens"
2326,"20121113",103120,"Moderate Risk","Moderate risk food holding temperature "
2331,"20150113",103144,"Low Risk","Unapproved or unmaintained equipment or utensils"
2331,"20150113",103114,"High Risk","High risk vermin infestation"
2331,"20150113",103103,"High Risk","High risk food holding temperature "
2331,"20150113",103102,"High Risk","Unclean hands or improper use of gloves"
2331,"20150113",103145,"Low Risk","Improper storage of equipment utensils or linens"
2331,"20150113",103154,"Low Risk","Unclean or degraded floors walls or ceilings"
2331,"20150113",103177,"Low Risk","Non service animal"
2331,"20150113",103142,"Low Risk","Unclean nonfood contact surfaces"
2331,"20150219",103103,"High Risk","High risk food holding temperature "
2331,"20130626",103156,"Low Risk","Permit license or inspection report not posted"
2331,"20130731",103116,"Moderate Risk","Inadequate food safety knowledge or lack of certified food safety manager"
2331,"20130731",103143,"Low Risk","Inadequate warewashing facilities or equipment"
2331,"20130626",103149,"Low Risk","Wiping cloths not clean or properly stored or inadequate sanitizer"
2331,"20130626",103154,"Low Risk","Unclean or degraded floors walls or ceilings"
2331,"20130626",103144,"Low Risk","Unapproved or unmaintained equipment or utensils"
2331,"20130626",103142,"Low Risk","Unclean nonfood contact surfaces"
2331,"20130626",103124,"Moderate Risk","Inadequately cleaned or sanitized food contact surfaces"
2331,"20130626",103120,"Moderate Risk","Moderate risk food holding temperature "
2331,"20130626",103109,"High Risk","Unclean or unsanitary food contact surfaces"
2331,"20130626",103145,"Low Risk","Improper storage of equipment utensils or linens"
2331,"20130626",103147,"Low Risk","Inadequate ventilation or lighting"
2331,"20140227",103139,"Low Risk","Improper food storage"
2331,"20140227",103152,"Low Risk","Unclean unmaintained or improperly constructed toilet facilities"
2331,"20140227",103142,"Low Risk","Unclean nonfood contact surfaces"
2331,"20140227",103144,"Low Risk","Unapproved or unmaintained equipment or utensils"
2331,"20140227",103133,"Moderate Risk","Foods not protected from contamination"
2331,"20140227",103124,"Moderate Risk","Inadequately cleaned or sanitized food contact surfaces"
2331,"20140227",103120,"Moderate Risk","Moderate risk food holding temperature "
2331,"20140227",103149,"Low Risk","Wiping cloths not clean or properly stored or inadequate sanitizer"
2331,"20120921",103154,"Low Risk","Unclean or degraded floors walls or ceilings"
2331,"20120921",103139,"Low Risk","Improper food storage"
2331,"20120921",103144,"Low Risk","Unapproved or unmaintained equipment or utensils"
2331,"20120921",103142,"Low Risk","Unclean nonfood contact surfaces"
2331,"20120921",103161,"Low Risk","Low risk vermin infestation"
2334,"20140925",103157,"Low Risk","Food safety certificate or food handler card not available"
2334,"20140925",103153,"Low Risk","Inadequate dressing rooms or improper storage of personal items"
2334,"20140925",103133,"Moderate Risk","Foods not protected from contamination"
2334,"20140925",103120,"Moderate Risk","Moderate risk food holding temperature "
2334,"20140925",103105,"High Risk","Improper cooling methods"
2334,"20140204",103149,"Low Risk","Wiping cloths not clean or properly stored or inadequate sanitizer"
2334,"20140204",103156,"Low Risk","Permit license or inspection report not posted"
2334,"20140204",103133,"Moderate Risk","Foods not protected from contamination"
2334,"20140204",103116,"Moderate Risk","Inadequate food safety knowledge or lack of certified food safety manager"
2334,"20140204",103104,"High Risk","Unauthorized or unsafe use of time as a public health control measure"
2334,"20121218",103116,"Moderate Risk","Inadequate food safety knowledge or lack of certified food safety manager"
2334,"20121218",103154,"Low Risk","Unclean or degraded floors walls or ceilings"
2334,"20121218",103142,"Low Risk","Unclean nonfood contact surfaces"
2334,"20121218",103133,"Moderate Risk","Foods not protected from contamination"
2334,"20121218",103120,"Moderate Risk","Moderate risk food holding temperature "
2334,"20121218",103119,"Moderate Risk","Inadequate and inaccessible handwashing facilities"
2335,"20150224",103161,"Low Risk","Low risk vermin infestation"
2335,"20150224",103139,"Low Risk","Improper food storage"
2335,"20130916",103143,"Low Risk","Inadequate warewashing facilities or equipment"
2335,"20130916",103139,"Low Risk","Improper food storage"
2335,"20130916",103145,"Low Risk","Improper storage of equipment utensils or linens"
2336,"20150218",103147,"Low Risk","Inadequate ventilation or lighting"
2336,"20150218",103120,"Moderate Risk","Moderate risk food holding temperature "
2336,"20150218",103149,"Low Risk","Wiping cloths not clean or properly stored or inadequate sanitizer"
2336,"20150218",103154,"Low Risk","Unclean or degraded floors walls or ceilings"
2336,"20150224",103114,"High Risk","High risk vermin infestation"
2336,"20150224",103103,"High Risk","High risk food holding temperature "
2336,"20130822",103133,"Moderate Risk","Foods not protected from contamination"
2336,"20130822",103120,"Moderate Risk","Moderate risk food holding temperature "
2336,"20121108",103154,"Low Risk","Unclean or degraded floors walls or ceilings"
2336,"20121108",103150,"Low Risk","Improper or defective plumbing"
2336,"20121108",103133,"Moderate Risk","Foods not protected from contamination"
2336,"20121108",103105,"High Risk","Improper cooling methods"
2336,"20140625",103154,"Low Risk","Unclean or degraded floors walls or ceilings"
2336,"20140625",103139,"Low Risk","Improper food storage"
2336,"20140625",103116,"Moderate Risk","Inadequate food safety knowledge or lack of certified food safety manager"
2336,"20140625",103120,"Moderate Risk","Moderate risk food holding temperature "
2337,"20150504",103131,"Moderate Risk","Moderate risk vermin infestation"
2337,"20150504",103105,"High Risk","Improper cooling methods"
2337,"20140106",103107,"High Risk","Improper reheating of food"
2337,"20140106",103139,"Low Risk","Improper food storage"
2337,"20140106",103105,"High Risk","Improper cooling methods"
2337,"20140106",103151,"Low Risk","Inadequate or unsanitary refuse containers or area or no garbage service"
2337,"20130521",103131,"Moderate Risk","Moderate risk vermin infestation"
2337,"20130521",103108,"High Risk","Contaminated or adulterated food"
2337,"20130521",103107,"High Risk","Improper reheating of food"
2337,"20140609",103133,"Moderate Risk","Foods not protected from contamination"
2337,"20140609",103124,"Moderate Risk","Inadequately cleaned or sanitized food contact surfaces"
2343,"20150513",103154,"Low Risk","Unclean or degraded floors walls or ceilings"
2346,"20150512",103143,"Low Risk","Inadequate warewashing facilities or equipment"
2346,"20150512",103139,"Low Risk","Improper food storage"
2346,"20150512",103131,"Moderate Risk","Moderate risk vermin infestation"
2347,"20150520",103154,"Low Risk","Unclean or degraded floors walls or ceilings"
2347,"20150520",103105,"High Risk","Improper cooling methods"
2347,"20130926",103161,"Low Risk","Low risk vermin infestation"
2347,"20130926",103139,"Low Risk","Improper food storage"
2347,"20140324",103105,"High Risk","Improper cooling methods"
2347,"20120917",103119,"Moderate Risk","Inadequate and inaccessible handwashing facilities"
2352,"20150303",103144,"Low Risk","Unapproved or unmaintained equipment or utensils"
2352,"20150303",103154,"Low Risk","Unclean or degraded floors walls or ceilings"
2352,"20150303",103139,"Low Risk","Improper food storage"
2352,"20130919",103120,"Moderate Risk","Moderate risk food holding temperature "
2352,"20130919",103154,"Low Risk","Unclean or degraded floors walls or ceilings"
2352,"20130424",103109,"High Risk","Unclean or unsanitary food contact surfaces"
2352,"20130424",103102,"High Risk","Unclean hands or improper use of gloves"
2352,"20130424",103133,"Moderate Risk","Foods not protected from contamination"
2352,"20130424",103142,"Low Risk","Unclean nonfood contact surfaces"
2352,"20140421",103145,"Low Risk","Improper storage of equipment utensils or linens"
2352,"20140421",103154,"Low Risk","Unclean or degraded floors walls or ceilings"
2352,"20140421",103131,"Moderate Risk","Moderate risk vermin infestation"
2352,"20120905",103142,"Low Risk","Unclean nonfood contact surfaces"
2356,"20150126",103119,"Moderate Risk","Inadequate and inaccessible handwashing facilities"
2356,"20150126",103139,"Low Risk","Improper food storage"
2356,"20150126",103105,"High Risk","Improper cooling methods"
2356,"20130909",103154,"Low Risk","Unclean or degraded floors walls or ceilings"
2356,"20130909",103149,"Low Risk","Wiping cloths not clean or properly stored or inadequate sanitizer"
2356,"20130909",103139,"Low Risk","Improper food storage"
2356,"20130909",103120,"Moderate Risk","Moderate risk food holding temperature "
2356,"20140416",103145,"Low Risk","Improper storage of equipment utensils or linens"
2356,"20140416",103105,"High Risk","Improper cooling methods"
2356,"20121102",103103,"High Risk","High risk food holding temperature "
2356,"20121102",103116,"Moderate Risk","Inadequate food safety knowledge or lack of certified food safety manager"
2356,"20121102",103105,"High Risk","Improper cooling methods"
2357,"20150112",103114,"High Risk","High risk vermin infestation"
2357,"20150112",103120,"Moderate Risk","Moderate risk food holding temperature "
2357,"20150112",103149,"Low Risk","Wiping cloths not clean or properly stored or inadequate sanitizer"
2357,"20150112",103154,"Low Risk","Unclean or degraded floors walls or ceilings"
2357,"20130819",103145,"Low Risk","Improper storage of equipment utensils or linens"
2357,"20130819",103138,"Low Risk","Improper storage use or identification of toxic substances"
2357,"20130819",103131,"Moderate Risk","Moderate risk vermin infestation"
2357,"20130819",103142,"Low Risk","Unclean nonfood contact surfaces"
2357,"20130819",103139,"Low Risk","Improper food storage"
2357,"20130819",103149,"Low Risk","Wiping cloths not clean or properly stored or inadequate sanitizer"
2357,"20140317",103139,"Low Risk","Improper food storage"
2357,"20140317",103161,"Low Risk","Low risk vermin infestation"
2357,"20140317",103124,"Moderate Risk","Inadequately cleaned or sanitized food contact surfaces"
2357,"20140317",103149,"Low Risk","Wiping cloths not clean or properly stored or inadequate sanitizer"
2357,"20121108",103142,"Low Risk","Unclean nonfood contact surfaces"
2357,"20121108",103154,"Low Risk","Unclean or degraded floors walls or ceilings"
2357,"20121108",103131,"Moderate Risk","Moderate risk vermin infestation"
2357,"20121108",103149,"Low Risk","Wiping cloths not clean or properly stored or inadequate sanitizer"
2358,"20130709",103138,"Low Risk","Improper storage use or identification of toxic substances"
2358,"20130709",103143,"Low Risk","Inadequate warewashing facilities or equipment"
2358,"20130709",103120,"Moderate Risk","Moderate risk food holding temperature "
2358,"20140203",103154,"Low Risk","Unclean or degraded floors walls or ceilings"
2358,"20140203",103133,"Moderate Risk","Foods not protected from contamination"
2358,"20140203",103120,"Moderate Risk","Moderate risk food holding temperature "
2358,"20121114",103144,"Low Risk","Unapproved or unmaintained equipment or utensils"
2358,"20121114",103120,"Moderate Risk","Moderate risk food holding temperature "
2358,"20121114",103136,"Low Risk","Unsanitary employee garments hair or nails"
2358,"20140811",103103,"High Risk","High risk food holding temperature "
2358,"20140811",103105,"High Risk","Improper cooling methods"
2359,"20150202",103125,"Moderate Risk","Noncompliance with shell fish tags or display"
2359,"20150202",103134,"Moderate Risk","Other moderate risk violation"
2359,"20150202",103161,"Low Risk","Low risk vermin infestation"
2359,"20130710",103149,"Low Risk","Wiping cloths not clean or properly stored or inadequate sanitizer"
2359,"20130710",103145,"Low Risk","Improper storage of equipment utensils or linens"
2359,"20130710",103102,"High Risk","Unclean hands or improper use of gloves"
2359,"20130710",103154,"Low Risk","Unclean or degraded floors walls or ceilings"
2360,"20140114",103103,"High Risk","High risk food holding temperature "
2360,"20140114",103118,"Moderate Risk","Employee eating or smoking"
2360,"20140114",103139,"Low Risk","Improper food storage"
2360,"20130416",103144,"Low Risk","Unapproved or unmaintained equipment or utensils"
2360,"20130416",103133,"Moderate Risk","Foods not protected from contamination"
2360,"20130416",103102,"High Risk","Unclean hands or improper use of gloves"
2360,"20130416",103103,"High Risk","High risk food holding temperature "
2360,"20130416",103131,"Moderate Risk","Moderate risk vermin infestation"
2360,"20130416",103118,"Moderate Risk","Employee eating or smoking"
2360,"20140730",103133,"Moderate Risk","Foods not protected from contamination"
2360,"20140730",103102,"High Risk","Unclean hands or improper use of gloves"
2360,"20140730",103109,"High Risk","Unclean or unsanitary food contact surfaces"
2360,"20140730",103148,"Low Risk","No thermometers or uncalibrated thermometers "
2363,"20140828",103154,"Low Risk","Unclean or degraded floors walls or ceilings"
2363,"20140828",103149,"Low Risk","Wiping cloths not clean or properly stored or inadequate sanitizer"
2363,"20140327",103131,"Moderate Risk","Moderate risk vermin infestation"
2363,"20121213",103145,"Low Risk","Improper storage of equipment utensils or linens"
2363,"20121213",103131,"Moderate Risk","Moderate risk vermin infestation"
2369,"20130715",103154,"Low Risk","Unclean or degraded floors walls or ceilings"
2369,"20130715",103149,"Low Risk","Wiping cloths not clean or properly stored or inadequate sanitizer"
2369,"20130715",103139,"Low Risk","Improper food storage"
2369,"20130715",103120,"Moderate Risk","Moderate risk food holding temperature "
2369,"20140205",103154,"Low Risk","Unclean or degraded floors walls or ceilings"
2369,"20140205",103149,"Low Risk","Wiping cloths not clean or properly stored or inadequate sanitizer"
2369,"20140205",103142,"Low Risk","Unclean nonfood contact surfaces"
2369,"20120611",103154,"Low Risk","Unclean or degraded floors walls or ceilings"
2369,"20120611",103109,"High Risk","Unclean or unsanitary food contact surfaces"
2369,"20140821",103143,"Low Risk","Inadequate warewashing facilities or equipment"
2369,"20140821",103154,"Low Risk","Unclean or degraded floors walls or ceilings"
2369,"20140821",103139,"Low Risk","Improper food storage"
2369,"20140821",103119,"Moderate Risk","Inadequate and inaccessible handwashing facilities"
2373,"20150323",103103,"High Risk","High risk food holding temperature "
2373,"20150323",103119,"Moderate Risk","Inadequate and inaccessible handwashing facilities"
2373,"20150323",103154,"Low Risk","Unclean or degraded floors walls or ceilings"
2373,"20150323",103149,"Low Risk","Wiping cloths not clean or properly stored or inadequate sanitizer"
2373,"20150323",103131,"Moderate Risk","Moderate risk vermin infestation"
2373,"20150323",103139,"Low Risk","Improper food storage"
2373,"20140225",103137,"Low Risk","Improperly washed fruits and vegetables"
2373,"20140225",103144,"Low Risk","Unapproved or unmaintained equipment or utensils"
2373,"20140225",103133,"Moderate Risk","Foods not protected from contamination"
2373,"20140225",103114,"High Risk","High risk vermin infestation"
2373,"20140225",103142,"Low Risk","Unclean nonfood contact surfaces"
2373,"20140305",103131,"Moderate Risk","Moderate risk vermin infestation"
2373,"20130108",103105,"High Risk","Improper cooling methods"
2373,"20130108",103156,"Low Risk","Permit license or inspection report not posted"
2373,"20130108",103162,"Low Risk","Other low risk violation"
2374,"20150311",103134,"Moderate Risk","Other moderate risk violation"
2374,"20150311",103133,"Moderate Risk","Foods not protected from contamination"
2374,"20150311",103144,"Low Risk","Unapproved or unmaintained equipment or utensils"
2374,"20150311",103154,"Low Risk","Unclean or degraded floors walls or ceilings"
2374,"20150311",103103,"High Risk","High risk food holding temperature "
2374,"20150311",103114,"High Risk","High risk vermin infestation"
2374,"20131206",103109,"High Risk","Unclean or unsanitary food contact surfaces"
2374,"20131206",103154,"Low Risk","Unclean or degraded floors walls or ceilings"
2374,"20131206",103142,"Low Risk","Unclean nonfood contact surfaces"
2374,"20121228",103149,"Low Risk","Wiping cloths not clean or properly stored or inadequate sanitizer"
2374,"20121228",103139,"Low Risk","Improper food storage"
2374,"20121228",103120,"Moderate Risk","Moderate risk food holding temperature "
2375,"20150512",103120,"Moderate Risk","Moderate risk food holding temperature "
2375,"20140227",103119,"Moderate Risk","Inadequate and inaccessible handwashing facilities"
2375,"20140227",103103,"High Risk","High risk food holding temperature "
2375,"20140227",103149,"Low Risk","Wiping cloths not clean or properly stored or inadequate sanitizer"
2375,"20140227",103139,"Low Risk","Improper food storage"
2375,"20130109",103154,"Low Risk","Unclean or degraded floors walls or ceilings"
2375,"20130109",103124,"Moderate Risk","Inadequately cleaned or sanitized food contact surfaces"
2375,"20130109",103105,"High Risk","Improper cooling methods"
2377,"20150511",103120,"Moderate Risk","Moderate risk food holding temperature "
2377,"20130626",103109,"High Risk","Unclean or unsanitary food contact surfaces"
2377,"20130626",103105,"High Risk","Improper cooling methods"
2377,"20130626",103116,"Moderate Risk","Inadequate food safety knowledge or lack of certified food safety manager"
2377,"20130626",103120,"Moderate Risk","Moderate risk food holding temperature "
2377,"20121227",103105,"High Risk","Improper cooling methods"
2377,"20121227",103102,"High Risk","Unclean hands or improper use of gloves"
2377,"20121227",103120,"Moderate Risk","Moderate risk food holding temperature "
2377,"20121227",103162,"Low Risk","Other low risk violation"
2377,"20140603",103131,"Moderate Risk","Moderate risk vermin infestation"
2377,"20140603",103119,"Moderate Risk","Inadequate and inaccessible handwashing facilities"
2384,"20150323",103149,"Low Risk","Wiping cloths not clean or properly stored or inadequate sanitizer"
2384,"20150323",103142,"Low Risk","Unclean nonfood contact surfaces"
2384,"20150323",103144,"Low Risk","Unapproved or unmaintained equipment or utensils"
2384,"20150323",103131,"Moderate Risk","Moderate risk vermin infestation"
2384,"20130927",103131,"Moderate Risk","Moderate risk vermin infestation"
2384,"20130927",103144,"Low Risk","Unapproved or unmaintained equipment or utensils"
2384,"20130927",103154,"Low Risk","Unclean or degraded floors walls or ceilings"
2384,"20130927",103124,"Moderate Risk","Inadequately cleaned or sanitized food contact surfaces"
2385,"20150512",103149,"Low Risk","Wiping cloths not clean or properly stored or inadequate sanitizer"
2385,"20150512",103144,"Low Risk","Unapproved or unmaintained equipment or utensils"
2385,"20140228",103144,"Low Risk","Unapproved or unmaintained equipment or utensils"
2385,"20140228",103153,"Low Risk","Inadequate dressing rooms or improper storage of personal items"
2385,"20130222",103142,"Low Risk","Unclean nonfood contact surfaces"
2385,"20130222",103148,"Low Risk","No thermometers or uncalibrated thermometers "
2387,"20131203",103105,"High Risk","Improper cooling methods"
2387,"20131203",103154,"Low Risk","Unclean or degraded floors walls or ceilings"
2387,"20131203",103149,"Low Risk","Wiping cloths not clean or properly stored or inadequate sanitizer"
2387,"20131203",103148,"Low Risk","No thermometers or uncalibrated thermometers "
2387,"20130213",103157,"Low Risk","Food safety certificate or food handler card not available"
2387,"20130213",103144,"Low Risk","Unapproved or unmaintained equipment or utensils"
2387,"20130213",103119,"Moderate Risk","Inadequate and inaccessible handwashing facilities"
2387,"20130213",103105,"High Risk","Improper cooling methods"
2388,"20130514",103148,"Low Risk","No thermometers or uncalibrated thermometers "
2388,"20130514",103149,"Low Risk","Wiping cloths not clean or properly stored or inadequate sanitizer"
2388,"20130514",103142,"Low Risk","Unclean nonfood contact surfaces"
2388,"20140411",103138,"Low Risk","Improper storage use or identification of toxic substances"
2388,"20140411",103149,"Low Risk","Wiping cloths not clean or properly stored or inadequate sanitizer"
2388,"20140411",103145,"Low Risk","Improper storage of equipment utensils or linens"
2388,"20140411",103120,"Moderate Risk","Moderate risk food holding temperature "
2388,"20120612",103147,"Low Risk","Inadequate ventilation or lighting"
2388,"20120612",103120,"Moderate Risk","Moderate risk food holding temperature "
2388,"20120612",103109,"High Risk","Unclean or unsanitary food contact surfaces"
2388,"20130108",103138,"Low Risk","Improper storage use or identification of toxic substances"
2388,"20130108",103161,"Low Risk","Low risk vermin infestation"
2388,"20130108",103149,"Low Risk","Wiping cloths not clean or properly stored or inadequate sanitizer"
2388,"20130108",103109,"High Risk","Unclean or unsanitary food contact surfaces"
2388,"20130108",103154,"Low Risk","Unclean or degraded floors walls or ceilings"
2397,"20150402",103116,"Moderate Risk","Inadequate food safety knowledge or lack of certified food safety manager"
2397,"20150402",103129,"Moderate Risk","Insufficient hot water or running water"
2397,"20150402",103154,"Low Risk","Unclean or degraded floors walls or ceilings"
2397,"20150402",103144,"Low Risk","Unapproved or unmaintained equipment or utensils"
2397,"20150402",103142,"Low Risk","Unclean nonfood contact surfaces"
2397,"20150402",103133,"Moderate Risk","Foods not protected from contamination"
2397,"20150402",103103,"High Risk","High risk food holding temperature "
2397,"20150402",103132,"Moderate Risk","Improper thawing methods "
2397,"20150402",103124,"Moderate Risk","Inadequately cleaned or sanitized food contact surfaces"
2397,"20150402",103102,"High Risk","Unclean hands or improper use of gloves"
2397,"20130530",103142,"Low Risk","Unclean nonfood contact surfaces"
2397,"20130530",103138,"Low Risk","Improper storage use or identification of toxic substances"
2397,"20130530",103149,"Low Risk","Wiping cloths not clean or properly stored or inadequate sanitizer"
2397,"20120725",103145,"Low Risk","Improper storage of equipment utensils or linens"
2397,"20120927",103161,"Low Risk","Low risk vermin infestation"
2397,"20120725",103161,"Low Risk","Low risk vermin infestation"
2397,"20120927",103154,"Low Risk","Unclean or degraded floors walls or ceilings"
2397,"20120725",103142,"Low Risk","Unclean nonfood contact surfaces"
2397,"20120927",103162,"Low Risk","Other low risk violation"
2401,"20140908",103144,"Low Risk","Unapproved or unmaintained equipment or utensils"
2401,"20140908",103119,"Moderate Risk","Inadequate and inaccessible handwashing facilities"
2401,"20140908",103118,"Moderate Risk","Employee eating or smoking"
2401,"20140908",103141,"Low Risk","Improper food labeling or menu misrepresentation"
2401,"20140908",103149,"Low Risk","Wiping cloths not clean or properly stored or inadequate sanitizer"
2401,"20140908",103120,"Moderate Risk","Moderate risk food holding temperature "
2401,"20131226",103154,"Low Risk","Unclean or degraded floors walls or ceilings"
2401,"20131226",103142,"Low Risk","Unclean nonfood contact surfaces"
2401,"20131226",103133,"Moderate Risk","Foods not protected from contamination"
2401,"20131226",103114,"High Risk","High risk vermin infestation"
2401,"20131226",103109,"High Risk","Unclean or unsanitary food contact surfaces"
2401,"20130422",103154,"Low Risk","Unclean or degraded floors walls or ceilings"
2401,"20130422",103109,"High Risk","Unclean or unsanitary food contact surfaces"
2401,"20130422",103114,"High Risk","High risk vermin infestation"
2401,"20130422",103108,"High Risk","Contaminated or adulterated food"
2401,"20130422",103142,"Low Risk","Unclean nonfood contact surfaces"
2406,"20130930",103119,"Moderate Risk","Inadequate and inaccessible handwashing facilities"
2406,"20130930",103114,"High Risk","High risk vermin infestation"
2406,"20130930",103149,"Low Risk","Wiping cloths not clean or properly stored or inadequate sanitizer"
2406,"20130930",103154,"Low Risk","Unclean or degraded floors walls or ceilings"
2406,"20130930",103144,"Low Risk","Unapproved or unmaintained equipment or utensils"
2406,"20130930",103107,"High Risk","Improper reheating of food"
2406,"20120611",103153,"Low Risk","Inadequate dressing rooms or improper storage of personal items"
2406,"20120611",103152,"Low Risk","Unclean unmaintained or improperly constructed toilet facilities"
2406,"20120611",103154,"Low Risk","Unclean or degraded floors walls or ceilings"
2407,"20150507",103154,"Low Risk","Unclean or degraded floors walls or ceilings"
2407,"20150507",103109,"High Risk","Unclean or unsanitary food contact surfaces"
2407,"20150507",103114,"High Risk","High risk vermin infestation"
2407,"20150507",103139,"Low Risk","Improper food storage"
2407,"20140307",103157,"Low Risk","Food safety certificate or food handler card not available"
2407,"20140307",103144,"Low Risk","Unapproved or unmaintained equipment or utensils"
2407,"20140307",103142,"Low Risk","Unclean nonfood contact surfaces"
2407,"20140307",103145,"Low Risk","Improper storage of equipment utensils or linens"
2407,"20130227",103144,"Low Risk","Unapproved or unmaintained equipment or utensils"
2409,"20131105",103149,"Low Risk","Wiping cloths not clean or properly stored or inadequate sanitizer"
2409,"20130509",103149,"Low Risk","Wiping cloths not clean or properly stored or inadequate sanitizer"
2409,"20130509",103120,"Moderate Risk","Moderate risk food holding temperature "
2409,"20140422",103132,"Moderate Risk","Improper thawing methods "
2409,"20121119",103119,"Moderate Risk","Inadequate and inaccessible handwashing facilities"
2409,"20121119",103149,"Low Risk","Wiping cloths not clean or properly stored or inadequate sanitizer"
2410,"20131106",103139,"Low Risk","Improper food storage"
2410,"20131106",103124,"Moderate Risk","Inadequately cleaned or sanitized food contact surfaces"
2410,"20130521",103142,"Low Risk","Unclean nonfood contact surfaces"
2410,"20140428",103142,"Low Risk","Unclean nonfood contact surfaces"
2410,"20121127",103139,"Low Risk","Improper food storage"
2410,"20121127",103124,"Moderate Risk","Inadequately cleaned or sanitized food contact surfaces"
2410,"20121127",103142,"Low Risk","Unclean nonfood contact surfaces"
2418,"20150504",103133,"Moderate Risk","Foods not protected from contamination"
2418,"20150420",103116,"Moderate Risk","Inadequate food safety knowledge or lack of certified food safety manager"
2418,"20150420",103119,"Moderate Risk","Inadequate and inaccessible handwashing facilities"
2418,"20150420",103120,"Moderate Risk","Moderate risk food holding temperature "
2418,"20150420",103132,"Moderate Risk","Improper thawing methods "
2418,"20150420",103145,"Low Risk","Improper storage of equipment utensils or linens"
2418,"20131125",103103,"High Risk","High risk food holding temperature "
2418,"20131125",103161,"Low Risk","Low risk vermin infestation"
2418,"20131125",103132,"Moderate Risk","Improper thawing methods "
2418,"20130227",103154,"Low Risk","Unclean or degraded floors walls or ceilings"
2418,"20130227",103106,"High Risk","Improper cooking time or temperatures"
2418,"20130227",103133,"Moderate Risk","Foods not protected from contamination"
2418,"20130227",103142,"Low Risk","Unclean nonfood contact surfaces"
2420,"20140825",103124,"Moderate Risk","Inadequately cleaned or sanitized food contact surfaces"
2420,"20140825",103154,"Low Risk","Unclean or degraded floors walls or ceilings"
2420,"20131004",103138,"Low Risk","Improper storage use or identification of toxic substances"
2420,"20131004",103116,"Moderate Risk","Inadequate food safety knowledge or lack of certified food safety manager"
2420,"20131004",103144,"Low Risk","Unapproved or unmaintained equipment or utensils"
2420,"20131004",103154,"Low Risk","Unclean or degraded floors walls or ceilings"
2420,"20120912",103120,"Moderate Risk","Moderate risk food holding temperature "
2420,"20120912",103133,"Moderate Risk","Foods not protected from contamination"
2420,"20120912",103161,"Low Risk","Low risk vermin infestation"
2420,"20120912",103154,"Low Risk","Unclean or degraded floors walls or ceilings"
2421,"20150514",103102,"High Risk","Unclean hands or improper use of gloves"
2421,"20150514",103154,"Low Risk","Unclean or degraded floors walls or ceilings"
2421,"20150514",103103,"High Risk","High risk food holding temperature "
2421,"20150514",103116,"Moderate Risk","Inadequate food safety knowledge or lack of certified food safety manager"
2421,"20150514",103138,"Low Risk","Improper storage use or identification of toxic substances"
2421,"20131125",103109,"High Risk","Unclean or unsanitary food contact surfaces"
2421,"20131125",103105,"High Risk","Improper cooling methods"
2421,"20131125",103102,"High Risk","Unclean hands or improper use of gloves"
2421,"20131125",103103,"High Risk","High risk food holding temperature "
2421,"20140327",103105,"High Risk","Improper cooling methods"
2421,"20140327",103142,"Low Risk","Unclean nonfood contact surfaces"
2421,"20140327",103104,"High Risk","Unauthorized or unsafe use of time as a public health control measure"
2421,"20140327",103120,"Moderate Risk","Moderate risk food holding temperature "
2421,"20121001",103142,"Low Risk","Unclean nonfood contact surfaces"
2421,"20121001",103149,"Low Risk","Wiping cloths not clean or properly stored or inadequate sanitizer"
2421,"20121001",103102,"High Risk","Unclean hands or improper use of gloves"
2421,"20121001",103144,"Low Risk","Unapproved or unmaintained equipment or utensils"
2421,"20121001",103154,"Low Risk","Unclean or degraded floors walls or ceilings"
2421,"20121001",103120,"Moderate Risk","Moderate risk food holding temperature "
2421,"20121001",103133,"Moderate Risk","Foods not protected from contamination"
2426,"20150520",103133,"Moderate Risk","Foods not protected from contamination"
2426,"20150520",103139,"Low Risk","Improper food storage"
2426,"20130801",103154,"Low Risk","Unclean or degraded floors walls or ceilings"
2426,"20140205",103128,"Moderate Risk","Consumer advisory not provided for raw or undercooked foods"
2426,"20140205",103154,"Low Risk","Unclean or degraded floors walls or ceilings"
2426,"20120927",103114,"High Risk","High risk vermin infestation"
2426,"20130124",103114,"High Risk","High risk vermin infestation"
2427,"20150427",103120,"Moderate Risk","Moderate risk food holding temperature "
2427,"20150427",103138,"Low Risk","Improper storage use or identification of toxic substances"
2427,"20150427",103132,"Moderate Risk","Improper thawing methods "
2427,"20150427",103145,"Low Risk","Improper storage of equipment utensils or linens"
2427,"20130819",103109,"High Risk","Unclean or unsanitary food contact surfaces"
2427,"20130819",103144,"Low Risk","Unapproved or unmaintained equipment or utensils"
2427,"20130819",103142,"Low Risk","Unclean nonfood contact surfaces"
2427,"20130819",103133,"Moderate Risk","Foods not protected from contamination"
2427,"20131009",103105,"High Risk","Improper cooling methods"
2427,"20130827",103116,"Moderate Risk","Inadequate food safety knowledge or lack of certified food safety manager"
2427,"20130819",103132,"Moderate Risk","Improper thawing methods "
2427,"20130819",103108,"High Risk","Contaminated or adulterated food"
2427,"20130819",103105,"High Risk","Improper cooling methods"
2427,"20130819",103103,"High Risk","High risk food holding temperature "
2427,"20140123",103156,"Low Risk","Permit license or inspection report not posted"
2427,"20140123",103139,"Low Risk","Improper food storage"
2427,"20140123",103133,"Moderate Risk","Foods not protected from contamination"
2427,"20140123",103103,"High Risk","High risk food holding temperature "
2427,"20130610",103103,"High Risk","High risk food holding temperature "
2427,"20130610",103102,"High Risk","Unclean hands or improper use of gloves"
2427,"20130610",103109,"High Risk","Unclean or unsanitary food contact surfaces"
2427,"20130610",103142,"Low Risk","Unclean nonfood contact surfaces"
2427,"20130610",103107,"High Risk","Improper reheating of food"
2427,"20120716",103120,"Moderate Risk","Moderate risk food holding temperature "
2427,"20120716",103133,"Moderate Risk","Foods not protected from contamination"
2427,"20120716",103142,"Low Risk","Unclean nonfood contact surfaces"
2427,"20120716",103109,"High Risk","Unclean or unsanitary food contact surfaces"
2427,"20120716",103144,"Low Risk","Unapproved or unmaintained equipment or utensils"
2427,"20120716",103116,"Moderate Risk","Inadequate food safety knowledge or lack of certified food safety manager"
2428,"20150428",103103,"High Risk","High risk food holding temperature "
2428,"20150428",103138,"Low Risk","Improper storage use or identification of toxic substances"
2428,"20150428",103139,"Low Risk","Improper food storage"
2428,"20150428",103124,"Moderate Risk","Inadequately cleaned or sanitized food contact surfaces"
2428,"20150428",103102,"High Risk","Unclean hands or improper use of gloves"
2428,"20150428",103132,"Moderate Risk","Improper thawing methods "
2428,"20131216",103133,"Moderate Risk","Foods not protected from contamination"
2428,"20131216",103157,"Low Risk","Food safety certificate or food handler card not available"
2428,"20131216",103154,"Low Risk","Unclean or degraded floors walls or ceilings"
2428,"20131216",103139,"Low Risk","Improper food storage"
2428,"20131216",103131,"Moderate Risk","Moderate risk vermin infestation"
2428,"20131216",103124,"Moderate Risk","Inadequately cleaned or sanitized food contact surfaces"
2428,"20131216",103120,"Moderate Risk","Moderate risk food holding temperature "
2428,"20131216",103144,"Low Risk","Unapproved or unmaintained equipment or utensils"
2428,"20130403",103105,"High Risk","Improper cooling methods"
2428,"20130403",103133,"Moderate Risk","Foods not protected from contamination"
2428,"20130403",103102,"High Risk","Unclean hands or improper use of gloves"
2428,"20130403",103114,"High Risk","High risk vermin infestation"
2428,"20130403",103116,"Moderate Risk","Inadequate food safety knowledge or lack of certified food safety manager"
2428,"20130403",103108,"High Risk","Contaminated or adulterated food"
2433,"20130606",103138,"Low Risk","Improper storage use or identification of toxic substances"
2433,"20130606",103144,"Low Risk","Unapproved or unmaintained equipment or utensils"
2433,"20130606",103143,"Low Risk","Inadequate warewashing facilities or equipment"
2433,"20121126",103142,"Low Risk","Unclean nonfood contact surfaces"
2433,"20121126",103138,"Low Risk","Improper storage use or identification of toxic substances"
2433,"20121126",103119,"Moderate Risk","Inadequate and inaccessible handwashing facilities"
2433,"20121126",103144,"Low Risk","Unapproved or unmaintained equipment or utensils"
2433,"20140610",103156,"Low Risk","Permit license or inspection report not posted"
2437,"20141008",103133,"Moderate Risk","Foods not protected from contamination"
2437,"20141008",103131,"Moderate Risk","Moderate risk vermin infestation"
2437,"20141008",103145,"Low Risk","Improper storage of equipment utensils or linens"
2437,"20141008",103119,"Moderate Risk","Inadequate and inaccessible handwashing facilities"
2437,"20141008",103124,"Moderate Risk","Inadequately cleaned or sanitized food contact surfaces"
2437,"20141008",103103,"High Risk","High risk food holding temperature "
2437,"20141008",103154,"Low Risk","Unclean or degraded floors walls or ceilings"
2437,"20141008",103105,"High Risk","Improper cooling methods"
2437,"20141030",103116,"Moderate Risk","Inadequate food safety knowledge or lack of certified food safety manager"
2437,"20130712",103142,"Low Risk","Unclean nonfood contact surfaces"
2437,"20130712",103139,"Low Risk","Improper food storage"
2437,"20130712",103156,"Low Risk","Permit license or inspection report not posted"
2437,"20130712",103145,"Low Risk","Improper storage of equipment utensils or linens"
2437,"20130712",103131,"Moderate Risk","Moderate risk vermin infestation"
2437,"20130712",103161,"Low Risk","Low risk vermin infestation"
2437,"20130712",103124,"Moderate Risk","Inadequately cleaned or sanitized food contact surfaces"
2437,"20130712",103144,"Low Risk","Unapproved or unmaintained equipment or utensils"
2437,"20140205",103145,"Low Risk","Improper storage of equipment utensils or linens"
2437,"20140205",103149,"Low Risk","Wiping cloths not clean or properly stored or inadequate sanitizer"
2437,"20140205",103133,"Moderate Risk","Foods not protected from contamination"
2437,"20140205",103132,"Moderate Risk","Improper thawing methods "
2447,"20130312",103150,"Low Risk","Improper or defective plumbing"
2447,"20120823",103154,"Low Risk","Unclean or degraded floors walls or ceilings"
2447,"20120823",103145,"Low Risk","Improper storage of equipment utensils or linens"
2453,"20130730",103123,"Moderate Risk","Food in poor condition"
2453,"20140123",103120,"Moderate Risk","Moderate risk food holding temperature "
2453,"20120817",103138,"Low Risk","Improper storage use or identification of toxic substances"
2453,"20120817",103114,"High Risk","High risk vermin infestation"
2453,"20130115",103114,"High Risk","High risk vermin infestation"
2453,"20130115",103144,"Low Risk","Unapproved or unmaintained equipment or utensils"
2453,"20130115",103124,"Moderate Risk","Inadequately cleaned or sanitized food contact surfaces"
2453,"20130115",103141,"Low Risk","Improper food labeling or menu misrepresentation"
2453,"20130115",103108,"High Risk","Contaminated or adulterated food"
2454,"20140924",103154,"Low Risk","Unclean or degraded floors walls or ceilings"
2454,"20150108",103105,"High Risk","Improper cooling methods"
2454,"20150108",103119,"Moderate Risk","Inadequate and inaccessible handwashing facilities"
2454,"20150108",103124,"Moderate Risk","Inadequately cleaned or sanitized food contact surfaces"
2454,"20150108",103142,"Low Risk","Unclean nonfood contact surfaces"
2454,"20140924",103120,"Moderate Risk","Moderate risk food holding temperature "
2454,"20140924",103145,"Low Risk","Improper storage of equipment utensils or linens"
2454,"20150108",103120,"Moderate Risk","Moderate risk food holding temperature "
2454,"20130318",103149,"Low Risk","Wiping cloths not clean or properly stored or inadequate sanitizer"
2454,"20130318",103105,"High Risk","Improper cooling methods"
2454,"20130318",103142,"Low Risk","Unclean nonfood contact surfaces"
2454,"20140321",103105,"High Risk","Improper cooling methods"
2454,"20140321",103149,"Low Risk","Wiping cloths not clean or properly stored or inadequate sanitizer"
2454,"20140321",103150,"Low Risk","Improper or defective plumbing"
2454,"20140321",103154,"Low Risk","Unclean or degraded floors walls or ceilings"
2454,"20140321",103139,"Low Risk","Improper food storage"
2454,"20140321",103120,"Moderate Risk","Moderate risk food holding temperature "
2454,"20140321",103124,"Moderate Risk","Inadequately cleaned or sanitized food contact surfaces"
2454,"20120621",103105,"High Risk","Improper cooling methods"
2454,"20120621",103131,"Moderate Risk","Moderate risk vermin infestation"
2454,"20120621",103154,"Low Risk","Unclean or degraded floors walls or ceilings"
2454,"20120621",103142,"Low Risk","Unclean nonfood contact surfaces"
2455,"20150603",103161,"Low Risk","Low risk vermin infestation"
2463,"20121127",103144,"Low Risk","Unapproved or unmaintained equipment or utensils"
2463,"20140508",103114,"High Risk","High risk vermin infestation"
2463,"20140508",103133,"Moderate Risk","Foods not protected from contamination"
2463,"20140508",103103,"High Risk","High risk food holding temperature "
2463,"20140508",103154,"Low Risk","Unclean or degraded floors walls or ceilings"
2465,"20141027",103120,"Moderate Risk","Moderate risk food holding temperature "
2465,"20131009",103133,"Moderate Risk","Foods not protected from contamination"
2465,"20131009",103124,"Moderate Risk","Inadequately cleaned or sanitized food contact surfaces"
2465,"20131009",103119,"Moderate Risk","Inadequate and inaccessible handwashing facilities"
2465,"20121004",103129,"Moderate Risk","Insufficient hot water or running water"
2465,"20121004",103124,"Moderate Risk","Inadequately cleaned or sanitized food contact surfaces"
2469,"20150520",103150,"Low Risk","Improper or defective plumbing"
2469,"20150520",103134,"Moderate Risk","Other moderate risk violation"
2469,"20130815",103144,"Low Risk","Unapproved or unmaintained equipment or utensils"
2469,"20130815",103154,"Low Risk","Unclean or degraded floors walls or ceilings"
2469,"20130815",103142,"Low Risk","Unclean nonfood contact surfaces"
2469,"20130815",103103,"High Risk","High risk food holding temperature "
2469,"20140502",103142,"Low Risk","Unclean nonfood contact surfaces"
2469,"20140502",103154,"Low Risk","Unclean or degraded floors walls or ceilings"
2469,"20121010",103109,"High Risk","Unclean or unsanitary food contact surfaces"
2469,"20121010",103149,"Low Risk","Wiping cloths not clean or properly stored or inadequate sanitizer"
2469,"20121010",103120,"Moderate Risk","Moderate risk food holding temperature "
2472,"20130521",103154,"Low Risk","Unclean or degraded floors walls or ceilings"
2472,"20121019",103142,"Low Risk","Unclean nonfood contact surfaces"
2475,"20150120",103103,"High Risk","High risk food holding temperature "
2475,"20150120",103161,"Low Risk","Low risk vermin infestation"
2475,"20130919",103120,"Moderate Risk","Moderate risk food holding temperature "
2475,"20130919",103139,"Low Risk","Improper food storage"
2483,"20150522",103147,"Low Risk","Inadequate ventilation or lighting"
2483,"20150522",103149,"Low Risk","Wiping cloths not clean or properly stored or inadequate sanitizer"
2483,"20131021",103154,"Low Risk","Unclean or degraded floors walls or ceilings"
2483,"20131021",103138,"Low Risk","Improper storage use or identification of toxic substances"
2483,"20131021",103131,"Moderate Risk","Moderate risk vermin infestation"
2483,"20121022",103138,"Low Risk","Improper storage use or identification of toxic substances"
2483,"20121022",103149,"Low Risk","Wiping cloths not clean or properly stored or inadequate sanitizer"
2495,"20131125",103152,"Low Risk","Unclean unmaintained or improperly constructed toilet facilities"
2495,"20131125",103156,"Low Risk","Permit license or inspection report not posted"
2495,"20130604",103150,"Low Risk","Improper or defective plumbing"
2495,"20140429",103114,"High Risk","High risk vermin infestation"
2495,"20140429",103156,"Low Risk","Permit license or inspection report not posted"
2495,"20140429",103124,"Moderate Risk","Inadequately cleaned or sanitized food contact surfaces"
2497,"20150126",103142,"Low Risk","Unclean nonfood contact surfaces"
2497,"20150126",103104,"High Risk","Unauthorized or unsafe use of time as a public health control measure"
2497,"20131007",103104,"High Risk","Unauthorized or unsafe use of time as a public health control measure"
2497,"20131007",103119,"Moderate Risk","Inadequate and inaccessible handwashing facilities"
2497,"20140416",103124,"Moderate Risk","Inadequately cleaned or sanitized food contact surfaces"
2497,"20140416",103154,"Low Risk","Unclean or degraded floors walls or ceilings"
2497,"20121106",103124,"Moderate Risk","Inadequately cleaned or sanitized food contact surfaces"
2497,"20121106",103147,"Low Risk","Inadequate ventilation or lighting"
2497,"20121106",103123,"Moderate Risk","Food in poor condition"
2497,"20121106",103121,"Moderate Risk","Inadequate procedures or records for time as a public health control "
2497,"20121106",103131,"Moderate Risk","Moderate risk vermin infestation"
2501,"20141002",103139,"Low Risk","Improper food storage"
2501,"20141002",103144,"Low Risk","Unapproved or unmaintained equipment or utensils"
2501,"20141002",103145,"Low Risk","Improper storage of equipment utensils or linens"
2501,"20141002",103149,"Low Risk","Wiping cloths not clean or properly stored or inadequate sanitizer"
2501,"20140318",103149,"Low Risk","Wiping cloths not clean or properly stored or inadequate sanitizer"
2501,"20140318",103133,"Moderate Risk","Foods not protected from contamination"
2501,"20140318",103131,"Moderate Risk","Moderate risk vermin infestation"
2505,"20141110",103142,"Low Risk","Unclean nonfood contact surfaces"
2505,"20141110",103149,"Low Risk","Wiping cloths not clean or properly stored or inadequate sanitizer"
2505,"20141110",103133,"Moderate Risk","Foods not protected from contamination"
2505,"20131113",103139,"Low Risk","Improper food storage"
2505,"20131113",103154,"Low Risk","Unclean or degraded floors walls or ceilings"
2505,"20131113",103144,"Low Risk","Unapproved or unmaintained equipment or utensils"
2505,"20130513",103161,"Low Risk","Low risk vermin infestation"
2505,"20130513",103154,"Low Risk","Unclean or degraded floors walls or ceilings"
2505,"20130513",103142,"Low Risk","Unclean nonfood contact surfaces"
2505,"20130513",103124,"Moderate Risk","Inadequately cleaned or sanitized food contact surfaces"
2505,"20140418",103142,"Low Risk","Unclean nonfood contact surfaces"
2505,"20140418",103154,"Low Risk","Unclean or degraded floors walls or ceilings"
2505,"20140418",103145,"Low Risk","Improper storage of equipment utensils or linens"
2505,"20121108",103139,"Low Risk","Improper food storage"
2505,"20121108",103120,"Moderate Risk","Moderate risk food holding temperature "
2505,"20121108",103133,"Moderate Risk","Foods not protected from contamination"
2507,"20150112",103119,"Moderate Risk","Inadequate and inaccessible handwashing facilities"
2507,"20140213",103133,"Moderate Risk","Foods not protected from contamination"
2517,"20140815",103144,"Low Risk","Unapproved or unmaintained equipment or utensils"
2517,"20140815",103156,"Low Risk","Permit license or inspection report not posted"
2517,"20140815",103116,"Moderate Risk","Inadequate food safety knowledge or lack of certified food safety manager"
2517,"20140815",103142,"Low Risk","Unclean nonfood contact surfaces"
2517,"20131125",103119,"Moderate Risk","Inadequate and inaccessible handwashing facilities"
2517,"20131125",103116,"Moderate Risk","Inadequate food safety knowledge or lack of certified food safety manager"
2517,"20131125",103103,"High Risk","High risk food holding temperature "
2517,"20131125",103124,"Moderate Risk","Inadequately cleaned or sanitized food contact surfaces"
2517,"20130604",103157,"Low Risk","Food safety certificate or food handler card not available"
2517,"20130604",103132,"Moderate Risk","Improper thawing methods "
2517,"20130604",103156,"Low Risk","Permit license or inspection report not posted"
2517,"20130604",103149,"Low Risk","Wiping cloths not clean or properly stored or inadequate sanitizer"
2517,"20130604",103103,"High Risk","High risk food holding temperature "
2517,"20140428",103157,"Low Risk","Food safety certificate or food handler card not available"
2517,"20140428",103154,"Low Risk","Unclean or degraded floors walls or ceilings"
2517,"20140428",103156,"Low Risk","Permit license or inspection report not posted"
2517,"20140428",103150,"Low Risk","Improper or defective plumbing"
2517,"20121003",103150,"Low Risk","Improper or defective plumbing"
2517,"20121003",103142,"Low Risk","Unclean nonfood contact surfaces"
2519,"20130820",103142,"Low Risk","Unclean nonfood contact surfaces"
2519,"20130820",103120,"Moderate Risk","Moderate risk food holding temperature "
2519,"20140205",103142,"Low Risk","Unclean nonfood contact surfaces"
2519,"20140205",103154,"Low Risk","Unclean or degraded floors walls or ceilings"
2519,"20140205",103149,"Low Risk","Wiping cloths not clean or properly stored or inadequate sanitizer"
2519,"20120822",103142,"Low Risk","Unclean nonfood contact surfaces"
2519,"20120822",103154,"Low Risk","Unclean or degraded floors walls or ceilings"
2519,"20130228",103120,"Moderate Risk","Moderate risk food holding temperature "
2519,"20130228",103154,"Low Risk","Unclean or degraded floors walls or ceilings"
2521,"20150429",103124,"Moderate Risk","Inadequately cleaned or sanitized food contact surfaces"
2521,"20130718",103149,"Low Risk","Wiping cloths not clean or properly stored or inadequate sanitizer"
2521,"20130718",103154,"Low Risk","Unclean or degraded floors walls or ceilings"
2521,"20140423",103154,"Low Risk","Unclean or degraded floors walls or ceilings"
2521,"20140423",103149,"Low Risk","Wiping cloths not clean or properly stored or inadequate sanitizer"
2521,"20140423",103131,"Moderate Risk","Moderate risk vermin infestation"
2523,"20130419",103152,"Low Risk","Unclean unmaintained or improperly constructed toilet facilities"
2523,"20130419",103142,"Low Risk","Unclean nonfood contact surfaces"
2523,"20130419",103148,"Low Risk","No thermometers or uncalibrated thermometers "
2523,"20120917",103148,"Low Risk","No thermometers or uncalibrated thermometers "
2523,"20120917",103144,"Low Risk","Unapproved or unmaintained equipment or utensils"
2523,"20120917",103119,"Moderate Risk","Inadequate and inaccessible handwashing facilities"
2535,"20131126",103119,"Moderate Risk","Inadequate and inaccessible handwashing facilities"
2535,"20131126",103124,"Moderate Risk","Inadequately cleaned or sanitized food contact surfaces"
2535,"20131126",103131,"Moderate Risk","Moderate risk vermin infestation"
2535,"20131126",103147,"Low Risk","Inadequate ventilation or lighting"
2535,"20131126",103154,"Low Risk","Unclean or degraded floors walls or ceilings"
2535,"20130524",103143,"Low Risk","Inadequate warewashing facilities or equipment"
2535,"20130524",103156,"Low Risk","Permit license or inspection report not posted"
2535,"20140429",103124,"Moderate Risk","Inadequately cleaned or sanitized food contact surfaces"
2535,"20140429",103131,"Moderate Risk","Moderate risk vermin infestation"
2535,"20140429",103147,"Low Risk","Inadequate ventilation or lighting"
2535,"20140429",103154,"Low Risk","Unclean or degraded floors walls or ceilings"
2538,"20150323",103150,"Low Risk","Improper or defective plumbing"
2538,"20150323",103139,"Low Risk","Improper food storage"
2538,"20150323",103149,"Low Risk","Wiping cloths not clean or properly stored or inadequate sanitizer"
2538,"20130925",103157,"Low Risk","Food safety certificate or food handler card not available"
2538,"20130925",103137,"Low Risk","Improperly washed fruits and vegetables"
2538,"20130925",103103,"High Risk","High risk food holding temperature "
2538,"20130925",103153,"Low Risk","Inadequate dressing rooms or improper storage of personal items"
2538,"20130925",103149,"Low Risk","Wiping cloths not clean or properly stored or inadequate sanitizer"
2542,"20150218",103154,"Low Risk","Unclean or degraded floors walls or ceilings"
2542,"20150218",103149,"Low Risk","Wiping cloths not clean or properly stored or inadequate sanitizer"
2542,"20150218",103148,"Low Risk","No thermometers or uncalibrated thermometers "
2542,"20150218",103147,"Low Risk","Inadequate ventilation or lighting"
2542,"20150218",103144,"Low Risk","Unapproved or unmaintained equipment or utensils"
2542,"20150218",103133,"Moderate Risk","Foods not protected from contamination"
2542,"20150218",103142,"Low Risk","Unclean nonfood contact surfaces"
2542,"20131021",103133,"Moderate Risk","Foods not protected from contamination"
2542,"20131021",103154,"Low Risk","Unclean or degraded floors walls or ceilings"
2542,"20131021",103144,"Low Risk","Unapproved or unmaintained equipment or utensils"
2542,"20131021",103143,"Low Risk","Inadequate warewashing facilities or equipment"
2542,"20131021",103109,"High Risk","Unclean or unsanitary food contact surfaces"
2542,"20140407",103154,"Low Risk","Unclean or degraded floors walls or ceilings"
2542,"20140407",103144,"Low Risk","Unapproved or unmaintained equipment or utensils"
2542,"20140407",103120,"Moderate Risk","Moderate risk food holding temperature "
2542,"20121219",103154,"Low Risk","Unclean or degraded floors walls or ceilings"
2542,"20121219",103109,"High Risk","Unclean or unsanitary food contact surfaces"
2542,"20121219",103114,"High Risk","High risk vermin infestation"
2542,"20121219",103120,"Moderate Risk","Moderate risk food holding temperature "
2542,"20121219",103133,"Moderate Risk","Foods not protected from contamination"
2542,"20121219",103144,"Low Risk","Unapproved or unmaintained equipment or utensils"
2544,"20140910",103120,"Moderate Risk","Moderate risk food holding temperature "
2544,"20140910",103144,"Low Risk","Unapproved or unmaintained equipment or utensils"
2544,"20140910",103154,"Low Risk","Unclean or degraded floors walls or ceilings"
2544,"20140910",103142,"Low Risk","Unclean nonfood contact surfaces"
2544,"20140910",103132,"Moderate Risk","Improper thawing methods "
2544,"20140910",103119,"Moderate Risk","Inadequate and inaccessible handwashing facilities"
2544,"20140910",103147,"Low Risk","Inadequate ventilation or lighting"
2544,"20140910",103109,"High Risk","Unclean or unsanitary food contact surfaces"
2544,"20140910",103157,"Low Risk","Food safety certificate or food handler card not available"
2544,"20140303",103142,"Low Risk","Unclean nonfood contact surfaces"
2544,"20140303",103139,"Low Risk","Improper food storage"
2544,"20140303",103154,"Low Risk","Unclean or degraded floors walls or ceilings"
2544,"20140303",103133,"Moderate Risk","Foods not protected from contamination"
2544,"20140303",103119,"Moderate Risk","Inadequate and inaccessible handwashing facilities"
2544,"20140303",103109,"High Risk","Unclean or unsanitary food contact surfaces"
2544,"20140303",103103,"High Risk","High risk food holding temperature "
2544,"20120823",103133,"Moderate Risk","Foods not protected from contamination"
2544,"20120823",103154,"Low Risk","Unclean or degraded floors walls or ceilings"
2544,"20120823",103144,"Low Risk","Unapproved or unmaintained equipment or utensils"
2544,"20120823",103142,"Low Risk","Unclean nonfood contact surfaces"
2544,"20120823",103131,"Moderate Risk","Moderate risk vermin infestation"
2544,"20120823",103120,"Moderate Risk","Moderate risk food holding temperature "
2544,"20120823",103119,"Moderate Risk","Inadequate and inaccessible handwashing facilities"
2544,"20130205",103119,"Moderate Risk","Inadequate and inaccessible handwashing facilities"
2544,"20130205",103109,"High Risk","Unclean or unsanitary food contact surfaces"
2544,"20130205",103138,"Low Risk","Improper storage use or identification of toxic substances"
2544,"20130205",103144,"Low Risk","Unapproved or unmaintained equipment or utensils"
2544,"20130205",103114,"High Risk","High risk vermin infestation"
2548,"20150602",103144,"Low Risk","Unapproved or unmaintained equipment or utensils"
2548,"20150602",103142,"Low Risk","Unclean nonfood contact surfaces"
2548,"20150602",103139,"Low Risk","Improper food storage"
2548,"20150602",103120,"Moderate Risk","Moderate risk food holding temperature "
2548,"20130830",103154,"Low Risk","Unclean or degraded floors walls or ceilings"
2548,"20130830",103147,"Low Risk","Inadequate ventilation or lighting"
2548,"20130212",103119,"Moderate Risk","Inadequate and inaccessible handwashing facilities"
2548,"20130212",103142,"Low Risk","Unclean nonfood contact surfaces"
2548,"20130212",103144,"Low Risk","Unapproved or unmaintained equipment or utensils"
2548,"20130212",103145,"Low Risk","Improper storage of equipment utensils or linens"
2548,"20140609",103154,"Low Risk","Unclean or degraded floors walls or ceilings"
2549,"20150316",103132,"Moderate Risk","Improper thawing methods "
2549,"20150316",103144,"Low Risk","Unapproved or unmaintained equipment or utensils"
2549,"20130719",103124,"Moderate Risk","Inadequately cleaned or sanitized food contact surfaces"
2549,"20130719",103133,"Moderate Risk","Foods not protected from contamination"
2549,"20130719",103132,"Moderate Risk","Improper thawing methods "
2549,"20140117",103149,"Low Risk","Wiping cloths not clean or properly stored or inadequate sanitizer"
2549,"20140117",103154,"Low Risk","Unclean or degraded floors walls or ceilings"
2549,"20140117",103132,"Moderate Risk","Improper thawing methods "
2549,"20140117",103144,"Low Risk","Unapproved or unmaintained equipment or utensils"
2549,"20130321",103154,"Low Risk","Unclean or degraded floors walls or ceilings"
2549,"20130321",103109,"High Risk","Unclean or unsanitary food contact surfaces"
2549,"20130321",103132,"Moderate Risk","Improper thawing methods "
2549,"20130321",103133,"Moderate Risk","Foods not protected from contamination"
2549,"20120905",103151,"Low Risk","Inadequate or unsanitary refuse containers or area or no garbage service"
2549,"20120905",103139,"Low Risk","Improper food storage"
2549,"20120905",103133,"Moderate Risk","Foods not protected from contamination"
2549,"20120905",103131,"Moderate Risk","Moderate risk vermin infestation"
2549,"20120905",103124,"Moderate Risk","Inadequately cleaned or sanitized food contact surfaces"
2553,"20150527",103124,"Moderate Risk","Inadequately cleaned or sanitized food contact surfaces"
2553,"20150527",103120,"Moderate Risk","Moderate risk food holding temperature "
2553,"20140402",103128,"Moderate Risk","Consumer advisory not provided for raw or undercooked foods"
2553,"20140402",103152,"Low Risk","Unclean unmaintained or improperly constructed toilet facilities"
2553,"20121004",103120,"Moderate Risk","Moderate risk food holding temperature "
2555,"20150507",103139,"Low Risk","Improper food storage"
2555,"20150507",103145,"Low Risk","Improper storage of equipment utensils or linens"
2555,"20150507",103124,"Moderate Risk","Inadequately cleaned or sanitized food contact surfaces"
2555,"20131216",103109,"High Risk","Unclean or unsanitary food contact surfaces"
2555,"20131216",103120,"Moderate Risk","Moderate risk food holding temperature "
2555,"20131216",103142,"Low Risk","Unclean nonfood contact surfaces"
2555,"20131216",103148,"Low Risk","No thermometers or uncalibrated thermometers "
2555,"20131216",103149,"Low Risk","Wiping cloths not clean or properly stored or inadequate sanitizer"
2555,"20131216",103154,"Low Risk","Unclean or degraded floors walls or ceilings"
2555,"20130419",103149,"Low Risk","Wiping cloths not clean or properly stored or inadequate sanitizer"
2555,"20130419",103124,"Moderate Risk","Inadequately cleaned or sanitized food contact surfaces"
2555,"20130419",103154,"Low Risk","Unclean or degraded floors walls or ceilings"
2555,"20130419",103120,"Moderate Risk","Moderate risk food holding temperature "
2555,"20130419",103148,"Low Risk","No thermometers or uncalibrated thermometers "
2555,"20120921",103124,"Moderate Risk","Inadequately cleaned or sanitized food contact surfaces"
2555,"20120921",103120,"Moderate Risk","Moderate risk food holding temperature "
2555,"20140806",103131,"Moderate Risk","Moderate risk vermin infestation"
2555,"20140806",103154,"Low Risk","Unclean or degraded floors walls or ceilings"
2555,"20140806",103152,"Low Risk","Unclean unmaintained or improperly constructed toilet facilities"
2555,"20140806",103147,"Low Risk","Inadequate ventilation or lighting"
2555,"20140806",103144,"Low Risk","Unapproved or unmaintained equipment or utensils"
2555,"20140806",103142,"Low Risk","Unclean nonfood contact surfaces"
2555,"20140806",103139,"Low Risk","Improper food storage"
2559,"20150413",103133,"Moderate Risk","Foods not protected from contamination"
2559,"20150413",103154,"Low Risk","Unclean or degraded floors walls or ceilings"
2559,"20150413",103114,"High Risk","High risk vermin infestation"
2559,"20150413",103108,"High Risk","Contaminated or adulterated food"
2559,"20150413",103109,"High Risk","Unclean or unsanitary food contact surfaces"
2559,"20130416",103154,"Low Risk","Unclean or degraded floors walls or ceilings"
2559,"20130416",103119,"Moderate Risk","Inadequate and inaccessible handwashing facilities"
2559,"20130416",103118,"Moderate Risk","Employee eating or smoking"
2561,"20130501",103142,"Low Risk","Unclean nonfood contact surfaces"
2561,"20130501",103144,"Low Risk","Unapproved or unmaintained equipment or utensils"
2561,"20130501",103148,"Low Risk","No thermometers or uncalibrated thermometers "
2561,"20130501",103139,"Low Risk","Improper food storage"
2561,"20130501",103149,"Low Risk","Wiping cloths not clean or properly stored or inadequate sanitizer"
2561,"20130501",103114,"High Risk","High risk vermin infestation"
2561,"20130501",103133,"Moderate Risk","Foods not protected from contamination"
2561,"20130501",103103,"High Risk","High risk food holding temperature "
2561,"20130501",103124,"Moderate Risk","Inadequately cleaned or sanitized food contact surfaces"
2561,"20130501",103150,"Low Risk","Improper or defective plumbing"
2561,"20130501",103163,"N/A",
2561,"20130501",103164,"N/A",
2561,"20130501",103119,"Moderate Risk","Inadequate and inaccessible handwashing facilities"
2561,"20120620",103119,"Moderate Risk","Inadequate and inaccessible handwashing facilities"
2561,"20120620",103139,"Low Risk","Improper food storage"
2561,"20120620",103154,"Low Risk","Unclean or degraded floors walls or ceilings"
2561,"20120620",103142,"Low Risk","Unclean nonfood contact surfaces"
2578,"20140903",103143,"Low Risk","Inadequate warewashing facilities or equipment"
2578,"20140903",103154,"Low Risk","Unclean or degraded floors walls or ceilings"
2578,"20140903",103142,"Low Risk","Unclean nonfood contact surfaces"
2579,"20150507",103154,"Low Risk","Unclean or degraded floors walls or ceilings"
2579,"20150507",103156,"Low Risk","Permit license or inspection report not posted"
2579,"20150507",103131,"Moderate Risk","Moderate risk vermin infestation"
2579,"20150507",103124,"Moderate Risk","Inadequately cleaned or sanitized food contact surfaces"
2579,"20130313",103154,"Low Risk","Unclean or degraded floors walls or ceilings"
2579,"20120904",103154,"Low Risk","Unclean or degraded floors walls or ceilings"
2579,"20120904",103109,"High Risk","Unclean or unsanitary food contact surfaces"
2579,"20120904",103142,"Low Risk","Unclean nonfood contact surfaces"
2579,"20120904",103144,"Low Risk","Unapproved or unmaintained equipment or utensils"
2580,"20130501",103154,"Low Risk","Unclean or degraded floors walls or ceilings"
2580,"20130501",103102,"High Risk","Unclean hands or improper use of gloves"
2580,"20140312",103120,"Moderate Risk","Moderate risk food holding temperature "
2580,"20140312",103150,"Low Risk","Improper or defective plumbing"
2586,"20150422",103102,"High Risk","Unclean hands or improper use of gloves"
2586,"20150422",103132,"Moderate Risk","Improper thawing methods "
2586,"20150422",103103,"High Risk","High risk food holding temperature "
2586,"20150422",103116,"Moderate Risk","Inadequate food safety knowledge or lack of certified food safety manager"
2586,"20130709",103114,"High Risk","High risk vermin infestation"
2586,"20130624",103138,"Low Risk","Improper storage use or identification of toxic substances"
2586,"20130624",103142,"Low Risk","Unclean nonfood contact surfaces"
2586,"20130624",103144,"Low Risk","Unapproved or unmaintained equipment or utensils"
2586,"20130624",103161,"Low Risk","Low risk vermin infestation"
2586,"20130624",103133,"Moderate Risk","Foods not protected from contamination"
2586,"20130624",103132,"Moderate Risk","Improper thawing methods "
2586,"20130624",103103,"High Risk","High risk food holding temperature "
2586,"20130624",103102,"High Risk","Unclean hands or improper use of gloves"
2586,"20130624",103157,"Low Risk","Food safety certificate or food handler card not available"
2586,"20130624",103109,"High Risk","Unclean or unsanitary food contact surfaces"
2588,"20131119",103131,"Moderate Risk","Moderate risk vermin infestation"
2588,"20131119",103145,"Low Risk","Improper storage of equipment utensils or linens"
2588,"20130124",103154,"Low Risk","Unclean or degraded floors walls or ceilings"
2588,"20130124",103131,"Moderate Risk","Moderate risk vermin infestation"
2589,"20150209",103144,"Low Risk","Unapproved or unmaintained equipment or utensils"
2589,"20150209",103138,"Low Risk","Improper storage use or identification of toxic substances"
2589,"20150209",103149,"Low Risk","Wiping cloths not clean or properly stored or inadequate sanitizer"
2589,"20140121",103103,"High Risk","High risk food holding temperature "
2589,"20140121",103142,"Low Risk","Unclean nonfood contact surfaces"
2589,"20130517",103124,"Moderate Risk","Inadequately cleaned or sanitized food contact surfaces"
2589,"20130517",103138,"Low Risk","Improper storage use or identification of toxic substances"
2589,"20130517",103142,"Low Risk","Unclean nonfood contact surfaces"
2589,"20120821",103144,"Low Risk","Unapproved or unmaintained equipment or utensils"
2589,"20120821",103142,"Low Risk","Unclean nonfood contact surfaces"
2589,"20120821",103133,"Moderate Risk","Foods not protected from contamination"
2590,"20131204",103105,"High Risk","Improper cooling methods"
2590,"20130306",103139,"Low Risk","Improper food storage"
2590,"20130306",103142,"Low Risk","Unclean nonfood contact surfaces"
2590,"20140804",103154,"Low Risk","Unclean or degraded floors walls or ceilings"
2590,"20140804",103103,"High Risk","High risk food holding temperature "
2590,"20140804",103139,"Low Risk","Improper food storage"
2592,"20150317",103154,"Low Risk","Unclean or degraded floors walls or ceilings"
2592,"20150317",103119,"Moderate Risk","Inadequate and inaccessible handwashing facilities"
2592,"20150317",103102,"High Risk","Unclean hands or improper use of gloves"
2592,"20120626",103144,"Low Risk","Unapproved or unmaintained equipment or utensils"
2592,"20130116",103139,"Low Risk","Improper food storage"
2592,"20140721",103154,"Low Risk","Unclean or degraded floors walls or ceilings"
2592,"20140721",103149,"Low Risk","Wiping cloths not clean or properly stored or inadequate sanitizer"
2593,"20140611",103154,"Low Risk","Unclean or degraded floors walls or ceilings"
2593,"20140611",103142,"Low Risk","Unclean nonfood contact surfaces"
2593,"20140611",103143,"Low Risk","Inadequate warewashing facilities or equipment"
2593,"20140611",103149,"Low Risk","Wiping cloths not clean or properly stored or inadequate sanitizer"
2593,"20140611",103157,"Low Risk","Food safety certificate or food handler card not available"
2593,"20140611",103161,"Low Risk","Low risk vermin infestation"
2596,"20140903",103124,"Moderate Risk","Inadequately cleaned or sanitized food contact surfaces"
2596,"20140903",103147,"Low Risk","Inadequate ventilation or lighting"
2596,"20140903",103143,"Low Risk","Inadequate warewashing facilities or equipment"
2596,"20130318",103139,"Low Risk","Improper food storage"
2596,"20130318",103141,"Low Risk","Improper food labeling or menu misrepresentation"
2596,"20130318",103142,"Low Risk","Unclean nonfood contact surfaces"
2596,"20130318",103154,"Low Risk","Unclean or degraded floors walls or ceilings"
2596,"20140326",103149,"Low Risk","Wiping cloths not clean or properly stored or inadequate sanitizer"
2596,"20140326",103139,"Low Risk","Improper food storage"
2596,"20120905",103161,"Low Risk","Low risk vermin infestation"
2597,"20131118",103154,"Low Risk","Unclean or degraded floors walls or ceilings"
2597,"20131118",103149,"Low Risk","Wiping cloths not clean or properly stored or inadequate sanitizer"
2597,"20140422",103149,"Low Risk","Wiping cloths not clean or properly stored or inadequate sanitizer"
2599,"20141022",103124,"Moderate Risk","Inadequately cleaned or sanitized food contact surfaces"
2599,"20141022",103152,"Low Risk","Unclean unmaintained or improperly constructed toilet facilities"
2599,"20141022",103149,"Low Risk","Wiping cloths not clean or properly stored or inadequate sanitizer"
2599,"20141022",103142,"Low Risk","Unclean nonfood contact surfaces"
2599,"20131008",103156,"Low Risk","Permit license or inspection report not posted"
2599,"20131008",103131,"Moderate Risk","Moderate risk vermin infestation"
2599,"20131008",103151,"Low Risk","Inadequate or unsanitary refuse containers or area or no garbage service"
2599,"20131008",103109,"High Risk","Unclean or unsanitary food contact surfaces"
2599,"20131008",103105,"High Risk","Improper cooling methods"
2599,"20131008",103144,"Low Risk","Unapproved or unmaintained equipment or utensils"
2599,"20140501",103143,"Low Risk","Inadequate warewashing facilities or equipment"
2599,"20140501",103103,"High Risk","High risk food holding temperature "
2599,"20140501",103139,"Low Risk","Improper food storage"
2599,"20140501",103142,"Low Risk","Unclean nonfood contact surfaces"
2599,"20140501",103144,"Low Risk","Unapproved or unmaintained equipment or utensils"
2599,"20120723",103120,"Moderate Risk","Moderate risk food holding temperature "
2599,"20120723",103139,"Low Risk","Improper food storage"
2599,"20120723",103105,"High Risk","Improper cooling methods"
2599,"20120723",103144,"Low Risk","Unapproved or unmaintained equipment or utensils"
2599,"20120723",103149,"Low Risk","Wiping cloths not clean or properly stored or inadequate sanitizer"
2599,"20130102",103102,"High Risk","Unclean hands or improper use of gloves"
2599,"20130102",103108,"High Risk","Contaminated or adulterated food"
2599,"20130102",103131,"Moderate Risk","Moderate risk vermin infestation"
2599,"20130102",103147,"Low Risk","Inadequate ventilation or lighting"
2599,"20130102",103149,"Low Risk","Wiping cloths not clean or properly stored or inadequate sanitizer"
2599,"20130102",103142,"Low Risk","Unclean nonfood contact surfaces"
2599,"20140509",103143,"Low Risk","Inadequate warewashing facilities or equipment"
2599,"20140509",103120,"Moderate Risk","Moderate risk food holding temperature "
2601,"20150305",103159,"Low Risk","Worker safety hazards"
2601,"20150305",103139,"Low Risk","Improper food storage"
2601,"20150305",103119,"Moderate Risk","Inadequate and inaccessible handwashing facilities"
2601,"20130820",103120,"Moderate Risk","Moderate risk food holding temperature "
2601,"20130820",103116,"Moderate Risk","Inadequate food safety knowledge or lack of certified food safety manager"
2601,"20130820",103133,"Moderate Risk","Foods not protected from contamination"
2601,"20130820",103154,"Low Risk","Unclean or degraded floors walls or ceilings"
2601,"20130820",103149,"Low Risk","Wiping cloths not clean or properly stored or inadequate sanitizer"
2601,"20130820",103142,"Low Risk","Unclean nonfood contact surfaces"
2601,"20130110",103156,"Low Risk","Permit license or inspection report not posted"
2601,"20130110",103154,"Low Risk","Unclean or degraded floors walls or ceilings"
2601,"20130110",103150,"Low Risk","Improper or defective plumbing"
2601,"20130110",103142,"Low Risk","Unclean nonfood contact surfaces"
2601,"20130110",103139,"Low Risk","Improper food storage"
2601,"20130110",103119,"Moderate Risk","Inadequate and inaccessible handwashing facilities"
2609,"20150204",103133,"Moderate Risk","Foods not protected from contamination"
2609,"20150204",103114,"High Risk","High risk vermin infestation"
2609,"20150204",103119,"Moderate Risk","Inadequate and inaccessible handwashing facilities"
2609,"20150204",103145,"Low Risk","Improper storage of equipment utensils or linens"
2609,"20150204",103120,"Moderate Risk","Moderate risk food holding temperature "
2609,"20150204",103147,"Low Risk","Inadequate ventilation or lighting"
2609,"20150204",103144,"Low Risk","Unapproved or unmaintained equipment or utensils"
2609,"20150204",103154,"Low Risk","Unclean or degraded floors walls or ceilings"
2609,"20150204",103150,"Low Risk","Improper or defective plumbing"
2609,"20131107",103124,"Moderate Risk","Inadequately cleaned or sanitized food contact surfaces"
2609,"20131107",103116,"Moderate Risk","Inadequate food safety knowledge or lack of certified food safety manager"
2609,"20131107",103156,"Low Risk","Permit license or inspection report not posted"
2609,"20131107",103154,"Low Risk","Unclean or degraded floors walls or ceilings"
2609,"20131107",103131,"Moderate Risk","Moderate risk vermin infestation"
2609,"20131107",103139,"Low Risk","Improper food storage"
2609,"20131107",103142,"Low Risk","Unclean nonfood contact surfaces"
2609,"20131107",103150,"Low Risk","Improper or defective plumbing"
2609,"20120711",103142,"Low Risk","Unclean nonfood contact surfaces"
2609,"20120711",103134,"Moderate Risk","Other moderate risk violation"
2609,"20120711",103133,"Moderate Risk","Foods not protected from contamination"
2609,"20120711",103109,"High Risk","Unclean or unsanitary food contact surfaces"
2609,"20120711",103131,"Moderate Risk","Moderate risk vermin infestation"
2609,"20120711",103154,"Low Risk","Unclean or degraded floors walls or ceilings"
2609,"20130201",103145,"Low Risk","Improper storage of equipment utensils or linens"
2609,"20130201",103150,"Low Risk","Improper or defective plumbing"
2609,"20130201",103116,"Moderate Risk","Inadequate food safety knowledge or lack of certified food safety manager"
2609,"20130201",103154,"Low Risk","Unclean or degraded floors walls or ceilings"
2609,"20130201",103149,"Low Risk","Wiping cloths not clean or properly stored or inadequate sanitizer"
2609,"20130201",103142,"Low Risk","Unclean nonfood contact surfaces"
2609,"20130201",103114,"High Risk","High risk vermin infestation"
2610,"20150126",103120,"Moderate Risk","Moderate risk food holding temperature "
2610,"20150126",103131,"Moderate Risk","Moderate risk vermin infestation"
2610,"20130918",103131,"Moderate Risk","Moderate risk vermin infestation"
2610,"20130918",103149,"Low Risk","Wiping cloths not clean or properly stored or inadequate sanitizer"
2610,"20130918",103154,"Low Risk","Unclean or degraded floors walls or ceilings"
2610,"20130417",103134,"Moderate Risk","Other moderate risk violation"
2610,"20130417",103138,"Low Risk","Improper storage use or identification of toxic substances"
2610,"20130417",103139,"Low Risk","Improper food storage"
2610,"20130417",103131,"Moderate Risk","Moderate risk vermin infestation"
2610,"20130417",103142,"Low Risk","Unclean nonfood contact surfaces"
2610,"20130417",103120,"Moderate Risk","Moderate risk food holding temperature "
2610,"20130417",103144,"Low Risk","Unapproved or unmaintained equipment or utensils"
2610,"20140402",103131,"Moderate Risk","Moderate risk vermin infestation"
2610,"20140402",103145,"Low Risk","Improper storage of equipment utensils or linens"
2610,"20140402",103120,"Moderate Risk","Moderate risk food holding temperature "
2615,"20140826",103120,"Moderate Risk","Moderate risk food holding temperature "
2615,"20140826",103133,"Moderate Risk","Foods not protected from contamination"
2615,"20140826",103144,"Low Risk","Unapproved or unmaintained equipment or utensils"
2615,"20130723",103114,"High Risk","High risk vermin infestation"
2615,"20130725",103131,"Moderate Risk","Moderate risk vermin infestation"
2615,"20130723",103132,"Moderate Risk","Improper thawing methods "
2615,"20130610",103156,"Low Risk","Permit license or inspection report not posted"
2615,"20130610",103105,"High Risk","Improper cooling methods"
2615,"20130610",103109,"High Risk","Unclean or unsanitary food contact surfaces"
2615,"20130610",103120,"Moderate Risk","Moderate risk food holding temperature "
2615,"20130610",103133,"Moderate Risk","Foods not protected from contamination"
2615,"20130610",103131,"Moderate Risk","Moderate risk vermin infestation"
2615,"20140226",103132,"Moderate Risk","Improper thawing methods "
2615,"20140226",103124,"Moderate Risk","Inadequately cleaned or sanitized food contact surfaces"
2615,"20140226",103133,"Moderate Risk","Foods not protected from contamination"
2615,"20140226",103120,"Moderate Risk","Moderate risk food holding temperature "
2615,"20140226",103114,"High Risk","High risk vermin infestation"
2615,"20140226",103105,"High Risk","Improper cooling methods"
2615,"20140228",103161,"Low Risk","Low risk vermin infestation"
2615,"20120815",103161,"Low Risk","Low risk vermin infestation"
2615,"20120815",103139,"Low Risk","Improper food storage"
2615,"20120815",103149,"Low Risk","Wiping cloths not clean or properly stored or inadequate sanitizer"
2615,"20120815",103103,"High Risk","High risk food holding temperature "
2615,"20120815",103145,"Low Risk","Improper storage of equipment utensils or linens"
2615,"20120815",103132,"Moderate Risk","Improper thawing methods "
2615,"20120815",103133,"Moderate Risk","Foods not protected from contamination"
2619,"20131113",103120,"Moderate Risk","Moderate risk food holding temperature "
2619,"20131113",103139,"Low Risk","Improper food storage"
2619,"20131113",103154,"Low Risk","Unclean or degraded floors walls or ceilings"
2619,"20131113",103132,"Moderate Risk","Improper thawing methods "
2619,"20131113",103161,"Low Risk","Low risk vermin infestation"
2619,"20131113",103124,"Moderate Risk","Inadequately cleaned or sanitized food contact surfaces"
2619,"20120718",103124,"Moderate Risk","Inadequately cleaned or sanitized food contact surfaces"
2619,"20120718",103142,"Low Risk","Unclean nonfood contact surfaces"
2619,"20120718",103144,"Low Risk","Unapproved or unmaintained equipment or utensils"
2619,"20120718",103132,"Moderate Risk","Improper thawing methods "
2619,"20120718",103141,"Low Risk","Improper food labeling or menu misrepresentation"
2619,"20120718",103154,"Low Risk","Unclean or degraded floors walls or ceilings"
2619,"20120718",103133,"Moderate Risk","Foods not protected from contamination"
2620,"20130829",103103,"High Risk","High risk food holding temperature "
2620,"20130829",103161,"Low Risk","Low risk vermin infestation"
2620,"20130829",103142,"Low Risk","Unclean nonfood contact surfaces"
2620,"20130829",103105,"High Risk","Improper cooling methods"
2620,"20121115",103133,"Moderate Risk","Foods not protected from contamination"
2620,"20121115",103103,"High Risk","High risk food holding temperature "
2620,"20121115",103142,"Low Risk","Unclean nonfood contact surfaces"
2620,"20140516",103145,"Low Risk","Improper storage of equipment utensils or linens"
2620,"20140516",103119,"Moderate Risk","Inadequate and inaccessible handwashing facilities"
2620,"20140516",103124,"Moderate Risk","Inadequately cleaned or sanitized food contact surfaces"
2620,"20140516",103139,"Low Risk","Improper food storage"
2620,"20140516",103120,"Moderate Risk","Moderate risk food holding temperature "
2622,"20140916",103154,"Low Risk","Unclean or degraded floors walls or ceilings"
2622,"20140916",103148,"Low Risk","No thermometers or uncalibrated thermometers "
2622,"20140916",103124,"Moderate Risk","Inadequately cleaned or sanitized food contact surfaces"
2622,"20140916",103103,"High Risk","High risk food holding temperature "
2622,"20140916",103102,"High Risk","Unclean hands or improper use of gloves"
2622,"20130716",103154,"Low Risk","Unclean or degraded floors walls or ceilings"
2622,"20130716",103133,"Moderate Risk","Foods not protected from contamination"
2622,"20130716",103142,"Low Risk","Unclean nonfood contact surfaces"
2622,"20130716",103145,"Low Risk","Improper storage of equipment utensils or linens"
2622,"20130716",103147,"Low Risk","Inadequate ventilation or lighting"
2622,"20140311",103151,"Low Risk","Inadequate or unsanitary refuse containers or area or no garbage service"
2622,"20140311",103109,"High Risk","Unclean or unsanitary food contact surfaces"
2622,"20140311",103116,"Moderate Risk","Inadequate food safety knowledge or lack of certified food safety manager"
2622,"20121206",103103,"High Risk","High risk food holding temperature "
2622,"20121206",103124,"Moderate Risk","Inadequately cleaned or sanitized food contact surfaces"
2622,"20121206",103142,"Low Risk","Unclean nonfood contact surfaces"
2622,"20121206",103150,"Low Risk","Improper or defective plumbing"
2622,"20121206",103154,"Low Risk","Unclean or degraded floors walls or ceilings"
2627,"20131118",103144,"Low Risk","Unapproved or unmaintained equipment or utensils"
2627,"20131118",103147,"Low Risk","Inadequate ventilation or lighting"
2627,"20131118",103142,"Low Risk","Unclean nonfood contact surfaces"
2627,"20130314",103128,"Moderate Risk","Consumer advisory not provided for raw or undercooked foods"
2627,"20140415",103154,"Low Risk","Unclean or degraded floors walls or ceilings"
2627,"20140415",103147,"Low Risk","Inadequate ventilation or lighting"
2627,"20140415",103139,"Low Risk","Improper food storage"
2627,"20140415",103133,"Moderate Risk","Foods not protected from contamination"
2627,"20140415",103131,"Moderate Risk","Moderate risk vermin infestation"
2627,"20120615",103154,"Low Risk","Unclean or degraded floors walls or ceilings"
2627,"20120615",103157,"Low Risk","Food safety certificate or food handler card not available"
2632,"20140206",103145,"Low Risk","Improper storage of equipment utensils or linens"
2632,"20140206",103143,"Low Risk","Inadequate warewashing facilities or equipment"
2632,"20140206",103156,"Low Risk","Permit license or inspection report not posted"
2632,"20140206",103157,"Low Risk","Food safety certificate or food handler card not available"
2632,"20140206",103134,"Moderate Risk","Other moderate risk violation"
2632,"20130516",103142,"Low Risk","Unclean nonfood contact surfaces"
2632,"20130516",103144,"Low Risk","Unapproved or unmaintained equipment or utensils"
2632,"20130516",103152,"Low Risk","Unclean unmaintained or improperly constructed toilet facilities"
2632,"20130516",103116,"Moderate Risk","Inadequate food safety knowledge or lack of certified food safety manager"
2632,"20130516",103120,"Moderate Risk","Moderate risk food holding temperature "
2632,"20121026",103116,"Moderate Risk","Inadequate food safety knowledge or lack of certified food safety manager"
2632,"20121026",103142,"Low Risk","Unclean nonfood contact surfaces"
2632,"20121026",103148,"Low Risk","No thermometers or uncalibrated thermometers "
2632,"20121026",103145,"Low Risk","Improper storage of equipment utensils or linens"
2632,"20140807",103154,"Low Risk","Unclean or degraded floors walls or ceilings"
2632,"20140807",103120,"Moderate Risk","Moderate risk food holding temperature "
2638,"20131119",103157,"Low Risk","Food safety certificate or food handler card not available"
2638,"20131119",103114,"High Risk","High risk vermin infestation"
2638,"20130523",103131,"Moderate Risk","Moderate risk vermin infestation"
2638,"20140429",103156,"Low Risk","Permit license or inspection report not posted"
2638,"20140429",103161,"Low Risk","Low risk vermin infestation"
2638,"20121204",103161,"Low Risk","Low risk vermin infestation"
2638,"20121204",103157,"Low Risk","Food safety certificate or food handler card not available"
2638,"20121204",103154,"Low Risk","Unclean or degraded floors walls or ceilings"
2643,"20150402",103154,"Low Risk","Unclean or degraded floors walls or ceilings"
2643,"20150402",103139,"Low Risk","Improper food storage"
2643,"20150402",103131,"Moderate Risk","Moderate risk vermin infestation"
2643,"20150402",103108,"High Risk","Contaminated or adulterated food"
2643,"20130729",103105,"High Risk","Improper cooling methods"
2643,"20140122",103154,"Low Risk","Unclean or degraded floors walls or ceilings"
2643,"20140122",103119,"Moderate Risk","Inadequate and inaccessible handwashing facilities"
2643,"20120820",103144,"Low Risk","Unapproved or unmaintained equipment or utensils"
2643,"20120820",103149,"Low Risk","Wiping cloths not clean or properly stored or inadequate sanitizer"
2643,"20130109",103142,"Low Risk","Unclean nonfood contact surfaces"
2645,"20140904",103109,"High Risk","Unclean or unsanitary food contact surfaces"
2645,"20140904",103139,"Low Risk","Improper food storage"
2645,"20140127",103131,"Moderate Risk","Moderate risk vermin infestation"
2645,"20140127",103154,"Low Risk","Unclean or degraded floors walls or ceilings"
2645,"20140127",103121,"Moderate Risk","Inadequate procedures or records for time as a public health control "
2645,"20130102",103131,"Moderate Risk","Moderate risk vermin infestation"
2645,"20130102",103154,"Low Risk","Unclean or degraded floors walls or ceilings"
2646,"20150602",103139,"Low Risk","Improper food storage"
2646,"20150602",103154,"Low Risk","Unclean or degraded floors walls or ceilings"
2646,"20150602",103131,"Moderate Risk","Moderate risk vermin infestation"
2646,"20131011",103103,"High Risk","High risk food holding temperature "
2646,"20131011",103131,"Moderate Risk","Moderate risk vermin infestation"
2646,"20130415",103133,"Moderate Risk","Foods not protected from contamination"
2646,"20140414",103128,"Moderate Risk","Consumer advisory not provided for raw or undercooked foods"
2646,"20140414",103131,"Moderate Risk","Moderate risk vermin infestation"
2646,"20121023",103149,"Low Risk","Wiping cloths not clean or properly stored or inadequate sanitizer"
2646,"20121023",103144,"Low Risk","Unapproved or unmaintained equipment or utensils"
2646,"20121023",103145,"Low Risk","Improper storage of equipment utensils or linens"
2648,"20150518",103149,"Low Risk","Wiping cloths not clean or properly stored or inadequate sanitizer"
2648,"20150518",103154,"Low Risk","Unclean or degraded floors walls or ceilings"
2648,"20150518",103120,"Moderate Risk","Moderate risk food holding temperature "
2648,"20150518",103119,"Moderate Risk","Inadequate and inaccessible handwashing facilities"
2648,"20130801",103109,"High Risk","Unclean or unsanitary food contact surfaces"
2648,"20130801",103145,"Low Risk","Improper storage of equipment utensils or linens"
2648,"20130801",103156,"Low Risk","Permit license or inspection report not posted"
2648,"20140204",103145,"Low Risk","Improper storage of equipment utensils or linens"
2648,"20140204",103151,"Low Risk","Inadequate or unsanitary refuse containers or area or no garbage service"
2648,"20140204",103120,"Moderate Risk","Moderate risk food holding temperature "
2648,"20120814",103156,"Low Risk","Permit license or inspection report not posted"
2648,"20120814",103151,"Low Risk","Inadequate or unsanitary refuse containers or area or no garbage service"
2648,"20120814",103116,"Moderate Risk","Inadequate food safety knowledge or lack of certified food safety manager"
2648,"20120814",103109,"High Risk","Unclean or unsanitary food contact surfaces"
2648,"20120814",103105,"High Risk","Improper cooling methods"
2648,"20130123",103150,"Low Risk","Improper or defective plumbing"
2648,"20130123",103156,"Low Risk","Permit license or inspection report not posted"
2648,"20130123",103151,"Low Risk","Inadequate or unsanitary refuse containers or area or no garbage service"
2648,"20130123",103105,"High Risk","Improper cooling methods"
2648,"20130123",103119,"Moderate Risk","Inadequate and inaccessible handwashing facilities"
2648,"20130123",103145,"Low Risk","Improper storage of equipment utensils or linens"
2649,"20150513",103133,"Moderate Risk","Foods not protected from contamination"
2649,"20150513",103114,"High Risk","High risk vermin infestation"
2649,"20150513",103154,"Low Risk","Unclean or degraded floors walls or ceilings"
2649,"20130923",103149,"Low Risk","Wiping cloths not clean or properly stored or inadequate sanitizer"
2649,"20130313",103142,"Low Risk","Unclean nonfood contact surfaces"
2649,"20130313",103133,"Moderate Risk","Foods not protected from contamination"
2649,"20140319",103139,"Low Risk","Improper food storage"
2649,"20120801",103149,"Low Risk","Wiping cloths not clean or properly stored or inadequate sanitizer"
2649,"20120801",103103,"High Risk","High risk food holding temperature "
2649,"20120801",103119,"Moderate Risk","Inadequate and inaccessible handwashing facilities"
2652,"20130729",103154,"Low Risk","Unclean or degraded floors walls or ceilings"
2652,"20130729",103108,"High Risk","Contaminated or adulterated food"
2652,"20140122",103154,"Low Risk","Unclean or degraded floors walls or ceilings"
2652,"20140122",103149,"Low Risk","Wiping cloths not clean or properly stored or inadequate sanitizer"
2652,"20120619",103154,"Low Risk","Unclean or degraded floors walls or ceilings"
2652,"20120619",103109,"High Risk","Unclean or unsanitary food contact surfaces"
2652,"20130129",103142,"Low Risk","Unclean nonfood contact surfaces"
2652,"20130129",103154,"Low Risk","Unclean or degraded floors walls or ceilings"
2653,"20130916",103156,"Low Risk","Permit license or inspection report not posted"
2653,"20130916",103133,"Moderate Risk","Foods not protected from contamination"
2653,"20130916",103120,"Moderate Risk","Moderate risk food holding temperature "
2653,"20140507",103133,"Moderate Risk","Foods not protected from contamination"
2653,"20140507",103142,"Low Risk","Unclean nonfood contact surfaces"
2653,"20140507",103120,"Moderate Risk","Moderate risk food holding temperature "
2653,"20130115",103139,"Low Risk","Improper food storage"
2653,"20130115",103151,"Low Risk","Inadequate or unsanitary refuse containers or area or no garbage service"
2653,"20130115",103149,"Low Risk","Wiping cloths not clean or properly stored or inadequate sanitizer"
2659,"20140825",103103,"High Risk","High risk food holding temperature "
2659,"20140825",103144,"Low Risk","Unapproved or unmaintained equipment or utensils"
2659,"20140825",103142,"Low Risk","Unclean nonfood contact surfaces"
2659,"20140825",103154,"Low Risk","Unclean or degraded floors walls or ceilings"
2659,"20140825",103124,"Moderate Risk","Inadequately cleaned or sanitized food contact surfaces"
2659,"20140129",103149,"Low Risk","Wiping cloths not clean or properly stored or inadequate sanitizer"
2659,"20140129",103144,"Low Risk","Unapproved or unmaintained equipment or utensils"
2659,"20140129",103142,"Low Risk","Unclean nonfood contact surfaces"
2659,"20130612",103149,"Low Risk","Wiping cloths not clean or properly stored or inadequate sanitizer"
2659,"20130612",103109,"High Risk","Unclean or unsanitary food contact surfaces"
2659,"20130612",103142,"Low Risk","Unclean nonfood contact surfaces"
2659,"20120806",103109,"High Risk","Unclean or unsanitary food contact surfaces"
2659,"20121120",103142,"Low Risk","Unclean nonfood contact surfaces"
2659,"20121120",103119,"Moderate Risk","Inadequate and inaccessible handwashing facilities"
2659,"20121120",103157,"Low Risk","Food safety certificate or food handler card not available"
2659,"20121120",103112,"High Risk","No hot water or running water"
2659,"20121120",103109,"High Risk","Unclean or unsanitary food contact surfaces"
2664,"20141106",103120,"Moderate Risk","Moderate risk food holding temperature "
2664,"20141106",103139,"Low Risk","Improper food storage"
2664,"20141106",103133,"Moderate Risk","Foods not protected from contamination"
2664,"20130801",103124,"Moderate Risk","Inadequately cleaned or sanitized food contact surfaces"
2664,"20130801",103131,"Moderate Risk","Moderate risk vermin infestation"
2664,"20130801",103139,"Low Risk","Improper food storage"
2664,"20130801",103142,"Low Risk","Unclean nonfood contact surfaces"
2664,"20140326",103152,"Low Risk","Unclean unmaintained or improperly constructed toilet facilities"
2664,"20140326",103124,"Moderate Risk","Inadequately cleaned or sanitized food contact surfaces"
2664,"20140326",103161,"Low Risk","Low risk vermin infestation"
2664,"20140326",103119,"Moderate Risk","Inadequate and inaccessible handwashing facilities"
2664,"20121017",103139,"Low Risk","Improper food storage"
2664,"20121017",103142,"Low Risk","Unclean nonfood contact surfaces"
2664,"20121017",103131,"Moderate Risk","Moderate risk vermin infestation"
2664,"20121017",103154,"Low Risk","Unclean or degraded floors walls or ceilings"
2664,"20121017",103157,"Low Risk","Food safety certificate or food handler card not available"
2664,"20121017",103133,"Moderate Risk","Foods not protected from contamination"
2664,"20121017",103115,"High Risk","Other high risk violation"
2664,"20121017",103102,"High Risk","Unclean hands or improper use of gloves"
2664,"20121017",103103,"High Risk","High risk food holding temperature "
2664,"20130116",103131,"Moderate Risk","Moderate risk vermin infestation"
2664,"20130116",103142,"Low Risk","Unclean nonfood contact surfaces"
2664,"20130116",103145,"Low Risk","Improper storage of equipment utensils or linens"
2664,"20130116",103144,"Low Risk","Unapproved or unmaintained equipment or utensils"
2664,"20130116",103139,"Low Risk","Improper food storage"
2667,"20130829",103144,"Low Risk","Unapproved or unmaintained equipment or utensils"
2667,"20130829",103109,"High Risk","Unclean or unsanitary food contact surfaces"
2667,"20130829",103102,"High Risk","Unclean hands or improper use of gloves"
2667,"20130606",103120,"Moderate Risk","Moderate risk food holding temperature "
2667,"20140414",103145,"Low Risk","Improper storage of equipment utensils or linens"
2667,"20121204",103144,"Low Risk","Unapproved or unmaintained equipment or utensils"
2671,"20130501",103149,"Low Risk","Wiping cloths not clean or properly stored or inadequate sanitizer"
2671,"20130501",103123,"Moderate Risk","Food in poor condition"
2671,"20130501",103119,"Moderate Risk","Inadequate and inaccessible handwashing facilities"
2671,"20130501",103154,"Low Risk","Unclean or degraded floors walls or ceilings"
2671,"20130501",103114,"High Risk","High risk vermin infestation"
2671,"20130501",103103,"High Risk","High risk food holding temperature "
2671,"20130501",103162,"Low Risk","Other low risk violation"
2671,"20121101",103154,"Low Risk","Unclean or degraded floors walls or ceilings"
2671,"20121101",103149,"Low Risk","Wiping cloths not clean or properly stored or inadequate sanitizer"
2671,"20121101",103109,"High Risk","Unclean or unsanitary food contact surfaces"
2671,"20121101",103102,"High Risk","Unclean hands or improper use of gloves"
2671,"20121102",103131,"Moderate Risk","Moderate risk vermin infestation"
2671,"20121101",103114,"High Risk","High risk vermin infestation"
2671,"20121101",103123,"Moderate Risk","Food in poor condition"
2671,"20140825",103157,"Low Risk","Food safety certificate or food handler card not available"
2671,"20140825",103119,"Moderate Risk","Inadequate and inaccessible handwashing facilities"
2671,"20140825",103156,"Low Risk","Permit license or inspection report not posted"
2671,"20140825",103149,"Low Risk","Wiping cloths not clean or properly stored or inadequate sanitizer"
2674,"20141204",103142,"Low Risk","Unclean nonfood contact surfaces"
2674,"20141204",103109,"High Risk","Unclean or unsanitary food contact surfaces"
2674,"20141204",103114,"High Risk","High risk vermin infestation"
2674,"20141204",103154,"Low Risk","Unclean or degraded floors walls or ceilings"
2674,"20141204",103156,"Low Risk","Permit license or inspection report not posted"
2674,"20140117",103119,"Moderate Risk","Inadequate and inaccessible handwashing facilities"
2674,"20140117",103150,"Low Risk","Improper or defective plumbing"
2674,"20140117",103149,"Low Risk","Wiping cloths not clean or properly stored or inadequate sanitizer"
2674,"20140117",103142,"Low Risk","Unclean nonfood contact surfaces"
2674,"20140117",103132,"Moderate Risk","Improper thawing methods "
2674,"20130530",103142,"Low Risk","Unclean nonfood contact surfaces"
2674,"20130530",103150,"Low Risk","Improper or defective plumbing"
2676,"20150302",103105,"High Risk","Improper cooling methods"
2676,"20130903",103149,"Low Risk","Wiping cloths not clean or properly stored or inadequate sanitizer"
2676,"20130903",103143,"Low Risk","Inadequate warewashing facilities or equipment"
2676,"20140421",103149,"Low Risk","Wiping cloths not clean or properly stored or inadequate sanitizer"
2676,"20120725",103131,"Moderate Risk","Moderate risk vermin infestation"
2684,"20150113",103149,"Low Risk","Wiping cloths not clean or properly stored or inadequate sanitizer"
2684,"20150113",103142,"Low Risk","Unclean nonfood contact surfaces"
2684,"20150113",103119,"Moderate Risk","Inadequate and inaccessible handwashing facilities"
2684,"20150113",103131,"Moderate Risk","Moderate risk vermin infestation"
2684,"20130812",103144,"Low Risk","Unapproved or unmaintained equipment or utensils"
2684,"20131007",103124,"Moderate Risk","Inadequately cleaned or sanitized food contact surfaces"
2684,"20130812",103161,"Low Risk","Low risk vermin infestation"
2684,"20130812",103139,"Low Risk","Improper food storage"
2684,"20130812",103149,"Low Risk","Wiping cloths not clean or properly stored or inadequate sanitizer"
2684,"20130812",103142,"Low Risk","Unclean nonfood contact surfaces"
2684,"20131007",103161,"Low Risk","Low risk vermin infestation"
2684,"20131007",103162,"Low Risk","Other low risk violation"
2684,"20130812",103119,"Moderate Risk","Inadequate and inaccessible handwashing facilities"
2684,"20130812",103103,"High Risk","High risk food holding temperature "
2684,"20121126",103133,"Moderate Risk","Foods not protected from contamination"
2684,"20121126",103142,"Low Risk","Unclean nonfood contact surfaces"
2684,"20121126",103157,"Low Risk","Food safety certificate or food handler card not available"
2684,"20121126",103119,"Moderate Risk","Inadequate and inaccessible handwashing facilities"
2684,"20140509",103133,"Moderate Risk","Foods not protected from contamination"
2684,"20140509",103145,"Low Risk","Improper storage of equipment utensils or linens"
2684,"20140509",103161,"Low Risk","Low risk vermin infestation"
2684,"20140509",103139,"Low Risk","Improper food storage"
2689,"20130225",103143,"Low Risk","Inadequate warewashing facilities or equipment"
2689,"20140528",103149,"Low Risk","Wiping cloths not clean or properly stored or inadequate sanitizer"
2689,"20140528",103120,"Moderate Risk","Moderate risk food holding temperature "
2689,"20140528",103144,"Low Risk","Unapproved or unmaintained equipment or utensils"
2690,"20140827",103120,"Moderate Risk","Moderate risk food holding temperature "
2690,"20140203",103120,"Moderate Risk","Moderate risk food holding temperature "
2690,"20140203",103138,"Low Risk","Improper storage use or identification of toxic substances"
2690,"20140203",103144,"Low Risk","Unapproved or unmaintained equipment or utensils"
2690,"20130529",103161,"Low Risk","Low risk vermin infestation"
2690,"20130529",103105,"High Risk","Improper cooling methods"
2690,"20130529",103119,"Moderate Risk","Inadequate and inaccessible handwashing facilities"
2690,"20120828",103144,"Low Risk","Unapproved or unmaintained equipment or utensils"
2690,"20120828",103105,"High Risk","Improper cooling methods"
2692,"20141002",103139,"Low Risk","Improper food storage"
2697,"20130916",103102,"High Risk","Unclean hands or improper use of gloves"
2697,"20130916",103105,"High Risk","Improper cooling methods"
2697,"20130916",103120,"Moderate Risk","Moderate risk food holding temperature "
2697,"20130916",103123,"Moderate Risk","Food in poor condition"
2697,"20130916",103124,"Moderate Risk","Inadequately cleaned or sanitized food contact surfaces"
2697,"20130916",103142,"Low Risk","Unclean nonfood contact surfaces"
2697,"20130916",103144,"Low Risk","Unapproved or unmaintained equipment or utensils"
2697,"20140428",103103,"High Risk","High risk food holding temperature "
2697,"20140428",103124,"Moderate Risk","Inadequately cleaned or sanitized food contact surfaces"
2697,"20140428",103133,"Moderate Risk","Foods not protected from contamination"
2697,"20140428",103142,"Low Risk","Unclean nonfood contact surfaces"
2697,"20140428",103150,"Low Risk","Improper or defective plumbing"
2697,"20140428",103161,"Low Risk","Low risk vermin infestation"
2697,"20121126",103133,"Moderate Risk","Foods not protected from contamination"
2697,"20121126",103142,"Low Risk","Unclean nonfood contact surfaces"
2697,"20121126",103144,"Low Risk","Unapproved or unmaintained equipment or utensils"
2697,"20121126",103131,"Moderate Risk","Moderate risk vermin infestation"
2697,"20130207",103105,"High Risk","Improper cooling methods"
2697,"20121126",103105,"High Risk","Improper cooling methods"
2697,"20121126",103109,"High Risk","Unclean or unsanitary food contact surfaces"
2697,"20121126",103119,"Moderate Risk","Inadequate and inaccessible handwashing facilities"
2697,"20130207",103124,"Moderate Risk","Inadequately cleaned or sanitized food contact surfaces"
2697,"20121126",103116,"Moderate Risk","Inadequate food safety knowledge or lack of certified food safety manager"
2697,"20121126",103120,"Moderate Risk","Moderate risk food holding temperature "
2697,"20130207",103119,"Moderate Risk","Inadequate and inaccessible handwashing facilities"
2697,"20121126",103102,"High Risk","Unclean hands or improper use of gloves"
2700,"20141021",103124,"Moderate Risk","Inadequately cleaned or sanitized food contact surfaces"
2700,"20141021",103120,"Moderate Risk","Moderate risk food holding temperature "
2700,"20141021",103108,"High Risk","Contaminated or adulterated food"
2700,"20141021",103102,"High Risk","Unclean hands or improper use of gloves"
2700,"20130917",103161,"Low Risk","Low risk vermin infestation"
2700,"20130917",103102,"High Risk","Unclean hands or improper use of gloves"
2700,"20130607",103131,"Moderate Risk","Moderate risk vermin infestation"
2700,"20130606",103129,"Moderate Risk","Insufficient hot water or running water"
2700,"20130606",103103,"High Risk","High risk food holding temperature "
2700,"20130606",103149,"Low Risk","Wiping cloths not clean or properly stored or inadequate sanitizer"
2700,"20130606",103142,"Low Risk","Unclean nonfood contact surfaces"
2700,"20130606",103114,"High Risk","High risk vermin infestation"
2700,"20130606",103138,"Low Risk","Improper storage use or identification of toxic substances"
2700,"20130606",103118,"Moderate Risk","Employee eating or smoking"
2700,"20140227",103161,"Low Risk","Low risk vermin infestation"
2700,"20140227",103103,"High Risk","High risk food holding temperature "
2700,"20140227",103124,"Moderate Risk","Inadequately cleaned or sanitized food contact surfaces"
2700,"20140227",103105,"High Risk","Improper cooling methods"
2700,"20120912",103109,"High Risk","Unclean or unsanitary food contact surfaces"
2700,"20120912",103142,"Low Risk","Unclean nonfood contact surfaces"
2700,"20120912",103133,"Moderate Risk","Foods not protected from contamination"
2700,"20120913",103165,"Low Risk","No plan review or Building Permit"
2700,"20120912",103114,"High Risk","High risk vermin infestation"
2700,"20120912",103120,"Moderate Risk","Moderate risk food holding temperature "
2700,"20120912",103144,"Low Risk","Unapproved or unmaintained equipment or utensils"
2702,"20150601",103154,"Low Risk","Unclean or degraded floors walls or ceilings"
2702,"20150601",103139,"Low Risk","Improper food storage"
2702,"20150601",103131,"Moderate Risk","Moderate risk vermin infestation"
2702,"20150601",103103,"High Risk","High risk food holding temperature "
2702,"20131011",103118,"Moderate Risk","Employee eating or smoking"
2702,"20131011",103105,"High Risk","Improper cooling methods"
2702,"20130410",103105,"High Risk","Improper cooling methods"
2702,"20140407",103156,"Low Risk","Permit license or inspection report not posted"
2702,"20140407",103103,"High Risk","High risk food holding temperature "
2702,"20121023",103139,"Low Risk","Improper food storage"
2704,"20131205",103133,"Moderate Risk","Foods not protected from contamination"
2704,"20130508",103138,"Low Risk","Improper storage use or identification of toxic substances"
2704,"20130508",103149,"Low Risk","Wiping cloths not clean or properly stored or inadequate sanitizer"
2704,"20130508",103154,"Low Risk","Unclean or degraded floors walls or ceilings"
2706,"20141106",103154,"Low Risk","Unclean or degraded floors walls or ceilings"
2706,"20141106",103142,"Low Risk","Unclean nonfood contact surfaces"
2706,"20140127",103114,"High Risk","High risk vermin infestation"
2706,"20131106",103109,"High Risk","Unclean or unsanitary food contact surfaces"
2706,"20131106",103131,"Moderate Risk","Moderate risk vermin infestation"
2706,"20121024",103149,"Low Risk","Wiping cloths not clean or properly stored or inadequate sanitizer"
2706,"20121024",103145,"Low Risk","Improper storage of equipment utensils or linens"
2706,"20121024",103120,"Moderate Risk","Moderate risk food holding temperature "
2706,"20121024",103154,"Low Risk","Unclean or degraded floors walls or ceilings"
2709,"20130724",103103,"High Risk","High risk food holding temperature "
2709,"20130724",103123,"Moderate Risk","Food in poor condition"
2709,"20130724",103119,"Moderate Risk","Inadequate and inaccessible handwashing facilities"
2709,"20130724",103142,"Low Risk","Unclean nonfood contact surfaces"
2709,"20130724",103149,"Low Risk","Wiping cloths not clean or properly stored or inadequate sanitizer"
2709,"20130724",103154,"Low Risk","Unclean or degraded floors walls or ceilings"
2709,"20130724",103105,"High Risk","Improper cooling methods"
2709,"20120822",103161,"Low Risk","Low risk vermin infestation"
2709,"20120822",103109,"High Risk","Unclean or unsanitary food contact surfaces"
2709,"20120822",103124,"Moderate Risk","Inadequately cleaned or sanitized food contact surfaces"
2709,"20140604",103133,"Moderate Risk","Foods not protected from contamination"
2709,"20140604",103149,"Low Risk","Wiping cloths not clean or properly stored or inadequate sanitizer"
2709,"20140604",103142,"Low Risk","Unclean nonfood contact surfaces"
2714,"20140827",103103,"High Risk","High risk food holding temperature "
2714,"20140827",103138,"Low Risk","Improper storage use or identification of toxic substances"
2714,"20140827",103148,"Low Risk","No thermometers or uncalibrated thermometers "
2714,"20140827",103150,"Low Risk","Improper or defective plumbing"
2714,"20130805",103149,"Low Risk","Wiping cloths not clean or properly stored or inadequate sanitizer"
2714,"20130805",103123,"Moderate Risk","Food in poor condition"
2714,"20130805",103151,"Low Risk","Inadequate or unsanitary refuse containers or area or no garbage service"
2714,"20130805",103103,"High Risk","High risk food holding temperature "
2714,"20140224",103154,"Low Risk","Unclean or degraded floors walls or ceilings"
2714,"20121009",103148,"Low Risk","No thermometers or uncalibrated thermometers "
2714,"20121009",103139,"Low Risk","Improper food storage"
2716,"20130322",103120,"Moderate Risk","Moderate risk food holding temperature "
2716,"20130322",103139,"Low Risk","Improper food storage"
2716,"20130322",103149,"Low Risk","Wiping cloths not clean or properly stored or inadequate sanitizer"
2716,"20130322",103161,"Low Risk","Low risk vermin infestation"
2716,"20140409",103149,"Low Risk","Wiping cloths not clean or properly stored or inadequate sanitizer"
2716,"20140409",103142,"Low Risk","Unclean nonfood contact surfaces"
2716,"20140409",103161,"Low Risk","Low risk vermin infestation"
2716,"20140409",103151,"Low Risk","Inadequate or unsanitary refuse containers or area or no garbage service"
2716,"20140409",103151,"Low Risk","Inadequate or unsanitary refuse containers or area or no garbage service"
2717,"20130613",103103,"High Risk","High risk food holding temperature "
2717,"20130613",103145,"Low Risk","Improper storage of equipment utensils or linens"
2717,"20130613",103152,"Low Risk","Unclean unmaintained or improperly constructed toilet facilities"
2717,"20130613",103149,"Low Risk","Wiping cloths not clean or properly stored or inadequate sanitizer"
2717,"20130613",103161,"Low Risk","Low risk vermin infestation"
2717,"20130613",103157,"Low Risk","Food safety certificate or food handler card not available"
2717,"20121130",103127,"Moderate Risk","Noncompliance with HAACP plan or variance"
2717,"20121130",103149,"Low Risk","Wiping cloths not clean or properly stored or inadequate sanitizer"
2717,"20121130",103154,"Low Risk","Unclean or degraded floors walls or ceilings"
2717,"20121113",103145,"Low Risk","Improper storage of equipment utensils or linens"
2717,"20121113",103103,"High Risk","High risk food holding temperature "
2717,"20121113",103119,"Moderate Risk","Inadequate and inaccessible handwashing facilities"
2717,"20121113",103131,"Moderate Risk","Moderate risk vermin infestation"
2717,"20121113",103127,"Moderate Risk","Noncompliance with HAACP plan or variance"
2717,"20121113",103155,"Low Risk","Unapproved  living quarters in food facility"
2717,"20121113",103149,"Low Risk","Wiping cloths not clean or properly stored or inadequate sanitizer"
2717,"20140610",103120,"Moderate Risk","Moderate risk food holding temperature "
2717,"20140610",103139,"Low Risk","Improper food storage"
2717,"20140610",103142,"Low Risk","Unclean nonfood contact surfaces"
2717,"20140610",103145,"Low Risk","Improper storage of equipment utensils or linens"
2721,"20150422",103138,"Low Risk","Improper storage use or identification of toxic substances"
2721,"20150430",103138,"Low Risk","Improper storage use or identification of toxic substances"
2721,"20150430",103144,"Low Risk","Unapproved or unmaintained equipment or utensils"
2721,"20150422",103144,"Low Risk","Unapproved or unmaintained equipment or utensils"
2721,"20150422",103131,"Moderate Risk","Moderate risk vermin infestation"
2721,"20150422",103114,"High Risk","High risk vermin infestation"
2721,"20150422",103154,"Low Risk","Unclean or degraded floors walls or ceilings"
2721,"20150422",103133,"Moderate Risk","Foods not protected from contamination"
2721,"20150422",103151,"Low Risk","Inadequate or unsanitary refuse containers or area or no garbage service"
2721,"20130729",103145,"Low Risk","Improper storage of equipment utensils or linens"
2721,"20140121",103142,"Low Risk","Unclean nonfood contact surfaces"
2721,"20140121",103132,"Moderate Risk","Improper thawing methods "
2721,"20140121",103103,"High Risk","High risk food holding temperature "
2721,"20120820",103142,"Low Risk","Unclean nonfood contact surfaces"
2721,"20120820",103133,"Moderate Risk","Foods not protected from contamination"
2721,"20120820",103118,"Moderate Risk","Employee eating or smoking"
2721,"20130114",103151,"Low Risk","Inadequate or unsanitary refuse containers or area or no garbage service"
2724,"20150507",103145,"Low Risk","Improper storage of equipment utensils or linens"
2724,"20150507",103133,"Moderate Risk","Foods not protected from contamination"
2724,"20150507",103149,"Low Risk","Wiping cloths not clean or properly stored or inadequate sanitizer"
2724,"20131101",103116,"Moderate Risk","Inadequate food safety knowledge or lack of certified food safety manager"
2724,"20131101",103133,"Moderate Risk","Foods not protected from contamination"
2724,"20121010",103124,"Moderate Risk","Inadequately cleaned or sanitized food contact surfaces"
2724,"20121010",103123,"Moderate Risk","Food in poor condition"
2724,"20121010",103103,"High Risk","High risk food holding temperature "
2724,"20121010",103144,"Low Risk","Unapproved or unmaintained equipment or utensils"
2724,"20140724",103149,"Low Risk","Wiping cloths not clean or properly stored or inadequate sanitizer"
2724,"20140724",103120,"Moderate Risk","Moderate risk food holding temperature "
2724,"20140724",103123,"Moderate Risk","Food in poor condition"
2725,"20150518",103131,"Moderate Risk","Moderate risk vermin infestation"
2725,"20150518",103139,"Low Risk","Improper food storage"
2725,"20150518",103142,"Low Risk","Unclean nonfood contact surfaces"
2725,"20130909",103103,"High Risk","High risk food holding temperature "
2725,"20130909",103116,"Moderate Risk","Inadequate food safety knowledge or lack of certified food safety manager"
2725,"20130909",103119,"Moderate Risk","Inadequate and inaccessible handwashing facilities"
2725,"20130909",103123,"Moderate Risk","Food in poor condition"
2725,"20140422",103105,"High Risk","Improper cooling methods"
2725,"20140422",103144,"Low Risk","Unapproved or unmaintained equipment or utensils"
2725,"20120925",103149,"Low Risk","Wiping cloths not clean or properly stored or inadequate sanitizer"
2725,"20120925",103109,"High Risk","Unclean or unsanitary food contact surfaces"
2731,"20140123",103120,"Moderate Risk","Moderate risk food holding temperature "
2732,"20130701",103144,"Low Risk","Unapproved or unmaintained equipment or utensils"
2732,"20130701",103138,"Low Risk","Improper storage use or identification of toxic substances"
2732,"20130701",103114,"High Risk","High risk vermin infestation"
2732,"20130701",103139,"Low Risk","Improper food storage"
2732,"20130701",103142,"Low Risk","Unclean nonfood contact surfaces"
2732,"20130701",103149,"Low Risk","Wiping cloths not clean or properly stored or inadequate sanitizer"
2732,"20130701",103103,"High Risk","High risk food holding temperature "
2732,"20140121",103143,"Low Risk","Inadequate warewashing facilities or equipment"
2732,"20140121",103145,"Low Risk","Improper storage of equipment utensils or linens"
2732,"20140121",103154,"Low Risk","Unclean or degraded floors walls or ceilings"
2732,"20140121",103139,"Low Risk","Improper food storage"
2732,"20140121",103131,"Moderate Risk","Moderate risk vermin infestation"
2732,"20140121",103138,"Low Risk","Improper storage use or identification of toxic substances"
2732,"20121210",103141,"Low Risk","Improper food labeling or menu misrepresentation"
2732,"20121210",103142,"Low Risk","Unclean nonfood contact surfaces"
2732,"20121210",103162,"Low Risk","Other low risk violation"
2732,"20121210",103138,"Low Risk","Improper storage use or identification of toxic substances"
2732,"20121210",103152,"Low Risk","Unclean unmaintained or improperly constructed toilet facilities"
2732,"20140730",103118,"Moderate Risk","Employee eating or smoking"
2732,"20140730",103131,"Moderate Risk","Moderate risk vermin infestation"
2732,"20140730",103143,"Low Risk","Inadequate warewashing facilities or equipment"
2732,"20140730",103151,"Low Risk","Inadequate or unsanitary refuse containers or area or no garbage service"
2732,"20140730",103154,"Low Risk","Unclean or degraded floors walls or ceilings"
2733,"20150527",103139,"Low Risk","Improper food storage"
2733,"20140325",103143,"Low Risk","Inadequate warewashing facilities or equipment"
2733,"20120709",103119,"Moderate Risk","Inadequate and inaccessible handwashing facilities"
2733,"20120709",103157,"Low Risk","Food safety certificate or food handler card not available"
2733,"20120709",103156,"Low Risk","Permit license or inspection report not posted"
2733,"20120709",103142,"Low Risk","Unclean nonfood contact surfaces"
2733,"20120709",103143,"Low Risk","Inadequate warewashing facilities or equipment"
2733,"20130115",103161,"Low Risk","Low risk vermin infestation"
2733,"20130115",103156,"Low Risk","Permit license or inspection report not posted"
2733,"20130115",103142,"Low Risk","Unclean nonfood contact surfaces"
2733,"20130115",103133,"Moderate Risk","Foods not protected from contamination"
2733,"20130115",103144,"Low Risk","Unapproved or unmaintained equipment or utensils"
2733,"20130115",103120,"Moderate Risk","Moderate risk food holding temperature "
2737,"20130909",103148,"Low Risk","No thermometers or uncalibrated thermometers "
2737,"20130909",103133,"Moderate Risk","Foods not protected from contamination"
2737,"20130909",103105,"High Risk","Improper cooling methods"
2737,"20130909",103103,"High Risk","High risk food holding temperature "
2737,"20121203",103124,"Moderate Risk","Inadequately cleaned or sanitized food contact surfaces"
2737,"20121203",103120,"Moderate Risk","Moderate risk food holding temperature "
2739,"20150326",103133,"Moderate Risk","Foods not protected from contamination"
2739,"20150326",103149,"Low Risk","Wiping cloths not clean or properly stored or inadequate sanitizer"
2739,"20150326",103156,"Low Risk","Permit license or inspection report not posted"
2739,"20150326",103152,"Low Risk","Unclean unmaintained or improperly constructed toilet facilities"
2739,"20130920",103105,"High Risk","Improper cooling methods"
2739,"20130920",103154,"Low Risk","Unclean or degraded floors walls or ceilings"
2739,"20130522",103124,"Moderate Risk","Inadequately cleaned or sanitized food contact surfaces"
2739,"20130522",103139,"Low Risk","Improper food storage"
2739,"20130522",103154,"Low Risk","Unclean or degraded floors walls or ceilings"
2739,"20130612",103103,"High Risk","High risk food holding temperature "
2739,"20130522",103162,"Low Risk","Other low risk violation"
2739,"20140603",103161,"Low Risk","Low risk vermin infestation"
2739,"20140603",103120,"Moderate Risk","Moderate risk food holding temperature "
2739,"20140603",103142,"Low Risk","Unclean nonfood contact surfaces"
2739,"20140603",103154,"Low Risk","Unclean or degraded floors walls or ceilings"
2743,"20141028",103116,"Moderate Risk","Inadequate food safety knowledge or lack of certified food safety manager"
2743,"20141028",103120,"Moderate Risk","Moderate risk food holding temperature "
2743,"20141028",103154,"Low Risk","Unclean or degraded floors walls or ceilings"
2743,"20141028",103109,"High Risk","Unclean or unsanitary food contact surfaces"
2743,"20131029",103149,"Low Risk","Wiping cloths not clean or properly stored or inadequate sanitizer"
2743,"20131029",103139,"Low Risk","Improper food storage"
2743,"20131029",103119,"Moderate Risk","Inadequate and inaccessible handwashing facilities"
2743,"20131029",103159,"Low Risk","Worker safety hazards"
2743,"20140502",103136,"Low Risk","Unsanitary employee garments hair or nails"
2743,"20140502",103142,"Low Risk","Unclean nonfood contact surfaces"
2743,"20140502",103144,"Low Risk","Unapproved or unmaintained equipment or utensils"
2743,"20140502",103154,"Low Risk","Unclean or degraded floors walls or ceilings"
2743,"20121010",103154,"Low Risk","Unclean or degraded floors walls or ceilings"
2749,"20140827",103154,"Low Risk","Unclean or degraded floors walls or ceilings"
2749,"20140827",103131,"Moderate Risk","Moderate risk vermin infestation"
2749,"20140827",103149,"Low Risk","Wiping cloths not clean or properly stored or inadequate sanitizer"
2749,"20140827",103142,"Low Risk","Unclean nonfood contact surfaces"
2749,"20140130",103144,"Low Risk","Unapproved or unmaintained equipment or utensils"
2749,"20140130",103133,"Moderate Risk","Foods not protected from contamination"
2749,"20140130",103132,"Moderate Risk","Improper thawing methods "
2749,"20130508",103145,"Low Risk","Improper storage of equipment utensils or linens"
2749,"20130508",103112,"High Risk","No hot water or running water"
2749,"20120815",103133,"Moderate Risk","Foods not protected from contamination"
2749,"20120815",103132,"Moderate Risk","Improper thawing methods "
2750,"20150114",103154,"Low Risk","Unclean or degraded floors walls or ceilings"
2750,"20150114",103139,"Low Risk","Improper food storage"
2750,"20150114",103131,"Moderate Risk","Moderate risk vermin infestation"
2750,"20150114",103109,"High Risk","Unclean or unsanitary food contact surfaces"
2750,"20130618",103149,"Low Risk","Wiping cloths not clean or properly stored or inadequate sanitizer"
2750,"20130618",103145,"Low Risk","Improper storage of equipment utensils or linens"
2750,"20140312",103120,"Moderate Risk","Moderate risk food holding temperature "
2755,"20131212",103149,"Low Risk","Wiping cloths not clean or properly stored or inadequate sanitizer"
2755,"20131212",103124,"Moderate Risk","Inadequately cleaned or sanitized food contact surfaces"
2755,"20131212",103139,"Low Risk","Improper food storage"
2755,"20121114",103154,"Low Risk","Unclean or degraded floors walls or ceilings"
2755,"20121114",103130,"Moderate Risk","Inadequate sewage or wastewater disposal"
2756,"20130212",103144,"Low Risk","Unapproved or unmaintained equipment or utensils"
2756,"20130212",103156,"Low Risk","Permit license or inspection report not posted"
2756,"20130212",103151,"Low Risk","Inadequate or unsanitary refuse containers or area or no garbage service"
2756,"20130226",103157,"Low Risk","Food safety certificate or food handler card not available"
2758,"20140129",103154,"Low Risk","Unclean or degraded floors walls or ceilings"
2758,"20140129",103142,"Low Risk","Unclean nonfood contact surfaces"
2758,"20140129",103133,"Moderate Risk","Foods not protected from contamination"
2758,"20140129",103131,"Moderate Risk","Moderate risk vermin infestation"
2758,"20140129",103120,"Moderate Risk","Moderate risk food holding temperature "
2758,"20140129",103116,"Moderate Risk","Inadequate food safety knowledge or lack of certified food safety manager"
2758,"20130212",103150,"Low Risk","Improper or defective plumbing"
2758,"20130212",103132,"Moderate Risk","Improper thawing methods "
2759,"20131118",103156,"Low Risk","Permit license or inspection report not posted"
2759,"20131118",103144,"Low Risk","Unapproved or unmaintained equipment or utensils"
2759,"20131118",103147,"Low Risk","Inadequate ventilation or lighting"
2759,"20131118",103149,"Low Risk","Wiping cloths not clean or properly stored or inadequate sanitizer"
2759,"20131118",103142,"Low Risk","Unclean nonfood contact surfaces"
2759,"20131118",103139,"Low Risk","Improper food storage"
2759,"20131118",103135,"Low Risk","No person in charge of food facility"
2759,"20131126",103154,"Low Risk","Unclean or degraded floors walls or ceilings"
2759,"20140422",103142,"Low Risk","Unclean nonfood contact surfaces"
2759,"20140422",103124,"Moderate Risk","Inadequately cleaned or sanitized food contact surfaces"
2759,"20140422",103120,"Moderate Risk","Moderate risk food holding temperature "
2759,"20140422",103154,"Low Risk","Unclean or degraded floors walls or ceilings"
2759,"20140422",103149,"Low Risk","Wiping cloths not clean or properly stored or inadequate sanitizer"
2759,"20140422",103144,"Low Risk","Unapproved or unmaintained equipment or utensils"
2759,"20121126",103154,"Low Risk","Unclean or degraded floors walls or ceilings"
2759,"20121126",103119,"Moderate Risk","Inadequate and inaccessible handwashing facilities"
2764,"20131114",103116,"Moderate Risk","Inadequate food safety knowledge or lack of certified food safety manager"
2764,"20131114",103156,"Low Risk","Permit license or inspection report not posted"
2764,"20131114",103105,"High Risk","Improper cooling methods"
2764,"20131114",103149,"Low Risk","Wiping cloths not clean or properly stored or inadequate sanitizer"
2764,"20131114",103145,"Low Risk","Improper storage of equipment utensils or linens"
2764,"20130521",103116,"Moderate Risk","Inadequate food safety knowledge or lack of certified food safety manager"
2764,"20130521",103139,"Low Risk","Improper food storage"
2764,"20130521",103142,"Low Risk","Unclean nonfood contact surfaces"
2764,"20130521",103105,"High Risk","Improper cooling methods"
2764,"20130521",103119,"Moderate Risk","Inadequate and inaccessible handwashing facilities"
2764,"20130521",103144,"Low Risk","Unapproved or unmaintained equipment or utensils"
2764,"20140428",103147,"Low Risk","Inadequate ventilation or lighting"
2764,"20140428",103145,"Low Risk","Improper storage of equipment utensils or linens"
2764,"20140428",103116,"Moderate Risk","Inadequate food safety knowledge or lack of certified food safety manager"
2764,"20140428",103156,"Low Risk","Permit license or inspection report not posted"
2764,"20140428",103149,"Low Risk","Wiping cloths not clean or properly stored or inadequate sanitizer"
2764,"20121128",103116,"Moderate Risk","Inadequate food safety knowledge or lack of certified food safety manager"
2764,"20121128",103142,"Low Risk","Unclean nonfood contact surfaces"
2764,"20121128",103145,"Low Risk","Improper storage of equipment utensils or linens"
2764,"20121128",103148,"Low Risk","No thermometers or uncalibrated thermometers "
2766,"20141008",103120,"Moderate Risk","Moderate risk food holding temperature "
2766,"20141008",103143,"Low Risk","Inadequate warewashing facilities or equipment"
2766,"20141008",103149,"Low Risk","Wiping cloths not clean or properly stored or inadequate sanitizer"
2766,"20131219",103150,"Low Risk","Improper or defective plumbing"
2766,"20131219",103124,"Moderate Risk","Inadequately cleaned or sanitized food contact surfaces"
2766,"20131219",103143,"Low Risk","Inadequate warewashing facilities or equipment"
2766,"20131219",103147,"Low Risk","Inadequate ventilation or lighting"
2766,"20130412",103139,"Low Risk","Improper food storage"
2766,"20130412",103105,"High Risk","Improper cooling methods"
2766,"20130412",103142,"Low Risk","Unclean nonfood contact surfaces"
2766,"20130412",103150,"Low Risk","Improper or defective plumbing"
2766,"20120905",103147,"Low Risk","Inadequate ventilation or lighting"
2766,"20120905",103144,"Low Risk","Unapproved or unmaintained equipment or utensils"
2767,"20141021",103109,"High Risk","Unclean or unsanitary food contact surfaces"
2767,"20141021",103161,"Low Risk","Low risk vermin infestation"
2767,"20141021",103154,"Low Risk","Unclean or degraded floors walls or ceilings"
2767,"20141021",103144,"Low Risk","Unapproved or unmaintained equipment or utensils"
2767,"20141021",103142,"Low Risk","Unclean nonfood contact surfaces"
2767,"20141021",103139,"Low Risk","Improper food storage"
2767,"20130611",103154,"Low Risk","Unclean or degraded floors walls or ceilings"
2767,"20130611",103132,"Moderate Risk","Improper thawing methods "
2767,"20130611",103144,"Low Risk","Unapproved or unmaintained equipment or utensils"
2767,"20130611",103145,"Low Risk","Improper storage of equipment utensils or linens"
2767,"20130611",103124,"Moderate Risk","Inadequately cleaned or sanitized food contact surfaces"
2767,"20130611",103133,"Moderate Risk","Foods not protected from contamination"
2767,"20140225",103144,"Low Risk","Unapproved or unmaintained equipment or utensils"
2767,"20140225",103145,"Low Risk","Improper storage of equipment utensils or linens"
2767,"20140225",103139,"Low Risk","Improper food storage"
2767,"20140225",103138,"Low Risk","Improper storage use or identification of toxic substances"
2767,"20140225",103119,"Moderate Risk","Inadequate and inaccessible handwashing facilities"
2767,"20140225",103124,"Moderate Risk","Inadequately cleaned or sanitized food contact surfaces"
2767,"20130124",103142,"Low Risk","Unclean nonfood contact surfaces"
2767,"20130124",103144,"Low Risk","Unapproved or unmaintained equipment or utensils"
2767,"20130124",103120,"Moderate Risk","Moderate risk food holding temperature "
2767,"20130124",103138,"Low Risk","Improper storage use or identification of toxic substances"
2767,"20130124",103154,"Low Risk","Unclean or degraded floors walls or ceilings"
2768,"20120629",103157,"Low Risk","Food safety certificate or food handler card not available"
2768,"20130214",103149,"Low Risk","Wiping cloths not clean or properly stored or inadequate sanitizer"
2773,"20141107",103161,"Low Risk","Low risk vermin infestation"
2773,"20141107",103157,"Low Risk","Food safety certificate or food handler card not available"
2773,"20141107",103156,"Low Risk","Permit license or inspection report not posted"
2773,"20141107",103129,"Moderate Risk","Insufficient hot water or running water"
2773,"20131018",103147,"Low Risk","Inadequate ventilation or lighting"
2773,"20131018",103149,"Low Risk","Wiping cloths not clean or properly stored or inadequate sanitizer"
2773,"20131018",103154,"Low Risk","Unclean or degraded floors walls or ceilings"
2773,"20140425",103145,"Low Risk","Improper storage of equipment utensils or linens"
2773,"20140425",103147,"Low Risk","Inadequate ventilation or lighting"
2773,"20140425",103149,"Low Risk","Wiping cloths not clean or properly stored or inadequate sanitizer"
2773,"20140425",103154,"Low Risk","Unclean or degraded floors walls or ceilings"
2773,"20120921",103144,"Low Risk","Unapproved or unmaintained equipment or utensils"
2777,"20141006",103156,"Low Risk","Permit license or inspection report not posted"
2777,"20141006",103124,"Moderate Risk","Inadequately cleaned or sanitized food contact surfaces"
2777,"20130823",103131,"Moderate Risk","Moderate risk vermin infestation"
2778,"20150327",103119,"Moderate Risk","Inadequate and inaccessible handwashing facilities"
2778,"20150327",103144,"Low Risk","Unapproved or unmaintained equipment or utensils"
2778,"20131008",103154,"Low Risk","Unclean or degraded floors walls or ceilings"
2778,"20131008",103104,"High Risk","Unauthorized or unsafe use of time as a public health control measure"
2778,"20121219",103154,"Low Risk","Unclean or degraded floors walls or ceilings"
2780,"20141215",103149,"Low Risk","Wiping cloths not clean or properly stored or inadequate sanitizer"
2780,"20141215",103157,"Low Risk","Food safety certificate or food handler card not available"
2780,"20141215",103156,"Low Risk","Permit license or inspection report not posted"
2780,"20131210",103153,"Low Risk","Inadequate dressing rooms or improper storage of personal items"
2780,"20131210",103139,"Low Risk","Improper food storage"
2780,"20140611",103156,"Low Risk","Permit license or inspection report not posted"
2780,"20140611",103149,"Low Risk","Wiping cloths not clean or properly stored or inadequate sanitizer"
2784,"20141202",103156,"Low Risk","Permit license or inspection report not posted"
2784,"20141202",103154,"Low Risk","Unclean or degraded floors walls or ceilings"
2784,"20131025",103148,"Low Risk","No thermometers or uncalibrated thermometers "
2784,"20131025",103116,"Moderate Risk","Inadequate food safety knowledge or lack of certified food safety manager"
2784,"20131025",103154,"Low Risk","Unclean or degraded floors walls or ceilings"
2784,"20140606",103109,"High Risk","Unclean or unsanitary food contact surfaces"
2784,"20140606",103154,"Low Risk","Unclean or degraded floors walls or ceilings"
2785,"20150122",103154,"Low Risk","Unclean or degraded floors walls or ceilings"
2785,"20150122",103157,"Low Risk","Food safety certificate or food handler card not available"
2785,"20150122",103142,"Low Risk","Unclean nonfood contact surfaces"
2785,"20150122",103147,"Low Risk","Inadequate ventilation or lighting"
2785,"20150122",103149,"Low Risk","Wiping cloths not clean or properly stored or inadequate sanitizer"
2785,"20130926",103133,"Moderate Risk","Foods not protected from contamination"
2785,"20130926",103161,"Low Risk","Low risk vermin infestation"
2785,"20130926",103154,"Low Risk","Unclean or degraded floors walls or ceilings"
2785,"20130926",103142,"Low Risk","Unclean nonfood contact surfaces"
2785,"20131010",103108,"High Risk","Contaminated or adulterated food"
2785,"20130926",103120,"Moderate Risk","Moderate risk food holding temperature "
2785,"20130926",103109,"High Risk","Unclean or unsanitary food contact surfaces"
2785,"20130926",103144,"Low Risk","Unapproved or unmaintained equipment or utensils"
2785,"20121114",103133,"Moderate Risk","Foods not protected from contamination"
2785,"20121128",103109,"High Risk","Unclean or unsanitary food contact surfaces"
2785,"20121114",103124,"Moderate Risk","Inadequately cleaned or sanitized food contact surfaces"
2785,"20121114",103142,"Low Risk","Unclean nonfood contact surfaces"
2785,"20121114",103161,"Low Risk","Low risk vermin infestation"
2785,"20121114",103144,"Low Risk","Unapproved or unmaintained equipment or utensils"
2785,"20121114",103145,"Low Risk","Improper storage of equipment utensils or linens"
2785,"20140602",103154,"Low Risk","Unclean or degraded floors walls or ceilings"
2785,"20140602",103142,"Low Risk","Unclean nonfood contact surfaces"
2785,"20140602",103139,"Low Risk","Improper food storage"
2785,"20140602",103133,"Moderate Risk","Foods not protected from contamination"
2785,"20140602",103124,"Moderate Risk","Inadequately cleaned or sanitized food contact surfaces"
2785,"20140602",103103,"High Risk","High risk food holding temperature "
2788,"20150225",103144,"Low Risk","Unapproved or unmaintained equipment or utensils"
2788,"20150225",103139,"Low Risk","Improper food storage"
2788,"20150225",103154,"Low Risk","Unclean or degraded floors walls or ceilings"
2788,"20150225",103119,"Moderate Risk","Inadequate and inaccessible handwashing facilities"
2788,"20150225",103149,"Low Risk","Wiping cloths not clean or properly stored or inadequate sanitizer"
2788,"20150225",103138,"Low Risk","Improper storage use or identification of toxic substances"
2788,"20130508",103161,"Low Risk","Low risk vermin infestation"
2788,"20130508",103120,"Moderate Risk","Moderate risk food holding temperature "
2788,"20130508",103144,"Low Risk","Unapproved or unmaintained equipment or utensils"
2788,"20130508",103109,"High Risk","Unclean or unsanitary food contact surfaces"
2788,"20130508",103133,"Moderate Risk","Foods not protected from contamination"
2788,"20130508",103154,"Low Risk","Unclean or degraded floors walls or ceilings"
2788,"20130508",103145,"Low Risk","Improper storage of equipment utensils or linens"
2788,"20130508",103149,"Low Risk","Wiping cloths not clean or properly stored or inadequate sanitizer"
2788,"20130508",103150,"Low Risk","Improper or defective plumbing"
2788,"20140520",103142,"Low Risk","Unclean nonfood contact surfaces"
2788,"20140520",103119,"Moderate Risk","Inadequate and inaccessible handwashing facilities"
2788,"20140520",103124,"Moderate Risk","Inadequately cleaned or sanitized food contact surfaces"
2788,"20140520",103154,"Low Risk","Unclean or degraded floors walls or ceilings"
2796,"20150421",103144,"Low Risk","Unapproved or unmaintained equipment or utensils"
2796,"20150421",103154,"Low Risk","Unclean or degraded floors walls or ceilings"
2796,"20130917",103156,"Low Risk","Permit license or inspection report not posted"
2796,"20140314",103145,"Low Risk","Improper storage of equipment utensils or linens"
2796,"20140314",103156,"Low Risk","Permit license or inspection report not posted"
2796,"20120829",103144,"Low Risk","Unapproved or unmaintained equipment or utensils"
2796,"20120829",103103,"High Risk","High risk food holding temperature "
2797,"20140917",103149,"Low Risk","Wiping cloths not clean or properly stored or inadequate sanitizer"
2797,"20140917",103139,"Low Risk","Improper food storage"
2797,"20140917",103133,"Moderate Risk","Foods not protected from contamination"
2797,"20140917",103151,"Low Risk","Inadequate or unsanitary refuse containers or area or no garbage service"
2797,"20140917",103144,"Low Risk","Unapproved or unmaintained equipment or utensils"
2797,"20140917",103161,"Low Risk","Low risk vermin infestation"
2797,"20130826",103154,"Low Risk","Unclean or degraded floors walls or ceilings"
2797,"20130826",103139,"Low Risk","Improper food storage"
2797,"20130826",103103,"High Risk","High risk food holding temperature "
2797,"20140204",103105,"High Risk","Improper cooling methods"
2797,"20130107",103154,"Low Risk","Unclean or degraded floors walls or ceilings"
2797,"20130107",103149,"Low Risk","Wiping cloths not clean or properly stored or inadequate sanitizer"
2797,"20130107",103145,"Low Risk","Improper storage of equipment utensils or linens"
2797,"20130107",103103,"High Risk","High risk food holding temperature "
2798,"20130717",103121,"Moderate Risk","Inadequate procedures or records for time as a public health control "
2798,"20130717",103103,"High Risk","High risk food holding temperature "
2798,"20130717",103144,"Low Risk","Unapproved or unmaintained equipment or utensils"
2798,"20130717",103143,"Low Risk","Inadequate warewashing facilities or equipment"
2798,"20130717",103142,"Low Risk","Unclean nonfood contact surfaces"
2798,"20130717",103124,"Moderate Risk","Inadequately cleaned or sanitized food contact surfaces"
2798,"20130717",103139,"Low Risk","Improper food storage"
2798,"20121002",103121,"Moderate Risk","Inadequate procedures or records for time as a public health control "
2798,"20121002",103109,"High Risk","Unclean or unsanitary food contact surfaces"
2798,"20121002",103132,"Moderate Risk","Improper thawing methods "
2798,"20121002",103142,"Low Risk","Unclean nonfood contact surfaces"
2798,"20140610",103119,"Moderate Risk","Inadequate and inaccessible handwashing facilities"
2798,"20140610",103124,"Moderate Risk","Inadequately cleaned or sanitized food contact surfaces"
2798,"20140610",103139,"Low Risk","Improper food storage"
2798,"20140610",103142,"Low Risk","Unclean nonfood contact surfaces"
2798,"20140610",103133,"Moderate Risk","Foods not protected from contamination"
2799,"20141014",103154,"Low Risk","Unclean or degraded floors walls or ceilings"
2799,"20141014",103156,"Low Risk","Permit license or inspection report not posted"
2799,"20130709",103154,"Low Risk","Unclean or degraded floors walls or ceilings"
2799,"20130709",103150,"Low Risk","Improper or defective plumbing"
2799,"20130709",103124,"Moderate Risk","Inadequately cleaned or sanitized food contact surfaces"
2799,"20130709",103156,"Low Risk","Permit license or inspection report not posted"
2799,"20140220",103156,"Low Risk","Permit license or inspection report not posted"
2799,"20140220",103154,"Low Risk","Unclean or degraded floors walls or ceilings"
2799,"20140220",103142,"Low Risk","Unclean nonfood contact surfaces"
2799,"20140220",103119,"Moderate Risk","Inadequate and inaccessible handwashing facilities"
2799,"20120904",103154,"Low Risk","Unclean or degraded floors walls or ceilings"
2805,"20140211",103154,"Low Risk","Unclean or degraded floors walls or ceilings"
2805,"20140211",103142,"Low Risk","Unclean nonfood contact surfaces"
2805,"20120928",103124,"Moderate Risk","Inadequately cleaned or sanitized food contact surfaces"
2805,"20120928",103161,"Low Risk","Low risk vermin infestation"
2805,"20120928",103154,"Low Risk","Unclean or degraded floors walls or ceilings"
2807,"20141021",103133,"Moderate Risk","Foods not protected from contamination"
2807,"20141021",103139,"Low Risk","Improper food storage"
2807,"20141021",103144,"Low Risk","Unapproved or unmaintained equipment or utensils"
2807,"20141021",103119,"Moderate Risk","Inadequate and inaccessible handwashing facilities"
2807,"20121226",103142,"Low Risk","Unclean nonfood contact surfaces"
2807,"20121226",103139,"Low Risk","Improper food storage"
2807,"20121226",103150,"Low Risk","Improper or defective plumbing"
2807,"20121226",103152,"Low Risk","Unclean unmaintained or improperly constructed toilet facilities"
2807,"20121226",103144,"Low Risk","Unapproved or unmaintained equipment or utensils"
2808,"20150422",103103,"High Risk","High risk food holding temperature "
2808,"20150422",103133,"Moderate Risk","Foods not protected from contamination"
2808,"20150422",103149,"Low Risk","Wiping cloths not clean or properly stored or inadequate sanitizer"
2808,"20150422",103161,"Low Risk","Low risk vermin infestation"
2808,"20150422",103144,"Low Risk","Unapproved or unmaintained equipment or utensils"
2808,"20130723",103142,"Low Risk","Unclean nonfood contact surfaces"
2808,"20130723",103145,"Low Risk","Improper storage of equipment utensils or linens"
2808,"20130723",103139,"Low Risk","Improper food storage"
2808,"20130723",103133,"Moderate Risk","Foods not protected from contamination"
2808,"20140122",103149,"Low Risk","Wiping cloths not clean or properly stored or inadequate sanitizer"
2808,"20140122",103132,"Moderate Risk","Improper thawing methods "
2808,"20140122",103119,"Moderate Risk","Inadequate and inaccessible handwashing facilities"
2808,"20140122",103154,"Low Risk","Unclean or degraded floors walls or ceilings"
2808,"20140122",103133,"Moderate Risk","Foods not protected from contamination"
2808,"20140122",103153,"Low Risk","Inadequate dressing rooms or improper storage of personal items"
2808,"20140122",103139,"Low Risk","Improper food storage"
2808,"20120904",103144,"Low Risk","Unapproved or unmaintained equipment or utensils"
2808,"20120904",103133,"Moderate Risk","Foods not protected from contamination"
2808,"20120904",103149,"Low Risk","Wiping cloths not clean or properly stored or inadequate sanitizer"
2808,"20120904",103120,"Moderate Risk","Moderate risk food holding temperature "
2808,"20120904",103124,"Moderate Risk","Inadequately cleaned or sanitized food contact surfaces"
2808,"20120904",103161,"Low Risk","Low risk vermin infestation"
2808,"20140715",103120,"Moderate Risk","Moderate risk food holding temperature "
2808,"20140715",103144,"Low Risk","Unapproved or unmaintained equipment or utensils"
2808,"20140715",103152,"Low Risk","Unclean unmaintained or improperly constructed toilet facilities"
2809,"20131002",103119,"Moderate Risk","Inadequate and inaccessible handwashing facilities"
2809,"20131002",103153,"Low Risk","Inadequate dressing rooms or improper storage of personal items"
2809,"20131002",103149,"Low Risk","Wiping cloths not clean or properly stored or inadequate sanitizer"
2809,"20140328",103144,"Low Risk","Unapproved or unmaintained equipment or utensils"
2809,"20140328",103147,"Low Risk","Inadequate ventilation or lighting"
2809,"20140328",103142,"Low Risk","Unclean nonfood contact surfaces"
2809,"20140328",103157,"Low Risk","Food safety certificate or food handler card not available"
2809,"20140328",103149,"Low Risk","Wiping cloths not clean or properly stored or inadequate sanitizer"
2809,"20120801",103151,"Low Risk","Inadequate or unsanitary refuse containers or area or no garbage service"
2809,"20120801",103161,"Low Risk","Low risk vermin infestation"
2809,"20120801",103150,"Low Risk","Improper or defective plumbing"
2810,"20150511",103133,"Moderate Risk","Foods not protected from contamination"
2818,"20130103",103139,"Low Risk","Improper food storage"
2818,"20130103",103153,"Low Risk","Inadequate dressing rooms or improper storage of personal items"
2821,"20130530",103131,"Moderate Risk","Moderate risk vermin infestation"
2821,"20130530",103139,"Low Risk","Improper food storage"
2821,"20130530",103142,"Low Risk","Unclean nonfood contact surfaces"
2821,"20130530",103154,"Low Risk","Unclean or degraded floors walls or ceilings"
2821,"20140415",103114,"High Risk","High risk vermin infestation"
2821,"20140415",103124,"Moderate Risk","Inadequately cleaned or sanitized food contact surfaces"
2821,"20140415",103133,"Moderate Risk","Foods not protected from contamination"
2821,"20140415",103154,"Low Risk","Unclean or degraded floors walls or ceilings"
2821,"20140415",103145,"Low Risk","Improper storage of equipment utensils or linens"
2823,"20140918",103149,"Low Risk","Wiping cloths not clean or properly stored or inadequate sanitizer"
2823,"20140918",103148,"Low Risk","No thermometers or uncalibrated thermometers "
2823,"20140918",103156,"Low Risk","Permit license or inspection report not posted"
2823,"20130823",103124,"Moderate Risk","Inadequately cleaned or sanitized food contact surfaces"
2823,"20130823",103103,"High Risk","High risk food holding temperature "
2823,"20130823",103154,"Low Risk","Unclean or degraded floors walls or ceilings"
2823,"20130823",103103,"High Risk","High risk food holding temperature "
2823,"20130823",103154,"Low Risk","Unclean or degraded floors walls or ceilings"
2823,"20130823",103124,"Moderate Risk","Inadequately cleaned or sanitized food contact surfaces"
2823,"20121219",103154,"Low Risk","Unclean or degraded floors walls or ceilings"
2823,"20121219",103157,"Low Risk","Food safety certificate or food handler card not available"
2823,"20121219",103124,"Moderate Risk","Inadequately cleaned or sanitized food contact surfaces"
2823,"20121219",103120,"Moderate Risk","Moderate risk food holding temperature "
2823,"20140516",103120,"Moderate Risk","Moderate risk food holding temperature "
2823,"20140516",103124,"Moderate Risk","Inadequately cleaned or sanitized food contact surfaces"
2823,"20140516",103148,"Low Risk","No thermometers or uncalibrated thermometers "
2826,"20130319",103114,"High Risk","High risk vermin infestation"
2826,"20130319",103154,"Low Risk","Unclean or degraded floors walls or ceilings"
2826,"20130319",103164,"N/A",
2826,"20130319",103109,"High Risk","Unclean or unsanitary food contact surfaces"
2826,"20130319",103120,"Moderate Risk","Moderate risk food holding temperature "
2826,"20130319",103148,"Low Risk","No thermometers or uncalibrated thermometers "
2826,"20130319",103144,"Low Risk","Unapproved or unmaintained equipment or utensils"
2826,"20130319",103142,"Low Risk","Unclean nonfood contact surfaces"
2826,"20140407",103133,"Moderate Risk","Foods not protected from contamination"
2826,"20140407",103142,"Low Risk","Unclean nonfood contact surfaces"
2826,"20140407",103144,"Low Risk","Unapproved or unmaintained equipment or utensils"
2826,"20140407",103150,"Low Risk","Improper or defective plumbing"
2829,"20130626",103142,"Low Risk","Unclean nonfood contact surfaces"
2829,"20130626",103124,"Moderate Risk","Inadequately cleaned or sanitized food contact surfaces"
2829,"20130626",103145,"Low Risk","Improper storage of equipment utensils or linens"
2829,"20130626",103119,"Moderate Risk","Inadequate and inaccessible handwashing facilities"
2829,"20140218",103119,"Moderate Risk","Inadequate and inaccessible handwashing facilities"
2829,"20140218",103124,"Moderate Risk","Inadequately cleaned or sanitized food contact surfaces"
2829,"20140812",103124,"Moderate Risk","Inadequately cleaned or sanitized food contact surfaces"
2829,"20140812",103119,"Moderate Risk","Inadequate and inaccessible handwashing facilities"
2833,"20140909",103120,"Moderate Risk","Moderate risk food holding temperature "
2833,"20140909",103154,"Low Risk","Unclean or degraded floors walls or ceilings"
2833,"20140909",103124,"Moderate Risk","Inadequately cleaned or sanitized food contact surfaces"
2833,"20140909",103138,"Low Risk","Improper storage use or identification of toxic substances"
2833,"20140909",103133,"Moderate Risk","Foods not protected from contamination"
2833,"20140909",103114,"High Risk","High risk vermin infestation"
2833,"20131203",103154,"Low Risk","Unclean or degraded floors walls or ceilings"
2833,"20131203",103124,"Moderate Risk","Inadequately cleaned or sanitized food contact surfaces"
2833,"20131203",103138,"Low Risk","Improper storage use or identification of toxic substances"
2833,"20131203",103120,"Moderate Risk","Moderate risk food holding temperature "
2833,"20120626",103103,"High Risk","High risk food holding temperature "
2833,"20120626",103150,"Low Risk","Improper or defective plumbing"
2833,"20120626",103131,"Moderate Risk","Moderate risk vermin infestation"
2833,"20120626",103142,"Low Risk","Unclean nonfood contact surfaces"
2833,"20130212",103120,"Moderate Risk","Moderate risk food holding temperature "
2833,"20130212",103154,"Low Risk","Unclean or degraded floors walls or ceilings"
2833,"20130212",103124,"Moderate Risk","Inadequately cleaned or sanitized food contact surfaces"
2833,"20130212",103114,"High Risk","High risk vermin infestation"
2836,"20141124",103145,"Low Risk","Improper storage of equipment utensils or linens"
2836,"20141124",103116,"Moderate Risk","Inadequate food safety knowledge or lack of certified food safety manager"
2836,"20141124",103139,"Low Risk","Improper food storage"
2836,"20141124",103144,"Low Risk","Unapproved or unmaintained equipment or utensils"
2836,"20140122",103154,"Low Risk","Unclean or degraded floors walls or ceilings"
2836,"20140122",103161,"Low Risk","Low risk vermin infestation"
2836,"20140122",103145,"Low Risk","Improper storage of equipment utensils or linens"
2836,"20130419",103102,"High Risk","Unclean hands or improper use of gloves"
2836,"20130419",103139,"Low Risk","Improper food storage"
2836,"20130419",103119,"Moderate Risk","Inadequate and inaccessible handwashing facilities"
2837,"20141023",103144,"Low Risk","Unapproved or unmaintained equipment or utensils"
2837,"20141023",103138,"Low Risk","Improper storage use or identification of toxic substances"
2837,"20131216",103149,"Low Risk","Wiping cloths not clean or properly stored or inadequate sanitizer"
2837,"20130529",103144,"Low Risk","Unapproved or unmaintained equipment or utensils"
2837,"20130529",103124,"Moderate Risk","Inadequately cleaned or sanitized food contact surfaces"
2837,"20121219",103151,"Low Risk","Inadequate or unsanitary refuse containers or area or no garbage service"
2837,"20121219",103124,"Moderate Risk","Inadequately cleaned or sanitized food contact surfaces"
2837,"20140515",103144,"Low Risk","Unapproved or unmaintained equipment or utensils"
2840,"20150102",103149,"Low Risk","Wiping cloths not clean or properly stored or inadequate sanitizer"
2840,"20150102",103139,"Low Risk","Improper food storage"
2840,"20150102",103120,"Moderate Risk","Moderate risk food holding temperature "
2840,"20130802",103124,"Moderate Risk","Inadequately cleaned or sanitized food contact surfaces"
2840,"20140325",103156,"Low Risk","Permit license or inspection report not posted"
2840,"20140325",103142,"Low Risk","Unclean nonfood contact surfaces"
2840,"20121019",103157,"Low Risk","Food safety certificate or food handler card not available"
2840,"20121019",103139,"Low Risk","Improper food storage"
2841,"20150102",103154,"Low Risk","Unclean or degraded floors walls or ceilings"
2841,"20150102",103139,"Low Risk","Improper food storage"
2841,"20150102",103149,"Low Risk","Wiping cloths not clean or properly stored or inadequate sanitizer"
2841,"20130802",103139,"Low Risk","Improper food storage"
2841,"20130802",103142,"Low Risk","Unclean nonfood contact surfaces"
2841,"20130802",103124,"Moderate Risk","Inadequately cleaned or sanitized food contact surfaces"
2841,"20140325",103142,"Low Risk","Unclean nonfood contact surfaces"
2841,"20140325",103139,"Low Risk","Improper food storage"
2841,"20140325",103156,"Low Risk","Permit license or inspection report not posted"
2841,"20140325",103133,"Moderate Risk","Foods not protected from contamination"
2841,"20121019",103145,"Low Risk","Improper storage of equipment utensils or linens"
2841,"20121019",103142,"Low Risk","Unclean nonfood contact surfaces"
2841,"20121019",103149,"Low Risk","Wiping cloths not clean or properly stored or inadequate sanitizer"
2841,"20121019",103144,"Low Risk","Unapproved or unmaintained equipment or utensils"
2842,"20141114",103119,"Moderate Risk","Inadequate and inaccessible handwashing facilities"
2842,"20130513",103129,"Moderate Risk","Insufficient hot water or running water"
2842,"20130513",103148,"Low Risk","No thermometers or uncalibrated thermometers "
2842,"20120927",103120,"Moderate Risk","Moderate risk food holding temperature "
2843,"20131227",103139,"Low Risk","Improper food storage"
2843,"20131227",103142,"Low Risk","Unclean nonfood contact surfaces"
2843,"20131227",103154,"Low Risk","Unclean or degraded floors walls or ceilings"
2843,"20131227",103138,"Low Risk","Improper storage use or identification of toxic substances"
2843,"20130312",103133,"Moderate Risk","Foods not protected from contamination"
2843,"20130312",103154,"Low Risk","Unclean or degraded floors walls or ceilings"
2843,"20120829",103119,"Moderate Risk","Inadequate and inaccessible handwashing facilities"
2843,"20120829",103154,"Low Risk","Unclean or degraded floors walls or ceilings"
2843,"20120829",103133,"Moderate Risk","Foods not protected from contamination"
2849,"20140312",103157,"Low Risk","Food safety certificate or food handler card not available"
2849,"20130220",103156,"Low Risk","Permit license or inspection report not posted"
2849,"20130220",103154,"Low Risk","Unclean or degraded floors walls or ceilings"
2849,"20130220",103152,"Low Risk","Unclean unmaintained or improperly constructed toilet facilities"
2849,"20130220",103144,"Low Risk","Unapproved or unmaintained equipment or utensils"
2849,"20130220",103143,"Low Risk","Inadequate warewashing facilities or equipment"
2849,"20130220",103142,"Low Risk","Unclean nonfood contact surfaces"
2849,"20130220",103161,"Low Risk","Low risk vermin infestation"
2849,"20130220",103139,"Low Risk","Improper food storage"
2854,"20130416",103148,"Low Risk","No thermometers or uncalibrated thermometers "
2854,"20130416",103119,"Moderate Risk","Inadequate and inaccessible handwashing facilities"
2854,"20130416",103124,"Moderate Risk","Inadequately cleaned or sanitized food contact surfaces"
2858,"20140910",103120,"Moderate Risk","Moderate risk food holding temperature "
2858,"20130211",103133,"Moderate Risk","Foods not protected from contamination"
2861,"20140914",103144,"Low Risk","Unapproved or unmaintained equipment or utensils"
2861,"20140914",103145,"Low Risk","Improper storage of equipment utensils or linens"
2861,"20140914",103154,"Low Risk","Unclean or degraded floors walls or ceilings"
2861,"20130405",103102,"High Risk","Unclean hands or improper use of gloves"
2861,"20130405",103118,"Moderate Risk","Employee eating or smoking"
2861,"20140408",103129,"Moderate Risk","Insufficient hot water or running water"
2861,"20140408",103133,"Moderate Risk","Foods not protected from contamination"
2861,"20140408",103154,"Low Risk","Unclean or degraded floors walls or ceilings"
2861,"20140408",103147,"Low Risk","Inadequate ventilation or lighting"
2861,"20120920",103120,"Moderate Risk","Moderate risk food holding temperature "
2862,"20130808",103157,"Low Risk","Food safety certificate or food handler card not available"
2862,"20130808",103124,"Moderate Risk","Inadequately cleaned or sanitized food contact surfaces"
2862,"20130808",103154,"Low Risk","Unclean or degraded floors walls or ceilings"
2862,"20120924",103124,"Moderate Risk","Inadequately cleaned or sanitized food contact surfaces"
2862,"20120924",103144,"Low Risk","Unapproved or unmaintained equipment or utensils"
2862,"20140721",103120,"Moderate Risk","Moderate risk food holding temperature "
2862,"20140721",103150,"Low Risk","Improper or defective plumbing"
2862,"20140721",103119,"Moderate Risk","Inadequate and inaccessible handwashing facilities"
2862,"20140721",103139,"Low Risk","Improper food storage"
2863,"20141014",103109,"High Risk","Unclean or unsanitary food contact surfaces"
2863,"20141014",103120,"Moderate Risk","Moderate risk food holding temperature "
2863,"20141014",103139,"Low Risk","Improper food storage"
2863,"20141014",103154,"Low Risk","Unclean or degraded floors walls or ceilings"
2863,"20130729",103154,"Low Risk","Unclean or degraded floors walls or ceilings"
2863,"20130729",103144,"Low Risk","Unapproved or unmaintained equipment or utensils"
2863,"20130729",103124,"Moderate Risk","Inadequately cleaned or sanitized food contact surfaces"
2863,"20130729",103103,"High Risk","High risk food holding temperature "
2863,"20140220",103102,"High Risk","Unclean hands or improper use of gloves"
2863,"20140220",103154,"Low Risk","Unclean or degraded floors walls or ceilings"
2863,"20140220",103143,"Low Risk","Inadequate warewashing facilities or equipment"
2863,"20120726",103142,"Low Risk","Unclean nonfood contact surfaces"
2863,"20120726",103103,"High Risk","High risk food holding temperature "
2863,"20120726",103124,"Moderate Risk","Inadequately cleaned or sanitized food contact surfaces"
2866,"20130730",103145,"Low Risk","Improper storage of equipment utensils or linens"
2866,"20130730",103154,"Low Risk","Unclean or degraded floors walls or ceilings"
2866,"20140210",103119,"Moderate Risk","Inadequate and inaccessible handwashing facilities"
2866,"20120808",103154,"Low Risk","Unclean or degraded floors walls or ceilings"
2866,"20120808",103142,"Low Risk","Unclean nonfood contact surfaces"
2866,"20130129",103154,"Low Risk","Unclean or degraded floors walls or ceilings"
2869,"20150414",103124,"Moderate Risk","Inadequately cleaned or sanitized food contact surfaces"
2869,"20130809",103109,"High Risk","Unclean or unsanitary food contact surfaces"
2869,"20130809",103112,"High Risk","No hot water or running water"
2869,"20130809",103119,"Moderate Risk","Inadequate and inaccessible handwashing facilities"
2870,"20130822",103119,"Moderate Risk","Inadequate and inaccessible handwashing facilities"
2870,"20130822",103120,"Moderate Risk","Moderate risk food holding temperature "
2870,"20130822",103147,"Low Risk","Inadequate ventilation or lighting"
2870,"20140220",103103,"High Risk","High risk food holding temperature "
2870,"20140220",103149,"Low Risk","Wiping cloths not clean or properly stored or inadequate sanitizer"
2870,"20140220",103133,"Moderate Risk","Foods not protected from contamination"
2870,"20140220",103105,"High Risk","Improper cooling methods"
2870,"20140813",103149,"Low Risk","Wiping cloths not clean or properly stored or inadequate sanitizer"
2870,"20140813",103107,"High Risk","Improper reheating of food"
2870,"20140813",103103,"High Risk","High risk food holding temperature "
2871,"20120625",103161,"Low Risk","Low risk vermin infestation"
2880,"20130507",103161,"Low Risk","Low risk vermin infestation"
2880,"20130507",103142,"Low Risk","Unclean nonfood contact surfaces"
2880,"20130507",103156,"Low Risk","Permit license or inspection report not posted"
2880,"20130507",103124,"Moderate Risk","Inadequately cleaned or sanitized food contact surfaces"
2880,"20140318",103124,"Moderate Risk","Inadequately cleaned or sanitized food contact surfaces"
2880,"20140318",103119,"Moderate Risk","Inadequate and inaccessible handwashing facilities"
2880,"20140318",103161,"Low Risk","Low risk vermin infestation"
2880,"20120917",103139,"Low Risk","Improper food storage"
2880,"20120917",103161,"Low Risk","Low risk vermin infestation"
2880,"20120917",103129,"Moderate Risk","Insufficient hot water or running water"
2880,"20120917",103142,"Low Risk","Unclean nonfood contact surfaces"
2880,"20120917",103144,"Low Risk","Unapproved or unmaintained equipment or utensils"
2880,"20120917",103102,"High Risk","Unclean hands or improper use of gloves"
2880,"20120917",103109,"High Risk","Unclean or unsanitary food contact surfaces"
2880,"20120917",103116,"Moderate Risk","Inadequate food safety knowledge or lack of certified food safety manager"
2883,"20150223",103142,"Low Risk","Unclean nonfood contact surfaces"
2883,"20150223",103133,"Moderate Risk","Foods not protected from contamination"
2883,"20150223",103149,"Low Risk","Wiping cloths not clean or properly stored or inadequate sanitizer"
2883,"20150223",103157,"Low Risk","Food safety certificate or food handler card not available"
2883,"20150223",103154,"Low Risk","Unclean or degraded floors walls or ceilings"
2883,"20150223",103109,"High Risk","Unclean or unsanitary food contact surfaces"
2883,"20150223",103132,"Moderate Risk","Improper thawing methods "
2883,"20121023",103118,"Moderate Risk","Employee eating or smoking"
2883,"20121023",103154,"Low Risk","Unclean or degraded floors walls or ceilings"
2883,"20140509",103142,"Low Risk","Unclean nonfood contact surfaces"
2883,"20140509",103156,"Low Risk","Permit license or inspection report not posted"
2883,"20140509",103149,"Low Risk","Wiping cloths not clean or properly stored or inadequate sanitizer"
2883,"20140509",103144,"Low Risk","Unapproved or unmaintained equipment or utensils"
2883,"20140509",103139,"Low Risk","Improper food storage"
2884,"20140915",103149,"Low Risk","Wiping cloths not clean or properly stored or inadequate sanitizer"
2885,"20131122",103142,"Low Risk","Unclean nonfood contact surfaces"
2885,"20131122",103144,"Low Risk","Unapproved or unmaintained equipment or utensils"
2885,"20131122",103149,"Low Risk","Wiping cloths not clean or properly stored or inadequate sanitizer"
2885,"20131122",103154,"Low Risk","Unclean or degraded floors walls or ceilings"
2885,"20121113",103105,"High Risk","Improper cooling methods"
2893,"20120917",103118,"Moderate Risk","Employee eating or smoking"
2896,"20130313",103142,"Low Risk","Unclean nonfood contact surfaces"
2896,"20130313",103159,"Low Risk","Worker safety hazards"
2896,"20130313",103150,"Low Risk","Improper or defective plumbing"
2896,"20130313",103120,"Moderate Risk","Moderate risk food holding temperature "
2896,"20130313",103154,"Low Risk","Unclean or degraded floors walls or ceilings"
2896,"20130313",103144,"Low Risk","Unapproved or unmaintained equipment or utensils"
2896,"20120725",103133,"Moderate Risk","Foods not protected from contamination"
2896,"20120725",103154,"Low Risk","Unclean or degraded floors walls or ceilings"
2896,"20120725",103156,"Low Risk","Permit license or inspection report not posted"
2896,"20120725",103147,"Low Risk","Inadequate ventilation or lighting"
2898,"20130712",103113,"High Risk","Sewage or wastewater contamination"
2898,"20130712",103154,"Low Risk","Unclean or degraded floors walls or ceilings"
2898,"20130712",103109,"High Risk","Unclean or unsanitary food contact surfaces"
2898,"20130712",103119,"Moderate Risk","Inadequate and inaccessible handwashing facilities"
2898,"20130712",103120,"Moderate Risk","Moderate risk food holding temperature "
2898,"20130712",103142,"Low Risk","Unclean nonfood contact surfaces"
2898,"20130712",103150,"Low Risk","Improper or defective plumbing"
2898,"20120912",103103,"High Risk","High risk food holding temperature "
2898,"20120912",103149,"Low Risk","Wiping cloths not clean or properly stored or inadequate sanitizer"
2898,"20120912",103142,"Low Risk","Unclean nonfood contact surfaces"
2898,"20120912",103113,"High Risk","Sewage or wastewater contamination"
2898,"20120912",103109,"High Risk","Unclean or unsanitary food contact surfaces"
2898,"20120912",103150,"Low Risk","Improper or defective plumbing"
2898,"20120912",103119,"Moderate Risk","Inadequate and inaccessible handwashing facilities"
2898,"20120912",103154,"Low Risk","Unclean or degraded floors walls or ceilings"
2898,"20140521",103154,"Low Risk","Unclean or degraded floors walls or ceilings"
2898,"20140521",103144,"Low Risk","Unapproved or unmaintained equipment or utensils"
2898,"20140521",103139,"Low Risk","Improper food storage"
2898,"20140521",103109,"High Risk","Unclean or unsanitary food contact surfaces"
2898,"20140521",103103,"High Risk","High risk food holding temperature "
2898,"20140521",103142,"Low Risk","Unclean nonfood contact surfaces"
2898,"20140521",103150,"Low Risk","Improper or defective plumbing"
2899,"20150212",103154,"Low Risk","Unclean or degraded floors walls or ceilings"
2899,"20150212",103156,"Low Risk","Permit license or inspection report not posted"
2899,"20150212",103145,"Low Risk","Improper storage of equipment utensils or linens"
2899,"20150212",103144,"Low Risk","Unapproved or unmaintained equipment or utensils"
2899,"20150212",103161,"Low Risk","Low risk vermin infestation"
2899,"20131118",103103,"High Risk","High risk food holding temperature "
2899,"20131118",103144,"Low Risk","Unapproved or unmaintained equipment or utensils"
2899,"20131118",103139,"Low Risk","Improper food storage"
2899,"20131118",103124,"Moderate Risk","Inadequately cleaned or sanitized food contact surfaces"
2899,"20120619",103120,"Moderate Risk","Moderate risk food holding temperature "
2899,"20140619",103109,"High Risk","Unclean or unsanitary food contact surfaces"
2902,"20141105",103116,"Moderate Risk","Inadequate food safety knowledge or lack of certified food safety manager"
2902,"20141105",103102,"High Risk","Unclean hands or improper use of gloves"
2902,"20141105",103118,"Moderate Risk","Employee eating or smoking"
2902,"20141105",103120,"Moderate Risk","Moderate risk food holding temperature "
2902,"20141105",103124,"Moderate Risk","Inadequately cleaned or sanitized food contact surfaces"
2902,"20141105",103133,"Moderate Risk","Foods not protected from contamination"
2902,"20141105",103148,"Low Risk","No thermometers or uncalibrated thermometers "
2902,"20141105",103156,"Low Risk","Permit license or inspection report not posted"
2902,"20130911",103102,"High Risk","Unclean hands or improper use of gloves"
2902,"20130911",103133,"Moderate Risk","Foods not protected from contamination"
2902,"20130911",103154,"Low Risk","Unclean or degraded floors walls or ceilings"
2902,"20130911",103156,"Low Risk","Permit license or inspection report not posted"
2902,"20130911",103153,"Low Risk","Inadequate dressing rooms or improper storage of personal items"
2902,"20130911",103144,"Low Risk","Unapproved or unmaintained equipment or utensils"
2902,"20140326",103154,"Low Risk","Unclean or degraded floors walls or ceilings"
2902,"20140326",103116,"Moderate Risk","Inadequate food safety knowledge or lack of certified food safety manager"
2902,"20140326",103133,"Moderate Risk","Foods not protected from contamination"
2902,"20121204",103154,"Low Risk","Unclean or degraded floors walls or ceilings"
2902,"20121204",103102,"High Risk","Unclean hands or improper use of gloves"
2902,"20121204",103114,"High Risk","High risk vermin infestation"
2902,"20121204",103150,"Low Risk","Improper or defective plumbing"
2905,"20140315",103147,"Low Risk","Inadequate ventilation or lighting"
2905,"20140315",103157,"Low Risk","Food safety certificate or food handler card not available"
2905,"20140315",103149,"Low Risk","Wiping cloths not clean or properly stored or inadequate sanitizer"
2905,"20140315",103154,"Low Risk","Unclean or degraded floors walls or ceilings"
2905,"20121101",103149,"Low Risk","Wiping cloths not clean or properly stored or inadequate sanitizer"
2905,"20121101",103147,"Low Risk","Inadequate ventilation or lighting"
2905,"20121101",103142,"Low Risk","Unclean nonfood contact surfaces"
2905,"20121101",103162,"Low Risk","Other low risk violation"
2907,"20150504",103162,"Low Risk","Other low risk violation"
2907,"20150504",103103,"High Risk","High risk food holding temperature "
2907,"20131204",103102,"High Risk","Unclean hands or improper use of gloves"
2907,"20131204",103116,"Moderate Risk","Inadequate food safety knowledge or lack of certified food safety manager"
2907,"20131204",103120,"Moderate Risk","Moderate risk food holding temperature "
2907,"20131204",103133,"Moderate Risk","Foods not protected from contamination"
2907,"20130417",103103,"High Risk","High risk food holding temperature "
2907,"20130417",103133,"Moderate Risk","Foods not protected from contamination"
2907,"20140305",103120,"Moderate Risk","Moderate risk food holding temperature "
2907,"20140305",103142,"Low Risk","Unclean nonfood contact surfaces"
2907,"20140305",103133,"Moderate Risk","Foods not protected from contamination"
2907,"20121114",103103,"High Risk","High risk food holding temperature "
2907,"20121114",103133,"Moderate Risk","Foods not protected from contamination"
2907,"20121114",103123,"Moderate Risk","Food in poor condition"
2910,"20140203",103156,"Low Risk","Permit license or inspection report not posted"
2910,"20140203",103154,"Low Risk","Unclean or degraded floors walls or ceilings"
2910,"20140203",103150,"Low Risk","Improper or defective plumbing"
2910,"20140203",103139,"Low Risk","Improper food storage"
2910,"20130529",103103,"High Risk","High risk food holding temperature "
2910,"20130529",103139,"Low Risk","Improper food storage"
2910,"20130529",103118,"Moderate Risk","Employee eating or smoking"
2910,"20130529",103123,"Moderate Risk","Food in poor condition"
2910,"20120717",103154,"Low Risk","Unclean or degraded floors walls or ceilings"
2910,"20140821",103153,"Low Risk","Inadequate dressing rooms or improper storage of personal items"
2910,"20140821",103139,"Low Risk","Improper food storage"
2910,"20140821",103124,"Moderate Risk","Inadequately cleaned or sanitized food contact surfaces"
2910,"20140821",103154,"Low Risk","Unclean or degraded floors walls or ceilings"
2910,"20140821",103120,"Moderate Risk","Moderate risk food holding temperature "
2910,"20140821",103105,"High Risk","Improper cooling methods"
2917,"20141124",103154,"Low Risk","Unclean or degraded floors walls or ceilings"
2917,"20141124",103120,"Moderate Risk","Moderate risk food holding temperature "
2917,"20141124",103105,"High Risk","Improper cooling methods"
2917,"20131118",103124,"Moderate Risk","Inadequately cleaned or sanitized food contact surfaces"
2917,"20131118",103154,"Low Risk","Unclean or degraded floors walls or ceilings"
2917,"20131118",103133,"Moderate Risk","Foods not protected from contamination"
2917,"20140612",103156,"Low Risk","Permit license or inspection report not posted"
2917,"20140612",103102,"High Risk","Unclean hands or improper use of gloves"
2917,"20140612",103120,"Moderate Risk","Moderate risk food holding temperature "
2919,"20131118",103109,"High Risk","Unclean or unsanitary food contact surfaces"
2919,"20140612",103156,"Low Risk","Permit license or inspection report not posted"
2919,"20140612",103154,"Low Risk","Unclean or degraded floors walls or ceilings"
2919,"20140612",103124,"Moderate Risk","Inadequately cleaned or sanitized food contact surfaces"
2920,"20131218",103139,"Low Risk","Improper food storage"
2920,"20130506",103139,"Low Risk","Improper food storage"
2920,"20130506",103154,"Low Risk","Unclean or degraded floors walls or ceilings"
2920,"20120918",103149,"Low Risk","Wiping cloths not clean or properly stored or inadequate sanitizer"
2922,"20150327",103107,"High Risk","Improper reheating of food"
2922,"20140114",103144,"Low Risk","Unapproved or unmaintained equipment or utensils"
2922,"20140114",103142,"Low Risk","Unclean nonfood contact surfaces"
2922,"20140114",103154,"Low Risk","Unclean or degraded floors walls or ceilings"
2922,"20140114",103139,"Low Risk","Improper food storage"
2922,"20130614",103161,"Low Risk","Low risk vermin infestation"
2924,"20150225",103124,"Moderate Risk","Inadequately cleaned or sanitized food contact surfaces"
2924,"20150225",103154,"Low Risk","Unclean or degraded floors walls or ceilings"
2924,"20131008",103124,"Moderate Risk","Inadequately cleaned or sanitized food contact surfaces"
2924,"20131008",103142,"Low Risk","Unclean nonfood contact surfaces"
2924,"20131008",103120,"Moderate Risk","Moderate risk food holding temperature "
2924,"20121119",103144,"Low Risk","Unapproved or unmaintained equipment or utensils"
2924,"20121119",103124,"Moderate Risk","Inadequately cleaned or sanitized food contact surfaces"
2925,"20131008",103124,"Moderate Risk","Inadequately cleaned or sanitized food contact surfaces"
2925,"20131008",103142,"Low Risk","Unclean nonfood contact surfaces"
2926,"20150203",103109,"High Risk","Unclean or unsanitary food contact surfaces"
2926,"20150203",103139,"Low Risk","Improper food storage"
2926,"20150203",103154,"Low Risk","Unclean or degraded floors walls or ceilings"
2926,"20131125",103154,"Low Risk","Unclean or degraded floors walls or ceilings"
2926,"20131125",103124,"Moderate Risk","Inadequately cleaned or sanitized food contact surfaces"
2926,"20120709",103109,"High Risk","Unclean or unsanitary food contact surfaces"
2926,"20130220",103120,"Moderate Risk","Moderate risk food holding temperature "
2926,"20130220",103124,"Moderate Risk","Inadequately cleaned or sanitized food contact surfaces"
2927,"20150311",103133,"Moderate Risk","Foods not protected from contamination"
2927,"20150311",103154,"Low Risk","Unclean or degraded floors walls or ceilings"
2927,"20130911",103144,"Low Risk","Unapproved or unmaintained equipment or utensils"
2927,"20130911",103142,"Low Risk","Unclean nonfood contact surfaces"
2927,"20130911",103154,"Low Risk","Unclean or degraded floors walls or ceilings"
2927,"20130911",103138,"Low Risk","Improper storage use or identification of toxic substances"
2927,"20130911",103139,"Low Risk","Improper food storage"
2927,"20130107",103142,"Low Risk","Unclean nonfood contact surfaces"
2927,"20130107",103119,"Moderate Risk","Inadequate and inaccessible handwashing facilities"
2927,"20130107",103131,"Moderate Risk","Moderate risk vermin infestation"
2927,"20130107",103149,"Low Risk","Wiping cloths not clean or properly stored or inadequate sanitizer"
2927,"20130107",103144,"Low Risk","Unapproved or unmaintained equipment or utensils"
2927,"20140604",103125,"Moderate Risk","Noncompliance with shell fish tags or display"
2927,"20140604",103149,"Low Risk","Wiping cloths not clean or properly stored or inadequate sanitizer"
2927,"20140604",103154,"Low Risk","Unclean or degraded floors walls or ceilings"
2928,"20130715",103144,"Low Risk","Unapproved or unmaintained equipment or utensils"
2928,"20120723",103139,"Low Risk","Improper food storage"
2928,"20140716",103124,"Moderate Risk","Inadequately cleaned or sanitized food contact surfaces"
2928,"20140716",103139,"Low Risk","Improper food storage"
2929,"20150212",103154,"Low Risk","Unclean or degraded floors walls or ceilings"
2929,"20130312",103144,"Low Risk","Unapproved or unmaintained equipment or utensils"
2929,"20130312",103129,"Moderate Risk","Insufficient hot water or running water"
2929,"20121012",103133,"Moderate Risk","Foods not protected from contamination"
2929,"20121012",103142,"Low Risk","Unclean nonfood contact surfaces"
2929,"20121012",103121,"Moderate Risk","Inadequate procedures or records for time as a public health control "
2932,"20140829",103109,"High Risk","Unclean or unsanitary food contact surfaces"
2932,"20140829",103103,"High Risk","High risk food holding temperature "
2932,"20140829",103142,"Low Risk","Unclean nonfood contact surfaces"
2932,"20140829",103150,"Low Risk","Improper or defective plumbing"
2932,"20140829",103105,"High Risk","Improper cooling methods"
2932,"20130211",103103,"High Risk","High risk food holding temperature "
2932,"20130211",103144,"Low Risk","Unapproved or unmaintained equipment or utensils"
2932,"20130211",103114,"High Risk","High risk vermin infestation"
2933,"20131203",103144,"Low Risk","Unapproved or unmaintained equipment or utensils"
2933,"20131203",103105,"High Risk","Improper cooling methods"
2933,"20131203",103120,"Moderate Risk","Moderate risk food holding temperature "
2933,"20131203",103149,"Low Risk","Wiping cloths not clean or properly stored or inadequate sanitizer"
2933,"20131203",103156,"Low Risk","Permit license or inspection report not posted"
2933,"20140421",103145,"Low Risk","Improper storage of equipment utensils or linens"
2933,"20140421",103105,"High Risk","Improper cooling methods"
2933,"20140421",103154,"Low Risk","Unclean or degraded floors walls or ceilings"
2933,"20140421",103116,"Moderate Risk","Inadequate food safety knowledge or lack of certified food safety manager"
2933,"20130228",103109,"High Risk","Unclean or unsanitary food contact surfaces"
2933,"20130228",103114,"High Risk","High risk vermin infestation"
2933,"20130228",103133,"Moderate Risk","Foods not protected from contamination"
2933,"20130228",103142,"Low Risk","Unclean nonfood contact surfaces"
2933,"20130228",103154,"Low Risk","Unclean or degraded floors walls or ceilings"
2934,"20131203",103102,"High Risk","Unclean hands or improper use of gloves"
2934,"20131203",103131,"Moderate Risk","Moderate risk vermin infestation"
2934,"20130227",103143,"Low Risk","Inadequate warewashing facilities or equipment"
2934,"20130227",103138,"Low Risk","Improper storage use or identification of toxic substances"
2934,"20130227",103133,"Moderate Risk","Foods not protected from contamination"
2934,"20130227",103154,"Low Risk","Unclean or degraded floors walls or ceilings"
2934,"20140819",103151,"Low Risk","Inadequate or unsanitary refuse containers or area or no garbage service"
2934,"20140819",103131,"Moderate Risk","Moderate risk vermin infestation"
2934,"20140819",103139,"Low Risk","Improper food storage"
2934,"20140819",103144,"Low Risk","Unapproved or unmaintained equipment or utensils"
2941,"20140909",103105,"High Risk","Improper cooling methods"
2941,"20140909",103108,"High Risk","Contaminated or adulterated food"
2941,"20140909",103103,"High Risk","High risk food holding temperature "
2941,"20140909",103109,"High Risk","Unclean or unsanitary food contact surfaces"
2941,"20140211",103124,"Moderate Risk","Inadequately cleaned or sanitized food contact surfaces"
2941,"20140211",103103,"High Risk","High risk food holding temperature "
2941,"20140211",103154,"Low Risk","Unclean or degraded floors walls or ceilings"
2941,"20140211",103105,"High Risk","Improper cooling methods"
2942,"20150121",103104,"High Risk","Unauthorized or unsafe use of time as a public health control measure"
2942,"20150121",103102,"High Risk","Unclean hands or improper use of gloves"
2942,"20150121",103119,"Moderate Risk","Inadequate and inaccessible handwashing facilities"
2942,"20150121",103144,"Low Risk","Unapproved or unmaintained equipment or utensils"
2942,"20150121",103154,"Low Risk","Unclean or degraded floors walls or ceilings"
2942,"20130308",103124,"Moderate Risk","Inadequately cleaned or sanitized food contact surfaces"
2942,"20130308",103154,"Low Risk","Unclean or degraded floors walls or ceilings"
2942,"20140327",103142,"Low Risk","Unclean nonfood contact surfaces"
2942,"20140327",103154,"Low Risk","Unclean or degraded floors walls or ceilings"
2942,"20140327",103144,"Low Risk","Unapproved or unmaintained equipment or utensils"
2943,"20131002",103119,"Moderate Risk","Inadequate and inaccessible handwashing facilities"
2943,"20131002",103131,"Moderate Risk","Moderate risk vermin infestation"
2943,"20131002",103154,"Low Risk","Unclean or degraded floors walls or ceilings"
2943,"20130107",103133,"Moderate Risk","Foods not protected from contamination"
2943,"20130107",103154,"Low Risk","Unclean or degraded floors walls or ceilings"
2943,"20130107",103119,"Moderate Risk","Inadequate and inaccessible handwashing facilities"
2943,"20130107",103103,"High Risk","High risk food holding temperature "
2943,"20140604",103139,"Low Risk","Improper food storage"
2943,"20140604",103154,"Low Risk","Unclean or degraded floors walls or ceilings"
2943,"20140604",103131,"Moderate Risk","Moderate risk vermin infestation"
2943,"20140604",103124,"Moderate Risk","Inadequately cleaned or sanitized food contact surfaces"
2944,"20130417",103102,"High Risk","Unclean hands or improper use of gloves"
2944,"20130417",103120,"Moderate Risk","Moderate risk food holding temperature "
2944,"20130417",103154,"Low Risk","Unclean or degraded floors walls or ceilings"
2944,"20130417",103133,"Moderate Risk","Foods not protected from contamination"
2944,"20130417",103142,"Low Risk","Unclean nonfood contact surfaces"
2944,"20130417",103144,"Low Risk","Unapproved or unmaintained equipment or utensils"
2944,"20130417",103156,"Low Risk","Permit license or inspection report not posted"
2944,"20130417",103109,"High Risk","Unclean or unsanitary food contact surfaces"
2944,"20140410",103109,"High Risk","Unclean or unsanitary food contact surfaces"
2944,"20140410",103144,"Low Risk","Unapproved or unmaintained equipment or utensils"
2944,"20140410",103114,"High Risk","High risk vermin infestation"
2944,"20140410",103142,"Low Risk","Unclean nonfood contact surfaces"
2944,"20140410",103133,"Moderate Risk","Foods not protected from contamination"
2944,"20140410",103119,"Moderate Risk","Inadequate and inaccessible handwashing facilities"
2944,"20140410",103154,"Low Risk","Unclean or degraded floors walls or ceilings"
2944,"20140410",103116,"Moderate Risk","Inadequate food safety knowledge or lack of certified food safety manager"
2945,"20140902",103139,"Low Risk","Improper food storage"
2945,"20140909",103112,"High Risk","No hot water or running water"
2945,"20140902",103119,"Moderate Risk","Inadequate and inaccessible handwashing facilities"
2945,"20140902",103154,"Low Risk","Unclean or degraded floors walls or ceilings"
2945,"20140902",103125,"Moderate Risk","Noncompliance with shell fish tags or display"
2945,"20140902",103142,"Low Risk","Unclean nonfood contact surfaces"
2945,"20140902",103138,"Low Risk","Improper storage use or identification of toxic substances"
2945,"20140902",103145,"Low Risk","Improper storage of equipment utensils or linens"
2945,"20130604",103164,"N/A",
2945,"20130604",103142,"Low Risk","Unclean nonfood contact surfaces"
2945,"20130604",103139,"Low Risk","Improper food storage"
2945,"20130604",103114,"High Risk","High risk vermin infestation"
2945,"20130604",103154,"Low Risk","Unclean or degraded floors walls or ceilings"
2945,"20130604",103156,"Low Risk","Permit license or inspection report not posted"
2945,"20140228",103120,"Moderate Risk","Moderate risk food holding temperature "
2945,"20140228",103154,"Low Risk","Unclean or degraded floors walls or ceilings"
2945,"20140228",103150,"Low Risk","Improper or defective plumbing"
2945,"20140228",103142,"Low Risk","Unclean nonfood contact surfaces"
2945,"20140228",103139,"Low Risk","Improper food storage"
2945,"20140228",103124,"Moderate Risk","Inadequately cleaned or sanitized food contact surfaces"
2945,"20140228",103119,"Moderate Risk","Inadequate and inaccessible handwashing facilities"
2945,"20140228",103114,"High Risk","High risk vermin infestation"
2945,"20120905",103114,"High Risk","High risk vermin infestation"
2945,"20120905",103124,"Moderate Risk","Inadequately cleaned or sanitized food contact surfaces"
2945,"20120905",103132,"Moderate Risk","Improper thawing methods "
2945,"20120905",103139,"Low Risk","Improper food storage"
2945,"20120905",103142,"Low Risk","Unclean nonfood contact surfaces"
2945,"20120905",103154,"Low Risk","Unclean or degraded floors walls or ceilings"
2945,"20120905",103103,"High Risk","High risk food holding temperature "
2945,"20140506",103153,"Low Risk","Inadequate dressing rooms or improper storage of personal items"
2945,"20140506",103114,"High Risk","High risk vermin infestation"
2945,"20140506",103150,"Low Risk","Improper or defective plumbing"
2949,"20140314",103119,"Moderate Risk","Inadequate and inaccessible handwashing facilities"
2949,"20130301",103149,"Low Risk","Wiping cloths not clean or properly stored or inadequate sanitizer"
2949,"20130301",103142,"Low Risk","Unclean nonfood contact surfaces"
2949,"20130301",103151,"Low Risk","Inadequate or unsanitary refuse containers or area or no garbage service"
2949,"20130301",103124,"Moderate Risk","Inadequately cleaned or sanitized food contact surfaces"
2949,"20130301",103156,"Low Risk","Permit license or inspection report not posted"
2949,"20130301",103154,"Low Risk","Unclean or degraded floors walls or ceilings"
2950,"20140402",103139,"Low Risk","Improper food storage"
2950,"20140402",103157,"Low Risk","Food safety certificate or food handler card not available"
2950,"20140402",103133,"Moderate Risk","Foods not protected from contamination"
2950,"20120912",103145,"Low Risk","Improper storage of equipment utensils or linens"
2950,"20120912",103114,"High Risk","High risk vermin infestation"
2950,"20120912",103120,"Moderate Risk","Moderate risk food holding temperature "
2950,"20120912",103131,"Moderate Risk","Moderate risk vermin infestation"
2950,"20120912",103142,"Low Risk","Unclean nonfood contact surfaces"
2950,"20120912",103144,"Low Risk","Unapproved or unmaintained equipment or utensils"
2950,"20120912",103149,"Low Risk","Wiping cloths not clean or properly stored or inadequate sanitizer"
2950,"20120912",103154,"Low Risk","Unclean or degraded floors walls or ceilings"
2951,"20130805",103123,"Moderate Risk","Food in poor condition"
2951,"20130805",103138,"Low Risk","Improper storage use or identification of toxic substances"
2951,"20130805",103120,"Moderate Risk","Moderate risk food holding temperature "
2951,"20130805",103131,"Moderate Risk","Moderate risk vermin infestation"
2951,"20140206",103139,"Low Risk","Improper food storage"
2951,"20140206",103149,"Low Risk","Wiping cloths not clean or properly stored or inadequate sanitizer"
2951,"20140206",103142,"Low Risk","Unclean nonfood contact surfaces"
2951,"20121002",103103,"High Risk","High risk food holding temperature "
2951,"20121002",103142,"Low Risk","Unclean nonfood contact surfaces"
2951,"20121002",103156,"Low Risk","Permit license or inspection report not posted"
2951,"20121002",103157,"Low Risk","Food safety certificate or food handler card not available"
2951,"20130129",103132,"Moderate Risk","Improper thawing methods "
2952,"20150421",103124,"Moderate Risk","Inadequately cleaned or sanitized food contact surfaces"
2952,"20130506",103145,"Low Risk","Improper storage of equipment utensils or linens"
2952,"20130506",103139,"Low Risk","Improper food storage"
2952,"20140318",103144,"Low Risk","Unapproved or unmaintained equipment or utensils"
2952,"20140318",103120,"Moderate Risk","Moderate risk food holding temperature "
2955,"20130424",103150,"Low Risk","Improper or defective plumbing"
2955,"20130424",103124,"Moderate Risk","Inadequately cleaned or sanitized food contact surfaces"
2955,"20130424",103119,"Moderate Risk","Inadequate and inaccessible handwashing facilities"
2955,"20140804",103150,"Low Risk","Improper or defective plumbing"
2955,"20140804",103154,"Low Risk","Unclean or degraded floors walls or ceilings"
2955,"20140804",103124,"Moderate Risk","Inadequately cleaned or sanitized food contact surfaces"
2955,"20140804",103133,"Moderate Risk","Foods not protected from contamination"
2957,"20140129",103138,"Low Risk","Improper storage use or identification of toxic substances"
2967,"20140626",103124,"Moderate Risk","Inadequately cleaned or sanitized food contact surfaces"
2968,"20130425",103108,"High Risk","Contaminated or adulterated food"
2968,"20130425",103161,"Low Risk","Low risk vermin infestation"
2968,"20130425",103154,"Low Risk","Unclean or degraded floors walls or ceilings"
2968,"20130425",103156,"Low Risk","Permit license or inspection report not posted"
2968,"20120625",103131,"Moderate Risk","Moderate risk vermin infestation"
2968,"20120625",103107,"High Risk","Improper reheating of food"
2969,"20140321",103149,"Low Risk","Wiping cloths not clean or properly stored or inadequate sanitizer"
2969,"20140321",103161,"Low Risk","Low risk vermin infestation"
2969,"20140321",103144,"Low Risk","Unapproved or unmaintained equipment or utensils"
2969,"20140321",103114,"High Risk","High risk vermin infestation"
2969,"20140320",103143,"Low Risk","Inadequate warewashing facilities or equipment"
2969,"20140320",103141,"Low Risk","Improper food labeling or menu misrepresentation"
2969,"20140321",103154,"Low Risk","Unclean or degraded floors walls or ceilings"
2969,"20140320",103139,"Low Risk","Improper food storage"
2969,"20140320",103133,"Moderate Risk","Foods not protected from contamination"
2969,"20140320",103120,"Moderate Risk","Moderate risk food holding temperature "
2969,"20120620",103139,"Low Risk","Improper food storage"
2969,"20120620",103154,"Low Risk","Unclean or degraded floors walls or ceilings"
2969,"20120620",103114,"High Risk","High risk vermin infestation"
2969,"20120620",103142,"Low Risk","Unclean nonfood contact surfaces"
2969,"20120620",103147,"Low Risk","Inadequate ventilation or lighting"
2969,"20121129",103103,"High Risk","High risk food holding temperature "
2969,"20121129",103119,"Moderate Risk","Inadequate and inaccessible handwashing facilities"
2969,"20121129",103149,"Low Risk","Wiping cloths not clean or properly stored or inadequate sanitizer"
2969,"20121129",103161,"Low Risk","Low risk vermin infestation"
2969,"20140731",103156,"Low Risk","Permit license or inspection report not posted"
2969,"20140731",103114,"High Risk","High risk vermin infestation"
2969,"20140731",103109,"High Risk","Unclean or unsanitary food contact surfaces"
2969,"20140731",103139,"Low Risk","Improper food storage"
2969,"20140731",103147,"Low Risk","Inadequate ventilation or lighting"
2969,"20140731",103125,"Moderate Risk","Noncompliance with shell fish tags or display"
2969,"20140731",103145,"Low Risk","Improper storage of equipment utensils or linens"
2970,"20150603",103124,"Moderate Risk","Inadequately cleaned or sanitized food contact surfaces"
2970,"20120725",103138,"Low Risk","Improper storage use or identification of toxic substances"
2970,"20140609",103152,"Low Risk","Unclean unmaintained or improperly constructed toilet facilities"
2971,"20120914",103133,"Moderate Risk","Foods not protected from contamination"
2971,"20140613",103161,"Low Risk","Low risk vermin infestation"
2971,"20140613",103120,"Moderate Risk","Moderate risk food holding temperature "
2972,"20150427",103144,"Low Risk","Unapproved or unmaintained equipment or utensils"
2972,"20120627",103120,"Moderate Risk","Moderate risk food holding temperature "
2973,"20130715",103114,"High Risk","High risk vermin infestation"
2973,"20130618",103133,"Moderate Risk","Foods not protected from contamination"
2973,"20130618",103109,"High Risk","Unclean or unsanitary food contact surfaces"
2973,"20130618",103103,"High Risk","High risk food holding temperature "
2973,"20130618",103148,"Low Risk","No thermometers or uncalibrated thermometers "
2973,"20121213",103114,"High Risk","High risk vermin infestation"
2973,"20121213",103154,"Low Risk","Unclean or degraded floors walls or ceilings"
2973,"20121213",103144,"Low Risk","Unapproved or unmaintained equipment or utensils"
2973,"20121213",103120,"Moderate Risk","Moderate risk food holding temperature "
2973,"20121213",103115,"High Risk","Other high risk violation"
2974,"20150129",103161,"Low Risk","Low risk vermin infestation"
2974,"20131211",103124,"Moderate Risk","Inadequately cleaned or sanitized food contact surfaces"
2974,"20131211",103132,"Moderate Risk","Improper thawing methods "
2974,"20131211",103161,"Low Risk","Low risk vermin infestation"
2974,"20131211",103147,"Low Risk","Inadequate ventilation or lighting"
2974,"20130325",103120,"Moderate Risk","Moderate risk food holding temperature "
2974,"20130325",103139,"Low Risk","Improper food storage"
2974,"20120712",103144,"Low Risk","Unapproved or unmaintained equipment or utensils"
2974,"20120712",103139,"Low Risk","Improper food storage"
2974,"20120712",103109,"High Risk","Unclean or unsanitary food contact surfaces"
2974,"20120712",103149,"Low Risk","Wiping cloths not clean or properly stored or inadequate sanitizer"
2974,"20120712",103103,"High Risk","High risk food holding temperature "
2974,"20140702",103142,"Low Risk","Unclean nonfood contact surfaces"
2974,"20140702",103145,"Low Risk","Improper storage of equipment utensils or linens"
2978,"20141002",103144,"Low Risk","Unapproved or unmaintained equipment or utensils"
2978,"20141002",103142,"Low Risk","Unclean nonfood contact surfaces"
2978,"20131003",103154,"Low Risk","Unclean or degraded floors walls or ceilings"
2978,"20131003",103150,"Low Risk","Improper or defective plumbing"
2978,"20120628",103161,"Low Risk","Low risk vermin infestation"
2978,"20120628",103119,"Moderate Risk","Inadequate and inaccessible handwashing facilities"
2978,"20120628",103120,"Moderate Risk","Moderate risk food holding temperature "
2978,"20120628",103154,"Low Risk","Unclean or degraded floors walls or ceilings"
2978,"20120628",103157,"Low Risk","Food safety certificate or food handler card not available"
2978,"20120628",103124,"Moderate Risk","Inadequately cleaned or sanitized food contact surfaces"
2980,"20131017",103120,"Moderate Risk","Moderate risk food holding temperature "
2980,"20130425",103139,"Low Risk","Improper food storage"
2980,"20130425",103124,"Moderate Risk","Inadequately cleaned or sanitized food contact surfaces"
2980,"20140417",103144,"Low Risk","Unapproved or unmaintained equipment or utensils"
2980,"20121101",103103,"High Risk","High risk food holding temperature "
2980,"20121101",103132,"Moderate Risk","Improper thawing methods "
2980,"20121101",103154,"Low Risk","Unclean or degraded floors walls or ceilings"
2980,"20121101",103156,"Low Risk","Permit license or inspection report not posted"
2984,"20130916",103133,"Moderate Risk","Foods not protected from contamination"
2984,"20130916",103103,"High Risk","High risk food holding temperature "
2984,"20140507",103142,"Low Risk","Unclean nonfood contact surfaces"
2984,"20121213",103105,"High Risk","Improper cooling methods"
2984,"20121213",103120,"Moderate Risk","Moderate risk food holding temperature "
2984,"20121213",103144,"Low Risk","Unapproved or unmaintained equipment or utensils"
2987,"20140915",103150,"Low Risk","Improper or defective plumbing"
2987,"20140915",103133,"Moderate Risk","Foods not protected from contamination"
2987,"20130529",103144,"Low Risk","Unapproved or unmaintained equipment or utensils"
2987,"20130529",103156,"Low Risk","Permit license or inspection report not posted"
2987,"20121024",103144,"Low Risk","Unapproved or unmaintained equipment or utensils"
2987,"20121024",103142,"Low Risk","Unclean nonfood contact surfaces"
2995,"20131104",103143,"Low Risk","Inadequate warewashing facilities or equipment"
2995,"20131104",103149,"Low Risk","Wiping cloths not clean or properly stored or inadequate sanitizer"
2995,"20131104",103133,"Moderate Risk","Foods not protected from contamination"
2995,"20131104",103144,"Low Risk","Unapproved or unmaintained equipment or utensils"
2995,"20140624",103157,"Low Risk","Food safety certificate or food handler card not available"
2995,"20140624",103144,"Low Risk","Unapproved or unmaintained equipment or utensils"
2995,"20140624",103139,"Low Risk","Improper food storage"
2996,"20131113",103144,"Low Risk","Unapproved or unmaintained equipment or utensils"
2996,"20131113",103142,"Low Risk","Unclean nonfood contact surfaces"
2996,"20131113",103148,"Low Risk","No thermometers or uncalibrated thermometers "
2996,"20131113",103103,"High Risk","High risk food holding temperature "
2996,"20131113",103154,"Low Risk","Unclean or degraded floors walls or ceilings"
2996,"20130201",103103,"High Risk","High risk food holding temperature "
2996,"20140529",103154,"Low Risk","Unclean or degraded floors walls or ceilings"
2996,"20140529",103116,"Moderate Risk","Inadequate food safety knowledge or lack of certified food safety manager"
2996,"20140529",103119,"Moderate Risk","Inadequate and inaccessible handwashing facilities"
3006,"20141023",103105,"High Risk","Improper cooling methods"
3006,"20141023",103109,"High Risk","Unclean or unsanitary food contact surfaces"
3006,"20130830",103142,"Low Risk","Unclean nonfood contact surfaces"
3006,"20130830",103103,"High Risk","High risk food holding temperature "
3006,"20130830",103154,"Low Risk","Unclean or degraded floors walls or ceilings"
3006,"20140424",103147,"Low Risk","Inadequate ventilation or lighting"
3006,"20140424",103103,"High Risk","High risk food holding temperature "
3006,"20140424",103149,"Low Risk","Wiping cloths not clean or properly stored or inadequate sanitizer"
3006,"20140424",103139,"Low Risk","Improper food storage"
3006,"20140424",103156,"Low Risk","Permit license or inspection report not posted"
3008,"20150422",103131,"Moderate Risk","Moderate risk vermin infestation"
3008,"20150422",103154,"Low Risk","Unclean or degraded floors walls or ceilings"
3008,"20150422",103103,"High Risk","High risk food holding temperature "
3008,"20150422",103147,"Low Risk","Inadequate ventilation or lighting"
3008,"20150422",103142,"Low Risk","Unclean nonfood contact surfaces"
3008,"20150422",103139,"Low Risk","Improper food storage"
3008,"20150422",103108,"High Risk","Contaminated or adulterated food"
3008,"20150422",103109,"High Risk","Unclean or unsanitary food contact surfaces"
3008,"20140319",103108,"High Risk","Contaminated or adulterated food"
3008,"20140319",103142,"Low Risk","Unclean nonfood contact surfaces"
3008,"20140319",103119,"Moderate Risk","Inadequate and inaccessible handwashing facilities"
3008,"20140319",103139,"Low Risk","Improper food storage"
3008,"20140319",103124,"Moderate Risk","Inadequately cleaned or sanitized food contact surfaces"
3008,"20140319",103149,"Low Risk","Wiping cloths not clean or properly stored or inadequate sanitizer"
3008,"20140319",103159,"Low Risk","Worker safety hazards"
3008,"20140319",103154,"Low Risk","Unclean or degraded floors walls or ceilings"
3008,"20140319",103162,"Low Risk","Other low risk violation"
3008,"20140319",103148,"Low Risk","No thermometers or uncalibrated thermometers "
3008,"20140319",103144,"Low Risk","Unapproved or unmaintained equipment or utensils"
3008,"20140319",103157,"Low Risk","Food safety certificate or food handler card not available"
3008,"20120711",103133,"Moderate Risk","Foods not protected from contamination"
3008,"20120711",103132,"Moderate Risk","Improper thawing methods "
3008,"20120711",103144,"Low Risk","Unapproved or unmaintained equipment or utensils"
3008,"20120711",103156,"Low Risk","Permit license or inspection report not posted"
3008,"20120711",103142,"Low Risk","Unclean nonfood contact surfaces"
3008,"20120711",103120,"Moderate Risk","Moderate risk food holding temperature "
3008,"20120711",103109,"High Risk","Unclean or unsanitary food contact surfaces"
3008,"20120711",103119,"Moderate Risk","Inadequate and inaccessible handwashing facilities"
3008,"20120711",103131,"Moderate Risk","Moderate risk vermin infestation"
3008,"20120711",103150,"Low Risk","Improper or defective plumbing"
3008,"20140812",103141,"Low Risk","Improper food labeling or menu misrepresentation"
3008,"20140812",103103,"High Risk","High risk food holding temperature "
3008,"20140812",103153,"Low Risk","Inadequate dressing rooms or improper storage of personal items"
3008,"20140812",103154,"Low Risk","Unclean or degraded floors walls or ceilings"
3008,"20140812",103131,"Moderate Risk","Moderate risk vermin infestation"
3008,"20140812",103157,"Low Risk","Food safety certificate or food handler card not available"
3008,"20140812",103143,"Low Risk","Inadequate warewashing facilities or equipment"
3008,"20140812",103142,"Low Risk","Unclean nonfood contact surfaces"
3008,"20140812",103139,"Low Risk","Improper food storage"
3014,"20150428",103120,"Moderate Risk","Moderate risk food holding temperature "
3014,"20150428",103147,"Low Risk","Inadequate ventilation or lighting"
3014,"20150428",103124,"Moderate Risk","Inadequately cleaned or sanitized food contact surfaces"
3014,"20150428",103154,"Low Risk","Unclean or degraded floors walls or ceilings"
3014,"20150428",103144,"Low Risk","Unapproved or unmaintained equipment or utensils"
3014,"20150428",103149,"Low Risk","Wiping cloths not clean or properly stored or inadequate sanitizer"
3014,"20150428",103133,"Moderate Risk","Foods not protected from contamination"
3014,"20150428",103139,"Low Risk","Improper food storage"
3014,"20150428",103142,"Low Risk","Unclean nonfood contact surfaces"
3014,"20150428",103143,"Low Risk","Inadequate warewashing facilities or equipment"
3014,"20140403",103139,"Low Risk","Improper food storage"
3014,"20140403",103148,"Low Risk","No thermometers or uncalibrated thermometers "
3014,"20140403",103149,"Low Risk","Wiping cloths not clean or properly stored or inadequate sanitizer"
3014,"20120807",103156,"Low Risk","Permit license or inspection report not posted"
3014,"20120807",103145,"Low Risk","Improper storage of equipment utensils or linens"
3014,"20120807",103142,"Low Risk","Unclean nonfood contact surfaces"
3014,"20120807",103154,"Low Risk","Unclean or degraded floors walls or ceilings"
3014,"20120807",103152,"Low Risk","Unclean unmaintained or improperly constructed toilet facilities"
3014,"20120807",103139,"Low Risk","Improper food storage"
3016,"20150211",103157,"Low Risk","Food safety certificate or food handler card not available"
3016,"20150211",103133,"Moderate Risk","Foods not protected from contamination"
3016,"20150211",103143,"Low Risk","Inadequate warewashing facilities or equipment"
3016,"20150211",103154,"Low Risk","Unclean or degraded floors walls or ceilings"
3016,"20150211",103156,"Low Risk","Permit license or inspection report not posted"
3016,"20150211",103161,"Low Risk","Low risk vermin infestation"
3016,"20150211",103120,"Moderate Risk","Moderate risk food holding temperature "
3016,"20131218",103142,"Low Risk","Unclean nonfood contact surfaces"
3016,"20131218",103102,"High Risk","Unclean hands or improper use of gloves"
3016,"20131218",103148,"Low Risk","No thermometers or uncalibrated thermometers "
3016,"20131218",103153,"Low Risk","Inadequate dressing rooms or improper storage of personal items"
3016,"20131218",103154,"Low Risk","Unclean or degraded floors walls or ceilings"
3016,"20131218",103157,"Low Risk","Food safety certificate or food handler card not available"
3016,"20131218",103132,"Moderate Risk","Improper thawing methods "
3016,"20131218",103139,"Low Risk","Improper food storage"
3016,"20131218",103109,"High Risk","Unclean or unsanitary food contact surfaces"
3016,"20131218",103149,"Low Risk","Wiping cloths not clean or properly stored or inadequate sanitizer"
3016,"20131218",103120,"Moderate Risk","Moderate risk food holding temperature "
3016,"20130319",103159,"Low Risk","Worker safety hazards"
3016,"20130319",103156,"Low Risk","Permit license or inspection report not posted"
3016,"20130319",103147,"Low Risk","Inadequate ventilation or lighting"
3016,"20130319",103145,"Low Risk","Improper storage of equipment utensils or linens"
3016,"20130319",103142,"Low Risk","Unclean nonfood contact surfaces"
3016,"20130319",103133,"Moderate Risk","Foods not protected from contamination"
3016,"20130319",103120,"Moderate Risk","Moderate risk food holding temperature "
3016,"20120709",103142,"Low Risk","Unclean nonfood contact surfaces"
3016,"20120709",103156,"Low Risk","Permit license or inspection report not posted"
3016,"20120709",103145,"Low Risk","Improper storage of equipment utensils or linens"
3016,"20120709",103124,"Moderate Risk","Inadequately cleaned or sanitized food contact surfaces"
3016,"20120709",103133,"Moderate Risk","Foods not protected from contamination"
3019,"20150311",103119,"Moderate Risk","Inadequate and inaccessible handwashing facilities"
3019,"20150311",103157,"Low Risk","Food safety certificate or food handler card not available"
3019,"20150311",103139,"Low Risk","Improper food storage"
3019,"20150311",103154,"Low Risk","Unclean or degraded floors walls or ceilings"
3019,"20150311",103138,"Low Risk","Improper storage use or identification of toxic substances"
3019,"20130913",103124,"Moderate Risk","Inadequately cleaned or sanitized food contact surfaces"
3019,"20130913",103143,"Low Risk","Inadequate warewashing facilities or equipment"
3019,"20130913",103139,"Low Risk","Improper food storage"
3019,"20130913",103154,"Low Risk","Unclean or degraded floors walls or ceilings"
3019,"20130913",103133,"Moderate Risk","Foods not protected from contamination"
3019,"20130913",103120,"Moderate Risk","Moderate risk food holding temperature "
3019,"20140501",103154,"Low Risk","Unclean or degraded floors walls or ceilings"
3019,"20140501",103119,"Moderate Risk","Inadequate and inaccessible handwashing facilities"
3019,"20140501",103120,"Moderate Risk","Moderate risk food holding temperature "
3019,"20140501",103142,"Low Risk","Unclean nonfood contact surfaces"
3019,"20140501",103149,"Low Risk","Wiping cloths not clean or properly stored or inadequate sanitizer"
3019,"20130111",103103,"High Risk","High risk food holding temperature "
3019,"20130111",103124,"Moderate Risk","Inadequately cleaned or sanitized food contact surfaces"
3019,"20130111",103133,"Moderate Risk","Foods not protected from contamination"
3019,"20130111",103139,"Low Risk","Improper food storage"
3019,"20130111",103142,"Low Risk","Unclean nonfood contact surfaces"
3019,"20130111",103144,"Low Risk","Unapproved or unmaintained equipment or utensils"
3019,"20130111",103154,"Low Risk","Unclean or degraded floors walls or ceilings"
3021,"20141106",103149,"Low Risk","Wiping cloths not clean or properly stored or inadequate sanitizer"
3021,"20141106",103151,"Low Risk","Inadequate or unsanitary refuse containers or area or no garbage service"
3021,"20141106",103161,"Low Risk","Low risk vermin infestation"
3021,"20141106",103120,"Moderate Risk","Moderate risk food holding temperature "
3021,"20140205",103103,"High Risk","High risk food holding temperature "
3021,"20140205",103113,"High Risk","Sewage or wastewater contamination"
3021,"20140205",103124,"Moderate Risk","Inadequately cleaned or sanitized food contact surfaces"
3021,"20140205",103129,"Moderate Risk","Insufficient hot water or running water"
3021,"20140205",103151,"Low Risk","Inadequate or unsanitary refuse containers or area or no garbage service"
3021,"20140205",103156,"Low Risk","Permit license or inspection report not posted"
3021,"20140205",103116,"Moderate Risk","Inadequate food safety knowledge or lack of certified food safety manager"
3021,"20130228",103156,"Low Risk","Permit license or inspection report not posted"
3021,"20130228",103145,"Low Risk","Improper storage of equipment utensils or linens"
3021,"20130228",103133,"Moderate Risk","Foods not protected from contamination"
3021,"20130228",103113,"High Risk","Sewage or wastewater contamination"
3025,"20130715",103142,"Low Risk","Unclean nonfood contact surfaces"
3025,"20130715",103124,"Moderate Risk","Inadequately cleaned or sanitized food contact surfaces"
3025,"20130715",103119,"Moderate Risk","Inadequate and inaccessible handwashing facilities"
3025,"20140204",103144,"Low Risk","Unapproved or unmaintained equipment or utensils"
3025,"20140204",103142,"Low Risk","Unclean nonfood contact surfaces"
3025,"20140204",103133,"Moderate Risk","Foods not protected from contamination"
3025,"20140204",103132,"Moderate Risk","Improper thawing methods "
3025,"20140204",103124,"Moderate Risk","Inadequately cleaned or sanitized food contact surfaces"
3025,"20121029",103133,"Moderate Risk","Foods not protected from contamination"
3025,"20121029",103105,"High Risk","Improper cooling methods"
3025,"20140514",103133,"Moderate Risk","Foods not protected from contamination"
3025,"20140514",103120,"Moderate Risk","Moderate risk food holding temperature "
3025,"20140514",103124,"Moderate Risk","Inadequately cleaned or sanitized food contact surfaces"
3025,"20140514",103139,"Low Risk","Improper food storage"
3025,"20140514",103161,"Low Risk","Low risk vermin infestation"
3025,"20140514",103144,"Low Risk","Unapproved or unmaintained equipment or utensils"
3029,"20130819",103147,"Low Risk","Inadequate ventilation or lighting"
3029,"20130819",103139,"Low Risk","Improper food storage"
3029,"20130819",103103,"High Risk","High risk food holding temperature "
3029,"20130819",103152,"Low Risk","Unclean unmaintained or improperly constructed toilet facilities"
3029,"20130819",103141,"Low Risk","Improper food labeling or menu misrepresentation"
3029,"20140218",103142,"Low Risk","Unclean nonfood contact surfaces"
3029,"20140218",103145,"Low Risk","Improper storage of equipment utensils or linens"
3029,"20140218",103154,"Low Risk","Unclean or degraded floors walls or ceilings"
3029,"20120806",103142,"Low Risk","Unclean nonfood contact surfaces"
3029,"20120813",103132,"Moderate Risk","Improper thawing methods "
3029,"20120813",103105,"High Risk","Improper cooling methods"
3029,"20120806",103120,"Moderate Risk","Moderate risk food holding temperature "
3029,"20120806",103124,"Moderate Risk","Inadequately cleaned or sanitized food contact surfaces"
3029,"20130226",103147,"Low Risk","Inadequate ventilation or lighting"
3029,"20130226",103142,"Low Risk","Unclean nonfood contact surfaces"
3029,"20130226",103154,"Low Risk","Unclean or degraded floors walls or ceilings"
3029,"20140714",103124,"Moderate Risk","Inadequately cleaned or sanitized food contact surfaces"
3029,"20140714",103156,"Low Risk","Permit license or inspection report not posted"
3029,"20140714",103154,"Low Risk","Unclean or degraded floors walls or ceilings"
3029,"20140714",103144,"Low Risk","Unapproved or unmaintained equipment or utensils"
3029,"20140714",103103,"High Risk","High risk food holding temperature "
3029,"20140714",103142,"Low Risk","Unclean nonfood contact surfaces"
3031,"20141125",103154,"Low Risk","Unclean or degraded floors walls or ceilings"
3031,"20141125",103132,"Moderate Risk","Improper thawing methods "
3031,"20141125",103149,"Low Risk","Wiping cloths not clean or properly stored or inadequate sanitizer"
3031,"20141125",103138,"Low Risk","Improper storage use or identification of toxic substances"
3031,"20141125",103133,"Moderate Risk","Foods not protected from contamination"
3031,"20130820",103142,"Low Risk","Unclean nonfood contact surfaces"
3031,"20130820",103103,"High Risk","High risk food holding temperature "
3031,"20140410",103154,"Low Risk","Unclean or degraded floors walls or ceilings"
3031,"20140410",103133,"Moderate Risk","Foods not protected from contamination"
3031,"20140410",103119,"Moderate Risk","Inadequate and inaccessible handwashing facilities"
3031,"20140410",103108,"High Risk","Contaminated or adulterated food"
3031,"20140410",103103,"High Risk","High risk food holding temperature "
3031,"20140410",103147,"Low Risk","Inadequate ventilation or lighting"
3031,"20140410",103120,"Moderate Risk","Moderate risk food holding temperature "
3031,"20121023",103142,"Low Risk","Unclean nonfood contact surfaces"
3031,"20121023",103133,"Moderate Risk","Foods not protected from contamination"
3031,"20121023",103131,"Moderate Risk","Moderate risk vermin infestation"
3032,"20130827",103103,"High Risk","High risk food holding temperature "
3032,"20130827",103115,"High Risk","Other high risk violation"
3032,"20130827",103150,"Low Risk","Improper or defective plumbing"
3032,"20130827",103148,"Low Risk","No thermometers or uncalibrated thermometers "
3032,"20130827",103119,"Moderate Risk","Inadequate and inaccessible handwashing facilities"
3032,"20120625",103103,"High Risk","High risk food holding temperature "
3032,"20120625",103148,"Low Risk","No thermometers or uncalibrated thermometers "
3035,"20140128",103124,"Moderate Risk","Inadequately cleaned or sanitized food contact surfaces"
3035,"20140128",103157,"Low Risk","Food safety certificate or food handler card not available"
3035,"20140128",103154,"Low Risk","Unclean or degraded floors walls or ceilings"
3035,"20140128",103131,"Moderate Risk","Moderate risk vermin infestation"
3035,"20140128",103112,"High Risk","No hot water or running water"
3035,"20140128",103138,"Low Risk","Improper storage use or identification of toxic substances"
3035,"20130429",103109,"High Risk","Unclean or unsanitary food contact surfaces"
3035,"20130429",103116,"Moderate Risk","Inadequate food safety knowledge or lack of certified food safety manager"
3035,"20130429",103133,"Moderate Risk","Foods not protected from contamination"
3035,"20130429",103131,"Moderate Risk","Moderate risk vermin infestation"
3035,"20130429",103144,"Low Risk","Unapproved or unmaintained equipment or utensils"
3035,"20130429",103154,"Low Risk","Unclean or degraded floors walls or ceilings"
3035,"20130429",103120,"Moderate Risk","Moderate risk food holding temperature "
3035,"20130429",103142,"Low Risk","Unclean nonfood contact surfaces"
3035,"20130514",103124,"Moderate Risk","Inadequately cleaned or sanitized food contact surfaces"
3035,"20130429",103114,"High Risk","High risk vermin infestation"
3035,"20130529",103154,"Low Risk","Unclean or degraded floors walls or ceilings"
3035,"20130529",103144,"Low Risk","Unapproved or unmaintained equipment or utensils"
3035,"20130514",103131,"Moderate Risk","Moderate risk vermin infestation"
3038,"20150415",103154,"Low Risk","Unclean or degraded floors walls or ceilings"
3038,"20150415",103131,"Moderate Risk","Moderate risk vermin infestation"
3038,"20150415",103124,"Moderate Risk","Inadequately cleaned or sanitized food contact surfaces"
3038,"20150415",103103,"High Risk","High risk food holding temperature "
3038,"20150415",103116,"Moderate Risk","Inadequate food safety knowledge or lack of certified food safety manager"
3038,"20150415",103102,"High Risk","Unclean hands or improper use of gloves"
3038,"20150415",103133,"Moderate Risk","Foods not protected from contamination"
3038,"20130611",103124,"Moderate Risk","Inadequately cleaned or sanitized food contact surfaces"
3038,"20130611",103154,"Low Risk","Unclean or degraded floors walls or ceilings"
3038,"20130611",103149,"Low Risk","Wiping cloths not clean or properly stored or inadequate sanitizer"
3038,"20130611",103157,"Low Risk","Food safety certificate or food handler card not available"
3038,"20130611",103142,"Low Risk","Unclean nonfood contact surfaces"
3038,"20130611",103156,"Low Risk","Permit license or inspection report not posted"
3038,"20130611",103144,"Low Risk","Unapproved or unmaintained equipment or utensils"
3043,"20141113",103120,"Moderate Risk","Moderate risk food holding temperature "
3043,"20141113",103105,"High Risk","Improper cooling methods"
3043,"20131106",103120,"Moderate Risk","Moderate risk food holding temperature "
3043,"20131106",103119,"Moderate Risk","Inadequate and inaccessible handwashing facilities"
3043,"20131106",103133,"Moderate Risk","Foods not protected from contamination"
3043,"20131106",103149,"Low Risk","Wiping cloths not clean or properly stored or inadequate sanitizer"
3043,"20121025",103120,"Moderate Risk","Moderate risk food holding temperature "
3043,"20121025",103116,"Moderate Risk","Inadequate food safety knowledge or lack of certified food safety manager"
3046,"20141017",103119,"Moderate Risk","Inadequate and inaccessible handwashing facilities"
3046,"20131003",103154,"Low Risk","Unclean or degraded floors walls or ceilings"
3046,"20131003",103149,"Low Risk","Wiping cloths not clean or properly stored or inadequate sanitizer"
3046,"20131003",103161,"Low Risk","Low risk vermin infestation"
3046,"20130422",103139,"Low Risk","Improper food storage"
3046,"20130422",103149,"Low Risk","Wiping cloths not clean or properly stored or inadequate sanitizer"
3046,"20130422",103124,"Moderate Risk","Inadequately cleaned or sanitized food contact surfaces"
3046,"20130422",103150,"Low Risk","Improper or defective plumbing"
3046,"20140409",103121,"Moderate Risk","Inadequate procedures or records for time as a public health control "
3046,"20140409",103124,"Moderate Risk","Inadequately cleaned or sanitized food contact surfaces"
3048,"20150302",103153,"Low Risk","Inadequate dressing rooms or improper storage of personal items"
3048,"20150302",103133,"Moderate Risk","Foods not protected from contamination"
3048,"20150302",103124,"Moderate Risk","Inadequately cleaned or sanitized food contact surfaces"
3048,"20150302",103120,"Moderate Risk","Moderate risk food holding temperature "
3048,"20150302",103154,"Low Risk","Unclean or degraded floors walls or ceilings"
3048,"20130919",103109,"High Risk","Unclean or unsanitary food contact surfaces"
3048,"20130919",103123,"Moderate Risk","Food in poor condition"
3048,"20130919",103142,"Low Risk","Unclean nonfood contact surfaces"
3048,"20130919",103154,"Low Risk","Unclean or degraded floors walls or ceilings"
3048,"20130919",103158,"Low Risk","Unpermitted food facility"
3048,"20130919",103118,"Moderate Risk","Employee eating or smoking"
3048,"20140314",103154,"Low Risk","Unclean or degraded floors walls or ceilings"
3048,"20140314",103142,"Low Risk","Unclean nonfood contact surfaces"
3048,"20121017",103148,"Low Risk","No thermometers or uncalibrated thermometers "
3048,"20121017",103109,"High Risk","Unclean or unsanitary food contact surfaces"
3048,"20121017",103133,"Moderate Risk","Foods not protected from contamination"
3048,"20121017",103123,"Moderate Risk","Food in poor condition"
3048,"20121017",103116,"Moderate Risk","Inadequate food safety knowledge or lack of certified food safety manager"
3048,"20121017",103102,"High Risk","Unclean hands or improper use of gloves"
3050,"20130619",103154,"Low Risk","Unclean or degraded floors walls or ceilings"
3050,"20130619",103142,"Low Risk","Unclean nonfood contact surfaces"
3050,"20121114",103142,"Low Risk","Unclean nonfood contact surfaces"
3050,"20121114",103154,"Low Risk","Unclean or degraded floors walls or ceilings"
3053,"20130111",103142,"Low Risk","Unclean nonfood contact surfaces"
3053,"20140521",103154,"Low Risk","Unclean or degraded floors walls or ceilings"
3053,"20140521",103149,"Low Risk","Wiping cloths not clean or properly stored or inadequate sanitizer"
3054,"20150511",103125,"Moderate Risk","Noncompliance with shell fish tags or display"
3054,"20150511",103142,"Low Risk","Unclean nonfood contact surfaces"
3054,"20140422",103105,"High Risk","Improper cooling methods"
3054,"20140422",103107,"High Risk","Improper reheating of food"
3054,"20140422",103124,"Moderate Risk","Inadequately cleaned or sanitized food contact surfaces"
3054,"20140422",103139,"Low Risk","Improper food storage"
3054,"20121003",103149,"Low Risk","Wiping cloths not clean or properly stored or inadequate sanitizer"
3054,"20121003",103144,"Low Risk","Unapproved or unmaintained equipment or utensils"
3054,"20121003",103139,"Low Risk","Improper food storage"
3054,"20121003",103108,"High Risk","Contaminated or adulterated food"
3054,"20121003",103154,"Low Risk","Unclean or degraded floors walls or ceilings"
3055,"20140903",103154,"Low Risk","Unclean or degraded floors walls or ceilings"
3055,"20131029",103142,"Low Risk","Unclean nonfood contact surfaces"
3055,"20131029",103154,"Low Risk","Unclean or degraded floors walls or ceilings"
3055,"20131029",103139,"Low Risk","Improper food storage"
3055,"20130115",103120,"Moderate Risk","Moderate risk food holding temperature "
3055,"20130115",103149,"Low Risk","Wiping cloths not clean or properly stored or inadequate sanitizer"
3055,"20130115",103116,"Moderate Risk","Inadequate food safety knowledge or lack of certified food safety manager"
3055,"20130115",103154,"Low Risk","Unclean or degraded floors walls or ceilings"
3056,"20150109",103103,"High Risk","High risk food holding temperature "
3056,"20150109",103138,"Low Risk","Improper storage use or identification of toxic substances"
3056,"20131210",103138,"Low Risk","Improper storage use or identification of toxic substances"
3056,"20131210",103124,"Moderate Risk","Inadequately cleaned or sanitized food contact surfaces"
3056,"20131210",103144,"Low Risk","Unapproved or unmaintained equipment or utensils"
3056,"20131210",103154,"Low Risk","Unclean or degraded floors walls or ceilings"
3056,"20121129",103149,"Low Risk","Wiping cloths not clean or properly stored or inadequate sanitizer"
3056,"20121129",103120,"Moderate Risk","Moderate risk food holding temperature "
3056,"20121129",103144,"Low Risk","Unapproved or unmaintained equipment or utensils"
3056,"20121129",103139,"Low Risk","Improper food storage"
3056,"20121129",103124,"Moderate Risk","Inadequately cleaned or sanitized food contact surfaces"
3059,"20140908",103136,"Low Risk","Unsanitary employee garments hair or nails"
3059,"20140908",103154,"Low Risk","Unclean or degraded floors walls or ceilings"
3059,"20140908",103150,"Low Risk","Improper or defective plumbing"
3059,"20140908",103139,"Low Risk","Improper food storage"
3059,"20140908",103149,"Low Risk","Wiping cloths not clean or properly stored or inadequate sanitizer"
3059,"20121130",103139,"Low Risk","Improper food storage"
3059,"20121130",103156,"Low Risk","Permit license or inspection report not posted"
3059,"20121130",103124,"Moderate Risk","Inadequately cleaned or sanitized food contact surfaces"
3061,"20141103",103149,"Low Risk","Wiping cloths not clean or properly stored or inadequate sanitizer"
3061,"20141103",103139,"Low Risk","Improper food storage"
3061,"20141103",103131,"Moderate Risk","Moderate risk vermin infestation"
3061,"20141103",103154,"Low Risk","Unclean or degraded floors walls or ceilings"
3061,"20140422",103133,"Moderate Risk","Foods not protected from contamination"
3061,"20140422",103154,"Low Risk","Unclean or degraded floors walls or ceilings"
3061,"20120813",103131,"Moderate Risk","Moderate risk vermin infestation"
3061,"20120813",103109,"High Risk","Unclean or unsanitary food contact surfaces"
3061,"20130301",103119,"Moderate Risk","Inadequate and inaccessible handwashing facilities"
3061,"20130301",103131,"Moderate Risk","Moderate risk vermin infestation"
3061,"20130301",103124,"Moderate Risk","Inadequately cleaned or sanitized food contact surfaces"
3062,"20131105",103120,"Moderate Risk","Moderate risk food holding temperature "
3062,"20130506",103154,"Low Risk","Unclean or degraded floors walls or ceilings"
3062,"20130506",103161,"Low Risk","Low risk vermin infestation"
3062,"20140425",103142,"Low Risk","Unclean nonfood contact surfaces"
3062,"20140425",103149,"Low Risk","Wiping cloths not clean or properly stored or inadequate sanitizer"
3062,"20140425",103139,"Low Risk","Improper food storage"
3062,"20140425",103120,"Moderate Risk","Moderate risk food holding temperature "
3062,"20121003",103154,"Low Risk","Unclean or degraded floors walls or ceilings"
3062,"20121003",103149,"Low Risk","Wiping cloths not clean or properly stored or inadequate sanitizer"
3065,"20150223",103144,"Low Risk","Unapproved or unmaintained equipment or utensils"
3065,"20150223",103154,"Low Risk","Unclean or degraded floors walls or ceilings"
3065,"20150223",103145,"Low Risk","Improper storage of equipment utensils or linens"
3065,"20150223",103142,"Low Risk","Unclean nonfood contact surfaces"
3065,"20150223",103131,"Moderate Risk","Moderate risk vermin infestation"
3065,"20150223",103120,"Moderate Risk","Moderate risk food holding temperature "
3065,"20131112",103118,"Moderate Risk","Employee eating or smoking"
3065,"20131112",103109,"High Risk","Unclean or unsanitary food contact surfaces"
3065,"20131112",103120,"Moderate Risk","Moderate risk food holding temperature "
3065,"20131112",103133,"Moderate Risk","Foods not protected from contamination"
3065,"20131112",103144,"Low Risk","Unapproved or unmaintained equipment or utensils"
3065,"20131112",103143,"Low Risk","Inadequate warewashing facilities or equipment"
3065,"20131112",103139,"Low Risk","Improper food storage"
3065,"20131112",103154,"Low Risk","Unclean or degraded floors walls or ceilings"
3065,"20131112",103156,"Low Risk","Permit license or inspection report not posted"
3065,"20121128",103145,"Low Risk","Improper storage of equipment utensils or linens"
3065,"20121128",103142,"Low Risk","Unclean nonfood contact surfaces"
3065,"20121128",103120,"Moderate Risk","Moderate risk food holding temperature "
3065,"20121128",103144,"Low Risk","Unapproved or unmaintained equipment or utensils"
3065,"20140616",103120,"Moderate Risk","Moderate risk food holding temperature "
3065,"20140616",103161,"Low Risk","Low risk vermin infestation"
3065,"20140616",103154,"Low Risk","Unclean or degraded floors walls or ceilings"
3065,"20140616",103147,"Low Risk","Inadequate ventilation or lighting"
3065,"20140616",103145,"Low Risk","Improper storage of equipment utensils or linens"
3065,"20140616",103142,"Low Risk","Unclean nonfood contact surfaces"
3070,"20140306",103142,"Low Risk","Unclean nonfood contact surfaces"
3070,"20140306",103154,"Low Risk","Unclean or degraded floors walls or ceilings"
3070,"20130123",103139,"Low Risk","Improper food storage"
3070,"20130123",103105,"High Risk","Improper cooling methods"
3070,"20130123",103154,"Low Risk","Unclean or degraded floors walls or ceilings"
3072,"20130725",103114,"High Risk","High risk vermin infestation"
3072,"20130725",103162,"Low Risk","Other low risk violation"
3072,"20130725",103105,"High Risk","Improper cooling methods"
3072,"20130725",103144,"Low Risk","Unapproved or unmaintained equipment or utensils"
3072,"20130725",103149,"Low Risk","Wiping cloths not clean or properly stored or inadequate sanitizer"
3072,"20130725",103154,"Low Risk","Unclean or degraded floors walls or ceilings"
3072,"20130725",103142,"Low Risk","Unclean nonfood contact surfaces"
3072,"20140415",103131,"Moderate Risk","Moderate risk vermin infestation"
3072,"20140415",103154,"Low Risk","Unclean or degraded floors walls or ceilings"
3072,"20121107",103154,"Low Risk","Unclean or degraded floors walls or ceilings"
3072,"20121107",103149,"Low Risk","Wiping cloths not clean or properly stored or inadequate sanitizer"
3072,"20121107",103139,"Low Risk","Improper food storage"
3072,"20121107",103124,"Moderate Risk","Inadequately cleaned or sanitized food contact surfaces"
3072,"20121107",103120,"Moderate Risk","Moderate risk food holding temperature "
3076,"20130426",103161,"Low Risk","Low risk vermin infestation"
3076,"20121101",103119,"Moderate Risk","Inadequate and inaccessible handwashing facilities"
3076,"20121101",103150,"Low Risk","Improper or defective plumbing"
3076,"20121101",103103,"High Risk","High risk food holding temperature "
3076,"20121101",103139,"Low Risk","Improper food storage"
3080,"20150522",103120,"Moderate Risk","Moderate risk food holding temperature "
3080,"20150522",103109,"High Risk","Unclean or unsanitary food contact surfaces"
3080,"20150522",103132,"Moderate Risk","Improper thawing methods "
3080,"20150522",103144,"Low Risk","Unapproved or unmaintained equipment or utensils"
3080,"20130816",103144,"Low Risk","Unapproved or unmaintained equipment or utensils"
3080,"20130816",103131,"Moderate Risk","Moderate risk vermin infestation"
3080,"20130816",103142,"Low Risk","Unclean nonfood contact surfaces"
3080,"20140310",103114,"High Risk","High risk vermin infestation"
3080,"20140310",103142,"Low Risk","Unclean nonfood contact surfaces"
3080,"20130116",103124,"Moderate Risk","Inadequately cleaned or sanitized food contact surfaces"
3080,"20130116",103131,"Moderate Risk","Moderate risk vermin infestation"
3082,"20150326",103154,"Low Risk","Unclean or degraded floors walls or ceilings"
3082,"20150326",103120,"Moderate Risk","Moderate risk food holding temperature "
3082,"20150326",103103,"High Risk","High risk food holding temperature "
3082,"20150326",103148,"Low Risk","No thermometers or uncalibrated thermometers "
3082,"20131011",103103,"High Risk","High risk food holding temperature "
3082,"20131011",103103,"High Risk","High risk food holding temperature "
3082,"20130228",103148,"Low Risk","No thermometers or uncalibrated thermometers "
3082,"20130228",103119,"Moderate Risk","Inadequate and inaccessible handwashing facilities"
3082,"20130228",103109,"High Risk","Unclean or unsanitary food contact surfaces"
3084,"20130329",103124,"Moderate Risk","Inadequately cleaned or sanitized food contact surfaces"
3084,"20130329",103131,"Moderate Risk","Moderate risk vermin infestation"
3084,"20140212",103109,"High Risk","Unclean or unsanitary food contact surfaces"
3084,"20140212",103145,"Low Risk","Improper storage of equipment utensils or linens"
3084,"20140212",103114,"High Risk","High risk vermin infestation"
3084,"20120802",103157,"Low Risk","Food safety certificate or food handler card not available"
3084,"20120802",103124,"Moderate Risk","Inadequately cleaned or sanitized food contact surfaces"
3090,"20140314",103149,"Low Risk","Wiping cloths not clean or properly stored or inadequate sanitizer"
3091,"20130509",103119,"Moderate Risk","Inadequate and inaccessible handwashing facilities"
3091,"20120921",103148,"Low Risk","No thermometers or uncalibrated thermometers "
3091,"20120921",103119,"Moderate Risk","Inadequate and inaccessible handwashing facilities"
3095,"20130221",103116,"Moderate Risk","Inadequate food safety knowledge or lack of certified food safety manager"
3095,"20130221",103120,"Moderate Risk","Moderate risk food holding temperature "
3095,"20130221",103154,"Low Risk","Unclean or degraded floors walls or ceilings"
3095,"20130221",103114,"High Risk","High risk vermin infestation"
3095,"20130221",103109,"High Risk","Unclean or unsanitary food contact surfaces"
3095,"20130221",103105,"High Risk","Improper cooling methods"
3095,"20130221",103142,"Low Risk","Unclean nonfood contact surfaces"
3095,"20140324",103103,"High Risk","High risk food holding temperature "
3095,"20140324",103154,"Low Risk","Unclean or degraded floors walls or ceilings"
3095,"20140324",103144,"Low Risk","Unapproved or unmaintained equipment or utensils"
3095,"20140324",103131,"Moderate Risk","Moderate risk vermin infestation"
3095,"20140324",103119,"Moderate Risk","Inadequate and inaccessible handwashing facilities"
3095,"20140324",103109,"High Risk","Unclean or unsanitary food contact surfaces"
3095,"20140324",103156,"Low Risk","Permit license or inspection report not posted"
3095,"20120612",103144,"Low Risk","Unapproved or unmaintained equipment or utensils"
3095,"20120612",103131,"Moderate Risk","Moderate risk vermin infestation"
3095,"20120612",103114,"High Risk","High risk vermin infestation"
3095,"20120612",103142,"Low Risk","Unclean nonfood contact surfaces"
3095,"20120612",103109,"High Risk","Unclean or unsanitary food contact surfaces"
3095,"20120612",103165,"Low Risk","No plan review or Building Permit"
3095,"20120612",103120,"Moderate Risk","Moderate risk food holding temperature "
3095,"20120612",103154,"Low Risk","Unclean or degraded floors walls or ceilings"
3102,"20131113",103145,"Low Risk","Improper storage of equipment utensils or linens"
3102,"20131113",103154,"Low Risk","Unclean or degraded floors walls or ceilings"
3102,"20131113",103139,"Low Risk","Improper food storage"
3102,"20140627",103142,"Low Risk","Unclean nonfood contact surfaces"
3111,"20150203",103144,"Low Risk","Unapproved or unmaintained equipment or utensils"
3111,"20150203",103139,"Low Risk","Improper food storage"
3111,"20150203",103154,"Low Risk","Unclean or degraded floors walls or ceilings"
3111,"20150203",103109,"High Risk","Unclean or unsanitary food contact surfaces"
3111,"20140116",103145,"Low Risk","Improper storage of equipment utensils or linens"
3111,"20140116",103154,"Low Risk","Unclean or degraded floors walls or ceilings"
3111,"20130123",103142,"Low Risk","Unclean nonfood contact surfaces"
3111,"20130123",103145,"Low Risk","Improper storage of equipment utensils or linens"
3112,"20130828",103105,"High Risk","Improper cooling methods"
3112,"20130828",103139,"Low Risk","Improper food storage"
3112,"20130828",103154,"Low Risk","Unclean or degraded floors walls or ceilings"
3112,"20130828",103142,"Low Risk","Unclean nonfood contact surfaces"
3112,"20121108",103139,"Low Risk","Improper food storage"
3112,"20121108",103105,"High Risk","Improper cooling methods"
3112,"20140714",103120,"Moderate Risk","Moderate risk food holding temperature "
3112,"20140714",103149,"Low Risk","Wiping cloths not clean or properly stored or inadequate sanitizer"
3112,"20140714",103139,"Low Risk","Improper food storage"
3112,"20140714",103154,"Low Risk","Unclean or degraded floors walls or ceilings"
3114,"20130709",103133,"Moderate Risk","Foods not protected from contamination"
3114,"20130709",103124,"Moderate Risk","Inadequately cleaned or sanitized food contact surfaces"
3114,"20130709",103119,"Moderate Risk","Inadequate and inaccessible handwashing facilities"
3114,"20140421",103124,"Moderate Risk","Inadequately cleaned or sanitized food contact surfaces"
3114,"20140421",103131,"Moderate Risk","Moderate risk vermin infestation"
3114,"20140421",103154,"Low Risk","Unclean or degraded floors walls or ceilings"
3114,"20140421",103144,"Low Risk","Unapproved or unmaintained equipment or utensils"
3115,"20131010",103154,"Low Risk","Unclean or degraded floors walls or ceilings"
3115,"20131010",103119,"Moderate Risk","Inadequate and inaccessible handwashing facilities"
3115,"20131010",103133,"Moderate Risk","Foods not protected from contamination"
3115,"20131010",103103,"High Risk","High risk food holding temperature "
3115,"20140128",103129,"Moderate Risk","Insufficient hot water or running water"
3115,"20140128",103154,"Low Risk","Unclean or degraded floors walls or ceilings"
3115,"20140128",103124,"Moderate Risk","Inadequately cleaned or sanitized food contact surfaces"
3115,"20140128",103139,"Low Risk","Improper food storage"
3115,"20140128",103133,"Moderate Risk","Foods not protected from contamination"
3115,"20140128",103144,"Low Risk","Unapproved or unmaintained equipment or utensils"
3115,"20140128",103142,"Low Risk","Unclean nonfood contact surfaces"
3115,"20140128",103103,"High Risk","High risk food holding temperature "
3115,"20121016",103103,"High Risk","High risk food holding temperature "
3115,"20121016",103139,"Low Risk","Improper food storage"
3115,"20121016",103144,"Low Risk","Unapproved or unmaintained equipment or utensils"
3115,"20121016",103133,"Moderate Risk","Foods not protected from contamination"
3115,"20121016",103149,"Low Risk","Wiping cloths not clean or properly stored or inadequate sanitizer"
3115,"20121016",103114,"High Risk","High risk vermin infestation"
3115,"20121016",103124,"Moderate Risk","Inadequately cleaned or sanitized food contact surfaces"
3115,"20121016",103132,"Moderate Risk","Improper thawing methods "
3115,"20121016",103150,"Low Risk","Improper or defective plumbing"
3115,"20121016",103154,"Low Risk","Unclean or degraded floors walls or ceilings"
3115,"20121016",103108,"High Risk","Contaminated or adulterated food"
3115,"20121016",103142,"Low Risk","Unclean nonfood contact surfaces"
3115,"20140624",103154,"Low Risk","Unclean or degraded floors walls or ceilings"
3115,"20140624",103103,"High Risk","High risk food holding temperature "
3115,"20140624",103142,"Low Risk","Unclean nonfood contact surfaces"
3115,"20140624",103144,"Low Risk","Unapproved or unmaintained equipment or utensils"
3115,"20140624",103139,"Low Risk","Improper food storage"
3115,"20140624",103133,"Moderate Risk","Foods not protected from contamination"
3115,"20140624",103105,"High Risk","Improper cooling methods"
3115,"20140624",103147,"Low Risk","Inadequate ventilation or lighting"
3115,"20140624",103124,"Moderate Risk","Inadequately cleaned or sanitized food contact surfaces"
3115,"20140624",103119,"Moderate Risk","Inadequate and inaccessible handwashing facilities"
3115,"20140624",103114,"High Risk","High risk vermin infestation"
3115,"20140624",103129,"Moderate Risk","Insufficient hot water or running water"
3116,"20141021",103120,"Moderate Risk","Moderate risk food holding temperature "
3116,"20140130",103109,"High Risk","Unclean or unsanitary food contact surfaces"
3116,"20140130",103131,"Moderate Risk","Moderate risk vermin infestation"
3116,"20140130",103132,"Moderate Risk","Improper thawing methods "
3116,"20140130",103133,"Moderate Risk","Foods not protected from contamination"
3118,"20140918",103156,"Low Risk","Permit license or inspection report not posted"
3118,"20140918",103142,"Low Risk","Unclean nonfood contact surfaces"
3118,"20130823",103105,"High Risk","Improper cooling methods"
3118,"20130823",103124,"Moderate Risk","Inadequately cleaned or sanitized food contact surfaces"
3118,"20130823",103139,"Low Risk","Improper food storage"
3118,"20130823",103154,"Low Risk","Unclean or degraded floors walls or ceilings"
3118,"20140327",103133,"Moderate Risk","Foods not protected from contamination"
3118,"20140327",103124,"Moderate Risk","Inadequately cleaned or sanitized food contact surfaces"
3118,"20140327",103120,"Moderate Risk","Moderate risk food holding temperature "
3118,"20140327",103119,"Moderate Risk","Inadequate and inaccessible handwashing facilities"
3118,"20140327",103144,"Low Risk","Unapproved or unmaintained equipment or utensils"
3118,"20140327",103154,"Low Risk","Unclean or degraded floors walls or ceilings"
3118,"20121219",103142,"Low Risk","Unclean nonfood contact surfaces"
3118,"20121219",103157,"Low Risk","Food safety certificate or food handler card not available"
3118,"20121219",103154,"Low Risk","Unclean or degraded floors walls or ceilings"
3118,"20121219",103139,"Low Risk","Improper food storage"
3118,"20121219",103124,"Moderate Risk","Inadequately cleaned or sanitized food contact surfaces"
3120,"20140123",103150,"Low Risk","Improper or defective plumbing"
3120,"20140123",103144,"Low Risk","Unapproved or unmaintained equipment or utensils"
3120,"20140123",103143,"Low Risk","Inadequate warewashing facilities or equipment"
3120,"20130104",103149,"Low Risk","Wiping cloths not clean or properly stored or inadequate sanitizer"
3120,"20140514",103133,"Moderate Risk","Foods not protected from contamination"
3120,"20140514",103103,"High Risk","High risk food holding temperature "
3120,"20140514",103149,"Low Risk","Wiping cloths not clean or properly stored or inadequate sanitizer"
3121,"20150331",103124,"Moderate Risk","Inadequately cleaned or sanitized food contact surfaces"
3121,"20150331",103138,"Low Risk","Improper storage use or identification of toxic substances"
3121,"20150331",103133,"Moderate Risk","Foods not protected from contamination"
3121,"20150331",103144,"Low Risk","Unapproved or unmaintained equipment or utensils"
3121,"20150331",103143,"Low Risk","Inadequate warewashing facilities or equipment"
3121,"20140210",103154,"Low Risk","Unclean or degraded floors walls or ceilings"
3121,"20140210",103114,"High Risk","High risk vermin infestation"
3121,"20140210",103103,"High Risk","High risk food holding temperature "
3121,"20140210",103116,"Moderate Risk","Inadequate food safety knowledge or lack of certified food safety manager"
3121,"20130227",103154,"Low Risk","Unclean or degraded floors walls or ceilings"
3122,"20150107",103129,"Moderate Risk","Insufficient hot water or running water"
3122,"20150107",103124,"Moderate Risk","Inadequately cleaned or sanitized food contact surfaces"
3122,"20150107",103105,"High Risk","Improper cooling methods"
3122,"20131016",103133,"Moderate Risk","Foods not protected from contamination"
3122,"20131016",103103,"High Risk","High risk food holding temperature "
3122,"20140610",103107,"High Risk","Improper reheating of food"
3122,"20140610",103120,"Moderate Risk","Moderate risk food holding temperature "
3123,"20130916",103124,"Moderate Risk","Inadequately cleaned or sanitized food contact surfaces"
3123,"20130916",103154,"Low Risk","Unclean or degraded floors walls or ceilings"
3123,"20130916",103150,"Low Risk","Improper or defective plumbing"
3123,"20130916",103149,"Low Risk","Wiping cloths not clean or properly stored or inadequate sanitizer"
3123,"20130925",103115,"High Risk","Other high risk violation"
3123,"20130916",103133,"Moderate Risk","Foods not protected from contamination"
3123,"20130916",103142,"Low Risk","Unclean nonfood contact surfaces"
3123,"20130916",103105,"High Risk","Improper cooling methods"
3123,"20130916",103139,"Low Risk","Improper food storage"
3123,"20130916",103119,"Moderate Risk","Inadequate and inaccessible handwashing facilities"
3123,"20130916",103103,"High Risk","High risk food holding temperature "
3123,"20130207",103124,"Moderate Risk","Inadequately cleaned or sanitized food contact surfaces"
3123,"20130207",103120,"Moderate Risk","Moderate risk food holding temperature "
3123,"20130207",103139,"Low Risk","Improper food storage"
3123,"20130207",103142,"Low Risk","Unclean nonfood contact surfaces"
3123,"20130207",103144,"Low Risk","Unapproved or unmaintained equipment or utensils"
3123,"20130207",103150,"Low Risk","Improper or defective plumbing"
3123,"20130207",103154,"Low Risk","Unclean or degraded floors walls or ceilings"
3123,"20130207",103131,"Moderate Risk","Moderate risk vermin infestation"
3123,"20140522",103131,"Moderate Risk","Moderate risk vermin infestation"
3123,"20140522",103119,"Moderate Risk","Inadequate and inaccessible handwashing facilities"
3123,"20140522",103113,"High Risk","Sewage or wastewater contamination"
3123,"20140522",103109,"High Risk","Unclean or unsanitary food contact surfaces"
3123,"20140522",103132,"Moderate Risk","Improper thawing methods "
3123,"20140522",103154,"Low Risk","Unclean or degraded floors walls or ceilings"
3123,"20140522",103156,"Low Risk","Permit license or inspection report not posted"
3123,"20140522",103133,"Moderate Risk","Foods not protected from contamination"
3123,"20140522",103142,"Low Risk","Unclean nonfood contact surfaces"
3123,"20140522",103150,"Low Risk","Improper or defective plumbing"
3123,"20140522",103144,"Low Risk","Unapproved or unmaintained equipment or utensils"
3123,"20140522",103105,"High Risk","Improper cooling methods"
3129,"20141210",103139,"Low Risk","Improper food storage"
3129,"20141210",103133,"Moderate Risk","Foods not protected from contamination"
3129,"20130919",103154,"Low Risk","Unclean or degraded floors walls or ceilings"
3129,"20130919",103139,"Low Risk","Improper food storage"
3129,"20121022",103139,"Low Risk","Improper food storage"
3129,"20121022",103124,"Moderate Risk","Inadequately cleaned or sanitized food contact surfaces"
3130,"20140827",103124,"Moderate Risk","Inadequately cleaned or sanitized food contact surfaces"
3130,"20131112",103133,"Moderate Risk","Foods not protected from contamination"
3130,"20131112",103120,"Moderate Risk","Moderate risk food holding temperature "
3130,"20130118",103132,"Moderate Risk","Improper thawing methods "
3130,"20130118",103119,"Moderate Risk","Inadequate and inaccessible handwashing facilities"
3133,"20150108",103120,"Moderate Risk","Moderate risk food holding temperature "
3133,"20150108",103131,"Moderate Risk","Moderate risk vermin infestation"
3133,"20150108",103133,"Moderate Risk","Foods not protected from contamination"
3133,"20150108",103149,"Low Risk","Wiping cloths not clean or properly stored or inadequate sanitizer"
3133,"20150108",103144,"Low Risk","Unapproved or unmaintained equipment or utensils"
3133,"20130603",103153,"Low Risk","Inadequate dressing rooms or improper storage of personal items"
3133,"20130603",103119,"Moderate Risk","Inadequate and inaccessible handwashing facilities"
3133,"20130603",103124,"Moderate Risk","Inadequately cleaned or sanitized food contact surfaces"
3133,"20130603",103131,"Moderate Risk","Moderate risk vermin infestation"
3133,"20130603",103139,"Low Risk","Improper food storage"
3133,"20130603",103142,"Low Risk","Unclean nonfood contact surfaces"
3133,"20140228",103133,"Moderate Risk","Foods not protected from contamination"
3133,"20140228",103150,"Low Risk","Improper or defective plumbing"
3133,"20140228",103154,"Low Risk","Unclean or degraded floors walls or ceilings"
3133,"20140228",103124,"Moderate Risk","Inadequately cleaned or sanitized food contact surfaces"
3133,"20121002",103114,"High Risk","High risk vermin infestation"
3133,"20121002",103154,"Low Risk","Unclean or degraded floors walls or ceilings"
3133,"20121002",103150,"Low Risk","Improper or defective plumbing"
3133,"20121002",103142,"Low Risk","Unclean nonfood contact surfaces"
3133,"20121002",103139,"Low Risk","Improper food storage"
3133,"20121002",103124,"Moderate Risk","Inadequately cleaned or sanitized food contact surfaces"
3134,"20140917",103103,"High Risk","High risk food holding temperature "
3134,"20140917",103104,"High Risk","Unauthorized or unsafe use of time as a public health control measure"
3134,"20140917",103124,"Moderate Risk","Inadequately cleaned or sanitized food contact surfaces"
3134,"20140917",103147,"Low Risk","Inadequate ventilation or lighting"
3134,"20140917",103154,"Low Risk","Unclean or degraded floors walls or ceilings"
3134,"20140917",103159,"Low Risk","Worker safety hazards"
3134,"20140211",103119,"Moderate Risk","Inadequate and inaccessible handwashing facilities"
3151,"20150107",103120,"Moderate Risk","Moderate risk food holding temperature "
3151,"20150107",103114,"High Risk","High risk vermin infestation"
3151,"20150107",103142,"Low Risk","Unclean nonfood contact surfaces"
3151,"20150107",103109,"High Risk","Unclean or unsanitary food contact surfaces"
3151,"20150107",103119,"Moderate Risk","Inadequate and inaccessible handwashing facilities"
3151,"20150107",103139,"Low Risk","Improper food storage"
3151,"20150107",103144,"Low Risk","Unapproved or unmaintained equipment or utensils"
3151,"20150107",103145,"Low Risk","Improper storage of equipment utensils or linens"
3151,"20150107",103154,"Low Risk","Unclean or degraded floors walls or ceilings"
3151,"20150107",103150,"Low Risk","Improper or defective plumbing"
3151,"20150107",103149,"Low Risk","Wiping cloths not clean or properly stored or inadequate sanitizer"
3151,"20130607",103124,"Moderate Risk","Inadequately cleaned or sanitized food contact surfaces"
3151,"20130607",103142,"Low Risk","Unclean nonfood contact surfaces"
3151,"20130607",103150,"Low Risk","Improper or defective plumbing"
3151,"20130607",103139,"Low Risk","Improper food storage"
3151,"20130607",103133,"Moderate Risk","Foods not protected from contamination"
3151,"20130607",103154,"Low Risk","Unclean or degraded floors walls or ceilings"
3151,"20130607",103114,"High Risk","High risk vermin infestation"
3151,"20130607",103132,"Moderate Risk","Improper thawing methods "
3151,"20130607",103120,"Moderate Risk","Moderate risk food holding temperature "
3151,"20130607",103119,"Moderate Risk","Inadequate and inaccessible handwashing facilities"
3151,"20120918",103103,"High Risk","High risk food holding temperature "
3151,"20120905",103139,"Low Risk","Improper food storage"
3151,"20120905",103142,"Low Risk","Unclean nonfood contact surfaces"
3151,"20120905",103144,"Low Risk","Unapproved or unmaintained equipment or utensils"
3151,"20120905",103138,"Low Risk","Improper storage use or identification of toxic substances"
3151,"20120905",103149,"Low Risk","Wiping cloths not clean or properly stored or inadequate sanitizer"
3151,"20120918",103124,"Moderate Risk","Inadequately cleaned or sanitized food contact surfaces"
3151,"20120918",103139,"Low Risk","Improper food storage"
3151,"20120918",103151,"Low Risk","Inadequate or unsanitary refuse containers or area or no garbage service"
3151,"20120918",103131,"Moderate Risk","Moderate risk vermin infestation"
3151,"20120905",103133,"Moderate Risk","Foods not protected from contamination"
3151,"20120905",103132,"Moderate Risk","Improper thawing methods "
3151,"20120905",103119,"Moderate Risk","Inadequate and inaccessible handwashing facilities"
3151,"20120905",103116,"Moderate Risk","Inadequate food safety knowledge or lack of certified food safety manager"
3151,"20120905",103114,"High Risk","High risk vermin infestation"
3151,"20120918",103105,"High Risk","Improper cooling methods"
3151,"20120905",103154,"Low Risk","Unclean or degraded floors walls or ceilings"
3151,"20120905",103109,"High Risk","Unclean or unsanitary food contact surfaces"
3151,"20120905",103103,"High Risk","High risk food holding temperature "
3151,"20120918",103118,"Moderate Risk","Employee eating or smoking"
3151,"20140514",103156,"Low Risk","Permit license or inspection report not posted"
3151,"20140514",103154,"Low Risk","Unclean or degraded floors walls or ceilings"
3151,"20140514",103153,"Low Risk","Inadequate dressing rooms or improper storage of personal items"
3151,"20140514",103150,"Low Risk","Improper or defective plumbing"
3151,"20140514",103144,"Low Risk","Unapproved or unmaintained equipment or utensils"
3151,"20140514",103142,"Low Risk","Unclean nonfood contact surfaces"
3151,"20140514",103132,"Moderate Risk","Improper thawing methods "
3151,"20140514",103133,"Moderate Risk","Foods not protected from contamination"
3151,"20140514",103114,"High Risk","High risk vermin infestation"
3151,"20140514",103109,"High Risk","Unclean or unsanitary food contact surfaces"
3151,"20140514",103103,"High Risk","High risk food holding temperature "
3151,"20140514",103139,"Low Risk","Improper food storage"
3155,"20140211",103131,"Moderate Risk","Moderate risk vermin infestation"
3155,"20140211",103120,"Moderate Risk","Moderate risk food holding temperature "
3155,"20140820",103105,"High Risk","Improper cooling methods"
3155,"20140820",103120,"Moderate Risk","Moderate risk food holding temperature "
3160,"20150204",103154,"Low Risk","Unclean or degraded floors walls or ceilings"
3160,"20150204",103130,"Moderate Risk","Inadequate sewage or wastewater disposal"
3160,"20150204",103102,"High Risk","Unclean hands or improper use of gloves"
3160,"20150204",103120,"Moderate Risk","Moderate risk food holding temperature "
3160,"20131113",103133,"Moderate Risk","Foods not protected from contamination"
3160,"20131113",103129,"Moderate Risk","Insufficient hot water or running water"
3160,"20131113",103150,"Low Risk","Improper or defective plumbing"
3160,"20131113",103119,"Moderate Risk","Inadequate and inaccessible handwashing facilities"
3160,"20131113",103114,"High Risk","High risk vermin infestation"
3160,"20131113",103124,"Moderate Risk","Inadequately cleaned or sanitized food contact surfaces"
3160,"20120820",103131,"Moderate Risk","Moderate risk vermin infestation"
3160,"20120820",103108,"High Risk","Contaminated or adulterated food"
3160,"20120820",103148,"Low Risk","No thermometers or uncalibrated thermometers "
3160,"20120820",103120,"Moderate Risk","Moderate risk food holding temperature "
3160,"20120820",103109,"High Risk","Unclean or unsanitary food contact surfaces"
3160,"20130115",103124,"Moderate Risk","Inadequately cleaned or sanitized food contact surfaces"
3160,"20130115",103154,"Low Risk","Unclean or degraded floors walls or ceilings"
3160,"20130115",103156,"Low Risk","Permit license or inspection report not posted"
3160,"20130115",103139,"Low Risk","Improper food storage"
3160,"20140624",103150,"Low Risk","Improper or defective plumbing"
3160,"20140624",103133,"Moderate Risk","Foods not protected from contamination"
3160,"20140624",103124,"Moderate Risk","Inadequately cleaned or sanitized food contact surfaces"
3160,"20140624",103120,"Moderate Risk","Moderate risk food holding temperature "
3160,"20140624",103156,"Low Risk","Permit license or inspection report not posted"
3161,"20150518",103154,"Low Risk","Unclean or degraded floors walls or ceilings"
3161,"20150518",103105,"High Risk","Improper cooling methods"
3161,"20130819",103143,"Low Risk","Inadequate warewashing facilities or equipment"
3161,"20130819",103116,"Moderate Risk","Inadequate food safety knowledge or lack of certified food safety manager"
3161,"20130819",103119,"Moderate Risk","Inadequate and inaccessible handwashing facilities"
3161,"20130819",103142,"Low Risk","Unclean nonfood contact surfaces"
3161,"20130819",103161,"Low Risk","Low risk vermin infestation"
3161,"20130819",103139,"Low Risk","Improper food storage"
3161,"20140327",103161,"Low Risk","Low risk vermin infestation"
3161,"20140327",103158,"Low Risk","Unpermitted food facility"
3161,"20140327",103105,"High Risk","Improper cooling methods"
3161,"20140327",103133,"Moderate Risk","Foods not protected from contamination"
3165,"20150519",103138,"Low Risk","Improper storage use or identification of toxic substances"
3165,"20150519",103120,"Moderate Risk","Moderate risk food holding temperature "
3165,"20150519",103114,"High Risk","High risk vermin infestation"
3165,"20150519",103154,"Low Risk","Unclean or degraded floors walls or ceilings"
3165,"20130514",103105,"High Risk","Improper cooling methods"
3165,"20130514",103133,"Moderate Risk","Foods not protected from contamination"
3165,"20130514",103109,"High Risk","Unclean or unsanitary food contact surfaces"
3165,"20130514",103148,"Low Risk","No thermometers or uncalibrated thermometers "
3165,"20130514",103116,"Moderate Risk","Inadequate food safety knowledge or lack of certified food safety manager"
3165,"20130514",103120,"Moderate Risk","Moderate risk food holding temperature "
3165,"20140219",103133,"Moderate Risk","Foods not protected from contamination"
3165,"20140219",103144,"Low Risk","Unapproved or unmaintained equipment or utensils"
3165,"20120612",103132,"Moderate Risk","Improper thawing methods "
3165,"20120612",103119,"Moderate Risk","Inadequate and inaccessible handwashing facilities"
3165,"20120612",103124,"Moderate Risk","Inadequately cleaned or sanitized food contact surfaces"
3165,"20121012",103108,"High Risk","Contaminated or adulterated food"
3165,"20121012",103119,"Moderate Risk","Inadequate and inaccessible handwashing facilities"
3165,"20120612",103103,"High Risk","High risk food holding temperature "
3165,"20120612",103144,"Low Risk","Unapproved or unmaintained equipment or utensils"
3165,"20121012",103133,"Moderate Risk","Foods not protected from contamination"
3165,"20121012",103124,"Moderate Risk","Inadequately cleaned or sanitized food contact surfaces"
3165,"20121012",103138,"Low Risk","Improper storage use or identification of toxic substances"
3165,"20120612",103149,"Low Risk","Wiping cloths not clean or properly stored or inadequate sanitizer"
3165,"20121012",103154,"Low Risk","Unclean or degraded floors walls or ceilings"
3165,"20120612",103133,"Moderate Risk","Foods not protected from contamination"
3165,"20120612",103139,"Low Risk","Improper food storage"
3165,"20140814",103103,"High Risk","High risk food holding temperature "
3165,"20140814",103144,"Low Risk","Unapproved or unmaintained equipment or utensils"
3165,"20140814",103145,"Low Risk","Improper storage of equipment utensils or linens"
3167,"20131205",103144,"Low Risk","Unapproved or unmaintained equipment or utensils"
3167,"20131205",103142,"Low Risk","Unclean nonfood contact surfaces"
3167,"20131205",103124,"Moderate Risk","Inadequately cleaned or sanitized food contact surfaces"
3167,"20131205",103120,"Moderate Risk","Moderate risk food holding temperature "
3167,"20131205",103119,"Moderate Risk","Inadequate and inaccessible handwashing facilities"
3167,"20120730",103154,"Low Risk","Unclean or degraded floors walls or ceilings"
3167,"20120730",103133,"Moderate Risk","Foods not protected from contamination"
3167,"20120730",103116,"Moderate Risk","Inadequate food safety knowledge or lack of certified food safety manager"
3167,"20120730",103109,"High Risk","Unclean or unsanitary food contact surfaces"
3167,"20120730",103114,"High Risk","High risk vermin infestation"
3167,"20120730",103144,"Low Risk","Unapproved or unmaintained equipment or utensils"
3167,"20140609",103114,"High Risk","High risk vermin infestation"
3167,"20140609",103133,"Moderate Risk","Foods not protected from contamination"
3167,"20140609",103116,"Moderate Risk","Inadequate food safety knowledge or lack of certified food safety manager"
3167,"20140609",103120,"Moderate Risk","Moderate risk food holding temperature "
3167,"20140609",103124,"Moderate Risk","Inadequately cleaned or sanitized food contact surfaces"
3167,"20140609",103138,"Low Risk","Improper storage use or identification of toxic substances"
3167,"20140609",103139,"Low Risk","Improper food storage"
3167,"20140609",103142,"Low Risk","Unclean nonfood contact surfaces"
3167,"20140609",103144,"Low Risk","Unapproved or unmaintained equipment or utensils"
3174,"20141007",103161,"Low Risk","Low risk vermin infestation"
3174,"20141007",103124,"Moderate Risk","Inadequately cleaned or sanitized food contact surfaces"
3174,"20141007",103123,"Moderate Risk","Food in poor condition"
3174,"20141007",103103,"High Risk","High risk food holding temperature "
3174,"20130528",103124,"Moderate Risk","Inadequately cleaned or sanitized food contact surfaces"
3174,"20130528",103161,"Low Risk","Low risk vermin infestation"
3174,"20130528",103118,"Moderate Risk","Employee eating or smoking"
3174,"20130528",103105,"High Risk","Improper cooling methods"
3174,"20130528",103103,"High Risk","High risk food holding temperature "
3174,"20140212",103131,"Moderate Risk","Moderate risk vermin infestation"
3174,"20140212",103102,"High Risk","Unclean hands or improper use of gloves"
3174,"20140212",103103,"High Risk","High risk food holding temperature "
3174,"20140212",103105,"High Risk","Improper cooling methods"
3174,"20140212",103144,"Low Risk","Unapproved or unmaintained equipment or utensils"
3174,"20120725",103124,"Moderate Risk","Inadequately cleaned or sanitized food contact surfaces"
3174,"20120725",103154,"Low Risk","Unclean or degraded floors walls or ceilings"
3174,"20120725",103139,"Low Risk","Improper food storage"
3174,"20120725",103103,"High Risk","High risk food holding temperature "
3174,"20120725",103102,"High Risk","Unclean hands or improper use of gloves"
3183,"20141113",103120,"Moderate Risk","Moderate risk food holding temperature "
3183,"20141113",103102,"High Risk","Unclean hands or improper use of gloves"
3183,"20141113",103149,"Low Risk","Wiping cloths not clean or properly stored or inadequate sanitizer"
3183,"20141113",103105,"High Risk","Improper cooling methods"
3183,"20130314",103154,"Low Risk","Unclean or degraded floors walls or ceilings"
3183,"20130314",103143,"Low Risk","Inadequate warewashing facilities or equipment"
3183,"20130314",103134,"Moderate Risk","Other moderate risk violation"
3183,"20130314",103118,"Moderate Risk","Employee eating or smoking"
3183,"20130314",103156,"Low Risk","Permit license or inspection report not posted"
3183,"20140225",103124,"Moderate Risk","Inadequately cleaned or sanitized food contact surfaces"
3183,"20140225",103133,"Moderate Risk","Foods not protected from contamination"
3183,"20140225",103119,"Moderate Risk","Inadequate and inaccessible handwashing facilities"
3183,"20140225",103105,"High Risk","Improper cooling methods"
3183,"20140225",103131,"Moderate Risk","Moderate risk vermin infestation"
3185,"20130710",103103,"High Risk","High risk food holding temperature "
3185,"20130710",103142,"Low Risk","Unclean nonfood contact surfaces"
3185,"20130710",103154,"Low Risk","Unclean or degraded floors walls or ceilings"
3185,"20140421",103151,"Low Risk","Inadequate or unsanitary refuse containers or area or no garbage service"
3185,"20140421",103114,"High Risk","High risk vermin infestation"
3185,"20140421",103154,"Low Risk","Unclean or degraded floors walls or ceilings"
3185,"20140421",103143,"Low Risk","Inadequate warewashing facilities or equipment"
3186,"20121114",103138,"Low Risk","Improper storage use or identification of toxic substances"
3186,"20121114",103151,"Low Risk","Inadequate or unsanitary refuse containers or area or no garbage service"
3186,"20121114",103149,"Low Risk","Wiping cloths not clean or properly stored or inadequate sanitizer"
3186,"20121114",103157,"Low Risk","Food safety certificate or food handler card not available"
3189,"20130521",103139,"Low Risk","Improper food storage"
3189,"20130521",103120,"Moderate Risk","Moderate risk food holding temperature "
3189,"20130521",103138,"Low Risk","Improper storage use or identification of toxic substances"
3189,"20121115",103149,"Low Risk","Wiping cloths not clean or properly stored or inadequate sanitizer"
3189,"20121115",103133,"Moderate Risk","Foods not protected from contamination"
3189,"20121115",103139,"Low Risk","Improper food storage"
3189,"20121115",103103,"High Risk","High risk food holding temperature "
3189,"20121115",103112,"High Risk","No hot water or running water"
3189,"20121115",103132,"Moderate Risk","Improper thawing methods "
3189,"20140529",103154,"Low Risk","Unclean or degraded floors walls or ceilings"
3189,"20140529",103114,"High Risk","High risk vermin infestation"
3189,"20140529",103139,"Low Risk","Improper food storage"
3190,"20130624",103149,"Low Risk","Wiping cloths not clean or properly stored or inadequate sanitizer"
3190,"20130624",103145,"Low Risk","Improper storage of equipment utensils or linens"
3190,"20130624",103133,"Moderate Risk","Foods not protected from contamination"
3190,"20130624",103142,"Low Risk","Unclean nonfood contact surfaces"
3190,"20140113",103142,"Low Risk","Unclean nonfood contact surfaces"
3190,"20140203",103131,"Moderate Risk","Moderate risk vermin infestation"
3190,"20140113",103132,"Moderate Risk","Improper thawing methods "
3190,"20140113",103144,"Low Risk","Unapproved or unmaintained equipment or utensils"
3190,"20140113",103120,"Moderate Risk","Moderate risk food holding temperature "
3190,"20121105",103145,"Low Risk","Improper storage of equipment utensils or linens"
3190,"20121105",103139,"Low Risk","Improper food storage"
3190,"20121105",103124,"Moderate Risk","Inadequately cleaned or sanitized food contact surfaces"
3190,"20121105",103120,"Moderate Risk","Moderate risk food holding temperature "
3190,"20121105",103133,"Moderate Risk","Foods not protected from contamination"
3196,"20141114",103139,"Low Risk","Improper food storage"
3196,"20141114",103142,"Low Risk","Unclean nonfood contact surfaces"
3196,"20141114",103132,"Moderate Risk","Improper thawing methods "
3196,"20141114",103154,"Low Risk","Unclean or degraded floors walls or ceilings"
3196,"20141114",103149,"Low Risk","Wiping cloths not clean or properly stored or inadequate sanitizer"
3196,"20130628",103124,"Moderate Risk","Inadequately cleaned or sanitized food contact surfaces"
3196,"20140411",103149,"Low Risk","Wiping cloths not clean or properly stored or inadequate sanitizer"
3196,"20140411",103142,"Low Risk","Unclean nonfood contact surfaces"
3196,"20120622",103154,"Low Risk","Unclean or degraded floors walls or ceilings"
3196,"20120622",103142,"Low Risk","Unclean nonfood contact surfaces"
3196,"20120622",103120,"Moderate Risk","Moderate risk food holding temperature "
3200,"20130718",103103,"High Risk","High risk food holding temperature "
3206,"20150423",103161,"Low Risk","Low risk vermin infestation"
3206,"20150423",103124,"Moderate Risk","Inadequately cleaned or sanitized food contact surfaces"
3206,"20150423",103157,"Low Risk","Food safety certificate or food handler card not available"
3206,"20150423",103139,"Low Risk","Improper food storage"
3206,"20131220",103157,"Low Risk","Food safety certificate or food handler card not available"
3206,"20131220",103151,"Low Risk","Inadequate or unsanitary refuse containers or area or no garbage service"
3206,"20131220",103149,"Low Risk","Wiping cloths not clean or properly stored or inadequate sanitizer"
3206,"20131220",103144,"Low Risk","Unapproved or unmaintained equipment or utensils"
3206,"20130325",103149,"Low Risk","Wiping cloths not clean or properly stored or inadequate sanitizer"
3206,"20130325",103131,"Moderate Risk","Moderate risk vermin infestation"
3206,"20120813",103150,"Low Risk","Improper or defective plumbing"
3206,"20120813",103127,"Moderate Risk","Noncompliance with HAACP plan or variance"
3206,"20120813",103157,"Low Risk","Food safety certificate or food handler card not available"
3206,"20120813",103145,"Low Risk","Improper storage of equipment utensils or linens"
3207,"20150129",103124,"Moderate Risk","Inadequately cleaned or sanitized food contact surfaces"
3207,"20131121",103149,"Low Risk","Wiping cloths not clean or properly stored or inadequate sanitizer"
3207,"20131121",103154,"Low Risk","Unclean or degraded floors walls or ceilings"
3207,"20130130",103124,"Moderate Risk","Inadequately cleaned or sanitized food contact surfaces"
3209,"20130424",103157,"Low Risk","Food safety certificate or food handler card not available"
3209,"20130424",103103,"High Risk","High risk food holding temperature "
3209,"20130424",103149,"Low Risk","Wiping cloths not clean or properly stored or inadequate sanitizer"
3209,"20130424",103123,"Moderate Risk","Food in poor condition"
3209,"20130424",103131,"Moderate Risk","Moderate risk vermin infestation"
3209,"20130424",103154,"Low Risk","Unclean or degraded floors walls or ceilings"
3209,"20130424",103152,"Low Risk","Unclean unmaintained or improperly constructed toilet facilities"
3209,"20140609",103116,"Moderate Risk","Inadequate food safety knowledge or lack of certified food safety manager"
3209,"20140609",103119,"Moderate Risk","Inadequate and inaccessible handwashing facilities"
3209,"20140609",103154,"Low Risk","Unclean or degraded floors walls or ceilings"
3209,"20140609",103149,"Low Risk","Wiping cloths not clean or properly stored or inadequate sanitizer"
3209,"20140609",103143,"Low Risk","Inadequate warewashing facilities or equipment"
3209,"20140609",103157,"Low Risk","Food safety certificate or food handler card not available"
3209,"20140609",103105,"High Risk","Improper cooling methods"
3210,"20140904",103144,"Low Risk","Unapproved or unmaintained equipment or utensils"
3210,"20140904",103109,"High Risk","Unclean or unsanitary food contact surfaces"
3210,"20140904",103139,"Low Risk","Improper food storage"
3210,"20130717",103139,"Low Risk","Improper food storage"
3210,"20130717",103142,"Low Risk","Unclean nonfood contact surfaces"
3210,"20130717",103154,"Low Risk","Unclean or degraded floors walls or ceilings"
3210,"20130717",103120,"Moderate Risk","Moderate risk food holding temperature "
3210,"20140226",103139,"Low Risk","Improper food storage"
3211,"20141021",103149,"Low Risk","Wiping cloths not clean or properly stored or inadequate sanitizer"
3211,"20141021",103133,"Moderate Risk","Foods not protected from contamination"
3211,"20141021",103105,"High Risk","Improper cooling methods"
3211,"20131015",103144,"Low Risk","Unapproved or unmaintained equipment or utensils"
3211,"20131015",103149,"Low Risk","Wiping cloths not clean or properly stored or inadequate sanitizer"
3211,"20130415",103133,"Moderate Risk","Foods not protected from contamination"
3211,"20140414",103120,"Moderate Risk","Moderate risk food holding temperature "
3211,"20140414",103133,"Moderate Risk","Foods not protected from contamination"
3211,"20121001",103133,"Moderate Risk","Foods not protected from contamination"
3211,"20121001",103149,"Low Risk","Wiping cloths not clean or properly stored or inadequate sanitizer"
3216,"20130722",103142,"Low Risk","Unclean nonfood contact surfaces"
3216,"20130722",103147,"Low Risk","Inadequate ventilation or lighting"
3216,"20130722",103144,"Low Risk","Unapproved or unmaintained equipment or utensils"
3216,"20140304",103149,"Low Risk","Wiping cloths not clean or properly stored or inadequate sanitizer"
3216,"20140304",103142,"Low Risk","Unclean nonfood contact surfaces"
3216,"20140304",103144,"Low Risk","Unapproved or unmaintained equipment or utensils"
3216,"20130115",103145,"Low Risk","Improper storage of equipment utensils or linens"
3216,"20130115",103149,"Low Risk","Wiping cloths not clean or properly stored or inadequate sanitizer"
3216,"20140730",103149,"Low Risk","Wiping cloths not clean or properly stored or inadequate sanitizer"
3216,"20140730",103133,"Moderate Risk","Foods not protected from contamination"
3216,"20140730",103120,"Moderate Risk","Moderate risk food holding temperature "
3217,"20131119",103133,"Moderate Risk","Foods not protected from contamination"
3217,"20131119",103103,"High Risk","High risk food holding temperature "
3217,"20131119",103124,"Moderate Risk","Inadequately cleaned or sanitized food contact surfaces"
3217,"20131119",103131,"Moderate Risk","Moderate risk vermin infestation"
3217,"20130401",103103,"High Risk","High risk food holding temperature "
3217,"20130401",103116,"Moderate Risk","Inadequate food safety knowledge or lack of certified food safety manager"
3217,"20130401",103109,"High Risk","Unclean or unsanitary food contact surfaces"
3217,"20130401",103144,"Low Risk","Unapproved or unmaintained equipment or utensils"
3217,"20130401",103102,"High Risk","Unclean hands or improper use of gloves"
3217,"20130401",103114,"High Risk","High risk vermin infestation"
3217,"20130401",103123,"Moderate Risk","Food in poor condition"
3217,"20130401",103119,"Moderate Risk","Inadequate and inaccessible handwashing facilities"
3217,"20140611",103133,"Moderate Risk","Foods not protected from contamination"
3217,"20140611",103131,"Moderate Risk","Moderate risk vermin infestation"
3217,"20140611",103124,"Moderate Risk","Inadequately cleaned or sanitized food contact surfaces"
3217,"20140611",103120,"Moderate Risk","Moderate risk food holding temperature "
3217,"20140611",103116,"Moderate Risk","Inadequate food safety knowledge or lack of certified food safety manager"
3218,"20141007",103131,"Moderate Risk","Moderate risk vermin infestation"
3218,"20130321",103149,"Low Risk","Wiping cloths not clean or properly stored or inadequate sanitizer"
3218,"20130321",103143,"Low Risk","Inadequate warewashing facilities or equipment"
3218,"20130321",103151,"Low Risk","Inadequate or unsanitary refuse containers or area or no garbage service"
3218,"20140311",103161,"Low Risk","Low risk vermin infestation"
3218,"20140311",103149,"Low Risk","Wiping cloths not clean or properly stored or inadequate sanitizer"
3218,"20140311",103144,"Low Risk","Unapproved or unmaintained equipment or utensils"
3218,"20140311",103120,"Moderate Risk","Moderate risk food holding temperature "
3218,"20140311",103139,"Low Risk","Improper food storage"
3221,"20130619",103124,"Moderate Risk","Inadequately cleaned or sanitized food contact surfaces"
3221,"20130619",103102,"High Risk","Unclean hands or improper use of gloves"
3221,"20130619",103120,"Moderate Risk","Moderate risk food holding temperature "
3221,"20130619",103105,"High Risk","Improper cooling methods"
3221,"20140312",103120,"Moderate Risk","Moderate risk food holding temperature "
3221,"20140312",103133,"Moderate Risk","Foods not protected from contamination"
3221,"20140312",103124,"Moderate Risk","Inadequately cleaned or sanitized food contact surfaces"
3221,"20140312",103105,"High Risk","Improper cooling methods"
3221,"20120925",103133,"Moderate Risk","Foods not protected from contamination"
3221,"20120925",103142,"Low Risk","Unclean nonfood contact surfaces"
3221,"20120925",103109,"High Risk","Unclean or unsanitary food contact surfaces"
3221,"20120925",103102,"High Risk","Unclean hands or improper use of gloves"
3221,"20121012",103132,"Moderate Risk","Improper thawing methods "
3221,"20120925",103120,"Moderate Risk","Moderate risk food holding temperature "
3222,"20150316",103120,"Moderate Risk","Moderate risk food holding temperature "
3222,"20150316",103139,"Low Risk","Improper food storage"
3222,"20150316",103142,"Low Risk","Unclean nonfood contact surfaces"
3222,"20150316",103144,"Low Risk","Unapproved or unmaintained equipment or utensils"
3222,"20150316",103161,"Low Risk","Low risk vermin infestation"
3222,"20130719",103144,"Low Risk","Unapproved or unmaintained equipment or utensils"
3222,"20130719",103161,"Low Risk","Low risk vermin infestation"
3222,"20140117",103157,"Low Risk","Food safety certificate or food handler card not available"
3222,"20140117",103144,"Low Risk","Unapproved or unmaintained equipment or utensils"
3222,"20120905",103108,"High Risk","Contaminated or adulterated food"
3222,"20120905",103120,"Moderate Risk","Moderate risk food holding temperature "
3222,"20120905",103133,"Moderate Risk","Foods not protected from contamination"
3222,"20120905",103102,"High Risk","Unclean hands or improper use of gloves"
3222,"20130122",103138,"Low Risk","Improper storage use or identification of toxic substances"
3222,"20130122",103131,"Moderate Risk","Moderate risk vermin infestation"
3222,"20130122",103120,"Moderate Risk","Moderate risk food holding temperature "
3224,"20130329",103131,"Moderate Risk","Moderate risk vermin infestation"
3224,"20130329",103124,"Moderate Risk","Inadequately cleaned or sanitized food contact surfaces"
3224,"20130329",103149,"Low Risk","Wiping cloths not clean or properly stored or inadequate sanitizer"
3224,"20140609",103161,"Low Risk","Low risk vermin infestation"
3224,"20140609",103139,"Low Risk","Improper food storage"
3224,"20140609",103154,"Low Risk","Unclean or degraded floors walls or ceilings"
3224,"20140609",103145,"Low Risk","Improper storage of equipment utensils or linens"
3228,"20141121",103133,"Moderate Risk","Foods not protected from contamination"
3228,"20141121",103142,"Low Risk","Unclean nonfood contact surfaces"
3228,"20141121",103124,"Moderate Risk","Inadequately cleaned or sanitized food contact surfaces"
3228,"20130312",103154,"Low Risk","Unclean or degraded floors walls or ceilings"
3228,"20130312",103124,"Moderate Risk","Inadequately cleaned or sanitized food contact surfaces"
3229,"20150305",103120,"Moderate Risk","Moderate risk food holding temperature "
3229,"20150305",103114,"High Risk","High risk vermin infestation"
3229,"20150305",103105,"High Risk","Improper cooling methods"
3229,"20150305",103124,"Moderate Risk","Inadequately cleaned or sanitized food contact surfaces"
3229,"20130606",103120,"Moderate Risk","Moderate risk food holding temperature "
3229,"20130606",103124,"Moderate Risk","Inadequately cleaned or sanitized food contact surfaces"
3229,"20130606",103154,"Low Risk","Unclean or degraded floors walls or ceilings"
3229,"20130606",103102,"High Risk","Unclean hands or improper use of gloves"
3229,"20140212",103133,"Moderate Risk","Foods not protected from contamination"
3229,"20140212",103105,"High Risk","Improper cooling methods"
3229,"20140212",103114,"High Risk","High risk vermin infestation"
3229,"20140212",103116,"Moderate Risk","Inadequate food safety knowledge or lack of certified food safety manager"
3229,"20140212",103124,"Moderate Risk","Inadequately cleaned or sanitized food contact surfaces"
3229,"20140212",103119,"Moderate Risk","Inadequate and inaccessible handwashing facilities"
3229,"20130104",103124,"Moderate Risk","Inadequately cleaned or sanitized food contact surfaces"
3229,"20130104",103120,"Moderate Risk","Moderate risk food holding temperature "
3229,"20130104",103114,"High Risk","High risk vermin infestation"
3229,"20130104",103154,"Low Risk","Unclean or degraded floors walls or ceilings"
3229,"20140813",103133,"Moderate Risk","Foods not protected from contamination"
3229,"20140813",103131,"Moderate Risk","Moderate risk vermin infestation"
3229,"20140813",103120,"Moderate Risk","Moderate risk food holding temperature "
3237,"20150105",103142,"Low Risk","Unclean nonfood contact surfaces"
3237,"20150105",103104,"High Risk","Unauthorized or unsafe use of time as a public health control measure"
3237,"20150105",103103,"High Risk","High risk food holding temperature "
3237,"20150105",103133,"Moderate Risk","Foods not protected from contamination"
3237,"20150105",103149,"Low Risk","Wiping cloths not clean or properly stored or inadequate sanitizer"
3237,"20150105",103154,"Low Risk","Unclean or degraded floors walls or ceilings"
3237,"20150105",103131,"Moderate Risk","Moderate risk vermin infestation"
3237,"20131002",103154,"Low Risk","Unclean or degraded floors walls or ceilings"
3237,"20131002",103142,"Low Risk","Unclean nonfood contact surfaces"
3237,"20131002",103131,"Moderate Risk","Moderate risk vermin infestation"
3237,"20131002",103144,"Low Risk","Unapproved or unmaintained equipment or utensils"
3237,"20131002",103109,"High Risk","Unclean or unsanitary food contact surfaces"
3237,"20131002",103102,"High Risk","Unclean hands or improper use of gloves"
3237,"20131002",103145,"Low Risk","Improper storage of equipment utensils or linens"
3237,"20140428",103139,"Low Risk","Improper food storage"
3237,"20140428",103133,"Moderate Risk","Foods not protected from contamination"
3237,"20140428",103103,"High Risk","High risk food holding temperature "
3237,"20140428",103142,"Low Risk","Unclean nonfood contact surfaces"
3237,"20140428",103116,"Moderate Risk","Inadequate food safety knowledge or lack of certified food safety manager"
3237,"20120710",103139,"Low Risk","Improper food storage"
3237,"20120710",103142,"Low Risk","Unclean nonfood contact surfaces"
3237,"20120710",103103,"High Risk","High risk food holding temperature "
3237,"20120710",103124,"Moderate Risk","Inadequately cleaned or sanitized food contact surfaces"
3237,"20120710",103131,"Moderate Risk","Moderate risk vermin infestation"
3237,"20130206",103133,"Moderate Risk","Foods not protected from contamination"
3237,"20130206",103142,"Low Risk","Unclean nonfood contact surfaces"
3237,"20130206",103149,"Low Risk","Wiping cloths not clean or properly stored or inadequate sanitizer"
3237,"20130206",103120,"Moderate Risk","Moderate risk food holding temperature "
3237,"20130206",103139,"Low Risk","Improper food storage"
3237,"20140506",103114,"High Risk","High risk vermin infestation"
3241,"20141209",103161,"Low Risk","Low risk vermin infestation"
3241,"20141209",103102,"High Risk","Unclean hands or improper use of gloves"
3241,"20141209",103103,"High Risk","High risk food holding temperature "
3241,"20141209",103121,"Moderate Risk","Inadequate procedures or records for time as a public health control "
3241,"20141209",103130,"Moderate Risk","Inadequate sewage or wastewater disposal"
3241,"20141209",103154,"Low Risk","Unclean or degraded floors walls or ceilings"
3241,"20141209",103145,"Low Risk","Improper storage of equipment utensils or linens"
3241,"20131202",103120,"Moderate Risk","Moderate risk food holding temperature "
3241,"20131202",103124,"Moderate Risk","Inadequately cleaned or sanitized food contact surfaces"
3241,"20131202",103142,"Low Risk","Unclean nonfood contact surfaces"
3241,"20131202",103145,"Low Risk","Improper storage of equipment utensils or linens"
3241,"20130201",103102,"High Risk","Unclean hands or improper use of gloves"
3241,"20130201",103144,"Low Risk","Unapproved or unmaintained equipment or utensils"
3241,"20130201",103131,"Moderate Risk","Moderate risk vermin infestation"
3241,"20130201",103124,"Moderate Risk","Inadequately cleaned or sanitized food contact surfaces"
3241,"20130201",103116,"Moderate Risk","Inadequate food safety knowledge or lack of certified food safety manager"
3241,"20130201",103121,"Moderate Risk","Inadequate procedures or records for time as a public health control "
3241,"20140521",103149,"Low Risk","Wiping cloths not clean or properly stored or inadequate sanitizer"
3241,"20140521",103121,"Moderate Risk","Inadequate procedures or records for time as a public health control "
3241,"20140521",103119,"Moderate Risk","Inadequate and inaccessible handwashing facilities"
3241,"20140521",103142,"Low Risk","Unclean nonfood contact surfaces"
3248,"20121108",103120,"Moderate Risk","Moderate risk food holding temperature "
3248,"20121108",103149,"Low Risk","Wiping cloths not clean or properly stored or inadequate sanitizer"
3252,"20150317",103156,"Low Risk","Permit license or inspection report not posted"
3252,"20150317",103124,"Moderate Risk","Inadequately cleaned or sanitized food contact surfaces"
3252,"20150317",103157,"Low Risk","Food safety certificate or food handler card not available"
3252,"20150317",103119,"Moderate Risk","Inadequate and inaccessible handwashing facilities"
3252,"20130808",103145,"Low Risk","Improper storage of equipment utensils or linens"
3252,"20140214",103109,"High Risk","Unclean or unsanitary food contact surfaces"
3252,"20140214",103103,"High Risk","High risk food holding temperature "
3252,"20140214",103154,"Low Risk","Unclean or degraded floors walls or ceilings"
3252,"20130107",103142,"Low Risk","Unclean nonfood contact surfaces"
3252,"20130107",103120,"Moderate Risk","Moderate risk food holding temperature "
3252,"20130107",103157,"Low Risk","Food safety certificate or food handler card not available"
3253,"20150108",103149,"Low Risk","Wiping cloths not clean or properly stored or inadequate sanitizer"
3253,"20130625",103139,"Low Risk","Improper food storage"
3253,"20131212",103145,"Low Risk","Improper storage of equipment utensils or linens"
3253,"20131212",103152,"Low Risk","Unclean unmaintained or improperly constructed toilet facilities"
3253,"20131212",103139,"Low Risk","Improper food storage"
3253,"20121107",103139,"Low Risk","Improper food storage"
3253,"20121107",103142,"Low Risk","Unclean nonfood contact surfaces"
3260,"20141112",103154,"Low Risk","Unclean or degraded floors walls or ceilings"
3260,"20141112",103147,"Low Risk","Inadequate ventilation or lighting"
3260,"20150528",103154,"Low Risk","Unclean or degraded floors walls or ceilings"
3260,"20130624",103142,"Low Risk","Unclean nonfood contact surfaces"
3260,"20121228",103152,"Low Risk","Unclean unmaintained or improperly constructed toilet facilities"
3260,"20121228",103144,"Low Risk","Unapproved or unmaintained equipment or utensils"
3260,"20121228",103119,"Moderate Risk","Inadequate and inaccessible handwashing facilities"
3260,"20121228",103142,"Low Risk","Unclean nonfood contact surfaces"
3260,"20140513",103119,"Moderate Risk","Inadequate and inaccessible handwashing facilities"
3261,"20141210",103103,"High Risk","High risk food holding temperature "
3261,"20130820",103154,"Low Risk","Unclean or degraded floors walls or ceilings"
3261,"20130820",103120,"Moderate Risk","Moderate risk food holding temperature "
3261,"20130820",103131,"Moderate Risk","Moderate risk vermin infestation"
3261,"20140403",103161,"Low Risk","Low risk vermin infestation"
3261,"20140403",103147,"Low Risk","Inadequate ventilation or lighting"
3261,"20120703",103121,"Moderate Risk","Inadequate procedures or records for time as a public health control "
3261,"20120703",103124,"Moderate Risk","Inadequately cleaned or sanitized food contact surfaces"
3261,"20130103",103161,"Low Risk","Low risk vermin infestation"
3262,"20140117",103145,"Low Risk","Improper storage of equipment utensils or linens"
3262,"20140117",103157,"Low Risk","Food safety certificate or food handler card not available"
3262,"20140117",103154,"Low Risk","Unclean or degraded floors walls or ceilings"
3262,"20140117",103139,"Low Risk","Improper food storage"
3262,"20140117",103134,"Moderate Risk","Other moderate risk violation"
3262,"20140117",103133,"Moderate Risk","Foods not protected from contamination"
3262,"20140117",103103,"High Risk","High risk food holding temperature "
3262,"20140117",103156,"Low Risk","Permit license or inspection report not posted"
3262,"20130207",103139,"Low Risk","Improper food storage"
3262,"20130207",103157,"Low Risk","Food safety certificate or food handler card not available"
3262,"20130207",103154,"Low Risk","Unclean or degraded floors walls or ceilings"
3262,"20130207",103152,"Low Risk","Unclean unmaintained or improperly constructed toilet facilities"
3262,"20130207",103133,"Moderate Risk","Foods not protected from contamination"
3262,"20140805",103144,"Low Risk","Unapproved or unmaintained equipment or utensils"
3262,"20140805",103156,"Low Risk","Permit license or inspection report not posted"
3262,"20140805",103131,"Moderate Risk","Moderate risk vermin infestation"
3263,"20150123",103150,"Low Risk","Improper or defective plumbing"
3263,"20150123",103109,"High Risk","Unclean or unsanitary food contact surfaces"
3263,"20130726",103109,"High Risk","Unclean or unsanitary food contact surfaces"
3263,"20121009",103109,"High Risk","Unclean or unsanitary food contact surfaces"
3263,"20121009",103131,"Moderate Risk","Moderate risk vermin infestation"
3265,"20131031",103156,"Low Risk","Permit license or inspection report not posted"
3265,"20131031",103157,"Low Risk","Food safety certificate or food handler card not available"
3265,"20130522",103120,"Moderate Risk","Moderate risk food holding temperature "
3265,"20130502",103149,"Low Risk","Wiping cloths not clean or properly stored or inadequate sanitizer"
3265,"20130502",103103,"High Risk","High risk food holding temperature "
3265,"20130502",103162,"Low Risk","Other low risk violation"
3265,"20130503",103103,"High Risk","High risk food holding temperature "
3265,"20130502",103119,"Moderate Risk","Inadequate and inaccessible handwashing facilities"
3265,"20121015",103120,"Moderate Risk","Moderate risk food holding temperature "
3265,"20140611",103120,"Moderate Risk","Moderate risk food holding temperature "
3265,"20140611",103144,"Low Risk","Unapproved or unmaintained equipment or utensils"
3265,"20140611",103150,"Low Risk","Improper or defective plumbing"
3265,"20140611",103145,"Low Risk","Improper storage of equipment utensils or linens"
3267,"20120723",103119,"Moderate Risk","Inadequate and inaccessible handwashing facilities"
3267,"20130204",103161,"Low Risk","Low risk vermin infestation"
3267,"20140616",103144,"Low Risk","Unapproved or unmaintained equipment or utensils"
3267,"20140616",103139,"Low Risk","Improper food storage"
3267,"20140616",103150,"Low Risk","Improper or defective plumbing"
3272,"20140505",103103,"High Risk","High risk food holding temperature "
3272,"20130110",103156,"Low Risk","Permit license or inspection report not posted"
3272,"20130110",103144,"Low Risk","Unapproved or unmaintained equipment or utensils"
3272,"20130110",103119,"Moderate Risk","Inadequate and inaccessible handwashing facilities"
3272,"20130110",103154,"Low Risk","Unclean or degraded floors walls or ceilings"
3275,"20131122",103149,"Low Risk","Wiping cloths not clean or properly stored or inadequate sanitizer"
3275,"20131122",103154,"Low Risk","Unclean or degraded floors walls or ceilings"
3275,"20131122",103157,"Low Risk","Food safety certificate or food handler card not available"
3275,"20131122",103161,"Low Risk","Low risk vermin infestation"
3275,"20131122",103142,"Low Risk","Unclean nonfood contact surfaces"
3275,"20131122",103133,"Moderate Risk","Foods not protected from contamination"
3275,"20130502",103120,"Moderate Risk","Moderate risk food holding temperature "
3275,"20130502",103114,"High Risk","High risk vermin infestation"
3275,"20120910",103149,"Low Risk","Wiping cloths not clean or properly stored or inadequate sanitizer"
3275,"20120910",103120,"Moderate Risk","Moderate risk food holding temperature "
3275,"20120910",103131,"Moderate Risk","Moderate risk vermin infestation"
3279,"20150204",103154,"Low Risk","Unclean or degraded floors walls or ceilings"
3279,"20150204",103131,"Moderate Risk","Moderate risk vermin infestation"
3279,"20130910",103154,"Low Risk","Unclean or degraded floors walls or ceilings"
3279,"20130910",103131,"Moderate Risk","Moderate risk vermin infestation"
3279,"20130910",103121,"Moderate Risk","Inadequate procedures or records for time as a public health control "
3279,"20130910",103142,"Low Risk","Unclean nonfood contact surfaces"
3279,"20140203",103154,"Low Risk","Unclean or degraded floors walls or ceilings"
3279,"20140203",103144,"Low Risk","Unapproved or unmaintained equipment or utensils"
3279,"20140203",103124,"Moderate Risk","Inadequately cleaned or sanitized food contact surfaces"
3279,"20130325",103131,"Moderate Risk","Moderate risk vermin infestation"
3279,"20130325",103154,"Low Risk","Unclean or degraded floors walls or ceilings"
3279,"20120924",103147,"Low Risk","Inadequate ventilation or lighting"
3279,"20120924",103131,"Moderate Risk","Moderate risk vermin infestation"
3279,"20120924",103154,"Low Risk","Unclean or degraded floors walls or ceilings"
3280,"20130711",103145,"Low Risk","Improper storage of equipment utensils or linens"
3280,"20130711",103131,"Moderate Risk","Moderate risk vermin infestation"
3280,"20130711",103154,"Low Risk","Unclean or degraded floors walls or ceilings"
3280,"20130711",103149,"Low Risk","Wiping cloths not clean or properly stored or inadequate sanitizer"
3280,"20130711",103119,"Moderate Risk","Inadequate and inaccessible handwashing facilities"
3280,"20130711",103144,"Low Risk","Unapproved or unmaintained equipment or utensils"
3280,"20140505",103161,"Low Risk","Low risk vermin infestation"
3280,"20140505",103143,"Low Risk","Inadequate warewashing facilities or equipment"
3280,"20140505",103144,"Low Risk","Unapproved or unmaintained equipment or utensils"
3280,"20140505",103139,"Low Risk","Improper food storage"
3280,"20120620",103131,"Moderate Risk","Moderate risk vermin infestation"
3280,"20120620",103154,"Low Risk","Unclean or degraded floors walls or ceilings"
3280,"20120620",103118,"Moderate Risk","Employee eating or smoking"
3280,"20120620",103109,"High Risk","Unclean or unsanitary food contact surfaces"
3282,"20130828",103148,"Low Risk","No thermometers or uncalibrated thermometers "
3282,"20130828",103116,"Moderate Risk","Inadequate food safety knowledge or lack of certified food safety manager"
3282,"20130828",103124,"Moderate Risk","Inadequately cleaned or sanitized food contact surfaces"
3282,"20140617",103133,"Moderate Risk","Foods not protected from contamination"
3282,"20140617",103103,"High Risk","High risk food holding temperature "
3283,"20120801",103131,"Moderate Risk","Moderate risk vermin infestation"
3285,"20141212",103131,"Moderate Risk","Moderate risk vermin infestation"
3285,"20141212",103119,"Moderate Risk","Inadequate and inaccessible handwashing facilities"
3285,"20131107",103156,"Low Risk","Permit license or inspection report not posted"
3285,"20131107",103124,"Moderate Risk","Inadequately cleaned or sanitized food contact surfaces"
3285,"20131107",103131,"Moderate Risk","Moderate risk vermin infestation"
3285,"20130307",103131,"Moderate Risk","Moderate risk vermin infestation"
3285,"20140424",103102,"High Risk","Unclean hands or improper use of gloves"
3285,"20140424",103150,"Low Risk","Improper or defective plumbing"
3286,"20141124",103114,"High Risk","High risk vermin infestation"
3286,"20141124",103116,"Moderate Risk","Inadequate food safety knowledge or lack of certified food safety manager"
3286,"20141124",103119,"Moderate Risk","Inadequate and inaccessible handwashing facilities"
3286,"20141124",103120,"Moderate Risk","Moderate risk food holding temperature "
3286,"20141124",103149,"Low Risk","Wiping cloths not clean or properly stored or inadequate sanitizer"
3286,"20141124",103154,"Low Risk","Unclean or degraded floors walls or ceilings"
3286,"20131031",103103,"High Risk","High risk food holding temperature "
3286,"20131031",103132,"Moderate Risk","Improper thawing methods "
3286,"20131031",103131,"Moderate Risk","Moderate risk vermin infestation"
3286,"20140414",103109,"High Risk","Unclean or unsanitary food contact surfaces"
3286,"20140414",103106,"High Risk","Improper cooking time or temperatures"
3286,"20140414",103143,"Low Risk","Inadequate warewashing facilities or equipment"
3286,"20140414",103124,"Moderate Risk","Inadequately cleaned or sanitized food contact surfaces"
3286,"20140414",103130,"Moderate Risk","Inadequate sewage or wastewater disposal"
3286,"20140414",103133,"Moderate Risk","Foods not protected from contamination"
3286,"20140414",103139,"Low Risk","Improper food storage"
3286,"20130206",103120,"Moderate Risk","Moderate risk food holding temperature "
3286,"20130206",103109,"High Risk","Unclean or unsanitary food contact surfaces"
3286,"20130206",103119,"Moderate Risk","Inadequate and inaccessible handwashing facilities"
3286,"20130206",103143,"Low Risk","Inadequate warewashing facilities or equipment"
3286,"20130206",103114,"High Risk","High risk vermin infestation"
3289,"20150319",103131,"Moderate Risk","Moderate risk vermin infestation"
3289,"20150319",103103,"High Risk","High risk food holding temperature "
3289,"20150319",103133,"Moderate Risk","Foods not protected from contamination"
3289,"20150319",103134,"Moderate Risk","Other moderate risk violation"
3289,"20130710",103149,"Low Risk","Wiping cloths not clean or properly stored or inadequate sanitizer"
3289,"20130710",103142,"Low Risk","Unclean nonfood contact surfaces"
3289,"20130710",103154,"Low Risk","Unclean or degraded floors walls or ceilings"
3289,"20121127",103142,"Low Risk","Unclean nonfood contact surfaces"
3289,"20121127",103154,"Low Risk","Unclean or degraded floors walls or ceilings"
3289,"20121127",103102,"High Risk","Unclean hands or improper use of gloves"
3296,"20150210",103133,"Moderate Risk","Foods not protected from contamination"
3296,"20131107",103154,"Low Risk","Unclean or degraded floors walls or ceilings"
3296,"20140522",103154,"Low Risk","Unclean or degraded floors walls or ceilings"
3296,"20140522",103124,"Moderate Risk","Inadequately cleaned or sanitized food contact surfaces"
3298,"20130913",103143,"Low Risk","Inadequate warewashing facilities or equipment"
3298,"20130913",103154,"Low Risk","Unclean or degraded floors walls or ceilings"
3298,"20121106",103105,"High Risk","Improper cooling methods"
3298,"20121106",103133,"Moderate Risk","Foods not protected from contamination"
3298,"20121120",103154,"Low Risk","Unclean or degraded floors walls or ceilings"
3298,"20121106",103142,"Low Risk","Unclean nonfood contact surfaces"
3298,"20121106",103144,"Low Risk","Unapproved or unmaintained equipment or utensils"
3298,"20121106",103147,"Low Risk","Inadequate ventilation or lighting"
3298,"20121106",103149,"Low Risk","Wiping cloths not clean or properly stored or inadequate sanitizer"
3298,"20121106",103150,"Low Risk","Improper or defective plumbing"
3298,"20121106",103154,"Low Risk","Unclean or degraded floors walls or ceilings"
3298,"20121106",103124,"Moderate Risk","Inadequately cleaned or sanitized food contact surfaces"
3298,"20121106",103156,"Low Risk","Permit license or inspection report not posted"
3299,"20130820",103149,"Low Risk","Wiping cloths not clean or properly stored or inadequate sanitizer"
3299,"20130820",103120,"Moderate Risk","Moderate risk food holding temperature "
3299,"20140205",103149,"Low Risk","Wiping cloths not clean or properly stored or inadequate sanitizer"
3299,"20140205",103120,"Moderate Risk","Moderate risk food holding temperature "
3299,"20120802",103139,"Low Risk","Improper food storage"
3299,"20120802",103131,"Moderate Risk","Moderate risk vermin infestation"
3299,"20120802",103120,"Moderate Risk","Moderate risk food holding temperature "
3299,"20130227",103154,"Low Risk","Unclean or degraded floors walls or ceilings"
3299,"20130227",103120,"Moderate Risk","Moderate risk food holding temperature "
3300,"20130715",103154,"Low Risk","Unclean or degraded floors walls or ceilings"
3300,"20130715",103139,"Low Risk","Improper food storage"
3300,"20130715",103133,"Moderate Risk","Foods not protected from contamination"
3300,"20140312",103139,"Low Risk","Improper food storage"
3300,"20140312",103154,"Low Risk","Unclean or degraded floors walls or ceilings"
3300,"20120822",103154,"Low Risk","Unclean or degraded floors walls or ceilings"
3300,"20120822",103142,"Low Risk","Unclean nonfood contact surfaces"
3302,"20130925",103147,"Low Risk","Inadequate ventilation or lighting"
3302,"20130925",103139,"Low Risk","Improper food storage"
3302,"20130925",103114,"High Risk","High risk vermin infestation"
3302,"20140310",103154,"Low Risk","Unclean or degraded floors walls or ceilings"
3302,"20140310",103114,"High Risk","High risk vermin infestation"
3302,"20121003",103154,"Low Risk","Unclean or degraded floors walls or ceilings"
3302,"20121003",103161,"Low Risk","Low risk vermin infestation"
3304,"20131105",103103,"High Risk","High risk food holding temperature "
3304,"20131105",103156,"Low Risk","Permit license or inspection report not posted"
3304,"20131105",103131,"Moderate Risk","Moderate risk vermin infestation"
3304,"20130506",103120,"Moderate Risk","Moderate risk food holding temperature "
3304,"20130506",103116,"Moderate Risk","Inadequate food safety knowledge or lack of certified food safety manager"
3304,"20140410",103154,"Low Risk","Unclean or degraded floors walls or ceilings"
3304,"20140410",103142,"Low Risk","Unclean nonfood contact surfaces"
3304,"20140410",103156,"Low Risk","Permit license or inspection report not posted"
3304,"20140410",103157,"Low Risk","Food safety certificate or food handler card not available"
3304,"20140410",103120,"Moderate Risk","Moderate risk food holding temperature "
3304,"20140410",103145,"Low Risk","Improper storage of equipment utensils or linens"
3304,"20121004",103154,"Low Risk","Unclean or degraded floors walls or ceilings"
3304,"20121004",103142,"Low Risk","Unclean nonfood contact surfaces"
3304,"20121004",103131,"Moderate Risk","Moderate risk vermin infestation"
3304,"20121004",103120,"Moderate Risk","Moderate risk food holding temperature "
3304,"20121004",103116,"Moderate Risk","Inadequate food safety knowledge or lack of certified food safety manager"
3309,"20140114",103156,"Low Risk","Permit license or inspection report not posted"
3309,"20140114",103131,"Moderate Risk","Moderate risk vermin infestation"
3309,"20140114",103149,"Low Risk","Wiping cloths not clean or properly stored or inadequate sanitizer"
3309,"20140114",103157,"Low Risk","Food safety certificate or food handler card not available"
3309,"20140114",103154,"Low Risk","Unclean or degraded floors walls or ceilings"
3309,"20130206",103120,"Moderate Risk","Moderate risk food holding temperature "
3309,"20130206",103161,"Low Risk","Low risk vermin infestation"
3309,"20130206",103144,"Low Risk","Unapproved or unmaintained equipment or utensils"
3315,"20130307",103149,"Low Risk","Wiping cloths not clean or properly stored or inadequate sanitizer"
3315,"20130307",103109,"High Risk","Unclean or unsanitary food contact surfaces"
3315,"20130307",103144,"Low Risk","Unapproved or unmaintained equipment or utensils"
3315,"20120731",103145,"Low Risk","Improper storage of equipment utensils or linens"
3315,"20120731",103103,"High Risk","High risk food holding temperature "
3315,"20140605",103156,"Low Risk","Permit license or inspection report not posted"
3315,"20140605",103109,"High Risk","Unclean or unsanitary food contact surfaces"
3315,"20140605",103120,"Moderate Risk","Moderate risk food holding temperature "
3315,"20140605",103142,"Low Risk","Unclean nonfood contact surfaces"
3315,"20140605",103133,"Moderate Risk","Foods not protected from contamination"
3316,"20141119",103161,"Low Risk","Low risk vermin infestation"
3316,"20130828",103124,"Moderate Risk","Inadequately cleaned or sanitized food contact surfaces"
3316,"20140310",103124,"Moderate Risk","Inadequately cleaned or sanitized food contact surfaces"
3316,"20140310",103154,"Low Risk","Unclean or degraded floors walls or ceilings"
3316,"20140310",103144,"Low Risk","Unapproved or unmaintained equipment or utensils"
3316,"20140310",103120,"Moderate Risk","Moderate risk food holding temperature "
3316,"20140310",103149,"Low Risk","Wiping cloths not clean or properly stored or inadequate sanitizer"
3316,"20121218",103123,"Moderate Risk","Food in poor condition"
3316,"20121218",103154,"Low Risk","Unclean or degraded floors walls or ceilings"
3316,"20121218",103142,"Low Risk","Unclean nonfood contact surfaces"
3317,"20131216",103124,"Moderate Risk","Inadequately cleaned or sanitized food contact surfaces"
3317,"20131216",103161,"Low Risk","Low risk vermin infestation"
3317,"20131216",103137,"Low Risk","Improperly washed fruits and vegetables"
3317,"20130104",103148,"Low Risk","No thermometers or uncalibrated thermometers "
3317,"20130104",103105,"High Risk","Improper cooling methods"
3317,"20130104",103119,"Moderate Risk","Inadequate and inaccessible handwashing facilities"
3317,"20130104",103131,"Moderate Risk","Moderate risk vermin infestation"
3317,"20130104",103120,"Moderate Risk","Moderate risk food holding temperature "
3317,"20140806",103154,"Low Risk","Unclean or degraded floors walls or ceilings"
3317,"20140806",103139,"Low Risk","Improper food storage"
3317,"20140806",103161,"Low Risk","Low risk vermin infestation"
3317,"20140806",103144,"Low Risk","Unapproved or unmaintained equipment or utensils"
3319,"20150112",103144,"Low Risk","Unapproved or unmaintained equipment or utensils"
3319,"20150112",103124,"Moderate Risk","Inadequately cleaned or sanitized food contact surfaces"
3319,"20140218",103124,"Moderate Risk","Inadequately cleaned or sanitized food contact surfaces"
3319,"20140218",103142,"Low Risk","Unclean nonfood contact surfaces"
3319,"20140218",103154,"Low Risk","Unclean or degraded floors walls or ceilings"
3319,"20130122",103154,"Low Risk","Unclean or degraded floors walls or ceilings"
3319,"20130122",103114,"High Risk","High risk vermin infestation"
3319,"20130122",103119,"Moderate Risk","Inadequate and inaccessible handwashing facilities"
3319,"20130122",103129,"Moderate Risk","Insufficient hot water or running water"
3319,"20130122",103142,"Low Risk","Unclean nonfood contact surfaces"
3319,"20130122",103150,"Low Risk","Improper or defective plumbing"
3323,"20150127",103144,"Low Risk","Unapproved or unmaintained equipment or utensils"
3323,"20150127",103142,"Low Risk","Unclean nonfood contact surfaces"
3323,"20140124",103139,"Low Risk","Improper food storage"
3323,"20130524",103154,"Low Risk","Unclean or degraded floors walls or ceilings"
3323,"20130524",103139,"Low Risk","Improper food storage"
3323,"20130524",103144,"Low Risk","Unapproved or unmaintained equipment or utensils"
3323,"20120926",103131,"Moderate Risk","Moderate risk vermin infestation"
3324,"20141021",103156,"Low Risk","Permit license or inspection report not posted"
3324,"20141021",103154,"Low Risk","Unclean or degraded floors walls or ceilings"
3324,"20141021",103144,"Low Risk","Unapproved or unmaintained equipment or utensils"
3324,"20141021",103116,"Moderate Risk","Inadequate food safety knowledge or lack of certified food safety manager"
3324,"20130123",103154,"Low Risk","Unclean or degraded floors walls or ceilings"
3324,"20130123",103124,"Moderate Risk","Inadequately cleaned or sanitized food contact surfaces"
3324,"20130123",103119,"Moderate Risk","Inadequate and inaccessible handwashing facilities"
3325,"20140908",103159,"Low Risk","Worker safety hazards"
3325,"20140908",103136,"Low Risk","Unsanitary employee garments hair or nails"
3325,"20140908",103132,"Moderate Risk","Improper thawing methods "
3325,"20140908",103124,"Moderate Risk","Inadequately cleaned or sanitized food contact surfaces"
3325,"20140908",103144,"Low Risk","Unapproved or unmaintained equipment or utensils"
3325,"20140908",103154,"Low Risk","Unclean or degraded floors walls or ceilings"
3325,"20140908",103119,"Moderate Risk","Inadequate and inaccessible handwashing facilities"
3325,"20140908",103131,"Moderate Risk","Moderate risk vermin infestation"
3325,"20140908",103142,"Low Risk","Unclean nonfood contact surfaces"
3325,"20130111",103124,"Moderate Risk","Inadequately cleaned or sanitized food contact surfaces"
3325,"20130111",103154,"Low Risk","Unclean or degraded floors walls or ceilings"
3328,"20141103",103145,"Low Risk","Improper storage of equipment utensils or linens"
3328,"20141103",103144,"Low Risk","Unapproved or unmaintained equipment or utensils"
3328,"20141103",103131,"Moderate Risk","Moderate risk vermin infestation"
3328,"20141103",103154,"Low Risk","Unclean or degraded floors walls or ceilings"
3328,"20141103",103157,"Low Risk","Food safety certificate or food handler card not available"
3328,"20130306",103131,"Moderate Risk","Moderate risk vermin infestation"
3328,"20130306",103144,"Low Risk","Unapproved or unmaintained equipment or utensils"
3328,"20130306",103157,"Low Risk","Food safety certificate or food handler card not available"
3328,"20120808",103120,"Moderate Risk","Moderate risk food holding temperature "
3329,"20121003",103120,"Moderate Risk","Moderate risk food holding temperature "
3329,"20121003",103149,"Low Risk","Wiping cloths not clean or properly stored or inadequate sanitizer"
3329,"20121003",103148,"Low Risk","No thermometers or uncalibrated thermometers "
3329,"20121003",103139,"Low Risk","Improper food storage"
3329,"20121003",103131,"Moderate Risk","Moderate risk vermin infestation"
3329,"20121003",103124,"Moderate Risk","Inadequately cleaned or sanitized food contact surfaces"
3329,"20121003",103118,"Moderate Risk","Employee eating or smoking"
3329,"20140513",103124,"Moderate Risk","Inadequately cleaned or sanitized food contact surfaces"
3329,"20140513",103116,"Moderate Risk","Inadequate food safety knowledge or lack of certified food safety manager"
3329,"20140513",103120,"Moderate Risk","Moderate risk food holding temperature "
3329,"20140513",103145,"Low Risk","Improper storage of equipment utensils or linens"
3331,"20150429",103154,"Low Risk","Unclean or degraded floors walls or ceilings"
3331,"20150429",103133,"Moderate Risk","Foods not protected from contamination"
3331,"20150429",103120,"Moderate Risk","Moderate risk food holding temperature "
3331,"20131022",103120,"Moderate Risk","Moderate risk food holding temperature "
3331,"20131022",103131,"Moderate Risk","Moderate risk vermin infestation"
3331,"20131022",103133,"Moderate Risk","Foods not protected from contamination"
3331,"20130423",103124,"Moderate Risk","Inadequately cleaned or sanitized food contact surfaces"
3331,"20130423",103133,"Moderate Risk","Foods not protected from contamination"
3331,"20130423",103132,"Moderate Risk","Improper thawing methods "
3331,"20130423",103105,"High Risk","Improper cooling methods"
3331,"20130225",103103,"High Risk","High risk food holding temperature "
3331,"20130225",103147,"Low Risk","Inadequate ventilation or lighting"
3331,"20130225",103131,"Moderate Risk","Moderate risk vermin infestation"
3331,"20130225",103154,"Low Risk","Unclean or degraded floors walls or ceilings"
3331,"20130225",103149,"Low Risk","Wiping cloths not clean or properly stored or inadequate sanitizer"
3331,"20140610",103161,"Low Risk","Low risk vermin infestation"
3331,"20140610",103133,"Moderate Risk","Foods not protected from contamination"
3331,"20140610",103124,"Moderate Risk","Inadequately cleaned or sanitized food contact surfaces"
3335,"20150218",103144,"Low Risk","Unapproved or unmaintained equipment or utensils"
3335,"20150218",103103,"High Risk","High risk food holding temperature "
3335,"20150218",103116,"Moderate Risk","Inadequate food safety knowledge or lack of certified food safety manager"
3335,"20150218",103119,"Moderate Risk","Inadequate and inaccessible handwashing facilities"
3335,"20150218",103131,"Moderate Risk","Moderate risk vermin infestation"
3335,"20150218",103133,"Moderate Risk","Foods not protected from contamination"
3335,"20150218",103154,"Low Risk","Unclean or degraded floors walls or ceilings"
3335,"20150218",103105,"High Risk","Improper cooling methods"
3335,"20150218",103132,"Moderate Risk","Improper thawing methods "
3335,"20130213",103154,"Low Risk","Unclean or degraded floors walls or ceilings"
3335,"20130213",103149,"Low Risk","Wiping cloths not clean or properly stored or inadequate sanitizer"
3335,"20130213",103118,"Moderate Risk","Employee eating or smoking"
3335,"20140807",103131,"Moderate Risk","Moderate risk vermin infestation"
3335,"20140807",103133,"Moderate Risk","Foods not protected from contamination"
3337,"20141216",103159,"Low Risk","Worker safety hazards"
3337,"20141216",103154,"Low Risk","Unclean or degraded floors walls or ceilings"
3337,"20150123",103109,"High Risk","Unclean or unsanitary food contact surfaces"
3337,"20141216",103109,"High Risk","Unclean or unsanitary food contact surfaces"
3337,"20141216",103151,"Low Risk","Inadequate or unsanitary refuse containers or area or no garbage service"
3337,"20141216",103149,"Low Risk","Wiping cloths not clean or properly stored or inadequate sanitizer"
3337,"20141216",103133,"Moderate Risk","Foods not protected from contamination"
3337,"20141216",103131,"Moderate Risk","Moderate risk vermin infestation"
3337,"20140127",103114,"High Risk","High risk vermin infestation"
3337,"20140127",103139,"Low Risk","Improper food storage"
3337,"20140127",103120,"Moderate Risk","Moderate risk food holding temperature "
3337,"20140127",103154,"Low Risk","Unclean or degraded floors walls or ceilings"
3337,"20130529",103154,"Low Risk","Unclean or degraded floors walls or ceilings"
3337,"20130529",103120,"Moderate Risk","Moderate risk food holding temperature "
3337,"20130529",103156,"Low Risk","Permit license or inspection report not posted"
3337,"20120828",103139,"Low Risk","Improper food storage"
3337,"20120828",103124,"Moderate Risk","Inadequately cleaned or sanitized food contact surfaces"
3337,"20120828",103120,"Moderate Risk","Moderate risk food holding temperature "
3338,"20150112",103148,"Low Risk","No thermometers or uncalibrated thermometers "
3338,"20150112",103139,"Low Risk","Improper food storage"
3338,"20150112",103119,"Moderate Risk","Inadequate and inaccessible handwashing facilities"
3338,"20130605",103150,"Low Risk","Improper or defective plumbing"
3338,"20130605",103124,"Moderate Risk","Inadequately cleaned or sanitized food contact surfaces"
3338,"20130605",103116,"Moderate Risk","Inadequate food safety knowledge or lack of certified food safety manager"
3338,"20130605",103118,"Moderate Risk","Employee eating or smoking"
3338,"20130605",103119,"Moderate Risk","Inadequate and inaccessible handwashing facilities"
3338,"20130605",103120,"Moderate Risk","Moderate risk food holding temperature "
3338,"20130605",103145,"Low Risk","Improper storage of equipment utensils or linens"
3338,"20120731",103139,"Low Risk","Improper food storage"
3338,"20120731",103154,"Low Risk","Unclean or degraded floors walls or ceilings"
3338,"20120731",103144,"Low Risk","Unapproved or unmaintained equipment or utensils"
3338,"20120731",103119,"Moderate Risk","Inadequate and inaccessible handwashing facilities"
3338,"20120731",103129,"Moderate Risk","Insufficient hot water or running water"
3338,"20120731",103124,"Moderate Risk","Inadequately cleaned or sanitized food contact surfaces"
3338,"20140528",103145,"Low Risk","Improper storage of equipment utensils or linens"
3338,"20140528",103142,"Low Risk","Unclean nonfood contact surfaces"
3338,"20140528",103154,"Low Risk","Unclean or degraded floors walls or ceilings"
3343,"20140110",103120,"Moderate Risk","Moderate risk food holding temperature "
3343,"20140110",103139,"Low Risk","Improper food storage"
3343,"20140110",103154,"Low Risk","Unclean or degraded floors walls or ceilings"
3343,"20140110",103119,"Moderate Risk","Inadequate and inaccessible handwashing facilities"
3343,"20130419",103124,"Moderate Risk","Inadequately cleaned or sanitized food contact surfaces"
3343,"20130419",103154,"Low Risk","Unclean or degraded floors walls or ceilings"
3343,"20130419",103145,"Low Risk","Improper storage of equipment utensils or linens"
3343,"20121010",103154,"Low Risk","Unclean or degraded floors walls or ceilings"
3343,"20121010",103114,"High Risk","High risk vermin infestation"
3343,"20121010",103119,"Moderate Risk","Inadequate and inaccessible handwashing facilities"
3343,"20121010",103124,"Moderate Risk","Inadequately cleaned or sanitized food contact surfaces"
3343,"20121010",103150,"Low Risk","Improper or defective plumbing"
3343,"20140806",103149,"Low Risk","Wiping cloths not clean or properly stored or inadequate sanitizer"
3343,"20140806",103133,"Moderate Risk","Foods not protected from contamination"
3343,"20140806",103143,"Low Risk","Inadequate warewashing facilities or equipment"
3343,"20140806",103147,"Low Risk","Inadequate ventilation or lighting"
3343,"20140806",103156,"Low Risk","Permit license or inspection report not posted"
3344,"20150401",103133,"Moderate Risk","Foods not protected from contamination"
3344,"20150401",103149,"Low Risk","Wiping cloths not clean or properly stored or inadequate sanitizer"
3344,"20150401",103157,"Low Risk","Food safety certificate or food handler card not available"
3344,"20150401",103124,"Moderate Risk","Inadequately cleaned or sanitized food contact surfaces"
3344,"20150401",103144,"Low Risk","Unapproved or unmaintained equipment or utensils"
3344,"20130619",103124,"Moderate Risk","Inadequately cleaned or sanitized food contact surfaces"
3344,"20130619",103148,"Low Risk","No thermometers or uncalibrated thermometers "
3344,"20130619",103149,"Low Risk","Wiping cloths not clean or properly stored or inadequate sanitizer"
3344,"20130619",103162,"Low Risk","Other low risk violation"
3344,"20130619",103145,"Low Risk","Improper storage of equipment utensils or linens"
3344,"20140319",103142,"Low Risk","Unclean nonfood contact surfaces"
3344,"20140319",103107,"High Risk","Improper reheating of food"
3344,"20140319",103145,"Low Risk","Improper storage of equipment utensils or linens"
3344,"20140319",103149,"Low Risk","Wiping cloths not clean or properly stored or inadequate sanitizer"
3344,"20120615",103147,"Low Risk","Inadequate ventilation or lighting"
3344,"20120615",103133,"Moderate Risk","Foods not protected from contamination"
3344,"20120615",103150,"Low Risk","Improper or defective plumbing"
3344,"20120615",103151,"Low Risk","Inadequate or unsanitary refuse containers or area or no garbage service"
3345,"20150113",103152,"Low Risk","Unclean unmaintained or improperly constructed toilet facilities"
3345,"20150113",103147,"Low Risk","Inadequate ventilation or lighting"
3345,"20150113",103144,"Low Risk","Unapproved or unmaintained equipment or utensils"
3345,"20150113",103142,"Low Risk","Unclean nonfood contact surfaces"
3345,"20150113",103139,"Low Risk","Improper food storage"
3345,"20150113",103133,"Moderate Risk","Foods not protected from contamination"
3345,"20150113",103119,"Moderate Risk","Inadequate and inaccessible handwashing facilities"
3345,"20150113",103136,"Low Risk","Unsanitary employee garments hair or nails"
3345,"20131220",103157,"Low Risk","Food safety certificate or food handler card not available"
3345,"20131220",103154,"Low Risk","Unclean or degraded floors walls or ceilings"
3345,"20131220",103144,"Low Risk","Unapproved or unmaintained equipment or utensils"
3345,"20131220",103159,"Low Risk","Worker safety hazards"
3345,"20131220",103147,"Low Risk","Inadequate ventilation or lighting"
3345,"20121010",103154,"Low Risk","Unclean or degraded floors walls or ceilings"
3345,"20121010",103148,"Low Risk","No thermometers or uncalibrated thermometers "
3345,"20121010",103162,"Low Risk","Other low risk violation"
3345,"20121010",103153,"Low Risk","Inadequate dressing rooms or improper storage of personal items"
3345,"20121010",103149,"Low Risk","Wiping cloths not clean or properly stored or inadequate sanitizer"
3345,"20121010",103142,"Low Risk","Unclean nonfood contact surfaces"
3345,"20121010",103109,"High Risk","Unclean or unsanitary food contact surfaces"
3345,"20121010",103119,"Moderate Risk","Inadequate and inaccessible handwashing facilities"
3345,"20121010",103133,"Moderate Risk","Foods not protected from contamination"
3350,"20141223",103145,"Low Risk","Improper storage of equipment utensils or linens"
3350,"20131022",103144,"Low Risk","Unapproved or unmaintained equipment or utensils"
3350,"20131022",103156,"Low Risk","Permit license or inspection report not posted"
3350,"20131022",103151,"Low Risk","Inadequate or unsanitary refuse containers or area or no garbage service"
3365,"20140212",103153,"Low Risk","Inadequate dressing rooms or improper storage of personal items"
3365,"20140212",103119,"Moderate Risk","Inadequate and inaccessible handwashing facilities"
3365,"20120911",103144,"Low Risk","Unapproved or unmaintained equipment or utensils"
3365,"20120911",103119,"Moderate Risk","Inadequate and inaccessible handwashing facilities"
3373,"20150105",103124,"Moderate Risk","Inadequately cleaned or sanitized food contact surfaces"
3373,"20150105",103108,"High Risk","Contaminated or adulterated food"
3373,"20131021",103139,"Low Risk","Improper food storage"
3373,"20131021",103131,"Moderate Risk","Moderate risk vermin infestation"
3373,"20131021",103124,"Moderate Risk","Inadequately cleaned or sanitized food contact surfaces"
3373,"20130204",103154,"Low Risk","Unclean or degraded floors walls or ceilings"
3373,"20130204",103124,"Moderate Risk","Inadequately cleaned or sanitized food contact surfaces"
3373,"20130204",103114,"High Risk","High risk vermin infestation"
3373,"20130204",103164,"N/A",
3373,"20130204",103142,"Low Risk","Unclean nonfood contact surfaces"
3374,"20130314",103145,"Low Risk","Improper storage of equipment utensils or linens"
3374,"20130314",103161,"Low Risk","Low risk vermin infestation"
3374,"20130314",103149,"Low Risk","Wiping cloths not clean or properly stored or inadequate sanitizer"
3374,"20140415",103142,"Low Risk","Unclean nonfood contact surfaces"
3374,"20140415",103144,"Low Risk","Unapproved or unmaintained equipment or utensils"
3374,"20140415",103149,"Low Risk","Wiping cloths not clean or properly stored or inadequate sanitizer"
3375,"20140109",103120,"Moderate Risk","Moderate risk food holding temperature "
3375,"20140109",103125,"Moderate Risk","Noncompliance with shell fish tags or display"
3375,"20140109",103149,"Low Risk","Wiping cloths not clean or properly stored or inadequate sanitizer"
3375,"20140109",103154,"Low Risk","Unclean or degraded floors walls or ceilings"
3375,"20130319",103120,"Moderate Risk","Moderate risk food holding temperature "
3375,"20130319",103124,"Moderate Risk","Inadequately cleaned or sanitized food contact surfaces"
3375,"20130319",103154,"Low Risk","Unclean or degraded floors walls or ceilings"
3375,"20130319",103150,"Low Risk","Improper or defective plumbing"
3375,"20120816",103119,"Moderate Risk","Inadequate and inaccessible handwashing facilities"
3375,"20120816",103154,"Low Risk","Unclean or degraded floors walls or ceilings"
3388,"20150120",103145,"Low Risk","Improper storage of equipment utensils or linens"
3388,"20150120",103120,"Moderate Risk","Moderate risk food holding temperature "
3388,"20140106",103142,"Low Risk","Unclean nonfood contact surfaces"
3388,"20140106",103135,"Low Risk","No person in charge of food facility"
3388,"20140106",103131,"Moderate Risk","Moderate risk vermin infestation"
3388,"20140106",103154,"Low Risk","Unclean or degraded floors walls or ceilings"
3388,"20140106",103144,"Low Risk","Unapproved or unmaintained equipment or utensils"
3388,"20140106",103159,"Low Risk","Worker safety hazards"
3388,"20140106",103145,"Low Risk","Improper storage of equipment utensils or linens"
3388,"20130325",103124,"Moderate Risk","Inadequately cleaned or sanitized food contact surfaces"
3388,"20130325",103145,"Low Risk","Improper storage of equipment utensils or linens"
3388,"20130325",103150,"Low Risk","Improper or defective plumbing"
3388,"20130325",103131,"Moderate Risk","Moderate risk vermin infestation"
3388,"20130325",103133,"Moderate Risk","Foods not protected from contamination"
3388,"20130325",103139,"Low Risk","Improper food storage"
3388,"20130325",103144,"Low Risk","Unapproved or unmaintained equipment or utensils"
3388,"20130325",103154,"Low Risk","Unclean or degraded floors walls or ceilings"
3393,"20150113",103149,"Low Risk","Wiping cloths not clean or properly stored or inadequate sanitizer"
3393,"20150113",103145,"Low Risk","Improper storage of equipment utensils or linens"
3393,"20150121",103114,"High Risk","High risk vermin infestation"
3393,"20150113",103119,"Moderate Risk","Inadequate and inaccessible handwashing facilities"
3393,"20150113",103131,"Moderate Risk","Moderate risk vermin infestation"
3393,"20150113",103139,"Low Risk","Improper food storage"
3393,"20140102",103105,"High Risk","Improper cooling methods"
3393,"20140102",103154,"Low Risk","Unclean or degraded floors walls or ceilings"
3393,"20140102",103157,"Low Risk","Food safety certificate or food handler card not available"
3393,"20140102",103149,"Low Risk","Wiping cloths not clean or properly stored or inadequate sanitizer"
3393,"20140102",103114,"High Risk","High risk vermin infestation"
3393,"20121127",103154,"Low Risk","Unclean or degraded floors walls or ceilings"
3393,"20121127",103133,"Moderate Risk","Foods not protected from contamination"
3393,"20121127",103144,"Low Risk","Unapproved or unmaintained equipment or utensils"
3394,"20130619",103120,"Moderate Risk","Moderate risk food holding temperature "
3394,"20130619",103121,"Moderate Risk","Inadequate procedures or records for time as a public health control "
3394,"20130619",103142,"Low Risk","Unclean nonfood contact surfaces"
3394,"20140415",103105,"High Risk","Improper cooling methods"
3394,"20140415",103142,"Low Risk","Unclean nonfood contact surfaces"
3394,"20130208",103103,"High Risk","High risk food holding temperature "
3394,"20130208",103105,"High Risk","Improper cooling methods"
3397,"20150609",103142,"Low Risk","Unclean nonfood contact surfaces"
3397,"20150609",103154,"Low Risk","Unclean or degraded floors walls or ceilings"
3397,"20150609",103112,"High Risk","No hot water or running water"
3397,"20140313",103109,"High Risk","Unclean or unsanitary food contact surfaces"
3397,"20140313",103119,"Moderate Risk","Inadequate and inaccessible handwashing facilities"
3397,"20140313",103103,"High Risk","High risk food holding temperature "
3397,"20140313",103105,"High Risk","Improper cooling methods"
3397,"20140313",103161,"Low Risk","Low risk vermin infestation"
3397,"20130131",103116,"Moderate Risk","Inadequate food safety knowledge or lack of certified food safety manager"
3397,"20130131",103124,"Moderate Risk","Inadequately cleaned or sanitized food contact surfaces"
3397,"20130131",103119,"Moderate Risk","Inadequate and inaccessible handwashing facilities"
3403,"20131121",103142,"Low Risk","Unclean nonfood contact surfaces"
3403,"20131121",103154,"Low Risk","Unclean or degraded floors walls or ceilings"
3403,"20130130",103142,"Low Risk","Unclean nonfood contact surfaces"
3405,"20150122",103161,"Low Risk","Low risk vermin infestation"
3405,"20150122",103161,"Low Risk","Low risk vermin infestation"
3405,"20150122",103148,"Low Risk","No thermometers or uncalibrated thermometers "
3405,"20150122",103148,"Low Risk","No thermometers or uncalibrated thermometers "
3405,"20130628",103148,"Low Risk","No thermometers or uncalibrated thermometers "
3405,"20130628",103143,"Low Risk","Inadequate warewashing facilities or equipment"
3405,"20130628",103144,"Low Risk","Unapproved or unmaintained equipment or utensils"
3405,"20130628",103150,"Low Risk","Improper or defective plumbing"
3405,"20130628",103141,"Low Risk","Improper food labeling or menu misrepresentation"
3405,"20130111",103148,"Low Risk","No thermometers or uncalibrated thermometers "
3405,"20130111",103139,"Low Risk","Improper food storage"
3405,"20130111",103119,"Moderate Risk","Inadequate and inaccessible handwashing facilities"
3405,"20130111",103118,"Moderate Risk","Employee eating or smoking"
3405,"20140805",103154,"Low Risk","Unclean or degraded floors walls or ceilings"
3405,"20140609",103154,"Low Risk","Unclean or degraded floors walls or ceilings"
3409,"20150401",103119,"Moderate Risk","Inadequate and inaccessible handwashing facilities"
3409,"20150401",103131,"Moderate Risk","Moderate risk vermin infestation"
3409,"20150401",103102,"High Risk","Unclean hands or improper use of gloves"
3409,"20150401",103149,"Low Risk","Wiping cloths not clean or properly stored or inadequate sanitizer"
3409,"20150401",103105,"High Risk","Improper cooling methods"
3409,"20150401",103148,"Low Risk","No thermometers or uncalibrated thermometers "
3409,"20131107",103124,"Moderate Risk","Inadequately cleaned or sanitized food contact surfaces"
3409,"20121030",103119,"Moderate Risk","Inadequate and inaccessible handwashing facilities"
3409,"20121030",103109,"High Risk","Unclean or unsanitary food contact surfaces"
3409,"20121030",103148,"Low Risk","No thermometers or uncalibrated thermometers "
3414,"20150414",103144,"Low Risk","Unapproved or unmaintained equipment or utensils"
3414,"20130828",103142,"Low Risk","Unclean nonfood contact surfaces"
3414,"20130828",103109,"High Risk","Unclean or unsanitary food contact surfaces"
3414,"20140328",103127,"Moderate Risk","Noncompliance with HAACP plan or variance"
3414,"20121107",103138,"Low Risk","Improper storage use or identification of toxic substances"
3414,"20121107",103124,"Moderate Risk","Inadequately cleaned or sanitized food contact surfaces"
3420,"20140925",103119,"Moderate Risk","Inadequate and inaccessible handwashing facilities"
3420,"20140925",103145,"Low Risk","Improper storage of equipment utensils or linens"
3420,"20130822",103120,"Moderate Risk","Moderate risk food holding temperature "
3420,"20140319",103121,"Moderate Risk","Inadequate procedures or records for time as a public health control "
3420,"20140319",103119,"Moderate Risk","Inadequate and inaccessible handwashing facilities"
3420,"20140319",103139,"Low Risk","Improper food storage"
3420,"20121108",103119,"Moderate Risk","Inadequate and inaccessible handwashing facilities"
3425,"20141216",103142,"Low Risk","Unclean nonfood contact surfaces"
3425,"20141216",103145,"Low Risk","Improper storage of equipment utensils or linens"
3425,"20141216",103151,"Low Risk","Inadequate or unsanitary refuse containers or area or no garbage service"
3425,"20141216",103154,"Low Risk","Unclean or degraded floors walls or ceilings"
3425,"20131203",103144,"Low Risk","Unapproved or unmaintained equipment or utensils"
3425,"20131203",103129,"Moderate Risk","Insufficient hot water or running water"
3425,"20131203",103113,"High Risk","Sewage or wastewater contamination"
3425,"20131203",103154,"Low Risk","Unclean or degraded floors walls or ceilings"
3425,"20130319",103154,"Low Risk","Unclean or degraded floors walls or ceilings"
3425,"20121107",103142,"Low Risk","Unclean nonfood contact surfaces"
3425,"20121107",103139,"Low Risk","Improper food storage"
3425,"20121107",103144,"Low Risk","Unapproved or unmaintained equipment or utensils"
3425,"20140521",103154,"Low Risk","Unclean or degraded floors walls or ceilings"
3425,"20140521",103120,"Moderate Risk","Moderate risk food holding temperature "
3426,"20150331",103119,"Moderate Risk","Inadequate and inaccessible handwashing facilities"
3426,"20150331",103116,"Moderate Risk","Inadequate food safety knowledge or lack of certified food safety manager"
3426,"20150331",103120,"Moderate Risk","Moderate risk food holding temperature "
3426,"20150331",103133,"Moderate Risk","Foods not protected from contamination"
3426,"20130724",103144,"Low Risk","Unapproved or unmaintained equipment or utensils"
3426,"20130724",103131,"Moderate Risk","Moderate risk vermin infestation"
3426,"20130724",103143,"Low Risk","Inadequate warewashing facilities or equipment"
3426,"20130724",103154,"Low Risk","Unclean or degraded floors walls or ceilings"
3426,"20140327",103144,"Low Risk","Unapproved or unmaintained equipment or utensils"
3426,"20140327",103120,"Moderate Risk","Moderate risk food holding temperature "
3426,"20140327",103109,"High Risk","Unclean or unsanitary food contact surfaces"
3426,"20120917",103103,"High Risk","High risk food holding temperature "
3426,"20120917",103124,"Moderate Risk","Inadequately cleaned or sanitized food contact surfaces"
3426,"20120917",103154,"Low Risk","Unclean or degraded floors walls or ceilings"
3426,"20120917",103132,"Moderate Risk","Improper thawing methods "
3426,"20120917",103139,"Low Risk","Improper food storage"
3426,"20120917",103114,"High Risk","High risk vermin infestation"
3428,"20141117",103145,"Low Risk","Improper storage of equipment utensils or linens"
3428,"20141117",103114,"High Risk","High risk vermin infestation"
3428,"20141117",103142,"Low Risk","Unclean nonfood contact surfaces"
3428,"20130211",103144,"Low Risk","Unapproved or unmaintained equipment or utensils"
3428,"20130211",103154,"Low Risk","Unclean or degraded floors walls or ceilings"
3429,"20131030",103119,"Moderate Risk","Inadequate and inaccessible handwashing facilities"
3429,"20131030",103124,"Moderate Risk","Inadequately cleaned or sanitized food contact surfaces"
3429,"20131030",103133,"Moderate Risk","Foods not protected from contamination"
3429,"20131030",103148,"Low Risk","No thermometers or uncalibrated thermometers "
3429,"20120917",103129,"Moderate Risk","Insufficient hot water or running water"
3429,"20130207",103120,"Moderate Risk","Moderate risk food holding temperature "
3429,"20130207",103117,"Moderate Risk","Discharge from employee nose mouth or eye"
3429,"20130207",103154,"Low Risk","Unclean or degraded floors walls or ceilings"
3429,"20130207",103124,"Moderate Risk","Inadequately cleaned or sanitized food contact surfaces"
3429,"20130207",103142,"Low Risk","Unclean nonfood contact surfaces"
3429,"20130207",103144,"Low Risk","Unapproved or unmaintained equipment or utensils"
3429,"20130207",103149,"Low Risk","Wiping cloths not clean or properly stored or inadequate sanitizer"
3429,"20140514",103124,"Moderate Risk","Inadequately cleaned or sanitized food contact surfaces"
3429,"20140514",103139,"Low Risk","Improper food storage"
3429,"20140514",103148,"Low Risk","No thermometers or uncalibrated thermometers "
3429,"20140514",103154,"Low Risk","Unclean or degraded floors walls or ceilings"
3431,"20150202",103154,"Low Risk","Unclean or degraded floors walls or ceilings"
3431,"20150202",103124,"Moderate Risk","Inadequately cleaned or sanitized food contact surfaces"
3431,"20130808",103145,"Low Risk","Improper storage of equipment utensils or linens"
3431,"20130808",103161,"Low Risk","Low risk vermin infestation"
3431,"20130808",103119,"Moderate Risk","Inadequate and inaccessible handwashing facilities"
3431,"20140527",103154,"Low Risk","Unclean or degraded floors walls or ceilings"
3431,"20140527",103131,"Moderate Risk","Moderate risk vermin infestation"
3432,"20130809",103154,"Low Risk","Unclean or degraded floors walls or ceilings"
3432,"20130809",103150,"Low Risk","Improper or defective plumbing"
3432,"20140709",103102,"High Risk","Unclean hands or improper use of gloves"
3432,"20140709",103124,"Moderate Risk","Inadequately cleaned or sanitized food contact surfaces"
3433,"20131118",103133,"Moderate Risk","Foods not protected from contamination"
3433,"20131118",103116,"Moderate Risk","Inadequate food safety knowledge or lack of certified food safety manager"
3433,"20131118",103124,"Moderate Risk","Inadequately cleaned or sanitized food contact surfaces"
3433,"20131118",103144,"Low Risk","Unapproved or unmaintained equipment or utensils"
3433,"20130116",103154,"Low Risk","Unclean or degraded floors walls or ceilings"
3433,"20130116",103116,"Moderate Risk","Inadequate food safety knowledge or lack of certified food safety manager"
3433,"20130116",103133,"Moderate Risk","Foods not protected from contamination"
3433,"20140603",103105,"High Risk","Improper cooling methods"
3433,"20140603",103144,"Low Risk","Unapproved or unmaintained equipment or utensils"
3433,"20140603",103149,"Low Risk","Wiping cloths not clean or properly stored or inadequate sanitizer"
3433,"20140603",103151,"Low Risk","Inadequate or unsanitary refuse containers or area or no garbage service"
3437,"20141021",103131,"Moderate Risk","Moderate risk vermin infestation"
3437,"20140206",103105,"High Risk","Improper cooling methods"
3437,"20140206",103144,"Low Risk","Unapproved or unmaintained equipment or utensils"
3437,"20130610",103149,"Low Risk","Wiping cloths not clean or properly stored or inadequate sanitizer"
3437,"20130610",103154,"Low Risk","Unclean or degraded floors walls or ceilings"
3437,"20130610",103139,"Low Risk","Improper food storage"
3439,"20140829",103133,"Moderate Risk","Foods not protected from contamination"
3439,"20140829",103147,"Low Risk","Inadequate ventilation or lighting"
3439,"20140122",103107,"High Risk","Improper reheating of food"
3439,"20140122",103119,"Moderate Risk","Inadequate and inaccessible handwashing facilities"
3439,"20130419",103139,"Low Risk","Improper food storage"
3439,"20130419",103109,"High Risk","Unclean or unsanitary food contact surfaces"
3440,"20150603",103109,"High Risk","Unclean or unsanitary food contact surfaces"
3440,"20130327",103144,"Low Risk","Unapproved or unmaintained equipment or utensils"
3440,"20130327",103156,"Low Risk","Permit license or inspection report not posted"
3440,"20130327",103142,"Low Risk","Unclean nonfood contact surfaces"
3440,"20130327",103120,"Moderate Risk","Moderate risk food holding temperature "
3440,"20140409",103142,"Low Risk","Unclean nonfood contact surfaces"
3440,"20140409",103149,"Low Risk","Wiping cloths not clean or properly stored or inadequate sanitizer"
3443,"20131015",103133,"Moderate Risk","Foods not protected from contamination"
3443,"20131015",103131,"Moderate Risk","Moderate risk vermin infestation"
3443,"20131015",103154,"Low Risk","Unclean or degraded floors walls or ceilings"
3443,"20131015",103156,"Low Risk","Permit license or inspection report not posted"
3443,"20121213",103154,"Low Risk","Unclean or degraded floors walls or ceilings"
3443,"20121213",103139,"Low Risk","Improper food storage"
3443,"20121213",103144,"Low Risk","Unapproved or unmaintained equipment or utensils"
3443,"20121213",103147,"Low Risk","Inadequate ventilation or lighting"
3443,"20121213",103149,"Low Risk","Wiping cloths not clean or properly stored or inadequate sanitizer"
3443,"20140610",103116,"Moderate Risk","Inadequate food safety knowledge or lack of certified food safety manager"
3443,"20140610",103143,"Low Risk","Inadequate warewashing facilities or equipment"
3443,"20140610",103103,"High Risk","High risk food holding temperature "
3444,"20130828",103161,"Low Risk","Low risk vermin infestation"
3444,"20130828",103144,"Low Risk","Unapproved or unmaintained equipment or utensils"
3444,"20130828",103154,"Low Risk","Unclean or degraded floors walls or ceilings"
3444,"20130828",103124,"Moderate Risk","Inadequately cleaned or sanitized food contact surfaces"
3444,"20121203",103154,"Low Risk","Unclean or degraded floors walls or ceilings"
3444,"20121203",103150,"Low Risk","Improper or defective plumbing"
3444,"20121203",103142,"Low Risk","Unclean nonfood contact surfaces"
3444,"20121203",103133,"Moderate Risk","Foods not protected from contamination"
3444,"20121203",103114,"High Risk","High risk vermin infestation"
3444,"20121203",103102,"High Risk","Unclean hands or improper use of gloves"
3444,"20140516",103118,"Moderate Risk","Employee eating or smoking"
3444,"20140516",103119,"Moderate Risk","Inadequate and inaccessible handwashing facilities"
3444,"20140516",103144,"Low Risk","Unapproved or unmaintained equipment or utensils"
3445,"20131016",103139,"Low Risk","Improper food storage"
3445,"20131016",103119,"Moderate Risk","Inadequate and inaccessible handwashing facilities"
3445,"20131016",103142,"Low Risk","Unclean nonfood contact surfaces"
3445,"20131016",103145,"Low Risk","Improper storage of equipment utensils or linens"
3445,"20121213",103131,"Moderate Risk","Moderate risk vermin infestation"
3445,"20121213",103144,"Low Risk","Unapproved or unmaintained equipment or utensils"
3445,"20121213",103116,"Moderate Risk","Inadequate food safety knowledge or lack of certified food safety manager"
3445,"20121213",103154,"Low Risk","Unclean or degraded floors walls or ceilings"
3445,"20121213",103119,"Moderate Risk","Inadequate and inaccessible handwashing facilities"
3445,"20121213",103124,"Moderate Risk","Inadequately cleaned or sanitized food contact surfaces"
3445,"20140611",103119,"Moderate Risk","Inadequate and inaccessible handwashing facilities"
3445,"20140611",103133,"Moderate Risk","Foods not protected from contamination"
3445,"20140611",103105,"High Risk","Improper cooling methods"
3445,"20140611",103154,"Low Risk","Unclean or degraded floors walls or ceilings"
3446,"20131112",103120,"Moderate Risk","Moderate risk food holding temperature "
3446,"20131112",103149,"Low Risk","Wiping cloths not clean or properly stored or inadequate sanitizer"
3446,"20131112",103133,"Moderate Risk","Foods not protected from contamination"
3446,"20121212",103145,"Low Risk","Improper storage of equipment utensils or linens"
3446,"20121212",103118,"Moderate Risk","Employee eating or smoking"
3446,"20140812",103154,"Low Risk","Unclean or degraded floors walls or ceilings"
3446,"20140812",103145,"Low Risk","Improper storage of equipment utensils or linens"
3446,"20140812",103160,"Low Risk","Inadequate HACCP plan record keeping"
3449,"20150223",103144,"Low Risk","Unapproved or unmaintained equipment or utensils"
3449,"20150223",103156,"Low Risk","Permit license or inspection report not posted"
3449,"20150223",103120,"Moderate Risk","Moderate risk food holding temperature "
3449,"20150223",103133,"Moderate Risk","Foods not protected from contamination"
3449,"20131216",103124,"Moderate Risk","Inadequately cleaned or sanitized food contact surfaces"
3449,"20131216",103154,"Low Risk","Unclean or degraded floors walls or ceilings"
3449,"20131216",103119,"Moderate Risk","Inadequate and inaccessible handwashing facilities"
3449,"20130305",103154,"Low Risk","Unclean or degraded floors walls or ceilings"
3449,"20130305",103133,"Moderate Risk","Foods not protected from contamination"
3449,"20130305",103142,"Low Risk","Unclean nonfood contact surfaces"
3449,"20130305",103114,"High Risk","High risk vermin infestation"
3449,"20130305",103150,"Low Risk","Improper or defective plumbing"
3449,"20130305",103124,"Moderate Risk","Inadequately cleaned or sanitized food contact surfaces"
3456,"20130912",103154,"Low Risk","Unclean or degraded floors walls or ceilings"
3456,"20130912",103119,"Moderate Risk","Inadequate and inaccessible handwashing facilities"
3456,"20130912",103149,"Low Risk","Wiping cloths not clean or properly stored or inadequate sanitizer"
3456,"20121017",103139,"Low Risk","Improper food storage"
3456,"20121017",103149,"Low Risk","Wiping cloths not clean or properly stored or inadequate sanitizer"
3456,"20121017",103154,"Low Risk","Unclean or degraded floors walls or ceilings"
3456,"20140519",103124,"Moderate Risk","Inadequately cleaned or sanitized food contact surfaces"
3456,"20140519",103139,"Low Risk","Improper food storage"
3456,"20140519",103154,"Low Risk","Unclean or degraded floors walls or ceilings"
3457,"20141104",103154,"Low Risk","Unclean or degraded floors walls or ceilings"
3457,"20141104",103114,"High Risk","High risk vermin infestation"
3457,"20141104",103119,"Moderate Risk","Inadequate and inaccessible handwashing facilities"
3457,"20141104",103120,"Moderate Risk","Moderate risk food holding temperature "
3457,"20141104",103124,"Moderate Risk","Inadequately cleaned or sanitized food contact surfaces"
3457,"20131016",103154,"Low Risk","Unclean or degraded floors walls or ceilings"
3457,"20131016",103159,"Low Risk","Worker safety hazards"
3457,"20131016",103150,"Low Risk","Improper or defective plumbing"
3457,"20131016",103149,"Low Risk","Wiping cloths not clean or properly stored or inadequate sanitizer"
3457,"20131016",103143,"Low Risk","Inadequate warewashing facilities or equipment"
3457,"20131016",103142,"Low Risk","Unclean nonfood contact surfaces"
3457,"20140409",103109,"High Risk","Unclean or unsanitary food contact surfaces"
3457,"20140409",103149,"Low Risk","Wiping cloths not clean or properly stored or inadequate sanitizer"
3457,"20140409",103154,"Low Risk","Unclean or degraded floors walls or ceilings"
3457,"20140409",103144,"Low Risk","Unapproved or unmaintained equipment or utensils"
3459,"20150407",103132,"Moderate Risk","Improper thawing methods "
3459,"20150407",103124,"Moderate Risk","Inadequately cleaned or sanitized food contact surfaces"
3459,"20150407",103139,"Low Risk","Improper food storage"
3459,"20150407",103153,"Low Risk","Inadequate dressing rooms or improper storage of personal items"
3459,"20150407",103154,"Low Risk","Unclean or degraded floors walls or ceilings"
3459,"20150407",103114,"High Risk","High risk vermin infestation"
3459,"20150407",103129,"Moderate Risk","Insufficient hot water or running water"
3459,"20150407",103105,"High Risk","Improper cooling methods"
3459,"20150407",103103,"High Risk","High risk food holding temperature "
3459,"20150407",103108,"High Risk","Contaminated or adulterated food"
3459,"20131114",103149,"Low Risk","Wiping cloths not clean or properly stored or inadequate sanitizer"
3459,"20131114",103116,"Moderate Risk","Inadequate food safety knowledge or lack of certified food safety manager"
3459,"20131114",103131,"Moderate Risk","Moderate risk vermin infestation"
3459,"20131114",103133,"Moderate Risk","Foods not protected from contamination"
3459,"20131114",103142,"Low Risk","Unclean nonfood contact surfaces"
3459,"20131114",103143,"Low Risk","Inadequate warewashing facilities or equipment"
3459,"20131114",103144,"Low Risk","Unapproved or unmaintained equipment or utensils"
3459,"20131114",103154,"Low Risk","Unclean or degraded floors walls or ceilings"
3459,"20131114",103147,"Low Risk","Inadequate ventilation or lighting"
3459,"20130221",103119,"Moderate Risk","Inadequate and inaccessible handwashing facilities"
3459,"20130221",103148,"Low Risk","No thermometers or uncalibrated thermometers "
3459,"20130221",103120,"Moderate Risk","Moderate risk food holding temperature "
3459,"20130221",103154,"Low Risk","Unclean or degraded floors walls or ceilings"
3459,"20140528",103105,"High Risk","Improper cooling methods"
3459,"20140528",103149,"Low Risk","Wiping cloths not clean or properly stored or inadequate sanitizer"
3459,"20140528",103144,"Low Risk","Unapproved or unmaintained equipment or utensils"
3459,"20140528",103142,"Low Risk","Unclean nonfood contact surfaces"
3459,"20140528",103139,"Low Risk","Improper food storage"
3468,"20130924",103109,"High Risk","Unclean or unsanitary food contact surfaces"
3468,"20130924",103154,"Low Risk","Unclean or degraded floors walls or ceilings"
3468,"20130924",103150,"Low Risk","Improper or defective plumbing"
3468,"20130422",103119,"Moderate Risk","Inadequate and inaccessible handwashing facilities"
3468,"20130422",103103,"High Risk","High risk food holding temperature "
3468,"20130422",103133,"Moderate Risk","Foods not protected from contamination"
3468,"20130422",103139,"Low Risk","Improper food storage"
3468,"20130422",103156,"Low Risk","Permit license or inspection report not posted"
3468,"20130422",103124,"Moderate Risk","Inadequately cleaned or sanitized food contact surfaces"
3468,"20120801",103154,"Low Risk","Unclean or degraded floors walls or ceilings"
3468,"20120801",103139,"Low Risk","Improper food storage"
3468,"20120801",103124,"Moderate Risk","Inadequately cleaned or sanitized food contact surfaces"
3468,"20120801",103120,"Moderate Risk","Moderate risk food holding temperature "
3468,"20140513",103120,"Moderate Risk","Moderate risk food holding temperature "
3468,"20140513",103154,"Low Risk","Unclean or degraded floors walls or ceilings"
3468,"20140513",103133,"Moderate Risk","Foods not protected from contamination"
3475,"20150511",103156,"Low Risk","Permit license or inspection report not posted"
3475,"20150511",103103,"High Risk","High risk food holding temperature "
3475,"20150511",103109,"High Risk","Unclean or unsanitary food contact surfaces"
3475,"20150511",103114,"High Risk","High risk vermin infestation"
3475,"20150511",103139,"Low Risk","Improper food storage"
3475,"20150511",103148,"Low Risk","No thermometers or uncalibrated thermometers "
3475,"20150511",103153,"Low Risk","Inadequate dressing rooms or improper storage of personal items"
3475,"20150511",103154,"Low Risk","Unclean or degraded floors walls or ceilings"
3475,"20150514",103156,"Low Risk","Permit license or inspection report not posted"
3475,"20131031",103103,"High Risk","High risk food holding temperature "
3475,"20131031",103148,"Low Risk","No thermometers or uncalibrated thermometers "
3475,"20131031",103157,"Low Risk","Food safety certificate or food handler card not available"
3475,"20130129",103142,"Low Risk","Unclean nonfood contact surfaces"
3475,"20130129",103157,"Low Risk","Food safety certificate or food handler card not available"
3475,"20140514",103103,"High Risk","High risk food holding temperature "
3475,"20140514",103157,"Low Risk","Food safety certificate or food handler card not available"
3475,"20140514",103148,"Low Risk","No thermometers or uncalibrated thermometers "
3475,"20140514",103129,"Moderate Risk","Insufficient hot water or running water"
3476,"20141203",103131,"Moderate Risk","Moderate risk vermin infestation"
3476,"20141203",103109,"High Risk","Unclean or unsanitary food contact surfaces"
3476,"20141203",103144,"Low Risk","Unapproved or unmaintained equipment or utensils"
3476,"20141203",103152,"Low Risk","Unclean unmaintained or improperly constructed toilet facilities"
3476,"20141203",103143,"Low Risk","Inadequate warewashing facilities or equipment"
3476,"20141203",103119,"Moderate Risk","Inadequate and inaccessible handwashing facilities"
3476,"20130806",103109,"High Risk","Unclean or unsanitary food contact surfaces"
3476,"20130806",103131,"Moderate Risk","Moderate risk vermin infestation"
3476,"20130806",103143,"Low Risk","Inadequate warewashing facilities or equipment"
3476,"20140430",103152,"Low Risk","Unclean unmaintained or improperly constructed toilet facilities"
3476,"20140430",103144,"Low Risk","Unapproved or unmaintained equipment or utensils"
3476,"20140430",103129,"Moderate Risk","Insufficient hot water or running water"
3476,"20121106",103119,"Moderate Risk","Inadequate and inaccessible handwashing facilities"
3476,"20121106",103142,"Low Risk","Unclean nonfood contact surfaces"
3477,"20150526",103149,"Low Risk","Wiping cloths not clean or properly stored or inadequate sanitizer"
3477,"20150526",103103,"High Risk","High risk food holding temperature "
3477,"20130729",103120,"Moderate Risk","Moderate risk food holding temperature "
3477,"20140121",103120,"Moderate Risk","Moderate risk food holding temperature "
3477,"20140121",103156,"Low Risk","Permit license or inspection report not posted"
3477,"20140121",103128,"Moderate Risk","Consumer advisory not provided for raw or undercooked foods"
3477,"20120712",103105,"High Risk","Improper cooling methods"
3478,"20141002",103154,"Low Risk","Unclean or degraded floors walls or ceilings"
3478,"20141002",103119,"Moderate Risk","Inadequate and inaccessible handwashing facilities"
3478,"20140128",103116,"Moderate Risk","Inadequate food safety knowledge or lack of certified food safety manager"
3478,"20140128",103144,"Low Risk","Unapproved or unmaintained equipment or utensils"
3478,"20140128",103124,"Moderate Risk","Inadequately cleaned or sanitized food contact surfaces"
3478,"20120906",103142,"Low Risk","Unclean nonfood contact surfaces"
3478,"20120906",103124,"Moderate Risk","Inadequately cleaned or sanitized food contact surfaces"
3478,"20120906",103131,"Moderate Risk","Moderate risk vermin infestation"
3480,"20150513",103154,"Low Risk","Unclean or degraded floors walls or ceilings"
3480,"20150513",103149,"Low Risk","Wiping cloths not clean or properly stored or inadequate sanitizer"
3480,"20150513",103124,"Moderate Risk","Inadequately cleaned or sanitized food contact surfaces"
3480,"20150513",103119,"Moderate Risk","Inadequate and inaccessible handwashing facilities"
3480,"20150513",103145,"Low Risk","Improper storage of equipment utensils or linens"
3480,"20150513",103144,"Low Risk","Unapproved or unmaintained equipment or utensils"
3480,"20131115",103144,"Low Risk","Unapproved or unmaintained equipment or utensils"
3480,"20131115",103114,"High Risk","High risk vermin infestation"
3480,"20131115",103102,"High Risk","Unclean hands or improper use of gloves"
3480,"20131115",103109,"High Risk","Unclean or unsanitary food contact surfaces"
3480,"20131115",103154,"Low Risk","Unclean or degraded floors walls or ceilings"
3480,"20131115",103103,"High Risk","High risk food holding temperature "
3480,"20130117",103142,"Low Risk","Unclean nonfood contact surfaces"
3480,"20130117",103105,"High Risk","Improper cooling methods"
3480,"20130117",103114,"High Risk","High risk vermin infestation"
3480,"20130117",103124,"Moderate Risk","Inadequately cleaned or sanitized food contact surfaces"
3480,"20130117",103102,"High Risk","Unclean hands or improper use of gloves"
3480,"20130117",103154,"Low Risk","Unclean or degraded floors walls or ceilings"
3480,"20140617",103149,"Low Risk","Wiping cloths not clean or properly stored or inadequate sanitizer"
3480,"20140617",103131,"Moderate Risk","Moderate risk vermin infestation"
3480,"20140617",103134,"Moderate Risk","Other moderate risk violation"
3481,"20140205",103154,"Low Risk","Unclean or degraded floors walls or ceilings"
3481,"20140205",103103,"High Risk","High risk food holding temperature "
3481,"20140205",103114,"High Risk","High risk vermin infestation"
3481,"20140205",103119,"Moderate Risk","Inadequate and inaccessible handwashing facilities"
3481,"20140205",103124,"Moderate Risk","Inadequately cleaned or sanitized food contact surfaces"
3481,"20140205",103139,"Low Risk","Improper food storage"
3481,"20140205",103142,"Low Risk","Unclean nonfood contact surfaces"
3481,"20130319",103131,"Moderate Risk","Moderate risk vermin infestation"
3481,"20130319",103154,"Low Risk","Unclean or degraded floors walls or ceilings"
3481,"20130319",103142,"Low Risk","Unclean nonfood contact surfaces"
3481,"20130319",103124,"Moderate Risk","Inadequately cleaned or sanitized food contact surfaces"
3481,"20130319",103120,"Moderate Risk","Moderate risk food holding temperature "
3481,"20120615",103139,"Low Risk","Improper food storage"
3481,"20120615",103114,"High Risk","High risk vermin infestation"
3481,"20120615",103144,"Low Risk","Unapproved or unmaintained equipment or utensils"
3481,"20120615",103154,"Low Risk","Unclean or degraded floors walls or ceilings"
3481,"20120615",103124,"Moderate Risk","Inadequately cleaned or sanitized food contact surfaces"
3481,"20120615",103132,"Moderate Risk","Improper thawing methods "
3481,"20140711",103124,"Moderate Risk","Inadequately cleaned or sanitized food contact surfaces"
3481,"20140711",103154,"Low Risk","Unclean or degraded floors walls or ceilings"
3481,"20140711",103107,"High Risk","Improper reheating of food"
3481,"20140711",103114,"High Risk","High risk vermin infestation"
3482,"20150410",103120,"Moderate Risk","Moderate risk food holding temperature "
3482,"20150410",103133,"Moderate Risk","Foods not protected from contamination"
3482,"20150410",103142,"Low Risk","Unclean nonfood contact surfaces"
3482,"20150410",103109,"High Risk","Unclean or unsanitary food contact surfaces"
3482,"20150410",103119,"Moderate Risk","Inadequate and inaccessible handwashing facilities"
3482,"20140505",103142,"Low Risk","Unclean nonfood contact surfaces"
3482,"20140505",103116,"Moderate Risk","Inadequate food safety knowledge or lack of certified food safety manager"
3482,"20140505",103145,"Low Risk","Improper storage of equipment utensils or linens"
3482,"20140505",103103,"High Risk","High risk food holding temperature "
3482,"20130205",103132,"Moderate Risk","Improper thawing methods "
3482,"20130205",103145,"Low Risk","Improper storage of equipment utensils or linens"
3483,"20141009",103114,"High Risk","High risk vermin infestation"
3483,"20141009",103109,"High Risk","Unclean or unsanitary food contact surfaces"
3483,"20141009",103133,"Moderate Risk","Foods not protected from contamination"
3483,"20141009",103138,"Low Risk","Improper storage use or identification of toxic substances"
3483,"20141009",103144,"Low Risk","Unapproved or unmaintained equipment or utensils"
3483,"20141009",103103,"High Risk","High risk food holding temperature "
3483,"20141009",103154,"Low Risk","Unclean or degraded floors walls or ceilings"
3483,"20141009",103145,"Low Risk","Improper storage of equipment utensils or linens"
3483,"20130510",103120,"Moderate Risk","Moderate risk food holding temperature "
3483,"20130510",103124,"Moderate Risk","Inadequately cleaned or sanitized food contact surfaces"
3483,"20130510",103154,"Low Risk","Unclean or degraded floors walls or ceilings"
3483,"20130510",103149,"Low Risk","Wiping cloths not clean or properly stored or inadequate sanitizer"
3483,"20130510",103142,"Low Risk","Unclean nonfood contact surfaces"
3483,"20130510",103114,"High Risk","High risk vermin infestation"
3483,"20140313",103120,"Moderate Risk","Moderate risk food holding temperature "
3483,"20140313",103139,"Low Risk","Improper food storage"
3483,"20140313",103133,"Moderate Risk","Foods not protected from contamination"
3483,"20140313",103142,"Low Risk","Unclean nonfood contact surfaces"
3483,"20140313",103154,"Low Risk","Unclean or degraded floors walls or ceilings"
3483,"20120919",103114,"High Risk","High risk vermin infestation"
3483,"20120919",103120,"Moderate Risk","Moderate risk food holding temperature "
3483,"20120919",103124,"Moderate Risk","Inadequately cleaned or sanitized food contact surfaces"
3483,"20120919",103154,"Low Risk","Unclean or degraded floors walls or ceilings"
3483,"20120919",103142,"Low Risk","Unclean nonfood contact surfaces"
3484,"20130321",103143,"Low Risk","Inadequate warewashing facilities or equipment"
3484,"20130321",103120,"Moderate Risk","Moderate risk food holding temperature "
3484,"20140626",103124,"Moderate Risk","Inadequately cleaned or sanitized food contact surfaces"
3485,"20150317",103154,"Low Risk","Unclean or degraded floors walls or ceilings"
3485,"20150317",103142,"Low Risk","Unclean nonfood contact surfaces"
3485,"20150317",103137,"Low Risk","Improperly washed fruits and vegetables"
3485,"20150317",103124,"Moderate Risk","Inadequately cleaned or sanitized food contact surfaces"
3485,"20150317",103120,"Moderate Risk","Moderate risk food holding temperature "
3485,"20150317",103118,"Moderate Risk","Employee eating or smoking"
3485,"20150317",103107,"High Risk","Improper reheating of food"
3485,"20150317",103102,"High Risk","Unclean hands or improper use of gloves"
3485,"20150317",103144,"Low Risk","Unapproved or unmaintained equipment or utensils"
3485,"20150317",103151,"Low Risk","Inadequate or unsanitary refuse containers or area or no garbage service"
3485,"20140206",103144,"Low Risk","Unapproved or unmaintained equipment or utensils"
3485,"20140206",103120,"Moderate Risk","Moderate risk food holding temperature "
3485,"20130604",103150,"Low Risk","Improper or defective plumbing"
3485,"20130604",103144,"Low Risk","Unapproved or unmaintained equipment or utensils"
3485,"20121023",103144,"Low Risk","Unapproved or unmaintained equipment or utensils"
3485,"20140617",103133,"Moderate Risk","Foods not protected from contamination"
3485,"20140617",103144,"Low Risk","Unapproved or unmaintained equipment or utensils"
3485,"20140617",103124,"Moderate Risk","Inadequately cleaned or sanitized food contact surfaces"
3488,"20131015",103120,"Moderate Risk","Moderate risk food holding temperature "
3488,"20131015",103129,"Moderate Risk","Insufficient hot water or running water"
3488,"20131015",103113,"High Risk","Sewage or wastewater contamination"
3488,"20131015",103114,"High Risk","High risk vermin infestation"
3488,"20121010",103144,"Low Risk","Unapproved or unmaintained equipment or utensils"
3488,"20121010",103133,"Moderate Risk","Foods not protected from contamination"
3488,"20121010",103114,"High Risk","High risk vermin infestation"
3488,"20121010",103102,"High Risk","Unclean hands or improper use of gloves"
3488,"20140610",103156,"Low Risk","Permit license or inspection report not posted"
3488,"20140610",103131,"Moderate Risk","Moderate risk vermin infestation"
3488,"20140610",103124,"Moderate Risk","Inadequately cleaned or sanitized food contact surfaces"
3491,"20150313",103154,"Low Risk","Unclean or degraded floors walls or ceilings"
3491,"20150313",103138,"Low Risk","Improper storage use or identification of toxic substances"
3491,"20130710",103105,"High Risk","Improper cooling methods"
3491,"20130710",103138,"Low Risk","Improper storage use or identification of toxic substances"
3491,"20130710",103144,"Low Risk","Unapproved or unmaintained equipment or utensils"
3491,"20130710",103124,"Moderate Risk","Inadequately cleaned or sanitized food contact surfaces"
3491,"20120913",103131,"Moderate Risk","Moderate risk vermin infestation"
3491,"20120913",103119,"Moderate Risk","Inadequate and inaccessible handwashing facilities"
3491,"20120913",103142,"Low Risk","Unclean nonfood contact surfaces"
3491,"20120913",103120,"Moderate Risk","Moderate risk food holding temperature "
3491,"20120913",103154,"Low Risk","Unclean or degraded floors walls or ceilings"
3491,"20140529",103124,"Moderate Risk","Inadequately cleaned or sanitized food contact surfaces"
3491,"20140529",103119,"Moderate Risk","Inadequate and inaccessible handwashing facilities"
3491,"20140529",103154,"Low Risk","Unclean or degraded floors walls or ceilings"
3492,"20130417",103161,"Low Risk","Low risk vermin infestation"
3492,"20130417",103124,"Moderate Risk","Inadequately cleaned or sanitized food contact surfaces"
3492,"20130417",103150,"Low Risk","Improper or defective plumbing"
3492,"20120628",103154,"Low Risk","Unclean or degraded floors walls or ceilings"
3492,"20120628",103142,"Low Risk","Unclean nonfood contact surfaces"
3492,"20140512",103119,"Moderate Risk","Inadequate and inaccessible handwashing facilities"
3492,"20140512",103156,"Low Risk","Permit license or inspection report not posted"
3495,"20140909",103154,"Low Risk","Unclean or degraded floors walls or ceilings"
3495,"20140909",103119,"Moderate Risk","Inadequate and inaccessible handwashing facilities"
3495,"20140909",103144,"Low Risk","Unapproved or unmaintained equipment or utensils"
3495,"20140909",103147,"Low Risk","Inadequate ventilation or lighting"
3495,"20140909",103149,"Low Risk","Wiping cloths not clean or properly stored or inadequate sanitizer"
3495,"20140909",103150,"Low Risk","Improper or defective plumbing"
3495,"20130930",103133,"Moderate Risk","Foods not protected from contamination"
3495,"20130930",103124,"Moderate Risk","Inadequately cleaned or sanitized food contact surfaces"
3495,"20130930",103144,"Low Risk","Unapproved or unmaintained equipment or utensils"
3495,"20130930",103154,"Low Risk","Unclean or degraded floors walls or ceilings"
3495,"20121113",103150,"Low Risk","Improper or defective plumbing"
3495,"20121113",103154,"Low Risk","Unclean or degraded floors walls or ceilings"
3495,"20121113",103138,"Low Risk","Improper storage use or identification of toxic substances"
3495,"20121113",103144,"Low Risk","Unapproved or unmaintained equipment or utensils"
3496,"20140513",103139,"Low Risk","Improper food storage"
3497,"20150226",103156,"Low Risk","Permit license or inspection report not posted"
3497,"20150226",103133,"Moderate Risk","Foods not protected from contamination"
3497,"20150226",103114,"High Risk","High risk vermin infestation"
3497,"20131210",103156,"Low Risk","Permit license or inspection report not posted"
3497,"20131210",103131,"Moderate Risk","Moderate risk vermin infestation"
3497,"20131210",103119,"Moderate Risk","Inadequate and inaccessible handwashing facilities"
3497,"20121210",103156,"Low Risk","Permit license or inspection report not posted"
3497,"20121210",103119,"Moderate Risk","Inadequate and inaccessible handwashing facilities"
3497,"20121210",103154,"Low Risk","Unclean or degraded floors walls or ceilings"
3498,"20150302",103143,"Low Risk","Inadequate warewashing facilities or equipment"
3498,"20150302",103103,"High Risk","High risk food holding temperature "
3503,"20120906",103149,"Low Risk","Wiping cloths not clean or properly stored or inadequate sanitizer"
3503,"20120906",103150,"Low Risk","Improper or defective plumbing"
3504,"20131227",103147,"Low Risk","Inadequate ventilation or lighting"
3504,"20131227",103134,"Moderate Risk","Other moderate risk violation"
3504,"20131227",103130,"Moderate Risk","Inadequate sewage or wastewater disposal"
3504,"20130404",103139,"Low Risk","Improper food storage"
3504,"20130404",103102,"High Risk","Unclean hands or improper use of gloves"
3504,"20120822",103144,"Low Risk","Unapproved or unmaintained equipment or utensils"
3504,"20120822",103133,"Moderate Risk","Foods not protected from contamination"
3504,"20120822",103130,"Moderate Risk","Inadequate sewage or wastewater disposal"
3510,"20150527",103154,"Low Risk","Unclean or degraded floors walls or ceilings"
3510,"20150527",103139,"Low Risk","Improper food storage"
3510,"20150527",103131,"Moderate Risk","Moderate risk vermin infestation"
3510,"20150527",103124,"Moderate Risk","Inadequately cleaned or sanitized food contact surfaces"
3510,"20150527",103119,"Moderate Risk","Inadequate and inaccessible handwashing facilities"
3510,"20140318",103139,"Low Risk","Improper food storage"
3510,"20140318",103142,"Low Risk","Unclean nonfood contact surfaces"
3510,"20130108",103133,"Moderate Risk","Foods not protected from contamination"
3510,"20130108",103142,"Low Risk","Unclean nonfood contact surfaces"
3510,"20130108",103154,"Low Risk","Unclean or degraded floors walls or ceilings"
3510,"20130108",103116,"Moderate Risk","Inadequate food safety knowledge or lack of certified food safety manager"
3510,"20130108",103124,"Moderate Risk","Inadequately cleaned or sanitized food contact surfaces"
3510,"20130108",103130,"Moderate Risk","Inadequate sewage or wastewater disposal"
3510,"20130108",103129,"Moderate Risk","Insufficient hot water or running water"
3510,"20130108",103131,"Moderate Risk","Moderate risk vermin infestation"
3512,"20141028",103162,"Low Risk","Other low risk violation"
3512,"20131114",103141,"Low Risk","Improper food labeling or menu misrepresentation"
3512,"20131114",103142,"Low Risk","Unclean nonfood contact surfaces"
3512,"20120613",103144,"Low Risk","Unapproved or unmaintained equipment or utensils"
3512,"20120613",103142,"Low Risk","Unclean nonfood contact surfaces"
3512,"20120613",103139,"Low Risk","Improper food storage"
3512,"20120613",103157,"Low Risk","Food safety certificate or food handler card not available"
3512,"20120613",103154,"Low Risk","Unclean or degraded floors walls or ceilings"
3512,"20130305",103157,"Low Risk","Food safety certificate or food handler card not available"
3512,"20130305",103119,"Moderate Risk","Inadequate and inaccessible handwashing facilities"
3512,"20130305",103120,"Moderate Risk","Moderate risk food holding temperature "
3512,"20130305",103139,"Low Risk","Improper food storage"
3512,"20130305",103142,"Low Risk","Unclean nonfood contact surfaces"
3512,"20130305",103143,"Low Risk","Inadequate warewashing facilities or equipment"
3512,"20130305",103144,"Low Risk","Unapproved or unmaintained equipment or utensils"
3512,"20130305",103156,"Low Risk","Permit license or inspection report not posted"
3512,"20130305",103147,"Low Risk","Inadequate ventilation or lighting"
3512,"20130305",103154,"Low Risk","Unclean or degraded floors walls or ceilings"
3512,"20130305",103133,"Moderate Risk","Foods not protected from contamination"
3515,"20130123",103142,"Low Risk","Unclean nonfood contact surfaces"
3515,"20130123",103149,"Low Risk","Wiping cloths not clean or properly stored or inadequate sanitizer"
3518,"20130131",103156,"Low Risk","Permit license or inspection report not posted"
3518,"20130131",103139,"Low Risk","Improper food storage"
3519,"20130131",103139,"Low Risk","Improper food storage"
3519,"20130131",103154,"Low Risk","Unclean or degraded floors walls or ceilings"
3519,"20130131",103157,"Low Risk","Food safety certificate or food handler card not available"
3519,"20130131",103109,"High Risk","Unclean or unsanitary food contact surfaces"
3519,"20130131",103142,"Low Risk","Unclean nonfood contact surfaces"
3520,"20140421",103147,"Low Risk","Inadequate ventilation or lighting"
3520,"20140421",103143,"Low Risk","Inadequate warewashing facilities or equipment"
3520,"20130110",103144,"Low Risk","Unapproved or unmaintained equipment or utensils"
3520,"20130110",103142,"Low Risk","Unclean nonfood contact surfaces"
3520,"20130110",103116,"Moderate Risk","Inadequate food safety knowledge or lack of certified food safety manager"
3520,"20130110",103156,"Low Risk","Permit license or inspection report not posted"
3522,"20150121",103114,"High Risk","High risk vermin infestation"
3522,"20150121",103130,"Moderate Risk","Inadequate sewage or wastewater disposal"
3522,"20150121",103133,"Moderate Risk","Foods not protected from contamination"
3522,"20130826",103131,"Moderate Risk","Moderate risk vermin infestation"
3522,"20140417",103152,"Low Risk","Unclean unmaintained or improperly constructed toilet facilities"
3522,"20140417",103129,"Moderate Risk","Insufficient hot water or running water"
3522,"20121210",103114,"High Risk","High risk vermin infestation"
3522,"20121210",103108,"High Risk","Contaminated or adulterated food"
3524,"20121206",103149,"Low Risk","Wiping cloths not clean or properly stored or inadequate sanitizer"
3524,"20121206",103154,"Low Risk","Unclean or degraded floors walls or ceilings"
3524,"20140822",103139,"Low Risk","Improper food storage"
3524,"20140822",103124,"Moderate Risk","Inadequately cleaned or sanitized food contact surfaces"
3524,"20140822",103119,"Moderate Risk","Inadequate and inaccessible handwashing facilities"
3524,"20140822",103145,"Low Risk","Improper storage of equipment utensils or linens"
3524,"20140822",103149,"Low Risk","Wiping cloths not clean or properly stored or inadequate sanitizer"
3524,"20140822",103144,"Low Risk","Unapproved or unmaintained equipment or utensils"
3524,"20140822",103154,"Low Risk","Unclean or degraded floors walls or ceilings"
3524,"20140822",103142,"Low Risk","Unclean nonfood contact surfaces"
3525,"20150126",103157,"Low Risk","Food safety certificate or food handler card not available"
3525,"20140214",103157,"Low Risk","Food safety certificate or food handler card not available"
3525,"20121116",103156,"Low Risk","Permit license or inspection report not posted"
3525,"20121116",103157,"Low Risk","Food safety certificate or food handler card not available"
3528,"20150603",103149,"Low Risk","Wiping cloths not clean or properly stored or inadequate sanitizer"
3528,"20150603",103150,"Low Risk","Improper or defective plumbing"
3528,"20150603",103133,"Moderate Risk","Foods not protected from contamination"
3528,"20150603",103154,"Low Risk","Unclean or degraded floors walls or ceilings"
3528,"20150603",103120,"Moderate Risk","Moderate risk food holding temperature "
3528,"20150603",103109,"High Risk","Unclean or unsanitary food contact surfaces"
3528,"20131217",103124,"Moderate Risk","Inadequately cleaned or sanitized food contact surfaces"
3528,"20131217",103139,"Low Risk","Improper food storage"
3528,"20120808",103149,"Low Risk","Wiping cloths not clean or properly stored or inadequate sanitizer"
3528,"20120808",103133,"Moderate Risk","Foods not protected from contamination"
3528,"20120808",103150,"Low Risk","Improper or defective plumbing"
3528,"20130131",103108,"High Risk","Contaminated or adulterated food"
3528,"20130131",103114,"High Risk","High risk vermin infestation"
3528,"20130131",103164,"N/A",
3528,"20140626",103108,"High Risk","Contaminated or adulterated food"
3528,"20140626",103109,"High Risk","Unclean or unsanitary food contact surfaces"
3528,"20140626",103120,"Moderate Risk","Moderate risk food holding temperature "
3528,"20140626",103156,"Low Risk","Permit license or inspection report not posted"
3528,"20140626",103102,"High Risk","Unclean hands or improper use of gloves"
3529,"20150121",103104,"High Risk","Unauthorized or unsafe use of time as a public health control measure"
3529,"20150121",103154,"Low Risk","Unclean or degraded floors walls or ceilings"
3529,"20150121",103133,"Moderate Risk","Foods not protected from contamination"
3529,"20150121",103124,"Moderate Risk","Inadequately cleaned or sanitized food contact surfaces"
3529,"20150121",103102,"High Risk","Unclean hands or improper use of gloves"
3529,"20131025",103109,"High Risk","Unclean or unsanitary food contact surfaces"
3529,"20131025",103114,"High Risk","High risk vermin infestation"
3529,"20131025",103132,"Moderate Risk","Improper thawing methods "
3529,"20131025",103133,"Moderate Risk","Foods not protected from contamination"
3529,"20131025",103154,"Low Risk","Unclean or degraded floors walls or ceilings"
3529,"20140416",103142,"Low Risk","Unclean nonfood contact surfaces"
3529,"20140416",103157,"Low Risk","Food safety certificate or food handler card not available"
3529,"20140416",103156,"Low Risk","Permit license or inspection report not posted"
3529,"20140416",103145,"Low Risk","Improper storage of equipment utensils or linens"
3529,"20140416",103138,"Low Risk","Improper storage use or identification of toxic substances"
3529,"20140416",103133,"Moderate Risk","Foods not protected from contamination"
3529,"20140416",103109,"High Risk","Unclean or unsanitary food contact surfaces"
3529,"20140416",103102,"High Risk","Unclean hands or improper use of gloves"
3529,"20140416",103149,"Low Risk","Wiping cloths not clean or properly stored or inadequate sanitizer"
3529,"20120620",103154,"Low Risk","Unclean or degraded floors walls or ceilings"
3529,"20120620",103109,"High Risk","Unclean or unsanitary food contact surfaces"
3529,"20120620",103150,"Low Risk","Improper or defective plumbing"
3529,"20120620",103133,"Moderate Risk","Foods not protected from contamination"
3529,"20120620",103118,"Moderate Risk","Employee eating or smoking"
3529,"20120620",103132,"Moderate Risk","Improper thawing methods "
3529,"20130108",103139,"Low Risk","Improper food storage"
3529,"20130108",103109,"High Risk","Unclean or unsanitary food contact surfaces"
3529,"20130108",103133,"Moderate Risk","Foods not protected from contamination"
3536,"20150519",103139,"Low Risk","Improper food storage"
3536,"20150519",103120,"Moderate Risk","Moderate risk food holding temperature "
3536,"20150519",103154,"Low Risk","Unclean or degraded floors walls or ceilings"
3536,"20140214",103149,"Low Risk","Wiping cloths not clean or properly stored or inadequate sanitizer"
3536,"20140214",103157,"Low Risk","Food safety certificate or food handler card not available"
3536,"20140214",103162,"Low Risk","Other low risk violation"
3536,"20140214",103139,"Low Risk","Improper food storage"
3536,"20140214",103102,"High Risk","Unclean hands or improper use of gloves"
3536,"20140214",103154,"Low Risk","Unclean or degraded floors walls or ceilings"
3536,"20140214",103103,"High Risk","High risk food holding temperature "
3536,"20121114",103132,"Moderate Risk","Improper thawing methods "
3536,"20121114",103154,"Low Risk","Unclean or degraded floors walls or ceilings"
3536,"20121114",103147,"Low Risk","Inadequate ventilation or lighting"
3536,"20121114",103144,"Low Risk","Unapproved or unmaintained equipment or utensils"
3536,"20121114",103142,"Low Risk","Unclean nonfood contact surfaces"
3536,"20121114",103124,"Moderate Risk","Inadequately cleaned or sanitized food contact surfaces"
3536,"20121114",103120,"Moderate Risk","Moderate risk food holding temperature "
3538,"20150107",103120,"Moderate Risk","Moderate risk food holding temperature "
3538,"20140307",103162,"Low Risk","Other low risk violation"
3538,"20140307",103161,"Low Risk","Low risk vermin infestation"
3538,"20140307",103157,"Low Risk","Food safety certificate or food handler card not available"
3538,"20121129",103120,"Moderate Risk","Moderate risk food holding temperature "
3538,"20121129",103116,"Moderate Risk","Inadequate food safety knowledge or lack of certified food safety manager"
3538,"20121129",103119,"Moderate Risk","Inadequate and inaccessible handwashing facilities"
3538,"20121129",103154,"Low Risk","Unclean or degraded floors walls or ceilings"
3538,"20121129",103151,"Low Risk","Inadequate or unsanitary refuse containers or area or no garbage service"
3538,"20121129",103149,"Low Risk","Wiping cloths not clean or properly stored or inadequate sanitizer"
3538,"20121129",103148,"Low Risk","No thermometers or uncalibrated thermometers "
3538,"20121129",103156,"Low Risk","Permit license or inspection report not posted"
3538,"20121129",103142,"Low Risk","Unclean nonfood contact surfaces"
3538,"20121129",103124,"Moderate Risk","Inadequately cleaned or sanitized food contact surfaces"
3538,"20121129",103152,"Low Risk","Unclean unmaintained or improperly constructed toilet facilities"
3541,"20150218",103141,"Low Risk","Improper food labeling or menu misrepresentation"
3541,"20150218",103143,"Low Risk","Inadequate warewashing facilities or equipment"
3541,"20150218",103154,"Low Risk","Unclean or degraded floors walls or ceilings"
3541,"20131217",103139,"Low Risk","Improper food storage"
3541,"20131217",103143,"Low Risk","Inadequate warewashing facilities or equipment"
3541,"20131217",103157,"Low Risk","Food safety certificate or food handler card not available"
3541,"20131217",103119,"Moderate Risk","Inadequate and inaccessible handwashing facilities"
3541,"20131217",103102,"High Risk","Unclean hands or improper use of gloves"
3541,"20131217",103150,"Low Risk","Improper or defective plumbing"
3541,"20120720",103143,"Low Risk","Inadequate warewashing facilities or equipment"
3541,"20120720",103144,"Low Risk","Unapproved or unmaintained equipment or utensils"
3541,"20120720",103112,"High Risk","No hot water or running water"
3541,"20120720",103119,"Moderate Risk","Inadequate and inaccessible handwashing facilities"
3541,"20120720",103142,"Low Risk","Unclean nonfood contact surfaces"
3541,"20120725",103124,"Moderate Risk","Inadequately cleaned or sanitized food contact surfaces"
3541,"20120725",103129,"Moderate Risk","Insufficient hot water or running water"
3541,"20120720",103109,"High Risk","Unclean or unsanitary food contact surfaces"
3543,"20150122",103138,"Low Risk","Improper storage use or identification of toxic substances"
3543,"20150122",103124,"Moderate Risk","Inadequately cleaned or sanitized food contact surfaces"
3543,"20130826",103120,"Moderate Risk","Moderate risk food holding temperature "
3543,"20130826",103151,"Low Risk","Inadequate or unsanitary refuse containers or area or no garbage service"
3543,"20130826",103147,"Low Risk","Inadequate ventilation or lighting"
3543,"20130826",103133,"Moderate Risk","Foods not protected from contamination"
3543,"20130826",103131,"Moderate Risk","Moderate risk vermin infestation"
3543,"20140416",103156,"Low Risk","Permit license or inspection report not posted"
3543,"20140416",103103,"High Risk","High risk food holding temperature "
3543,"20140416",103109,"High Risk","Unclean or unsanitary food contact surfaces"
3543,"20140416",103114,"High Risk","High risk vermin infestation"
3543,"20140416",103133,"Moderate Risk","Foods not protected from contamination"
3543,"20140416",103148,"Low Risk","No thermometers or uncalibrated thermometers "
3543,"20140416",103149,"Low Risk","Wiping cloths not clean or properly stored or inadequate sanitizer"
3543,"20120820",103133,"Moderate Risk","Foods not protected from contamination"
3543,"20120820",103109,"High Risk","Unclean or unsanitary food contact surfaces"
3543,"20120820",103142,"Low Risk","Unclean nonfood contact surfaces"
3547,"20150123",103149,"Low Risk","Wiping cloths not clean or properly stored or inadequate sanitizer"
3547,"20150123",103139,"Low Risk","Improper food storage"
3547,"20131217",103142,"Low Risk","Unclean nonfood contact surfaces"
3547,"20130404",103124,"Moderate Risk","Inadequately cleaned or sanitized food contact surfaces"
3547,"20130404",103144,"Low Risk","Unapproved or unmaintained equipment or utensils"
3547,"20130404",103119,"Moderate Risk","Inadequate and inaccessible handwashing facilities"
3547,"20120820",103149,"Low Risk","Wiping cloths not clean or properly stored or inadequate sanitizer"
3547,"20120820",103133,"Moderate Risk","Foods not protected from contamination"
3547,"20120820",103129,"Moderate Risk","Insufficient hot water or running water"
3547,"20140609",103154,"Low Risk","Unclean or degraded floors walls or ceilings"
3547,"20140609",103152,"Low Risk","Unclean unmaintained or improperly constructed toilet facilities"
3548,"20140114",103154,"Low Risk","Unclean or degraded floors walls or ceilings"
3548,"20140114",103105,"High Risk","Improper cooling methods"
3548,"20140114",103142,"Low Risk","Unclean nonfood contact surfaces"
3548,"20140114",103133,"Moderate Risk","Foods not protected from contamination"
3548,"20140114",103124,"Moderate Risk","Inadequately cleaned or sanitized food contact surfaces"
3548,"20121217",103142,"Low Risk","Unclean nonfood contact surfaces"
3548,"20121217",103103,"High Risk","High risk food holding temperature "
3548,"20140729",103147,"Low Risk","Inadequate ventilation or lighting"
3548,"20140729",103124,"Moderate Risk","Inadequately cleaned or sanitized food contact surfaces"
3550,"20130923",103142,"Low Risk","Unclean nonfood contact surfaces"
3550,"20130923",103131,"Moderate Risk","Moderate risk vermin infestation"
3550,"20130923",103103,"High Risk","High risk food holding temperature "
3550,"20140603",103154,"Low Risk","Unclean or degraded floors walls or ceilings"
3550,"20140603",103144,"Low Risk","Unapproved or unmaintained equipment or utensils"
3550,"20140603",103142,"Low Risk","Unclean nonfood contact surfaces"
3550,"20140603",103120,"Moderate Risk","Moderate risk food holding temperature "
3550,"20140603",103149,"Low Risk","Wiping cloths not clean or properly stored or inadequate sanitizer"
3557,"20150317",103124,"Moderate Risk","Inadequately cleaned or sanitized food contact surfaces"
3557,"20150317",103120,"Moderate Risk","Moderate risk food holding temperature "
3557,"20150317",103161,"Low Risk","Low risk vermin infestation"
3557,"20140225",103139,"Low Risk","Improper food storage"
3557,"20140225",103105,"High Risk","Improper cooling methods"
3557,"20140225",103120,"Moderate Risk","Moderate risk food holding temperature "
3557,"20130227",103119,"Moderate Risk","Inadequate and inaccessible handwashing facilities"
3557,"20130227",103144,"Low Risk","Unapproved or unmaintained equipment or utensils"
3557,"20130227",103143,"Low Risk","Inadequate warewashing facilities or equipment"
3561,"20141010",103148,"Low Risk","No thermometers or uncalibrated thermometers "
3561,"20141010",103156,"Low Risk","Permit license or inspection report not posted"
3561,"20140228",103154,"Low Risk","Unclean or degraded floors walls or ceilings"
3561,"20140228",103139,"Low Risk","Improper food storage"
3561,"20140228",103114,"High Risk","High risk vermin infestation"
3561,"20140228",103120,"Moderate Risk","Moderate risk food holding temperature "
3562,"20141006",103131,"Moderate Risk","Moderate risk vermin infestation"
3562,"20141006",103144,"Low Risk","Unapproved or unmaintained equipment or utensils"
3562,"20141006",103150,"Low Risk","Improper or defective plumbing"
3562,"20141006",103154,"Low Risk","Unclean or degraded floors walls or ceilings"
3562,"20141006",103142,"Low Risk","Unclean nonfood contact surfaces"
3562,"20131206",103149,"Low Risk","Wiping cloths not clean or properly stored or inadequate sanitizer"
3562,"20131206",103154,"Low Risk","Unclean or degraded floors walls or ceilings"
3562,"20131206",103124,"Moderate Risk","Inadequately cleaned or sanitized food contact surfaces"
3562,"20131206",103139,"Low Risk","Improper food storage"
3562,"20130424",103139,"Low Risk","Improper food storage"
3562,"20130424",103154,"Low Risk","Unclean or degraded floors walls or ceilings"
3562,"20130424",103142,"Low Risk","Unclean nonfood contact surfaces"
3562,"20120802",103124,"Moderate Risk","Inadequately cleaned or sanitized food contact surfaces"
3562,"20120802",103119,"Moderate Risk","Inadequate and inaccessible handwashing facilities"
3562,"20120802",103144,"Low Risk","Unapproved or unmaintained equipment or utensils"
3562,"20120802",103157,"Low Risk","Food safety certificate or food handler card not available"
3562,"20120802",103154,"Low Risk","Unclean or degraded floors walls or ceilings"
3562,"20140618",103142,"Low Risk","Unclean nonfood contact surfaces"
3562,"20140618",103124,"Moderate Risk","Inadequately cleaned or sanitized food contact surfaces"
3566,"20150423",103149,"Low Risk","Wiping cloths not clean or properly stored or inadequate sanitizer"
3566,"20150423",103138,"Low Risk","Improper storage use or identification of toxic substances"
3566,"20150423",103161,"Low Risk","Low risk vermin infestation"
3566,"20150423",103120,"Moderate Risk","Moderate risk food holding temperature "
3566,"20140319",103149,"Low Risk","Wiping cloths not clean or properly stored or inadequate sanitizer"
3566,"20140319",103154,"Low Risk","Unclean or degraded floors walls or ceilings"
3566,"20140319",103127,"Moderate Risk","Noncompliance with HAACP plan or variance"
3566,"20121130",103120,"Moderate Risk","Moderate risk food holding temperature "
3566,"20121130",103116,"Moderate Risk","Inadequate food safety knowledge or lack of certified food safety manager"
3566,"20121130",103138,"Low Risk","Improper storage use or identification of toxic substances"
3566,"20121130",103149,"Low Risk","Wiping cloths not clean or properly stored or inadequate sanitizer"
3566,"20121130",103157,"Low Risk","Food safety certificate or food handler card not available"
3571,"20130909",103131,"Moderate Risk","Moderate risk vermin infestation"
3571,"20130909",103119,"Moderate Risk","Inadequate and inaccessible handwashing facilities"
3571,"20130909",103120,"Moderate Risk","Moderate risk food holding temperature "
3571,"20120724",103147,"Low Risk","Inadequate ventilation or lighting"
3571,"20140603",103133,"Moderate Risk","Foods not protected from contamination"
3571,"20140603",103156,"Low Risk","Permit license or inspection report not posted"
3571,"20140603",103154,"Low Risk","Unclean or degraded floors walls or ceilings"
3571,"20140603",103105,"High Risk","Improper cooling methods"
3571,"20140603",103120,"Moderate Risk","Moderate risk food holding temperature "
3575,"20140325",103119,"Moderate Risk","Inadequate and inaccessible handwashing facilities"
3575,"20140325",103109,"High Risk","Unclean or unsanitary food contact surfaces"
3575,"20130110",103102,"High Risk","Unclean hands or improper use of gloves"
3575,"20130110",103147,"Low Risk","Inadequate ventilation or lighting"
3575,"20130117",103150,"Low Risk","Improper or defective plumbing"
3575,"20130110",103145,"Low Risk","Improper storage of equipment utensils or linens"
3575,"20130110",103142,"Low Risk","Unclean nonfood contact surfaces"
3575,"20130110",103156,"Low Risk","Permit license or inspection report not posted"
3575,"20130110",103133,"Moderate Risk","Foods not protected from contamination"
3578,"20150323",103103,"High Risk","High risk food holding temperature "
3578,"20150323",103154,"Low Risk","Unclean or degraded floors walls or ceilings"
3578,"20130916",103120,"Moderate Risk","Moderate risk food holding temperature "
3578,"20130916",103124,"Moderate Risk","Inadequately cleaned or sanitized food contact surfaces"
3578,"20140416",103142,"Low Risk","Unclean nonfood contact surfaces"
3578,"20140416",103124,"Moderate Risk","Inadequately cleaned or sanitized food contact surfaces"
3578,"20140416",103103,"High Risk","High risk food holding temperature "
3578,"20140416",103154,"Low Risk","Unclean or degraded floors walls or ceilings"
3578,"20130114",103102,"High Risk","Unclean hands or improper use of gloves"
3578,"20130114",103154,"Low Risk","Unclean or degraded floors walls or ceilings"
3578,"20130114",103150,"Low Risk","Improper or defective plumbing"
3578,"20130114",103139,"Low Risk","Improper food storage"
3578,"20130114",103103,"High Risk","High risk food holding temperature "
3578,"20140513",103109,"High Risk","Unclean or unsanitary food contact surfaces"
3586,"20130718",103133,"Moderate Risk","Foods not protected from contamination"
3586,"20130718",103154,"Low Risk","Unclean or degraded floors walls or ceilings"
3586,"20140210",103144,"Low Risk","Unapproved or unmaintained equipment or utensils"
3586,"20140210",103139,"Low Risk","Improper food storage"
3586,"20140210",103161,"Low Risk","Low risk vermin infestation"
3586,"20120810",103132,"Moderate Risk","Improper thawing methods "
3586,"20120810",103133,"Moderate Risk","Foods not protected from contamination"
3586,"20140806",103144,"Low Risk","Unapproved or unmaintained equipment or utensils"
3586,"20140806",103120,"Moderate Risk","Moderate risk food holding temperature "
3587,"20140925",103132,"Moderate Risk","Improper thawing methods "
3587,"20140925",103114,"High Risk","High risk vermin infestation"
3587,"20140925",103154,"Low Risk","Unclean or degraded floors walls or ceilings"
3587,"20140925",103109,"High Risk","Unclean or unsanitary food contact surfaces"
3587,"20140925",103103,"High Risk","High risk food holding temperature "
3587,"20140925",103144,"Low Risk","Unapproved or unmaintained equipment or utensils"
3587,"20140925",103139,"Low Risk","Improper food storage"
3587,"20140925",103133,"Moderate Risk","Foods not protected from contamination"
3587,"20130710",103124,"Moderate Risk","Inadequately cleaned or sanitized food contact surfaces"
3587,"20130710",103131,"Moderate Risk","Moderate risk vermin infestation"
3587,"20130710",103133,"Moderate Risk","Foods not protected from contamination"
3587,"20130710",103139,"Low Risk","Improper food storage"
3587,"20130710",103144,"Low Risk","Unapproved or unmaintained equipment or utensils"
3587,"20130710",103120,"Moderate Risk","Moderate risk food holding temperature "
3587,"20140325",103144,"Low Risk","Unapproved or unmaintained equipment or utensils"
3587,"20140325",103124,"Moderate Risk","Inadequately cleaned or sanitized food contact surfaces"
3587,"20140325",103133,"Moderate Risk","Foods not protected from contamination"
3587,"20140325",103139,"Low Risk","Improper food storage"
3587,"20140325",103142,"Low Risk","Unclean nonfood contact surfaces"
3587,"20121206",103154,"Low Risk","Unclean or degraded floors walls or ceilings"
3587,"20121206",103145,"Low Risk","Improper storage of equipment utensils or linens"
3587,"20121206",103114,"High Risk","High risk vermin infestation"
3587,"20121206",103138,"Low Risk","Improper storage use or identification of toxic substances"
3587,"20121206",103119,"Moderate Risk","Inadequate and inaccessible handwashing facilities"
3587,"20121206",103109,"High Risk","Unclean or unsanitary food contact surfaces"
3587,"20121206",103133,"Moderate Risk","Foods not protected from contamination"
3587,"20121206",103132,"Moderate Risk","Improper thawing methods "
3591,"20141027",103154,"Low Risk","Unclean or degraded floors walls or ceilings"
3591,"20141027",103142,"Low Risk","Unclean nonfood contact surfaces"
3591,"20141027",103132,"Moderate Risk","Improper thawing methods "
3591,"20141027",103109,"High Risk","Unclean or unsanitary food contact surfaces"
3591,"20150305",103124,"Moderate Risk","Inadequately cleaned or sanitized food contact surfaces"
3591,"20150305",103144,"Low Risk","Unapproved or unmaintained equipment or utensils"
3591,"20150305",103142,"Low Risk","Unclean nonfood contact surfaces"
3591,"20150305",103139,"Low Risk","Improper food storage"
3591,"20140108",103109,"High Risk","Unclean or unsanitary food contact surfaces"
3591,"20140108",103154,"Low Risk","Unclean or degraded floors walls or ceilings"
3591,"20140108",103147,"Low Risk","Inadequate ventilation or lighting"
3591,"20140108",103132,"Moderate Risk","Improper thawing methods "
3591,"20140108",103139,"Low Risk","Improper food storage"
3591,"20140108",103133,"Moderate Risk","Foods not protected from contamination"
3591,"20120822",103120,"Moderate Risk","Moderate risk food holding temperature "
3591,"20120822",103144,"Low Risk","Unapproved or unmaintained equipment or utensils"
3591,"20120822",103133,"Moderate Risk","Foods not protected from contamination"
3591,"20120822",103149,"Low Risk","Wiping cloths not clean or properly stored or inadequate sanitizer"
3591,"20120822",103154,"Low Risk","Unclean or degraded floors walls or ceilings"
3591,"20120822",103138,"Low Risk","Improper storage use or identification of toxic substances"
3591,"20120822",103119,"Moderate Risk","Inadequate and inaccessible handwashing facilities"
3591,"20120822",103114,"High Risk","High risk vermin infestation"
3591,"20120822",103109,"High Risk","Unclean or unsanitary food contact surfaces"
3591,"20130227",103133,"Moderate Risk","Foods not protected from contamination"
3591,"20130227",103124,"Moderate Risk","Inadequately cleaned or sanitized food contact surfaces"
3591,"20130227",103119,"Moderate Risk","Inadequate and inaccessible handwashing facilities"
3591,"20130227",103142,"Low Risk","Unclean nonfood contact surfaces"
3591,"20130227",103138,"Low Risk","Improper storage use or identification of toxic substances"
3591,"20140602",103133,"Moderate Risk","Foods not protected from contamination"
3591,"20140602",103154,"Low Risk","Unclean or degraded floors walls or ceilings"
3591,"20140602",103132,"Moderate Risk","Improper thawing methods "
3591,"20140602",103102,"High Risk","Unclean hands or improper use of gloves"
3591,"20140602",103142,"Low Risk","Unclean nonfood contact surfaces"
3591,"20140602",103144,"Low Risk","Unapproved or unmaintained equipment or utensils"
3594,"20141118",103144,"Low Risk","Unapproved or unmaintained equipment or utensils"
3594,"20140123",103124,"Moderate Risk","Inadequately cleaned or sanitized food contact surfaces"
3594,"20140123",103102,"High Risk","Unclean hands or improper use of gloves"
3594,"20140123",103131,"Moderate Risk","Moderate risk vermin infestation"
3594,"20140123",103154,"Low Risk","Unclean or degraded floors walls or ceilings"
3594,"20140123",103145,"Low Risk","Improper storage of equipment utensils or linens"
3594,"20130312",103124,"Moderate Risk","Inadequately cleaned or sanitized food contact surfaces"
3594,"20130312",103139,"Low Risk","Improper food storage"
3594,"20130312",103132,"Moderate Risk","Improper thawing methods "
3594,"20130312",103119,"Moderate Risk","Inadequate and inaccessible handwashing facilities"
3595,"20140929",103142,"Low Risk","Unclean nonfood contact surfaces"
3595,"20140402",103145,"Low Risk","Improper storage of equipment utensils or linens"
3595,"20140402",103144,"Low Risk","Unapproved or unmaintained equipment or utensils"
3595,"20121023",103154,"Low Risk","Unclean or degraded floors walls or ceilings"
3595,"20121023",103144,"Low Risk","Unapproved or unmaintained equipment or utensils"
3607,"20140117",103124,"Moderate Risk","Inadequately cleaned or sanitized food contact surfaces"
3607,"20140117",103145,"Low Risk","Improper storage of equipment utensils or linens"
3607,"20120712",103131,"Moderate Risk","Moderate risk vermin infestation"
3607,"20120712",103154,"Low Risk","Unclean or degraded floors walls or ceilings"
3607,"20140702",103145,"Low Risk","Improper storage of equipment utensils or linens"
3607,"20140702",103144,"Low Risk","Unapproved or unmaintained equipment or utensils"
3611,"20140827",103145,"Low Risk","Improper storage of equipment utensils or linens"
3611,"20140827",103103,"High Risk","High risk food holding temperature "
3611,"20130419",103156,"Low Risk","Permit license or inspection report not posted"
3611,"20130419",103103,"High Risk","High risk food holding temperature "
3611,"20120626",103120,"Moderate Risk","Moderate risk food holding temperature "
3611,"20120626",103124,"Moderate Risk","Inadequately cleaned or sanitized food contact surfaces"
3611,"20120626",103144,"Low Risk","Unapproved or unmaintained equipment or utensils"
3611,"20140813",103119,"Moderate Risk","Inadequate and inaccessible handwashing facilities"
3611,"20140813",103139,"Low Risk","Improper food storage"
3611,"20140813",103144,"Low Risk","Unapproved or unmaintained equipment or utensils"
3612,"20140228",103149,"Low Risk","Wiping cloths not clean or properly stored or inadequate sanitizer"
3612,"20140228",103102,"High Risk","Unclean hands or improper use of gloves"
3612,"20140228",103120,"Moderate Risk","Moderate risk food holding temperature "
3612,"20140228",103142,"Low Risk","Unclean nonfood contact surfaces"
3612,"20140228",103148,"Low Risk","No thermometers or uncalibrated thermometers "
3612,"20140228",103154,"Low Risk","Unclean or degraded floors walls or ceilings"
3612,"20130214",103109,"High Risk","Unclean or unsanitary food contact surfaces"
3612,"20130214",103133,"Moderate Risk","Foods not protected from contamination"
3612,"20130214",103150,"Low Risk","Improper or defective plumbing"
3613,"20131216",103144,"Low Risk","Unapproved or unmaintained equipment or utensils"
3613,"20131216",103121,"Moderate Risk","Inadequate procedures or records for time as a public health control "
3613,"20131216",103133,"Moderate Risk","Foods not protected from contamination"
3613,"20131216",103145,"Low Risk","Improper storage of equipment utensils or linens"
3613,"20131216",103142,"Low Risk","Unclean nonfood contact surfaces"
3613,"20131216",103156,"Low Risk","Permit license or inspection report not posted"
3613,"20131216",103147,"Low Risk","Inadequate ventilation or lighting"
3613,"20131216",103154,"Low Risk","Unclean or degraded floors walls or ceilings"
3613,"20121025",103147,"Low Risk","Inadequate ventilation or lighting"
3613,"20121025",103150,"Low Risk","Improper or defective plumbing"
3613,"20121025",103144,"Low Risk","Unapproved or unmaintained equipment or utensils"
3613,"20121025",103139,"Low Risk","Improper food storage"
3613,"20121025",103131,"Moderate Risk","Moderate risk vermin infestation"
3613,"20121025",103153,"Low Risk","Inadequate dressing rooms or improper storage of personal items"
3613,"20140611",103114,"High Risk","High risk vermin infestation"
3613,"20140611",103109,"High Risk","Unclean or unsanitary food contact surfaces"
3613,"20140611",103142,"Low Risk","Unclean nonfood contact surfaces"
3613,"20140611",103133,"Moderate Risk","Foods not protected from contamination"
3613,"20140611",103119,"Moderate Risk","Inadequate and inaccessible handwashing facilities"
3613,"20140611",103150,"Low Risk","Improper or defective plumbing"
3613,"20140611",103145,"Low Risk","Improper storage of equipment utensils or linens"
3614,"20131105",103157,"Low Risk","Food safety certificate or food handler card not available"
3614,"20131105",103120,"Moderate Risk","Moderate risk food holding temperature "
3614,"20131105",103124,"Moderate Risk","Inadequately cleaned or sanitized food contact surfaces"
3614,"20131105",103105,"High Risk","Improper cooling methods"
3614,"20130520",103103,"High Risk","High risk food holding temperature "
3614,"20140424",103142,"Low Risk","Unclean nonfood contact surfaces"
3614,"20140424",103120,"Moderate Risk","Moderate risk food holding temperature "
3614,"20121120",103108,"High Risk","Contaminated or adulterated food"
3614,"20121120",103103,"High Risk","High risk food holding temperature "
3614,"20121120",103132,"Moderate Risk","Improper thawing methods "
3614,"20121120",103144,"Low Risk","Unapproved or unmaintained equipment or utensils"
3614,"20121120",103154,"Low Risk","Unclean or degraded floors walls or ceilings"
3615,"20150113",103139,"Low Risk","Improper food storage"
3615,"20150113",103120,"Moderate Risk","Moderate risk food holding temperature "
3615,"20130725",103149,"Low Risk","Wiping cloths not clean or properly stored or inadequate sanitizer"
3615,"20130725",103143,"Low Risk","Inadequate warewashing facilities or equipment"
3615,"20130725",103131,"Moderate Risk","Moderate risk vermin infestation"
3615,"20140305",103154,"Low Risk","Unclean or degraded floors walls or ceilings"
3615,"20120705",103154,"Low Risk","Unclean or degraded floors walls or ceilings"
3615,"20120705",103161,"Low Risk","Low risk vermin infestation"
3615,"20120705",103142,"Low Risk","Unclean nonfood contact surfaces"
3616,"20141217",103142,"Low Risk","Unclean nonfood contact surfaces"
3616,"20141217",103119,"Moderate Risk","Inadequate and inaccessible handwashing facilities"
3616,"20130723",103120,"Moderate Risk","Moderate risk food holding temperature "
3616,"20130723",103154,"Low Risk","Unclean or degraded floors walls or ceilings"
3616,"20130723",103114,"High Risk","High risk vermin infestation"
3616,"20130723",103139,"Low Risk","Improper food storage"
3616,"20140319",103120,"Moderate Risk","Moderate risk food holding temperature "
3616,"20140319",103133,"Moderate Risk","Foods not protected from contamination"
3616,"20120619",103153,"Low Risk","Inadequate dressing rooms or improper storage of personal items"
3616,"20120619",103132,"Moderate Risk","Improper thawing methods "
3621,"20150528",103154,"Low Risk","Unclean or degraded floors walls or ceilings"
3621,"20150528",103103,"High Risk","High risk food holding temperature "
3621,"20150528",103161,"Low Risk","Low risk vermin infestation"
3621,"20130926",103109,"High Risk","Unclean or unsanitary food contact surfaces"
3621,"20130926",103131,"Moderate Risk","Moderate risk vermin infestation"
3621,"20130319",103131,"Moderate Risk","Moderate risk vermin infestation"
3621,"20130319",103142,"Low Risk","Unclean nonfood contact surfaces"
3621,"20140325",103139,"Low Risk","Improper food storage"
3621,"20120807",103120,"Moderate Risk","Moderate risk food holding temperature "
3621,"20120807",103124,"Moderate Risk","Inadequately cleaned or sanitized food contact surfaces"
3621,"20120807",103157,"Low Risk","Food safety certificate or food handler card not available"
3623,"20140128",103154,"Low Risk","Unclean or degraded floors walls or ceilings"
3623,"20140128",103139,"Low Risk","Improper food storage"
3623,"20140128",103149,"Low Risk","Wiping cloths not clean or properly stored or inadequate sanitizer"
3623,"20140128",103131,"Moderate Risk","Moderate risk vermin infestation"
3623,"20130612",103149,"Low Risk","Wiping cloths not clean or properly stored or inadequate sanitizer"
3623,"20130612",103131,"Moderate Risk","Moderate risk vermin infestation"
3623,"20130612",103142,"Low Risk","Unclean nonfood contact surfaces"
3623,"20130612",103105,"High Risk","Improper cooling methods"
3623,"20130612",103144,"Low Risk","Unapproved or unmaintained equipment or utensils"
3623,"20121205",103161,"Low Risk","Low risk vermin infestation"
3623,"20121205",103154,"Low Risk","Unclean or degraded floors walls or ceilings"
3623,"20121205",103133,"Moderate Risk","Foods not protected from contamination"
3623,"20121205",103120,"Moderate Risk","Moderate risk food holding temperature "
3623,"20140811",103138,"Low Risk","Improper storage use or identification of toxic substances"
3623,"20140811",103133,"Moderate Risk","Foods not protected from contamination"
3623,"20140811",103120,"Moderate Risk","Moderate risk food holding temperature "
3626,"20150127",103119,"Moderate Risk","Inadequate and inaccessible handwashing facilities"
3626,"20150127",103131,"Moderate Risk","Moderate risk vermin infestation"
3626,"20130701",103118,"Moderate Risk","Employee eating or smoking"
3626,"20130701",103119,"Moderate Risk","Inadequate and inaccessible handwashing facilities"
3626,"20140225",103121,"Moderate Risk","Inadequate procedures or records for time as a public health control "
3626,"20140225",103139,"Low Risk","Improper food storage"
3626,"20120917",103142,"Low Risk","Unclean nonfood contact surfaces"
3626,"20120917",103154,"Low Risk","Unclean or degraded floors walls or ceilings"
3626,"20120917",103156,"Low Risk","Permit license or inspection report not posted"
3630,"20140228",103154,"Low Risk","Unclean or degraded floors walls or ceilings"
3630,"20140228",103139,"Low Risk","Improper food storage"
3630,"20140228",103131,"Moderate Risk","Moderate risk vermin infestation"
3630,"20130222",103147,"Low Risk","Inadequate ventilation or lighting"
3630,"20130222",103139,"Low Risk","Improper food storage"
3630,"20130222",103154,"Low Risk","Unclean or degraded floors walls or ceilings"
3631,"20130930",103154,"Low Risk","Unclean or degraded floors walls or ceilings"
3631,"20130930",103157,"Low Risk","Food safety certificate or food handler card not available"
3633,"20150402",103120,"Moderate Risk","Moderate risk food holding temperature "
3633,"20150402",103150,"Low Risk","Improper or defective plumbing"
3633,"20150402",103131,"Moderate Risk","Moderate risk vermin infestation"
3633,"20140226",103161,"Low Risk","Low risk vermin infestation"
3633,"20140226",103154,"Low Risk","Unclean or degraded floors walls or ceilings"
3633,"20130213",103161,"Low Risk","Low risk vermin infestation"
3633,"20130213",103103,"High Risk","High risk food holding temperature "
3633,"20130213",103131,"Moderate Risk","Moderate risk vermin infestation"
3639,"20150512",103129,"Moderate Risk","Insufficient hot water or running water"
3639,"20150512",103131,"Moderate Risk","Moderate risk vermin infestation"
3639,"20150512",103119,"Moderate Risk","Inadequate and inaccessible handwashing facilities"
3639,"20150512",103103,"High Risk","High risk food holding temperature "
3639,"20150512",103149,"Low Risk","Wiping cloths not clean or properly stored or inadequate sanitizer"
3639,"20140122",103109,"High Risk","Unclean or unsanitary food contact surfaces"
3639,"20140122",103119,"Moderate Risk","Inadequate and inaccessible handwashing facilities"
3639,"20140122",103116,"Moderate Risk","Inadequate food safety knowledge or lack of certified food safety manager"
3639,"20130513",103149,"Low Risk","Wiping cloths not clean or properly stored or inadequate sanitizer"
3639,"20130513",103124,"Moderate Risk","Inadequately cleaned or sanitized food contact surfaces"
3639,"20130513",103103,"High Risk","High risk food holding temperature "
3639,"20130513",103157,"Low Risk","Food safety certificate or food handler card not available"
3639,"20120926",103138,"Low Risk","Improper storage use or identification of toxic substances"
3639,"20120926",103131,"Moderate Risk","Moderate risk vermin infestation"
3639,"20120612",103124,"Moderate Risk","Inadequately cleaned or sanitized food contact surfaces"
3639,"20120612",103154,"Low Risk","Unclean or degraded floors walls or ceilings"
3639,"20120612",103148,"Low Risk","No thermometers or uncalibrated thermometers "
3639,"20120612",103145,"Low Risk","Improper storage of equipment utensils or linens"
3639,"20120926",103142,"Low Risk","Unclean nonfood contact surfaces"
3639,"20120926",103154,"Low Risk","Unclean or degraded floors walls or ceilings"
3639,"20120926",103162,"Low Risk","Other low risk violation"
3639,"20120926",103157,"Low Risk","Food safety certificate or food handler card not available"
3640,"20141120",103109,"High Risk","Unclean or unsanitary food contact surfaces"
3640,"20141120",103119,"Moderate Risk","Inadequate and inaccessible handwashing facilities"
3640,"20141120",103144,"Low Risk","Unapproved or unmaintained equipment or utensils"
3640,"20141120",103150,"Low Risk","Improper or defective plumbing"
3640,"20141120",103120,"Moderate Risk","Moderate risk food holding temperature "
3640,"20150402",103125,"Moderate Risk","Noncompliance with shell fish tags or display"
3640,"20150402",103128,"Moderate Risk","Consumer advisory not provided for raw or undercooked foods"
3640,"20131029",103131,"Moderate Risk","Moderate risk vermin infestation"
3640,"20131029",103147,"Low Risk","Inadequate ventilation or lighting"
3640,"20131029",103154,"Low Risk","Unclean or degraded floors walls or ceilings"
3640,"20131029",103138,"Low Risk","Improper storage use or identification of toxic substances"
3640,"20131029",103156,"Low Risk","Permit license or inspection report not posted"
3640,"20131029",103144,"Low Risk","Unapproved or unmaintained equipment or utensils"
3640,"20131029",103120,"Moderate Risk","Moderate risk food holding temperature "
3640,"20131029",103149,"Low Risk","Wiping cloths not clean or properly stored or inadequate sanitizer"
3640,"20131029",103142,"Low Risk","Unclean nonfood contact surfaces"
3640,"20131029",103138,"Low Risk","Improper storage use or identification of toxic substances"
3640,"20131029",103133,"Moderate Risk","Foods not protected from contamination"
3640,"20130507",103133,"Moderate Risk","Foods not protected from contamination"
3640,"20130507",103142,"Low Risk","Unclean nonfood contact surfaces"
3640,"20130507",103149,"Low Risk","Wiping cloths not clean or properly stored or inadequate sanitizer"
3640,"20130507",103120,"Moderate Risk","Moderate risk food holding temperature "
3640,"20121010",103124,"Moderate Risk","Inadequately cleaned or sanitized food contact surfaces"
3640,"20121010",103144,"Low Risk","Unapproved or unmaintained equipment or utensils"
3640,"20121010",103131,"Moderate Risk","Moderate risk vermin infestation"
3642,"20140804",103149,"Low Risk","Wiping cloths not clean or properly stored or inadequate sanitizer"
3642,"20140804",103154,"Low Risk","Unclean or degraded floors walls or ceilings"
3643,"20131213",103149,"Low Risk","Wiping cloths not clean or properly stored or inadequate sanitizer"
3643,"20131213",103120,"Moderate Risk","Moderate risk food holding temperature "
3643,"20130510",103154,"Low Risk","Unclean or degraded floors walls or ceilings"
3643,"20130510",103149,"Low Risk","Wiping cloths not clean or properly stored or inadequate sanitizer"
3643,"20121012",103154,"Low Risk","Unclean or degraded floors walls or ceilings"
3643,"20121012",103120,"Moderate Risk","Moderate risk food holding temperature "
3643,"20140617",103120,"Moderate Risk","Moderate risk food holding temperature "
3643,"20140617",103154,"Low Risk","Unclean or degraded floors walls or ceilings"
3645,"20150429",103139,"Low Risk","Improper food storage"
3645,"20150429",103124,"Moderate Risk","Inadequately cleaned or sanitized food contact surfaces"
3645,"20150429",103154,"Low Risk","Unclean or degraded floors walls or ceilings"
3645,"20130709",103109,"High Risk","Unclean or unsanitary food contact surfaces"
3645,"20130709",103120,"Moderate Risk","Moderate risk food holding temperature "
3645,"20121205",103141,"Low Risk","Improper food labeling or menu misrepresentation"
3645,"20121205",103145,"Low Risk","Improper storage of equipment utensils or linens"
3645,"20121205",103137,"Low Risk","Improperly washed fruits and vegetables"
3646,"20150408",103154,"Low Risk","Unclean or degraded floors walls or ceilings"
3649,"20141003",103144,"Low Risk","Unapproved or unmaintained equipment or utensils"
3649,"20141003",103150,"Low Risk","Improper or defective plumbing"
3649,"20141003",103149,"Low Risk","Wiping cloths not clean or properly stored or inadequate sanitizer"
3649,"20131216",103147,"Low Risk","Inadequate ventilation or lighting"
3649,"20131216",103124,"Moderate Risk","Inadequately cleaned or sanitized food contact surfaces"
3649,"20131216",103142,"Low Risk","Unclean nonfood contact surfaces"
3649,"20121024",103144,"Low Risk","Unapproved or unmaintained equipment or utensils"
3649,"20121024",103152,"Low Risk","Unclean unmaintained or improperly constructed toilet facilities"
3649,"20121024",103154,"Low Risk","Unclean or degraded floors walls or ceilings"
3651,"20131106",103157,"Low Risk","Food safety certificate or food handler card not available"
3651,"20131106",103103,"High Risk","High risk food holding temperature "
3651,"20130521",103103,"High Risk","High risk food holding temperature "
3651,"20140428",103120,"Moderate Risk","Moderate risk food holding temperature "
3651,"20121127",103103,"High Risk","High risk food holding temperature "
3655,"20150126",103131,"Moderate Risk","Moderate risk vermin infestation"
3655,"20131112",103131,"Moderate Risk","Moderate risk vermin infestation"
3655,"20130108",103124,"Moderate Risk","Inadequately cleaned or sanitized food contact surfaces"
3655,"20130108",103131,"Moderate Risk","Moderate risk vermin infestation"
3655,"20130108",103157,"Low Risk","Food safety certificate or food handler card not available"
3659,"20150402",103105,"High Risk","Improper cooling methods"
3659,"20150402",103124,"Moderate Risk","Inadequately cleaned or sanitized food contact surfaces"
3659,"20150402",103139,"Low Risk","Improper food storage"
3659,"20150402",103103,"High Risk","High risk food holding temperature "
3659,"20150402",103102,"High Risk","Unclean hands or improper use of gloves"
3659,"20120801",103144,"Low Risk","Unapproved or unmaintained equipment or utensils"
3659,"20120801",103120,"Moderate Risk","Moderate risk food holding temperature "
3659,"20120801",103133,"Moderate Risk","Foods not protected from contamination"
3659,"20120801",103145,"Low Risk","Improper storage of equipment utensils or linens"
3659,"20120801",103102,"High Risk","Unclean hands or improper use of gloves"
3659,"20120801",103149,"Low Risk","Wiping cloths not clean or properly stored or inadequate sanitizer"
3659,"20120801",103154,"Low Risk","Unclean or degraded floors walls or ceilings"
3659,"20120801",103131,"Moderate Risk","Moderate risk vermin infestation"
3659,"20140617",103138,"Low Risk","Improper storage use or identification of toxic substances"
3659,"20140617",103149,"Low Risk","Wiping cloths not clean or properly stored or inadequate sanitizer"
3659,"20140617",103129,"Moderate Risk","Insufficient hot water or running water"
3659,"20140617",103103,"High Risk","High risk food holding temperature "
3661,"20131022",103145,"Low Risk","Improper storage of equipment utensils or linens"
3661,"20130425",103105,"High Risk","Improper cooling methods"
3661,"20140418",103103,"High Risk","High risk food holding temperature "
3661,"20121030",103154,"Low Risk","Unclean or degraded floors walls or ceilings"
3661,"20121030",103144,"Low Risk","Unapproved or unmaintained equipment or utensils"
3664,"20150513",103154,"Low Risk","Unclean or degraded floors walls or ceilings"
3664,"20150513",103124,"Moderate Risk","Inadequately cleaned or sanitized food contact surfaces"
3664,"20150513",103131,"Moderate Risk","Moderate risk vermin infestation"
3664,"20150513",103133,"Moderate Risk","Foods not protected from contamination"
3664,"20150513",103103,"High Risk","High risk food holding temperature "
3664,"20131003",103121,"Moderate Risk","Inadequate procedures or records for time as a public health control "
3664,"20131003",103131,"Moderate Risk","Moderate risk vermin infestation"
3664,"20130329",103154,"Low Risk","Unclean or degraded floors walls or ceilings"
3664,"20130329",103161,"Low Risk","Low risk vermin infestation"
3664,"20140402",103131,"Moderate Risk","Moderate risk vermin infestation"
3664,"20140402",103133,"Moderate Risk","Foods not protected from contamination"
3664,"20121018",103112,"High Risk","No hot water or running water"
3664,"20121018",103145,"Low Risk","Improper storage of equipment utensils or linens"
3664,"20121018",103103,"High Risk","High risk food holding temperature "
3665,"20120821",103112,"High Risk","No hot water or running water"
3674,"20150212",103119,"Moderate Risk","Inadequate and inaccessible handwashing facilities"
3674,"20130820",103118,"Moderate Risk","Employee eating or smoking"
3674,"20130820",103142,"Low Risk","Unclean nonfood contact surfaces"
3674,"20121015",103142,"Low Risk","Unclean nonfood contact surfaces"
3674,"20121015",103105,"High Risk","Improper cooling methods"
3674,"20121015",103143,"Low Risk","Inadequate warewashing facilities or equipment"
3674,"20140625",103154,"Low Risk","Unclean or degraded floors walls or ceilings"
3675,"20130619",103124,"Moderate Risk","Inadequately cleaned or sanitized food contact surfaces"
3675,"20130619",103139,"Low Risk","Improper food storage"
3675,"20130619",103142,"Low Risk","Unclean nonfood contact surfaces"
3675,"20130619",103154,"Low Risk","Unclean or degraded floors walls or ceilings"
3675,"20130619",103156,"Low Risk","Permit license or inspection report not posted"
3675,"20130619",103131,"Moderate Risk","Moderate risk vermin infestation"
3675,"20140127",103124,"Moderate Risk","Inadequately cleaned or sanitized food contact surfaces"
3675,"20140127",103119,"Moderate Risk","Inadequate and inaccessible handwashing facilities"
3675,"20140127",103103,"High Risk","High risk food holding temperature "
3675,"20140127",103114,"High Risk","High risk vermin infestation"
3675,"20140127",103133,"Moderate Risk","Foods not protected from contamination"
3675,"20140127",103142,"Low Risk","Unclean nonfood contact surfaces"
3675,"20140127",103144,"Low Risk","Unapproved or unmaintained equipment or utensils"
3675,"20140127",103148,"Low Risk","No thermometers or uncalibrated thermometers "
3675,"20140127",103149,"Low Risk","Wiping cloths not clean or properly stored or inadequate sanitizer"
3675,"20140127",103139,"Low Risk","Improper food storage"
3675,"20140127",103150,"Low Risk","Improper or defective plumbing"
3675,"20140127",103154,"Low Risk","Unclean or degraded floors walls or ceilings"
3675,"20140127",103132,"Moderate Risk","Improper thawing methods "
3675,"20130115",103114,"High Risk","High risk vermin infestation"
3675,"20130115",103150,"Low Risk","Improper or defective plumbing"
3675,"20130115",103120,"Moderate Risk","Moderate risk food holding temperature "
3675,"20130115",103119,"Moderate Risk","Inadequate and inaccessible handwashing facilities"
3675,"20130115",103142,"Low Risk","Unclean nonfood contact surfaces"
3675,"20130115",103139,"Low Risk","Improper food storage"
3675,"20130115",103124,"Moderate Risk","Inadequately cleaned or sanitized food contact surfaces"
3675,"20130115",103154,"Low Risk","Unclean or degraded floors walls or ceilings"
3675,"20130115",103144,"Low Risk","Unapproved or unmaintained equipment or utensils"
3675,"20140530",103152,"Low Risk","Unclean unmaintained or improperly constructed toilet facilities"
3675,"20140530",103124,"Moderate Risk","Inadequately cleaned or sanitized food contact surfaces"
3675,"20140530",103133,"Moderate Risk","Foods not protected from contamination"
3675,"20140530",103142,"Low Risk","Unclean nonfood contact surfaces"
3675,"20140530",103144,"Low Risk","Unapproved or unmaintained equipment or utensils"
3675,"20140530",103149,"Low Risk","Wiping cloths not clean or properly stored or inadequate sanitizer"
3675,"20140530",103150,"Low Risk","Improper or defective plumbing"
3675,"20140530",103154,"Low Risk","Unclean or degraded floors walls or ceilings"
3676,"20141006",103102,"High Risk","Unclean hands or improper use of gloves"
3676,"20141006",103138,"Low Risk","Improper storage use or identification of toxic substances"
3676,"20141006",103133,"Moderate Risk","Foods not protected from contamination"
3676,"20141006",103144,"Low Risk","Unapproved or unmaintained equipment or utensils"
3676,"20141006",103124,"Moderate Risk","Inadequately cleaned or sanitized food contact surfaces"
3676,"20141006",103114,"High Risk","High risk vermin infestation"
3676,"20130731",103114,"High Risk","High risk vermin infestation"
3676,"20140211",103120,"Moderate Risk","Moderate risk food holding temperature "
3676,"20140211",103116,"Moderate Risk","Inadequate food safety knowledge or lack of certified food safety manager"
3676,"20140211",103102,"High Risk","Unclean hands or improper use of gloves"
3676,"20140211",103133,"Moderate Risk","Foods not protected from contamination"
3676,"20120613",103120,"Moderate Risk","Moderate risk food holding temperature "
3676,"20120613",103133,"Moderate Risk","Foods not protected from contamination"
3676,"20120613",103124,"Moderate Risk","Inadequately cleaned or sanitized food contact surfaces"
3676,"20120613",103154,"Low Risk","Unclean or degraded floors walls or ceilings"
3676,"20130107",103131,"Moderate Risk","Moderate risk vermin infestation"
3676,"20130107",103142,"Low Risk","Unclean nonfood contact surfaces"
3676,"20130107",103120,"Moderate Risk","Moderate risk food holding temperature "
3677,"20131003",103124,"Moderate Risk","Inadequately cleaned or sanitized food contact surfaces"
3677,"20131003",103120,"Moderate Risk","Moderate risk food holding temperature "
3677,"20131003",103144,"Low Risk","Unapproved or unmaintained equipment or utensils"
3677,"20131003",103161,"Low Risk","Low risk vermin infestation"
3677,"20131003",103138,"Low Risk","Improper storage use or identification of toxic substances"
3677,"20121226",103112,"High Risk","No hot water or running water"
3677,"20121226",103114,"High Risk","High risk vermin infestation"
3677,"20121226",103116,"Moderate Risk","Inadequate food safety knowledge or lack of certified food safety manager"
3677,"20121226",103142,"Low Risk","Unclean nonfood contact surfaces"
3677,"20121226",103139,"Low Risk","Improper food storage"
3677,"20121226",103123,"Moderate Risk","Food in poor condition"
3677,"20121226",103103,"High Risk","High risk food holding temperature "
3677,"20140606",103142,"Low Risk","Unclean nonfood contact surfaces"
3677,"20140606",103120,"Moderate Risk","Moderate risk food holding temperature "
3677,"20140606",103138,"Low Risk","Improper storage use or identification of toxic substances"
3678,"20150121",103161,"Low Risk","Low risk vermin infestation"
3678,"20150121",103119,"Moderate Risk","Inadequate and inaccessible handwashing facilities"
3678,"20150121",103120,"Moderate Risk","Moderate risk food holding temperature "
3678,"20150121",103142,"Low Risk","Unclean nonfood contact surfaces"
3678,"20150121",103154,"Low Risk","Unclean or degraded floors walls or ceilings"
3678,"20130926",103154,"Low Risk","Unclean or degraded floors walls or ceilings"
3678,"20130926",103131,"Moderate Risk","Moderate risk vermin infestation"
3678,"20130926",103103,"High Risk","High risk food holding temperature "
3678,"20130131",103109,"High Risk","Unclean or unsanitary food contact surfaces"
3678,"20130131",103116,"Moderate Risk","Inadequate food safety knowledge or lack of certified food safety manager"
3678,"20130131",103129,"Moderate Risk","Insufficient hot water or running water"
3678,"20130131",103131,"Moderate Risk","Moderate risk vermin infestation"
3678,"20140507",103131,"Moderate Risk","Moderate risk vermin infestation"
3678,"20140507",103129,"Moderate Risk","Insufficient hot water or running water"
3678,"20140507",103142,"Low Risk","Unclean nonfood contact surfaces"
3678,"20140507",103119,"Moderate Risk","Inadequate and inaccessible handwashing facilities"
3682,"20150127",103109,"High Risk","Unclean or unsanitary food contact surfaces"
3682,"20150127",103114,"High Risk","High risk vermin infestation"
3682,"20150127",103142,"Low Risk","Unclean nonfood contact surfaces"
3682,"20150127",103151,"Low Risk","Inadequate or unsanitary refuse containers or area or no garbage service"
3682,"20150127",103154,"Low Risk","Unclean or degraded floors walls or ceilings"
3682,"20150127",103162,"Low Risk","Other low risk violation"
3682,"20131029",103154,"Low Risk","Unclean or degraded floors walls or ceilings"
3682,"20131029",103147,"Low Risk","Inadequate ventilation or lighting"
3682,"20131029",103142,"Low Risk","Unclean nonfood contact surfaces"
3682,"20131029",103114,"High Risk","High risk vermin infestation"
3682,"20130603",103142,"Low Risk","Unclean nonfood contact surfaces"
3682,"20130603",103154,"Low Risk","Unclean or degraded floors walls or ceilings"
3682,"20130603",103115,"High Risk","Other high risk violation"
3682,"20140325",103142,"Low Risk","Unclean nonfood contact surfaces"
3682,"20140325",103114,"High Risk","High risk vermin infestation"
3682,"20140325",103116,"Moderate Risk","Inadequate food safety knowledge or lack of certified food safety manager"
3682,"20140325",103154,"Low Risk","Unclean or degraded floors walls or ceilings"
3682,"20140325",103156,"Low Risk","Permit license or inspection report not posted"
3682,"20140325",103115,"High Risk","Other high risk violation"
3682,"20121113",103115,"High Risk","Other high risk violation"
3682,"20121113",103134,"Moderate Risk","Other moderate risk violation"
3682,"20121113",103142,"Low Risk","Unclean nonfood contact surfaces"
3690,"20131118",103149,"Low Risk","Wiping cloths not clean or properly stored or inadequate sanitizer"
3690,"20131118",103161,"Low Risk","Low risk vermin infestation"
3690,"20130528",103154,"Low Risk","Unclean or degraded floors walls or ceilings"
3690,"20140806",103133,"Moderate Risk","Foods not protected from contamination"
3690,"20140806",103144,"Low Risk","Unapproved or unmaintained equipment or utensils"
3693,"20130409",103133,"Moderate Risk","Foods not protected from contamination"
3693,"20130409",103102,"High Risk","Unclean hands or improper use of gloves"
3693,"20130409",103103,"High Risk","High risk food holding temperature "
3693,"20130409",103116,"Moderate Risk","Inadequate food safety knowledge or lack of certified food safety manager"
3693,"20130409",103124,"Moderate Risk","Inadequately cleaned or sanitized food contact surfaces"
3693,"20130409",103139,"Low Risk","Improper food storage"
3693,"20140402",103120,"Moderate Risk","Moderate risk food holding temperature "
3693,"20140402",103109,"High Risk","Unclean or unsanitary food contact surfaces"
3693,"20140402",103116,"Moderate Risk","Inadequate food safety knowledge or lack of certified food safety manager"
3693,"20140402",103131,"Moderate Risk","Moderate risk vermin infestation"
3693,"20140402",103133,"Moderate Risk","Foods not protected from contamination"
3693,"20140402",103142,"Low Risk","Unclean nonfood contact surfaces"
3693,"20140402",103139,"Low Risk","Improper food storage"
3693,"20120925",103131,"Moderate Risk","Moderate risk vermin infestation"
3693,"20120925",103145,"Low Risk","Improper storage of equipment utensils or linens"
3693,"20120925",103144,"Low Risk","Unapproved or unmaintained equipment or utensils"
3693,"20120925",103132,"Moderate Risk","Improper thawing methods "
3693,"20120925",103124,"Moderate Risk","Inadequately cleaned or sanitized food contact surfaces"
3693,"20120925",103139,"Low Risk","Improper food storage"
3699,"20150326",103150,"Low Risk","Improper or defective plumbing"
3699,"20150326",103139,"Low Risk","Improper food storage"
3699,"20150326",103136,"Low Risk","Unsanitary employee garments hair or nails"
3699,"20120816",103154,"Low Risk","Unclean or degraded floors walls or ceilings"
3699,"20120816",103138,"Low Risk","Improper storage use or identification of toxic substances"
3699,"20120816",103131,"Moderate Risk","Moderate risk vermin infestation"
3700,"20130108",103154,"Low Risk","Unclean or degraded floors walls or ceilings"
3700,"20121129",103131,"Moderate Risk","Moderate risk vermin infestation"
3707,"20130710",103139,"Low Risk","Improper food storage"
3707,"20130710",103142,"Low Risk","Unclean nonfood contact surfaces"
3707,"20130710",103154,"Low Risk","Unclean or degraded floors walls or ceilings"
3707,"20121025",103145,"Low Risk","Improper storage of equipment utensils or linens"
3707,"20121025",103125,"Moderate Risk","Noncompliance with shell fish tags or display"
3707,"20121025",103144,"Low Risk","Unapproved or unmaintained equipment or utensils"
3707,"20140528",103133,"Moderate Risk","Foods not protected from contamination"
3707,"20140528",103145,"Low Risk","Improper storage of equipment utensils or linens"
3710,"20130911",103119,"Moderate Risk","Inadequate and inaccessible handwashing facilities"
3710,"20130911",103161,"Low Risk","Low risk vermin infestation"
3710,"20130911",103162,"Low Risk","Other low risk violation"
3710,"20121031",103120,"Moderate Risk","Moderate risk food holding temperature "
3710,"20121031",103154,"Low Risk","Unclean or degraded floors walls or ceilings"
3710,"20121031",103144,"Low Risk","Unapproved or unmaintained equipment or utensils"
3711,"20150522",103154,"Low Risk","Unclean or degraded floors walls or ceilings"
3711,"20150522",103124,"Moderate Risk","Inadequately cleaned or sanitized food contact surfaces"
3711,"20150522",103131,"Moderate Risk","Moderate risk vermin infestation"
3711,"20131209",103142,"Low Risk","Unclean nonfood contact surfaces"
3711,"20131209",103154,"Low Risk","Unclean or degraded floors walls or ceilings"
3711,"20120823",103131,"Moderate Risk","Moderate risk vermin infestation"
3711,"20120823",103161,"Low Risk","Low risk vermin infestation"
3711,"20120823",103142,"Low Risk","Unclean nonfood contact surfaces"
3711,"20120823",103144,"Low Risk","Unapproved or unmaintained equipment or utensils"
3711,"20120823",103156,"Low Risk","Permit license or inspection report not posted"
3711,"20120823",103119,"Moderate Risk","Inadequate and inaccessible handwashing facilities"
3715,"20131022",103161,"Low Risk","Low risk vermin infestation"
3715,"20130426",103156,"Low Risk","Permit license or inspection report not posted"
3715,"20121101",103149,"Low Risk","Wiping cloths not clean or properly stored or inadequate sanitizer"
3715,"20121101",103124,"Moderate Risk","Inadequately cleaned or sanitized food contact surfaces"
3715,"20121101",103151,"Low Risk","Inadequate or unsanitary refuse containers or area or no garbage service"
3715,"20121101",103114,"High Risk","High risk vermin infestation"
3727,"20150213",103149,"Low Risk","Wiping cloths not clean or properly stored or inadequate sanitizer"
3727,"20150213",103147,"Low Risk","Inadequate ventilation or lighting"
3727,"20150213",103145,"Low Risk","Improper storage of equipment utensils or linens"
3727,"20150213",103123,"Moderate Risk","Food in poor condition"
3727,"20140117",103144,"Low Risk","Unapproved or unmaintained equipment or utensils"
3727,"20140117",103161,"Low Risk","Low risk vermin infestation"
3727,"20140117",103154,"Low Risk","Unclean or degraded floors walls or ceilings"
3727,"20140117",103150,"Low Risk","Improper or defective plumbing"
3727,"20140117",103132,"Moderate Risk","Improper thawing methods "
3727,"20140117",103142,"Low Risk","Unclean nonfood contact surfaces"
3727,"20130521",103138,"Low Risk","Improper storage use or identification of toxic substances"
3727,"20130521",103142,"Low Risk","Unclean nonfood contact surfaces"
3727,"20130521",103151,"Low Risk","Inadequate or unsanitary refuse containers or area or no garbage service"
3727,"20130521",103154,"Low Risk","Unclean or degraded floors walls or ceilings"
3727,"20130521",103131,"Moderate Risk","Moderate risk vermin infestation"
3728,"20130711",103148,"Low Risk","No thermometers or uncalibrated thermometers "
3728,"20130711",103124,"Moderate Risk","Inadequately cleaned or sanitized food contact surfaces"
3728,"20130711",103116,"Moderate Risk","Inadequate food safety knowledge or lack of certified food safety manager"
3728,"20130711",103104,"High Risk","Unauthorized or unsafe use of time as a public health control measure"
3728,"20130711",103154,"Low Risk","Unclean or degraded floors walls or ceilings"
3728,"20121025",103124,"Moderate Risk","Inadequately cleaned or sanitized food contact surfaces"
3728,"20121025",103149,"Low Risk","Wiping cloths not clean or properly stored or inadequate sanitizer"
3728,"20140522",103121,"Moderate Risk","Inadequate procedures or records for time as a public health control "
3728,"20140522",103139,"Low Risk","Improper food storage"
3728,"20140522",103149,"Low Risk","Wiping cloths not clean or properly stored or inadequate sanitizer"
3729,"20140908",103109,"High Risk","Unclean or unsanitary food contact surfaces"
3729,"20140908",103113,"High Risk","Sewage or wastewater contamination"
3729,"20140908",103138,"Low Risk","Improper storage use or identification of toxic substances"
3729,"20140908",103154,"Low Risk","Unclean or degraded floors walls or ceilings"
3729,"20140908",103150,"Low Risk","Improper or defective plumbing"
3729,"20140908",103145,"Low Risk","Improper storage of equipment utensils or linens"
3729,"20131031",103124,"Moderate Risk","Inadequately cleaned or sanitized food contact surfaces"
3729,"20131031",103154,"Low Risk","Unclean or degraded floors walls or ceilings"
3729,"20131031",103150,"Low Risk","Improper or defective plumbing"
3729,"20131031",103145,"Low Risk","Improper storage of equipment utensils or linens"
3729,"20131031",103144,"Low Risk","Unapproved or unmaintained equipment or utensils"
3729,"20131031",103133,"Moderate Risk","Foods not protected from contamination"
3729,"20131031",103142,"Low Risk","Unclean nonfood contact surfaces"
3729,"20130110",103109,"High Risk","Unclean or unsanitary food contact surfaces"
3729,"20130110",103154,"Low Risk","Unclean or degraded floors walls or ceilings"
3729,"20130110",103119,"Moderate Risk","Inadequate and inaccessible handwashing facilities"
3729,"20130110",103150,"Low Risk","Improper or defective plumbing"
3729,"20130110",103132,"Moderate Risk","Improper thawing methods "
3731,"20150402",103141,"Low Risk","Improper food labeling or menu misrepresentation"
3731,"20150402",103160,"Low Risk","Inadequate HACCP plan record keeping"
3731,"20150402",103145,"Low Risk","Improper storage of equipment utensils or linens"
3731,"20150402",103154,"Low Risk","Unclean or degraded floors walls or ceilings"
3731,"20150402",103147,"Low Risk","Inadequate ventilation or lighting"
3731,"20150402",103139,"Low Risk","Improper food storage"
3731,"20150402",103124,"Moderate Risk","Inadequately cleaned or sanitized food contact surfaces"
3731,"20150402",103119,"Moderate Risk","Inadequate and inaccessible handwashing facilities"
3731,"20130212",103144,"Low Risk","Unapproved or unmaintained equipment or utensils"
3731,"20130212",103120,"Moderate Risk","Moderate risk food holding temperature "
3731,"20140820",103120,"Moderate Risk","Moderate risk food holding temperature "
3731,"20140820",103119,"Moderate Risk","Inadequate and inaccessible handwashing facilities"
3731,"20140820",103154,"Low Risk","Unclean or degraded floors walls or ceilings"
3735,"20150121",103109,"High Risk","Unclean or unsanitary food contact surfaces"
3735,"20150121",103147,"Low Risk","Inadequate ventilation or lighting"
3735,"20150121",103144,"Low Risk","Unapproved or unmaintained equipment or utensils"
3735,"20150121",103132,"Moderate Risk","Improper thawing methods "
3735,"20150121",103150,"Low Risk","Improper or defective plumbing"
3735,"20131017",103103,"High Risk","High risk food holding temperature "
3735,"20121022",103124,"Moderate Risk","Inadequately cleaned or sanitized food contact surfaces"
3735,"20121022",103154,"Low Risk","Unclean or degraded floors walls or ceilings"
3735,"20121022",103144,"Low Risk","Unapproved or unmaintained equipment or utensils"
3735,"20121022",103139,"Low Risk","Improper food storage"
3735,"20140617",103133,"Moderate Risk","Foods not protected from contamination"
3735,"20140617",103124,"Moderate Risk","Inadequately cleaned or sanitized food contact surfaces"
3735,"20140617",103120,"Moderate Risk","Moderate risk food holding temperature "
3735,"20140617",103138,"Low Risk","Improper storage use or identification of toxic substances"
3736,"20140915",103150,"Low Risk","Improper or defective plumbing"
3736,"20140915",103119,"Moderate Risk","Inadequate and inaccessible handwashing facilities"
3736,"20130619",103119,"Moderate Risk","Inadequate and inaccessible handwashing facilities"
3736,"20130619",103142,"Low Risk","Unclean nonfood contact surfaces"
3736,"20130619",103154,"Low Risk","Unclean or degraded floors walls or ceilings"
3736,"20120612",103148,"Low Risk","No thermometers or uncalibrated thermometers "
3736,"20140604",103103,"High Risk","High risk food holding temperature "
3736,"20140604",103142,"Low Risk","Unclean nonfood contact surfaces"
3738,"20140926",103133,"Moderate Risk","Foods not protected from contamination"
3738,"20140926",103157,"Low Risk","Food safety certificate or food handler card not available"
3738,"20140926",103124,"Moderate Risk","Inadequately cleaned or sanitized food contact surfaces"
3738,"20140109",103124,"Moderate Risk","Inadequately cleaned or sanitized food contact surfaces"
3738,"20120719",103144,"Low Risk","Unapproved or unmaintained equipment or utensils"
3738,"20120719",103121,"Moderate Risk","Inadequate procedures or records for time as a public health control "
3738,"20120719",103139,"Low Risk","Improper food storage"
3738,"20130205",103124,"Moderate Risk","Inadequately cleaned or sanitized food contact surfaces"
3738,"20130205",103133,"Moderate Risk","Foods not protected from contamination"
3738,"20130205",103154,"Low Risk","Unclean or degraded floors walls or ceilings"
3738,"20140604",103133,"Moderate Risk","Foods not protected from contamination"
3739,"20130207",103144,"Low Risk","Unapproved or unmaintained equipment or utensils"
3739,"20130207",103154,"Low Risk","Unclean or degraded floors walls or ceilings"
3739,"20130207",103156,"Low Risk","Permit license or inspection report not posted"
3739,"20130207",103119,"Moderate Risk","Inadequate and inaccessible handwashing facilities"
3741,"20150511",103120,"Moderate Risk","Moderate risk food holding temperature "
3741,"20150511",103154,"Low Risk","Unclean or degraded floors walls or ceilings"
3741,"20150511",103144,"Low Risk","Unapproved or unmaintained equipment or utensils"
3741,"20150511",103124,"Moderate Risk","Inadequately cleaned or sanitized food contact surfaces"
3741,"20131008",103154,"Low Risk","Unclean or degraded floors walls or ceilings"
3741,"20131008",103142,"Low Risk","Unclean nonfood contact surfaces"
3741,"20131008",103157,"Low Risk","Food safety certificate or food handler card not available"
3741,"20131008",103141,"Low Risk","Improper food labeling or menu misrepresentation"
3741,"20140411",103157,"Low Risk","Food safety certificate or food handler card not available"
3741,"20140411",103143,"Low Risk","Inadequate warewashing facilities or equipment"
3741,"20120619",103133,"Moderate Risk","Foods not protected from contamination"
3741,"20120619",103124,"Moderate Risk","Inadequately cleaned or sanitized food contact surfaces"
3741,"20120619",103120,"Moderate Risk","Moderate risk food holding temperature "
3741,"20120619",103142,"Low Risk","Unclean nonfood contact surfaces"
3741,"20120619",103143,"Low Risk","Inadequate warewashing facilities or equipment"
3741,"20120619",103154,"Low Risk","Unclean or degraded floors walls or ceilings"
3741,"20120619",103156,"Low Risk","Permit license or inspection report not posted"
3741,"20130214",103153,"Low Risk","Inadequate dressing rooms or improper storage of personal items"
3741,"20130214",103149,"Low Risk","Wiping cloths not clean or properly stored or inadequate sanitizer"
3741,"20130214",103156,"Low Risk","Permit license or inspection report not posted"
3741,"20130214",103105,"High Risk","Improper cooling methods"
3741,"20130214",103133,"Moderate Risk","Foods not protected from contamination"
3741,"20130214",103154,"Low Risk","Unclean or degraded floors walls or ceilings"
3741,"20130214",103142,"Low Risk","Unclean nonfood contact surfaces"
3741,"20130214",103144,"Low Risk","Unapproved or unmaintained equipment or utensils"
3743,"20130719",103116,"Moderate Risk","Inadequate food safety knowledge or lack of certified food safety manager"
3743,"20130321",103116,"Moderate Risk","Inadequate food safety knowledge or lack of certified food safety manager"
3743,"20140310",103132,"Moderate Risk","Improper thawing methods "
3743,"20140310",103116,"Moderate Risk","Inadequate food safety knowledge or lack of certified food safety manager"
3743,"20121016",103157,"Low Risk","Food safety certificate or food handler card not available"
3743,"20121016",103132,"Moderate Risk","Improper thawing methods "
3743,"20140722",103154,"Low Risk","Unclean or degraded floors walls or ceilings"
3743,"20140722",103120,"Moderate Risk","Moderate risk food holding temperature "
3743,"20140722",103114,"High Risk","High risk vermin infestation"
3750,"20141203",103135,"Low Risk","No person in charge of food facility"
3750,"20141203",103154,"Low Risk","Unclean or degraded floors walls or ceilings"
3750,"20141210",103149,"Low Risk","Wiping cloths not clean or properly stored or inadequate sanitizer"
3750,"20141210",103139,"Low Risk","Improper food storage"
3750,"20141210",103133,"Moderate Risk","Foods not protected from contamination"
3750,"20141210",103102,"High Risk","Unclean hands or improper use of gloves"
3750,"20141203",103144,"Low Risk","Unapproved or unmaintained equipment or utensils"
3750,"20141203",103142,"Low Risk","Unclean nonfood contact surfaces"
3750,"20141203",103138,"Low Risk","Improper storage use or identification of toxic substances"
3750,"20141203",103109,"High Risk","Unclean or unsanitary food contact surfaces"
3750,"20141203",103114,"High Risk","High risk vermin infestation"
3750,"20141203",103133,"Moderate Risk","Foods not protected from contamination"
3750,"20141203",103116,"Moderate Risk","Inadequate food safety knowledge or lack of certified food safety manager"
3750,"20130826",103154,"Low Risk","Unclean or degraded floors walls or ceilings"
3750,"20130826",103139,"Low Risk","Improper food storage"
3750,"20130826",103144,"Low Risk","Unapproved or unmaintained equipment or utensils"
3750,"20130826",103142,"Low Risk","Unclean nonfood contact surfaces"
3750,"20130307",103131,"Moderate Risk","Moderate risk vermin infestation"
3750,"20130307",103142,"Low Risk","Unclean nonfood contact surfaces"
3750,"20130307",103134,"Moderate Risk","Other moderate risk violation"
3750,"20140226",103114,"High Risk","High risk vermin infestation"
3750,"20140226",103142,"Low Risk","Unclean nonfood contact surfaces"
3750,"20120829",103134,"Moderate Risk","Other moderate risk violation"
3750,"20120829",103131,"Moderate Risk","Moderate risk vermin infestation"
3750,"20120829",103142,"Low Risk","Unclean nonfood contact surfaces"
3752,"20130430",103139,"Low Risk","Improper food storage"
3752,"20130430",103131,"Moderate Risk","Moderate risk vermin infestation"
3752,"20140418",103161,"Low Risk","Low risk vermin infestation"
3752,"20121107",103119,"Moderate Risk","Inadequate and inaccessible handwashing facilities"
3752,"20121107",103114,"High Risk","High risk vermin infestation"
3757,"20150422",103143,"Low Risk","Inadequate warewashing facilities or equipment"
3757,"20150422",103154,"Low Risk","Unclean or degraded floors walls or ceilings"
3757,"20130723",103124,"Moderate Risk","Inadequately cleaned or sanitized food contact surfaces"
3757,"20130723",103154,"Low Risk","Unclean or degraded floors walls or ceilings"
3757,"20130723",103161,"Low Risk","Low risk vermin infestation"
3757,"20140225",103145,"Low Risk","Improper storage of equipment utensils or linens"
3757,"20140225",103161,"Low Risk","Low risk vermin infestation"
3769,"20150602",103156,"Low Risk","Permit license or inspection report not posted"
3769,"20150602",103154,"Low Risk","Unclean or degraded floors walls or ceilings"
3769,"20150602",103139,"Low Risk","Improper food storage"
3769,"20131003",103154,"Low Risk","Unclean or degraded floors walls or ceilings"
3769,"20131003",103131,"Moderate Risk","Moderate risk vermin infestation"
3769,"20131003",103124,"Moderate Risk","Inadequately cleaned or sanitized food contact surfaces"
3769,"20120725",103147,"Low Risk","Inadequate ventilation or lighting"
3769,"20120725",103136,"Low Risk","Unsanitary employee garments hair or nails"
3769,"20120725",103142,"Low Risk","Unclean nonfood contact surfaces"
3770,"20141016",103124,"Moderate Risk","Inadequately cleaned or sanitized food contact surfaces"
3770,"20141016",103131,"Moderate Risk","Moderate risk vermin infestation"
3770,"20141016",103139,"Low Risk","Improper food storage"
3770,"20141016",103148,"Low Risk","No thermometers or uncalibrated thermometers "
3770,"20141016",103154,"Low Risk","Unclean or degraded floors walls or ceilings"
3770,"20140121",103114,"High Risk","High risk vermin infestation"
3770,"20140121",103144,"Low Risk","Unapproved or unmaintained equipment or utensils"
3770,"20140121",103116,"Moderate Risk","Inadequate food safety knowledge or lack of certified food safety manager"
3770,"20140121",103121,"Moderate Risk","Inadequate procedures or records for time as a public health control "
3770,"20140121",103132,"Moderate Risk","Improper thawing methods "
3770,"20140121",103153,"Low Risk","Inadequate dressing rooms or improper storage of personal items"
3770,"20130418",103156,"Low Risk","Permit license or inspection report not posted"
3770,"20130418",103133,"Moderate Risk","Foods not protected from contamination"
3770,"20130418",103109,"High Risk","Unclean or unsanitary food contact surfaces"
3770,"20130418",103102,"High Risk","Unclean hands or improper use of gloves"
3770,"20120725",103144,"Low Risk","Unapproved or unmaintained equipment or utensils"
3770,"20120725",103147,"Low Risk","Inadequate ventilation or lighting"
3770,"20120725",103124,"Moderate Risk","Inadequately cleaned or sanitized food contact surfaces"
3770,"20120725",103131,"Moderate Risk","Moderate risk vermin infestation"
3776,"20150417",103120,"Moderate Risk","Moderate risk food holding temperature "
3776,"20150417",103154,"Low Risk","Unclean or degraded floors walls or ceilings"
3776,"20150417",103109,"High Risk","Unclean or unsanitary food contact surfaces"
3776,"20150417",103150,"Low Risk","Improper or defective plumbing"
3776,"20150417",103142,"Low Risk","Unclean nonfood contact surfaces"
3776,"20130610",103157,"Low Risk","Food safety certificate or food handler card not available"
3776,"20130610",103144,"Low Risk","Unapproved or unmaintained equipment or utensils"
3776,"20130610",103149,"Low Risk","Wiping cloths not clean or properly stored or inadequate sanitizer"
3776,"20130610",103156,"Low Risk","Permit license or inspection report not posted"
3779,"20131230",103144,"Low Risk","Unapproved or unmaintained equipment or utensils"
3779,"20131230",103112,"High Risk","No hot water or running water"
3779,"20131230",103133,"Moderate Risk","Foods not protected from contamination"
3779,"20131230",103119,"Moderate Risk","Inadequate and inaccessible handwashing facilities"
3784,"20150604",103154,"Low Risk","Unclean or degraded floors walls or ceilings"
3784,"20150604",103132,"Moderate Risk","Improper thawing methods "
3784,"20131007",103124,"Moderate Risk","Inadequately cleaned or sanitized food contact surfaces"
3784,"20131007",103142,"Low Risk","Unclean nonfood contact surfaces"
3784,"20120625",103142,"Low Risk","Unclean nonfood contact surfaces"
3784,"20120625",103154,"Low Risk","Unclean or degraded floors walls or ceilings"
3784,"20120625",103138,"Low Risk","Improper storage use or identification of toxic substances"
3784,"20120625",103157,"Low Risk","Food safety certificate or food handler card not available"
3784,"20120625",103144,"Low Risk","Unapproved or unmaintained equipment or utensils"
3784,"20120625",103132,"Moderate Risk","Improper thawing methods "
3784,"20120625",103120,"Moderate Risk","Moderate risk food holding temperature "
3784,"20130227",103109,"High Risk","Unclean or unsanitary food contact surfaces"
3784,"20130227",103157,"Low Risk","Food safety certificate or food handler card not available"
3784,"20130227",103154,"Low Risk","Unclean or degraded floors walls or ceilings"
3784,"20130227",103144,"Low Risk","Unapproved or unmaintained equipment or utensils"
3784,"20130227",103120,"Moderate Risk","Moderate risk food holding temperature "
3784,"20130227",103133,"Moderate Risk","Foods not protected from contamination"
3784,"20140609",103150,"Low Risk","Improper or defective plumbing"
3784,"20140609",103139,"Low Risk","Improper food storage"
3784,"20140609",103120,"Moderate Risk","Moderate risk food holding temperature "
3790,"20131119",103120,"Moderate Risk","Moderate risk food holding temperature "
3791,"20150115",103124,"Moderate Risk","Inadequately cleaned or sanitized food contact surfaces"
3791,"20131119",103124,"Moderate Risk","Inadequately cleaned or sanitized food contact surfaces"
3791,"20131119",103139,"Low Risk","Improper food storage"
3791,"20130124",103150,"Low Risk","Improper or defective plumbing"
3791,"20130124",103154,"Low Risk","Unclean or degraded floors walls or ceilings"
3791,"20130124",103145,"Low Risk","Improper storage of equipment utensils or linens"
3794,"20130506",103124,"Moderate Risk","Inadequately cleaned or sanitized food contact surfaces"
3794,"20130506",103138,"Low Risk","Improper storage use or identification of toxic substances"
3794,"20130506",103154,"Low Risk","Unclean or degraded floors walls or ceilings"
3794,"20140528",103120,"Moderate Risk","Moderate risk food holding temperature "
3794,"20140520",103103,"High Risk","High risk food holding temperature "
3794,"20140520",103124,"Moderate Risk","Inadequately cleaned or sanitized food contact surfaces"
3794,"20140520",103133,"Moderate Risk","Foods not protected from contamination"
3795,"20141124",103120,"Moderate Risk","Moderate risk food holding temperature "
3795,"20141124",103124,"Moderate Risk","Inadequately cleaned or sanitized food contact surfaces"
3795,"20141124",103147,"Low Risk","Inadequate ventilation or lighting"
3795,"20141124",103142,"Low Risk","Unclean nonfood contact surfaces"
3795,"20141124",103131,"Moderate Risk","Moderate risk vermin infestation"
3795,"20130819",103119,"Moderate Risk","Inadequate and inaccessible handwashing facilities"
3795,"20130819",103139,"Low Risk","Improper food storage"
3795,"20121001",103154,"Low Risk","Unclean or degraded floors walls or ceilings"
3795,"20121001",103119,"Moderate Risk","Inadequate and inaccessible handwashing facilities"
3796,"20140506",103145,"Low Risk","Improper storage of equipment utensils or linens"
3796,"20140506",103142,"Low Risk","Unclean nonfood contact surfaces"
3797,"20120731",103154,"Low Risk","Unclean or degraded floors walls or ceilings"
3797,"20140804",103150,"Low Risk","Improper or defective plumbing"
3797,"20140804",103154,"Low Risk","Unclean or degraded floors walls or ceilings"
3797,"20140804",103142,"Low Risk","Unclean nonfood contact surfaces"
3798,"20120731",103119,"Moderate Risk","Inadequate and inaccessible handwashing facilities"
3798,"20140804",103149,"Low Risk","Wiping cloths not clean or properly stored or inadequate sanitizer"
3798,"20140804",103142,"Low Risk","Unclean nonfood contact surfaces"
3799,"20150406",103109,"High Risk","Unclean or unsanitary food contact surfaces"
3799,"20131204",103124,"Moderate Risk","Inadequately cleaned or sanitized food contact surfaces"
3799,"20130306",103120,"Moderate Risk","Moderate risk food holding temperature "
3799,"20120731",103161,"Low Risk","Low risk vermin infestation"
3799,"20120731",103120,"Moderate Risk","Moderate risk food holding temperature "
3799,"20140804",103149,"Low Risk","Wiping cloths not clean or properly stored or inadequate sanitizer"
3800,"20130808",103154,"Low Risk","Unclean or degraded floors walls or ceilings"
3800,"20120703",103150,"Low Risk","Improper or defective plumbing"
3800,"20140731",103133,"Moderate Risk","Foods not protected from contamination"
3800,"20140731",103132,"Moderate Risk","Improper thawing methods "
3802,"20150521",103124,"Moderate Risk","Inadequately cleaned or sanitized food contact surfaces"
3802,"20150521",103161,"Low Risk","Low risk vermin infestation"
3802,"20150521",103154,"Low Risk","Unclean or degraded floors walls or ceilings"
3802,"20150521",103144,"Low Risk","Unapproved or unmaintained equipment or utensils"
3802,"20150521",103143,"Low Risk","Inadequate warewashing facilities or equipment"
3802,"20150521",103139,"Low Risk","Improper food storage"
3802,"20150521",103109,"High Risk","Unclean or unsanitary food contact surfaces"
3802,"20150521",103142,"Low Risk","Unclean nonfood contact surfaces"
3802,"20130226",103154,"Low Risk","Unclean or degraded floors walls or ceilings"
3802,"20130226",103142,"Low Risk","Unclean nonfood contact surfaces"
3802,"20130226",103161,"Low Risk","Low risk vermin infestation"
3802,"20140708",103144,"Low Risk","Unapproved or unmaintained equipment or utensils"
3802,"20140708",103131,"Moderate Risk","Moderate risk vermin infestation"
3802,"20140708",103145,"Low Risk","Improper storage of equipment utensils or linens"
3803,"20131212",103124,"Moderate Risk","Inadequately cleaned or sanitized food contact surfaces"
3809,"20140916",103105,"High Risk","Improper cooling methods"
3809,"20140225",103103,"High Risk","High risk food holding temperature "
3816,"20131114",103149,"Low Risk","Wiping cloths not clean or properly stored or inadequate sanitizer"
3816,"20131114",103131,"Moderate Risk","Moderate risk vermin infestation"
3816,"20131114",103133,"Moderate Risk","Foods not protected from contamination"
3816,"20131114",103103,"High Risk","High risk food holding temperature "
3816,"20120816",103102,"High Risk","Unclean hands or improper use of gloves"
3816,"20120816",103132,"Moderate Risk","Improper thawing methods "
3816,"20120816",103103,"High Risk","High risk food holding temperature "
3816,"20120816",103109,"High Risk","Unclean or unsanitary food contact surfaces"
3816,"20120816",103154,"Low Risk","Unclean or degraded floors walls or ceilings"
3816,"20130116",103103,"High Risk","High risk food holding temperature "
3816,"20130116",103109,"High Risk","Unclean or unsanitary food contact surfaces"
3816,"20130116",103132,"Moderate Risk","Improper thawing methods "
3816,"20130116",103133,"Moderate Risk","Foods not protected from contamination"
3816,"20130116",103154,"Low Risk","Unclean or degraded floors walls or ceilings"
3816,"20130116",103156,"Low Risk","Permit license or inspection report not posted"
3816,"20130116",103131,"Moderate Risk","Moderate risk vermin infestation"
3816,"20130116",103119,"Moderate Risk","Inadequate and inaccessible handwashing facilities"
3816,"20130116",103116,"Moderate Risk","Inadequate food safety knowledge or lack of certified food safety manager"
3816,"20140731",103133,"Moderate Risk","Foods not protected from contamination"
3816,"20140731",103124,"Moderate Risk","Inadequately cleaned or sanitized food contact surfaces"
3816,"20140731",103104,"High Risk","Unauthorized or unsafe use of time as a public health control measure"
3816,"20140731",103103,"High Risk","High risk food holding temperature "
3817,"20150513",103131,"Moderate Risk","Moderate risk vermin infestation"
3817,"20150513",103108,"High Risk","Contaminated or adulterated food"
3817,"20150513",103150,"Low Risk","Improper or defective plumbing"
3817,"20150513",103133,"Moderate Risk","Foods not protected from contamination"
3817,"20130722",103144,"Low Risk","Unapproved or unmaintained equipment or utensils"
3817,"20130722",103109,"High Risk","Unclean or unsanitary food contact surfaces"
3817,"20130722",103154,"Low Risk","Unclean or degraded floors walls or ceilings"
3817,"20130722",103133,"Moderate Risk","Foods not protected from contamination"
3817,"20130722",103119,"Moderate Risk","Inadequate and inaccessible handwashing facilities"
3817,"20130722",103116,"Moderate Risk","Inadequate food safety knowledge or lack of certified food safety manager"
3817,"20130722",103114,"High Risk","High risk vermin infestation"
3817,"20140402",103119,"Moderate Risk","Inadequate and inaccessible handwashing facilities"
3817,"20140402",103150,"Low Risk","Improper or defective plumbing"
3817,"20140402",103133,"Moderate Risk","Foods not protected from contamination"
3817,"20140402",103149,"Low Risk","Wiping cloths not clean or properly stored or inadequate sanitizer"
3817,"20130108",103119,"Moderate Risk","Inadequate and inaccessible handwashing facilities"
3817,"20130108",103103,"High Risk","High risk food holding temperature "
3817,"20130108",103118,"Moderate Risk","Employee eating or smoking"
3817,"20130108",103131,"Moderate Risk","Moderate risk vermin infestation"
3817,"20130108",103142,"Low Risk","Unclean nonfood contact surfaces"
3817,"20130108",103108,"High Risk","Contaminated or adulterated food"
3819,"20130709",103124,"Moderate Risk","Inadequately cleaned or sanitized food contact surfaces"
3819,"20130709",103103,"High Risk","High risk food holding temperature "
3819,"20130709",103102,"High Risk","Unclean hands or improper use of gloves"
3819,"20130709",103142,"Low Risk","Unclean nonfood contact surfaces"
3819,"20130709",103129,"Moderate Risk","Insufficient hot water or running water"
3819,"20140422",103129,"Moderate Risk","Insufficient hot water or running water"
3819,"20140422",103109,"High Risk","Unclean or unsanitary food contact surfaces"
3819,"20140422",103102,"High Risk","Unclean hands or improper use of gloves"
3819,"20140422",103103,"High Risk","High risk food holding temperature "
3819,"20140422",103144,"Low Risk","Unapproved or unmaintained equipment or utensils"
3819,"20140422",103108,"High Risk","Contaminated or adulterated food"
3819,"20120808",103139,"Low Risk","Improper food storage"
3819,"20120808",103159,"Low Risk","Worker safety hazards"
3819,"20120808",103109,"High Risk","Unclean or unsanitary food contact surfaces"
3819,"20120808",103142,"Low Risk","Unclean nonfood contact surfaces"
3819,"20120808",103102,"High Risk","Unclean hands or improper use of gloves"
3819,"20140507",103105,"High Risk","Improper cooling methods"
3822,"20150421",103152,"Low Risk","Unclean unmaintained or improperly constructed toilet facilities"
3822,"20150421",103145,"Low Risk","Improper storage of equipment utensils or linens"
3822,"20150421",103144,"Low Risk","Unapproved or unmaintained equipment or utensils"
3822,"20150421",103119,"Moderate Risk","Inadequate and inaccessible handwashing facilities"
3822,"20150421",103154,"Low Risk","Unclean or degraded floors walls or ceilings"
3822,"20150421",103124,"Moderate Risk","Inadequately cleaned or sanitized food contact surfaces"
3822,"20150421",103143,"Low Risk","Inadequate warewashing facilities or equipment"
3822,"20150421",103147,"Low Risk","Inadequate ventilation or lighting"
3822,"20150421",103142,"Low Risk","Unclean nonfood contact surfaces"
3822,"20150421",103133,"Moderate Risk","Foods not protected from contamination"
3822,"20150421",103149,"Low Risk","Wiping cloths not clean or properly stored or inadequate sanitizer"
3822,"20131223",103162,"Low Risk","Other low risk violation"
3822,"20131223",103157,"Low Risk","Food safety certificate or food handler card not available"
3822,"20131223",103149,"Low Risk","Wiping cloths not clean or properly stored or inadequate sanitizer"
3822,"20131223",103142,"Low Risk","Unclean nonfood contact surfaces"
3822,"20131223",103132,"Moderate Risk","Improper thawing methods "
3822,"20131223",103102,"High Risk","Unclean hands or improper use of gloves"
3822,"20131223",103153,"Low Risk","Inadequate dressing rooms or improper storage of personal items"
3822,"20131223",103109,"High Risk","Unclean or unsanitary food contact surfaces"
3822,"20120706",103119,"Moderate Risk","Inadequate and inaccessible handwashing facilities"
3822,"20120706",103142,"Low Risk","Unclean nonfood contact surfaces"
3822,"20120706",103154,"Low Risk","Unclean or degraded floors walls or ceilings"
3822,"20120706",103124,"Moderate Risk","Inadequately cleaned or sanitized food contact surfaces"
3822,"20120706",103133,"Moderate Risk","Foods not protected from contamination"
3822,"20130107",103142,"Low Risk","Unclean nonfood contact surfaces"
3822,"20130107",103119,"Moderate Risk","Inadequate and inaccessible handwashing facilities"
3822,"20130107",103116,"Moderate Risk","Inadequate food safety knowledge or lack of certified food safety manager"
3822,"20130107",103139,"Low Risk","Improper food storage"
3822,"20130107",103144,"Low Risk","Unapproved or unmaintained equipment or utensils"
3822,"20130107",103114,"High Risk","High risk vermin infestation"
3822,"20130107",103108,"High Risk","Contaminated or adulterated food"
3822,"20130107",103124,"Moderate Risk","Inadequately cleaned or sanitized food contact surfaces"
3825,"20131002",103103,"High Risk","High risk food holding temperature "
3825,"20131002",103149,"Low Risk","Wiping cloths not clean or properly stored or inadequate sanitizer"
3825,"20131015",103133,"Moderate Risk","Foods not protected from contamination"
3825,"20131002",103102,"High Risk","Unclean hands or improper use of gloves"
3825,"20131002",103156,"Low Risk","Permit license or inspection report not posted"
3825,"20131002",103142,"Low Risk","Unclean nonfood contact surfaces"
3825,"20131002",103105,"High Risk","Improper cooling methods"
3825,"20131002",103138,"Low Risk","Improper storage use or identification of toxic substances"
3825,"20131002",103123,"Moderate Risk","Food in poor condition"
3825,"20131002",103124,"Moderate Risk","Inadequately cleaned or sanitized food contact surfaces"
3825,"20131002",103131,"Moderate Risk","Moderate risk vermin infestation"
3825,"20130312",103131,"Moderate Risk","Moderate risk vermin infestation"
3825,"20121210",103133,"Moderate Risk","Foods not protected from contamination"
3825,"20121210",103132,"Moderate Risk","Improper thawing methods "
3825,"20121210",103124,"Moderate Risk","Inadequately cleaned or sanitized food contact surfaces"
3825,"20121210",103107,"High Risk","Improper reheating of food"
3825,"20121210",103105,"High Risk","Improper cooling methods"
3825,"20121210",103103,"High Risk","High risk food holding temperature "
3825,"20121210",103154,"Low Risk","Unclean or degraded floors walls or ceilings"
3825,"20121210",103114,"High Risk","High risk vermin infestation"
3825,"20140515",103124,"Moderate Risk","Inadequately cleaned or sanitized food contact surfaces"
3825,"20140515",103105,"High Risk","Improper cooling methods"
3825,"20140515",103108,"High Risk","Contaminated or adulterated food"
3825,"20140515",103131,"Moderate Risk","Moderate risk vermin infestation"
3825,"20140515",103120,"Moderate Risk","Moderate risk food holding temperature "
3827,"20130626",103119,"Moderate Risk","Inadequate and inaccessible handwashing facilities"
3827,"20130626",103154,"Low Risk","Unclean or degraded floors walls or ceilings"
3827,"20130626",103148,"Low Risk","No thermometers or uncalibrated thermometers "
3827,"20130626",103156,"Low Risk","Permit license or inspection report not posted"
3827,"20130626",103149,"Low Risk","Wiping cloths not clean or properly stored or inadequate sanitizer"
3827,"20130626",103103,"High Risk","High risk food holding temperature "
3827,"20121203",103142,"Low Risk","Unclean nonfood contact surfaces"
3827,"20121203",103149,"Low Risk","Wiping cloths not clean or properly stored or inadequate sanitizer"
3830,"20130910",103143,"Low Risk","Inadequate warewashing facilities or equipment"
3830,"20130910",103133,"Moderate Risk","Foods not protected from contamination"
3830,"20130910",103145,"Low Risk","Improper storage of equipment utensils or linens"
3830,"20130910",103155,"Low Risk","Unapproved  living quarters in food facility"
3830,"20130910",103160,"Low Risk","Inadequate HACCP plan record keeping"
3830,"20130910",103156,"Low Risk","Permit license or inspection report not posted"
3830,"20130910",103120,"Moderate Risk","Moderate risk food holding temperature "
3830,"20140429",103142,"Low Risk","Unclean nonfood contact surfaces"
3830,"20140429",103152,"Low Risk","Unclean unmaintained or improperly constructed toilet facilities"
3830,"20140429",103154,"Low Risk","Unclean or degraded floors walls or ceilings"
3830,"20140429",103144,"Low Risk","Unapproved or unmaintained equipment or utensils"
3830,"20140429",103157,"Low Risk","Food safety certificate or food handler card not available"
3830,"20140429",103112,"High Risk","No hot water or running water"
3830,"20140429",103161,"Low Risk","Low risk vermin infestation"
3830,"20140429",103149,"Low Risk","Wiping cloths not clean or properly stored or inadequate sanitizer"
3830,"20140429",103139,"Low Risk","Improper food storage"
3830,"20140429",103120,"Moderate Risk","Moderate risk food holding temperature "
3830,"20140429",103159,"Low Risk","Worker safety hazards"
3830,"20130220",103118,"Moderate Risk","Employee eating or smoking"
3830,"20130220",103120,"Moderate Risk","Moderate risk food holding temperature "
3832,"20131108",103145,"Low Risk","Improper storage of equipment utensils or linens"
3832,"20131108",103144,"Low Risk","Unapproved or unmaintained equipment or utensils"
3832,"20131108",103142,"Low Risk","Unclean nonfood contact surfaces"
3832,"20131108",103133,"Moderate Risk","Foods not protected from contamination"
3832,"20131108",103119,"Moderate Risk","Inadequate and inaccessible handwashing facilities"
3832,"20131108",103156,"Low Risk","Permit license or inspection report not posted"
3834,"20150420",103154,"Low Risk","Unclean or degraded floors walls or ceilings"
3834,"20150420",103131,"Moderate Risk","Moderate risk vermin infestation"
3834,"20150420",103103,"High Risk","High risk food holding temperature "
3834,"20150420",103149,"Low Risk","Wiping cloths not clean or properly stored or inadequate sanitizer"
3834,"20130910",103156,"Low Risk","Permit license or inspection report not posted"
3834,"20130910",103145,"Low Risk","Improper storage of equipment utensils or linens"
3834,"20130910",103143,"Low Risk","Inadequate warewashing facilities or equipment"
3834,"20130910",103124,"Moderate Risk","Inadequately cleaned or sanitized food contact surfaces"
3834,"20130910",103119,"Moderate Risk","Inadequate and inaccessible handwashing facilities"
3834,"20120828",103126,"Moderate Risk","Noncompliance with Gulf Coast oyster regulation"
3834,"20120828",103162,"Low Risk","Other low risk violation"
3834,"20120828",103145,"Low Risk","Improper storage of equipment utensils or linens"
3834,"20120828",103144,"Low Risk","Unapproved or unmaintained equipment or utensils"
3838,"20131122",103120,"Moderate Risk","Moderate risk food holding temperature "
3838,"20131122",103124,"Moderate Risk","Inadequately cleaned or sanitized food contact surfaces"
3838,"20130523",103142,"Low Risk","Unclean nonfood contact surfaces"
3838,"20130523",103149,"Low Risk","Wiping cloths not clean or properly stored or inadequate sanitizer"
3838,"20130523",103125,"Moderate Risk","Noncompliance with shell fish tags or display"
3838,"20130523",103123,"Moderate Risk","Food in poor condition"
3838,"20140430",103103,"High Risk","High risk food holding temperature "
3838,"20121203",103142,"Low Risk","Unclean nonfood contact surfaces"
3838,"20121203",103133,"Moderate Risk","Foods not protected from contamination"
3839,"20131017",103103,"High Risk","High risk food holding temperature "
3839,"20131017",103161,"Low Risk","Low risk vermin infestation"
3839,"20130424",103149,"Low Risk","Wiping cloths not clean or properly stored or inadequate sanitizer"
3839,"20130424",103156,"Low Risk","Permit license or inspection report not posted"
3839,"20130424",103133,"Moderate Risk","Foods not protected from contamination"
3839,"20130424",103114,"High Risk","High risk vermin infestation"
3839,"20130424",103103,"High Risk","High risk food holding temperature "
3839,"20121029",103156,"Low Risk","Permit license or inspection report not posted"
3839,"20121029",103114,"High Risk","High risk vermin infestation"
3846,"20130802",103149,"Low Risk","Wiping cloths not clean or properly stored or inadequate sanitizer"
3846,"20130802",103161,"Low Risk","Low risk vermin infestation"
3846,"20140121",103120,"Moderate Risk","Moderate risk food holding temperature "
3846,"20130110",103161,"Low Risk","Low risk vermin infestation"
3850,"20131029",103109,"High Risk","Unclean or unsanitary food contact surfaces"
3850,"20131029",103105,"High Risk","Improper cooling methods"
3850,"20131029",103143,"Low Risk","Inadequate warewashing facilities or equipment"
3850,"20131029",103133,"Moderate Risk","Foods not protected from contamination"
3850,"20130520",103149,"Low Risk","Wiping cloths not clean or properly stored or inadequate sanitizer"
3850,"20130520",103161,"Low Risk","Low risk vermin infestation"
3850,"20130520",103119,"Moderate Risk","Inadequate and inaccessible handwashing facilities"
3850,"20130520",103139,"Low Risk","Improper food storage"
3850,"20130520",103120,"Moderate Risk","Moderate risk food holding temperature "
3850,"20140506",103133,"Moderate Risk","Foods not protected from contamination"
3850,"20140506",103105,"High Risk","Improper cooling methods"
3850,"20140506",103103,"High Risk","High risk food holding temperature "
3855,"20140917",103119,"Moderate Risk","Inadequate and inaccessible handwashing facilities"
3855,"20140917",103149,"Low Risk","Wiping cloths not clean or properly stored or inadequate sanitizer"
3855,"20140917",103139,"Low Risk","Improper food storage"
3855,"20140917",103153,"Low Risk","Inadequate dressing rooms or improper storage of personal items"
3855,"20140917",103144,"Low Risk","Unapproved or unmaintained equipment or utensils"
3855,"20140917",103145,"Low Risk","Improper storage of equipment utensils or linens"
3855,"20131122",103144,"Low Risk","Unapproved or unmaintained equipment or utensils"
3855,"20131122",103154,"Low Risk","Unclean or degraded floors walls or ceilings"
3855,"20131122",103118,"Moderate Risk","Employee eating or smoking"
3855,"20130208",103120,"Moderate Risk","Moderate risk food holding temperature "
3855,"20130208",103140,"Low Risk",
3858,"20130920",103149,"Low Risk","Wiping cloths not clean or properly stored or inadequate sanitizer"
3858,"20130920",103145,"Low Risk","Improper storage of equipment utensils or linens"
3858,"20130920",103139,"Low Risk","Improper food storage"
3858,"20130920",103133,"Moderate Risk","Foods not protected from contamination"
3859,"20131007",103103,"High Risk","High risk food holding temperature "
3859,"20131007",103105,"High Risk","Improper cooling methods"
3859,"20121219",103150,"Low Risk","Improper or defective plumbing"
3859,"20121219",103154,"Low Risk","Unclean or degraded floors walls or ceilings"
3859,"20140522",103120,"Moderate Risk","Moderate risk food holding temperature "
3861,"20140926",103131,"Moderate Risk","Moderate risk vermin infestation"
3861,"20140926",103116,"Moderate Risk","Inadequate food safety knowledge or lack of certified food safety manager"
3861,"20140926",103145,"Low Risk","Improper storage of equipment utensils or linens"
3861,"20140218",103145,"Low Risk","Improper storage of equipment utensils or linens"
3861,"20121128",103142,"Low Risk","Unclean nonfood contact surfaces"
3861,"20121128",103157,"Low Risk","Food safety certificate or food handler card not available"
3861,"20121128",103161,"Low Risk","Low risk vermin infestation"
3862,"20150304",103150,"Low Risk","Improper or defective plumbing"
3862,"20150304",103149,"Low Risk","Wiping cloths not clean or properly stored or inadequate sanitizer"
3862,"20150304",103147,"Low Risk","Inadequate ventilation or lighting"
3862,"20150304",103154,"Low Risk","Unclean or degraded floors walls or ceilings"
3862,"20150304",103119,"Moderate Risk","Inadequate and inaccessible handwashing facilities"
3862,"20150313",103149,"Low Risk","Wiping cloths not clean or properly stored or inadequate sanitizer"
3862,"20150304",103109,"High Risk","Unclean or unsanitary food contact surfaces"
3862,"20150304",103131,"Moderate Risk","Moderate risk vermin infestation"
3862,"20150313",103154,"Low Risk","Unclean or degraded floors walls or ceilings"
3862,"20131106",103114,"High Risk","High risk vermin infestation"
3862,"20131106",103142,"Low Risk","Unclean nonfood contact surfaces"
3862,"20131106",103150,"Low Risk","Improper or defective plumbing"
3862,"20131106",103154,"Low Risk","Unclean or degraded floors walls or ceilings"
3862,"20131106",103109,"High Risk","Unclean or unsanitary food contact surfaces"
3862,"20131106",103151,"Low Risk","Inadequate or unsanitary refuse containers or area or no garbage service"
3862,"20130402",103131,"Moderate Risk","Moderate risk vermin infestation"
3862,"20130402",103142,"Low Risk","Unclean nonfood contact surfaces"
3862,"20130402",103109,"High Risk","Unclean or unsanitary food contact surfaces"
3862,"20130402",103103,"High Risk","High risk food holding temperature "
3862,"20130402",103147,"Low Risk","Inadequate ventilation or lighting"
3862,"20120814",103142,"Low Risk","Unclean nonfood contact surfaces"
3862,"20120814",103124,"Moderate Risk","Inadequately cleaned or sanitized food contact surfaces"
3862,"20120814",103150,"Low Risk","Improper or defective plumbing"
3864,"20150311",103120,"Moderate Risk","Moderate risk food holding temperature "
3864,"20150311",103114,"High Risk","High risk vermin infestation"
3864,"20150311",103154,"Low Risk","Unclean or degraded floors walls or ceilings"
3864,"20131118",103142,"Low Risk","Unclean nonfood contact surfaces"
3864,"20131118",103154,"Low Risk","Unclean or degraded floors walls or ceilings"
3864,"20131118",103162,"Low Risk","Other low risk violation"
3864,"20131118",103133,"Moderate Risk","Foods not protected from contamination"
3864,"20121119",103103,"High Risk","High risk food holding temperature "
3864,"20121119",103149,"Low Risk","Wiping cloths not clean or properly stored or inadequate sanitizer"
3864,"20140602",103157,"Low Risk","Food safety certificate or food handler card not available"
3864,"20140602",103154,"Low Risk","Unclean or degraded floors walls or ceilings"
3864,"20140602",103109,"High Risk","Unclean or unsanitary food contact surfaces"
3864,"20140602",103103,"High Risk","High risk food holding temperature "
3864,"20140602",103149,"Low Risk","Wiping cloths not clean or properly stored or inadequate sanitizer"
3867,"20130903",103132,"Moderate Risk","Improper thawing methods "
3867,"20130903",103124,"Moderate Risk","Inadequately cleaned or sanitized food contact surfaces"
3867,"20130903",103149,"Low Risk","Wiping cloths not clean or properly stored or inadequate sanitizer"
3867,"20130903",103154,"Low Risk","Unclean or degraded floors walls or ceilings"
3867,"20130903",103114,"High Risk","High risk vermin infestation"
3867,"20140430",103133,"Moderate Risk","Foods not protected from contamination"
3867,"20140430",103145,"Low Risk","Improper storage of equipment utensils or linens"
3867,"20140430",103154,"Low Risk","Unclean or degraded floors walls or ceilings"
3867,"20140430",103161,"Low Risk","Low risk vermin infestation"
3867,"20121026",103154,"Low Risk","Unclean or degraded floors walls or ceilings"
3867,"20121026",103131,"Moderate Risk","Moderate risk vermin infestation"
3868,"20150318",103161,"Low Risk","Low risk vermin infestation"
3868,"20150318",103103,"High Risk","High risk food holding temperature "
3868,"20130923",103144,"Low Risk","Unapproved or unmaintained equipment or utensils"
3868,"20130923",103102,"High Risk","Unclean hands or improper use of gloves"
3868,"20130415",103142,"Low Risk","Unclean nonfood contact surfaces"
3868,"20130415",103102,"High Risk","Unclean hands or improper use of gloves"
3868,"20140429",103120,"Moderate Risk","Moderate risk food holding temperature "
3868,"20140429",103161,"Low Risk","Low risk vermin infestation"
3868,"20120717",103161,"Low Risk","Low risk vermin infestation"
3868,"20120717",103120,"Moderate Risk","Moderate risk food holding temperature "
3868,"20120717",103124,"Moderate Risk","Inadequately cleaned or sanitized food contact surfaces"
3869,"20130719",103156,"Low Risk","Permit license or inspection report not posted"
3869,"20130719",103154,"Low Risk","Unclean or degraded floors walls or ceilings"
3869,"20130719",103133,"Moderate Risk","Foods not protected from contamination"
3869,"20130719",103119,"Moderate Risk","Inadequate and inaccessible handwashing facilities"
3869,"20130719",103103,"High Risk","High risk food holding temperature "
3869,"20140414",103154,"Low Risk","Unclean or degraded floors walls or ceilings"
3869,"20140414",103144,"Low Risk","Unapproved or unmaintained equipment or utensils"
3869,"20120720",103124,"Moderate Risk","Inadequately cleaned or sanitized food contact surfaces"
3869,"20120720",103142,"Low Risk","Unclean nonfood contact surfaces"
3869,"20130115",103150,"Low Risk","Improper or defective plumbing"
3869,"20130115",103154,"Low Risk","Unclean or degraded floors walls or ceilings"
3869,"20130115",103144,"Low Risk","Unapproved or unmaintained equipment or utensils"
3870,"20140828",103103,"High Risk","High risk food holding temperature "
3870,"20140828",103154,"Low Risk","Unclean or degraded floors walls or ceilings"
3870,"20130820",103161,"Low Risk","Low risk vermin infestation"
3870,"20130820",103149,"Low Risk","Wiping cloths not clean or properly stored or inadequate sanitizer"
3870,"20130820",103139,"Low Risk","Improper food storage"
3870,"20130820",103103,"High Risk","High risk food holding temperature "
3870,"20140327",103144,"Low Risk","Unapproved or unmaintained equipment or utensils"
3870,"20140327",103103,"High Risk","High risk food holding temperature "
3870,"20121120",103119,"Moderate Risk","Inadequate and inaccessible handwashing facilities"
3870,"20121120",103120,"Moderate Risk","Moderate risk food holding temperature "
3871,"20130604",103112,"High Risk","No hot water or running water"
3871,"20130604",103145,"Low Risk","Improper storage of equipment utensils or linens"
3871,"20140226",103139,"Low Risk","Improper food storage"
3871,"20140226",103112,"High Risk","No hot water or running water"
3871,"20120828",103129,"Moderate Risk","Insufficient hot water or running water"
3871,"20120828",103131,"Moderate Risk","Moderate risk vermin infestation"
3871,"20120828",103133,"Moderate Risk","Foods not protected from contamination"
3871,"20120828",103142,"Low Risk","Unclean nonfood contact surfaces"
3871,"20120828",103149,"Low Risk","Wiping cloths not clean or properly stored or inadequate sanitizer"
3875,"20150514",103133,"Moderate Risk","Foods not protected from contamination"
3875,"20150514",103124,"Moderate Risk","Inadequately cleaned or sanitized food contact surfaces"
3875,"20150514",103120,"Moderate Risk","Moderate risk food holding temperature "
3875,"20131004",103120,"Moderate Risk","Moderate risk food holding temperature "
3875,"20121005",103148,"Low Risk","No thermometers or uncalibrated thermometers "
3875,"20121005",103142,"Low Risk","Unclean nonfood contact surfaces"
3875,"20121005",103120,"Moderate Risk","Moderate risk food holding temperature "
3875,"20121005",103114,"High Risk","High risk vermin infestation"
3875,"20140429",103120,"Moderate Risk","Moderate risk food holding temperature "
3875,"20140429",103139,"Low Risk","Improper food storage"
3875,"20140429",103142,"Low Risk","Unclean nonfood contact surfaces"
3875,"20140429",103150,"Low Risk","Improper or defective plumbing"
3875,"20140429",103105,"High Risk","Improper cooling methods"
3877,"20141021",103103,"High Risk","High risk food holding temperature "
3877,"20131003",103133,"Moderate Risk","Foods not protected from contamination"
3877,"20131003",103129,"Moderate Risk","Insufficient hot water or running water"
3877,"20121003",103120,"Moderate Risk","Moderate risk food holding temperature "
3877,"20121003",103148,"Low Risk","No thermometers or uncalibrated thermometers "
3877,"20121003",103109,"High Risk","Unclean or unsanitary food contact surfaces"
3877,"20121003",103133,"Moderate Risk","Foods not protected from contamination"
3877,"20121003",103142,"Low Risk","Unclean nonfood contact surfaces"
3881,"20141223",103132,"Moderate Risk","Improper thawing methods "
3881,"20141223",103133,"Moderate Risk","Foods not protected from contamination"
3881,"20141223",103120,"Moderate Risk","Moderate risk food holding temperature "
3881,"20141223",103142,"Low Risk","Unclean nonfood contact surfaces"
3881,"20130729",103154,"Low Risk","Unclean or degraded floors walls or ceilings"
3881,"20130729",103150,"Low Risk","Improper or defective plumbing"
3881,"20130729",103144,"Low Risk","Unapproved or unmaintained equipment or utensils"
3881,"20130729",103142,"Low Risk","Unclean nonfood contact surfaces"
3881,"20130729",103119,"Moderate Risk","Inadequate and inaccessible handwashing facilities"
3881,"20140326",103144,"Low Risk","Unapproved or unmaintained equipment or utensils"
3881,"20140326",103103,"High Risk","High risk food holding temperature "
3881,"20140326",103133,"Moderate Risk","Foods not protected from contamination"
3881,"20140326",103142,"Low Risk","Unclean nonfood contact surfaces"
3881,"20120829",103124,"Moderate Risk","Inadequately cleaned or sanitized food contact surfaces"
3881,"20120829",103154,"Low Risk","Unclean or degraded floors walls or ceilings"
3881,"20120829",103148,"Low Risk","No thermometers or uncalibrated thermometers "
3881,"20120829",103120,"Moderate Risk","Moderate risk food holding temperature "
3885,"20141210",103102,"High Risk","Unclean hands or improper use of gloves"
3885,"20141210",103108,"High Risk","Contaminated or adulterated food"
3885,"20141210",103114,"High Risk","High risk vermin infestation"
3885,"20140114",103149,"Low Risk","Wiping cloths not clean or properly stored or inadequate sanitizer"
3885,"20140114",103161,"Low Risk","Low risk vermin infestation"
3885,"20140114",103119,"Moderate Risk","Inadequate and inaccessible handwashing facilities"
3885,"20140114",103139,"Low Risk","Improper food storage"
3885,"20130509",103148,"Low Risk","No thermometers or uncalibrated thermometers "
3885,"20130509",103147,"Low Risk","Inadequate ventilation or lighting"
3885,"20130509",103142,"Low Risk","Unclean nonfood contact surfaces"
3885,"20130509",103154,"Low Risk","Unclean or degraded floors walls or ceilings"
3888,"20130129",103157,"Low Risk","Food safety certificate or food handler card not available"
3888,"20130129",103144,"Low Risk","Unapproved or unmaintained equipment or utensils"
3888,"20130129",103149,"Low Risk","Wiping cloths not clean or properly stored or inadequate sanitizer"
3888,"20140512",103142,"Low Risk","Unclean nonfood contact surfaces"
3888,"20140512",103152,"Low Risk","Unclean unmaintained or improperly constructed toilet facilities"
3888,"20140512",103149,"Low Risk","Wiping cloths not clean or properly stored or inadequate sanitizer"
3888,"20140512",103159,"Low Risk","Worker safety hazards"
3892,"20150203",103153,"Low Risk","Inadequate dressing rooms or improper storage of personal items"
3892,"20150203",103152,"Low Risk","Unclean unmaintained or improperly constructed toilet facilities"
3892,"20150203",103144,"Low Risk","Unapproved or unmaintained equipment or utensils"
3892,"20150203",103142,"Low Risk","Unclean nonfood contact surfaces"
3892,"20150203",103139,"Low Risk","Improper food storage"
3892,"20140305",103121,"Moderate Risk","Inadequate procedures or records for time as a public health control "
3892,"20140305",103120,"Moderate Risk","Moderate risk food holding temperature "
3892,"20130123",103105,"High Risk","Improper cooling methods"
3892,"20130123",103133,"Moderate Risk","Foods not protected from contamination"
3892,"20130123",103154,"Low Risk","Unclean or degraded floors walls or ceilings"
3892,"20130123",103148,"Low Risk","No thermometers or uncalibrated thermometers "
3892,"20130123",103135,"Low Risk","No person in charge of food facility"
3892,"20130123",103124,"Moderate Risk","Inadequately cleaned or sanitized food contact surfaces"
3892,"20130123",103116,"Moderate Risk","Inadequate food safety knowledge or lack of certified food safety manager"
3895,"20131002",103153,"Low Risk","Inadequate dressing rooms or improper storage of personal items"
3895,"20131002",103151,"Low Risk","Inadequate or unsanitary refuse containers or area or no garbage service"
3895,"20131002",103149,"Low Risk","Wiping cloths not clean or properly stored or inadequate sanitizer"
3895,"20131002",103145,"Low Risk","Improper storage of equipment utensils or linens"
3895,"20131002",103133,"Moderate Risk","Foods not protected from contamination"
3895,"20131002",103116,"Moderate Risk","Inadequate food safety knowledge or lack of certified food safety manager"
3895,"20131002",103178,"Low Risk","Noncompliance with Cottage Food Operation"
3895,"20120912",103145,"Low Risk","Improper storage of equipment utensils or linens"
3895,"20120912",103124,"Moderate Risk","Inadequately cleaned or sanitized food contact surfaces"
3895,"20120912",103138,"Low Risk","Improper storage use or identification of toxic substances"
3895,"20120912",103151,"Low Risk","Inadequate or unsanitary refuse containers or area or no garbage service"
3895,"20120912",103114,"High Risk","High risk vermin infestation"
3895,"20120912",103154,"Low Risk","Unclean or degraded floors walls or ceilings"
3895,"20120912",103147,"Low Risk","Inadequate ventilation or lighting"
3895,"20120913",103165,"Low Risk","No plan review or Building Permit"
3895,"20140715",103114,"High Risk","High risk vermin infestation"
3895,"20140715",103133,"Moderate Risk","Foods not protected from contamination"
3895,"20140715",103144,"Low Risk","Unapproved or unmaintained equipment or utensils"
3895,"20140715",103154,"Low Risk","Unclean or degraded floors walls or ceilings"
3895,"20140715",103109,"High Risk","Unclean or unsanitary food contact surfaces"
3896,"20130612",103154,"Low Risk","Unclean or degraded floors walls or ceilings"
3896,"20130612",103149,"Low Risk","Wiping cloths not clean or properly stored or inadequate sanitizer"
3896,"20140328",103156,"Low Risk","Permit license or inspection report not posted"
3896,"20140328",103154,"Low Risk","Unclean or degraded floors walls or ceilings"
3896,"20140328",103149,"Low Risk","Wiping cloths not clean or properly stored or inadequate sanitizer"
3896,"20121012",103154,"Low Risk","Unclean or degraded floors walls or ceilings"
3898,"20130920",103105,"High Risk","Improper cooling methods"
3898,"20130920",103149,"Low Risk","Wiping cloths not clean or properly stored or inadequate sanitizer"
3898,"20130920",103133,"Moderate Risk","Foods not protected from contamination"
3898,"20130920",103119,"Moderate Risk","Inadequate and inaccessible handwashing facilities"
3899,"20150120",103144,"Low Risk","Unapproved or unmaintained equipment or utensils"
3899,"20150120",103142,"Low Risk","Unclean nonfood contact surfaces"
3899,"20150120",103121,"Moderate Risk","Inadequate procedures or records for time as a public health control "
3899,"20150120",103131,"Moderate Risk","Moderate risk vermin infestation"
3899,"20130425",103120,"Moderate Risk","Moderate risk food holding temperature "
3899,"20130425",103131,"Moderate Risk","Moderate risk vermin infestation"
3899,"20130425",103154,"Low Risk","Unclean or degraded floors walls or ceilings"
3899,"20140307",103139,"Low Risk","Improper food storage"
3899,"20140307",103105,"High Risk","Improper cooling methods"
3899,"20140214",103131,"Moderate Risk","Moderate risk vermin infestation"
3899,"20140214",103120,"Moderate Risk","Moderate risk food holding temperature "
3899,"20140214",103133,"Moderate Risk","Foods not protected from contamination"
3899,"20140214",103116,"Moderate Risk","Inadequate food safety knowledge or lack of certified food safety manager"
3899,"20140214",103154,"Low Risk","Unclean or degraded floors walls or ceilings"
3899,"20140214",103124,"Moderate Risk","Inadequately cleaned or sanitized food contact surfaces"
3899,"20120730",103114,"High Risk","High risk vermin infestation"
3899,"20120730",103103,"High Risk","High risk food holding temperature "
3899,"20120730",103108,"High Risk","Contaminated or adulterated food"
3902,"20140905",103133,"Moderate Risk","Foods not protected from contamination"
3902,"20150302",103133,"Moderate Risk","Foods not protected from contamination"
3902,"20150302",103154,"Low Risk","Unclean or degraded floors walls or ceilings"
3902,"20140123",103109,"High Risk","Unclean or unsanitary food contact surfaces"
3902,"20140123",103120,"Moderate Risk","Moderate risk food holding temperature "
3902,"20121005",103145,"Low Risk","Improper storage of equipment utensils or linens"
3902,"20121005",103120,"Moderate Risk","Moderate risk food holding temperature "
3910,"20130808",103154,"Low Risk","Unclean or degraded floors walls or ceilings"
3910,"20130808",103119,"Moderate Risk","Inadequate and inaccessible handwashing facilities"
3910,"20130808",103120,"Moderate Risk","Moderate risk food holding temperature "
3910,"20130808",103149,"Low Risk","Wiping cloths not clean or properly stored or inadequate sanitizer"
3910,"20140318",103154,"Low Risk","Unclean or degraded floors walls or ceilings"
3910,"20140318",103150,"Low Risk","Improper or defective plumbing"
3910,"20140318",103144,"Low Risk","Unapproved or unmaintained equipment or utensils"
3910,"20140318",103139,"Low Risk","Improper food storage"
3910,"20120620",103154,"Low Risk","Unclean or degraded floors walls or ceilings"
3910,"20121128",103144,"Low Risk","Unapproved or unmaintained equipment or utensils"
3910,"20121128",103136,"Low Risk","Unsanitary employee garments hair or nails"
3910,"20121128",103119,"Moderate Risk","Inadequate and inaccessible handwashing facilities"
3910,"20121128",103157,"Low Risk","Food safety certificate or food handler card not available"
3910,"20121128",103154,"Low Risk","Unclean or degraded floors walls or ceilings"
3910,"20121128",103142,"Low Risk","Unclean nonfood contact surfaces"
3910,"20121128",103145,"Low Risk","Improper storage of equipment utensils or linens"
3911,"20150303",103151,"Low Risk","Inadequate or unsanitary refuse containers or area or no garbage service"
3911,"20150303",103144,"Low Risk","Unapproved or unmaintained equipment or utensils"
3911,"20140130",103150,"Low Risk","Improper or defective plumbing"
3911,"20130508",103147,"Low Risk","Inadequate ventilation or lighting"
3911,"20130508",103130,"Moderate Risk","Inadequate sewage or wastewater disposal"
3911,"20121030",103145,"Low Risk","Improper storage of equipment utensils or linens"
3911,"20121030",103150,"Low Risk","Improper or defective plumbing"
3911,"20140811",103142,"Low Risk","Unclean nonfood contact surfaces"
3911,"20140811",103154,"Low Risk","Unclean or degraded floors walls or ceilings"
3920,"20141107",103156,"Low Risk","Permit license or inspection report not posted"
3920,"20141107",103147,"Low Risk","Inadequate ventilation or lighting"
3920,"20141107",103145,"Low Risk","Improper storage of equipment utensils or linens"
3920,"20131015",103149,"Low Risk","Wiping cloths not clean or properly stored or inadequate sanitizer"
3920,"20131015",103156,"Low Risk","Permit license or inspection report not posted"
3920,"20131015",103119,"Moderate Risk","Inadequate and inaccessible handwashing facilities"
3920,"20140402",103150,"Low Risk","Improper or defective plumbing"
3920,"20140402",103149,"Low Risk","Wiping cloths not clean or properly stored or inadequate sanitizer"
3920,"20120914",103150,"Low Risk","Improper or defective plumbing"
3924,"20140304",103156,"Low Risk","Permit license or inspection report not posted"
3924,"20140304",103120,"Moderate Risk","Moderate risk food holding temperature "
3924,"20140304",103133,"Moderate Risk","Foods not protected from contamination"
3924,"20140826",103149,"Low Risk","Wiping cloths not clean or properly stored or inadequate sanitizer"
3926,"20140312",103139,"Low Risk","Improper food storage"
3926,"20140312",103156,"Low Risk","Permit license or inspection report not posted"
3926,"20140312",103149,"Low Risk","Wiping cloths not clean or properly stored or inadequate sanitizer"
3926,"20120615",103124,"Moderate Risk","Inadequately cleaned or sanitized food contact surfaces"
3926,"20120615",103148,"Low Risk","No thermometers or uncalibrated thermometers "
3926,"20130204",103139,"Low Risk","Improper food storage"
3926,"20130204",103103,"High Risk","High risk food holding temperature "
3926,"20130204",103148,"Low Risk","No thermometers or uncalibrated thermometers "
3926,"20130204",103162,"Low Risk","Other low risk violation"
3929,"20140903",103131,"Moderate Risk","Moderate risk vermin infestation"
3929,"20140903",103105,"High Risk","Improper cooling methods"
3935,"20150313",103142,"Low Risk","Unclean nonfood contact surfaces"
3935,"20150313",103149,"Low Risk","Wiping cloths not clean or properly stored or inadequate sanitizer"
3935,"20140109",103147,"Low Risk","Inadequate ventilation or lighting"
3935,"20140109",103154,"Low Risk","Unclean or degraded floors walls or ceilings"
3935,"20140109",103161,"Low Risk","Low risk vermin infestation"
3935,"20130211",103144,"Low Risk","Unapproved or unmaintained equipment or utensils"
3935,"20130211",103161,"Low Risk","Low risk vermin infestation"
3935,"20130211",103142,"Low Risk","Unclean nonfood contact surfaces"
3936,"20141017",103154,"Low Risk","Unclean or degraded floors walls or ceilings"
3936,"20141017",103131,"Moderate Risk","Moderate risk vermin infestation"
3936,"20130912",103154,"Low Risk","Unclean or degraded floors walls or ceilings"
3936,"20130912",103139,"Low Risk","Improper food storage"
3936,"20130912",103119,"Moderate Risk","Inadequate and inaccessible handwashing facilities"
3936,"20131206",103154,"Low Risk","Unclean or degraded floors walls or ceilings"
3936,"20131206",103145,"Low Risk","Improper storage of equipment utensils or linens"
3936,"20131206",103119,"Moderate Risk","Inadequate and inaccessible handwashing facilities"
3936,"20131206",103124,"Moderate Risk","Inadequately cleaned or sanitized food contact surfaces"
3936,"20130424",103130,"Moderate Risk","Inadequate sewage or wastewater disposal"
3936,"20130424",103154,"Low Risk","Unclean or degraded floors walls or ceilings"
3936,"20130424",103124,"Moderate Risk","Inadequately cleaned or sanitized food contact surfaces"
3936,"20140429",103154,"Low Risk","Unclean or degraded floors walls or ceilings"
3936,"20140429",103120,"Moderate Risk","Moderate risk food holding temperature "
3936,"20140429",103142,"Low Risk","Unclean nonfood contact surfaces"
3936,"20140429",103124,"Moderate Risk","Inadequately cleaned or sanitized food contact surfaces"
3936,"20120830",103114,"High Risk","High risk vermin infestation"
3936,"20120830",103120,"Moderate Risk","Moderate risk food holding temperature "
3936,"20120830",103154,"Low Risk","Unclean or degraded floors walls or ceilings"
3939,"20131107",103103,"High Risk","High risk food holding temperature "
3939,"20131107",103148,"Low Risk","No thermometers or uncalibrated thermometers "
3939,"20131107",103105,"High Risk","Improper cooling methods"
3939,"20120627",103148,"Low Risk","No thermometers or uncalibrated thermometers "
3939,"20120627",103119,"Moderate Risk","Inadequate and inaccessible handwashing facilities"
3939,"20120627",103116,"Moderate Risk","Inadequate food safety knowledge or lack of certified food safety manager"
3939,"20120627",103103,"High Risk","High risk food holding temperature "
3939,"20120627",103105,"High Risk","Improper cooling methods"
3942,"20140923",103120,"Moderate Risk","Moderate risk food holding temperature "
3942,"20140923",103133,"Moderate Risk","Foods not protected from contamination"
3942,"20130724",103144,"Low Risk","Unapproved or unmaintained equipment or utensils"
3942,"20130724",103131,"Moderate Risk","Moderate risk vermin infestation"
3942,"20130724",103154,"Low Risk","Unclean or degraded floors walls or ceilings"
3942,"20130724",103120,"Moderate Risk","Moderate risk food holding temperature "
3942,"20130724",103123,"Moderate Risk","Food in poor condition"
3942,"20140127",103124,"Moderate Risk","Inadequately cleaned or sanitized food contact surfaces"
3942,"20140127",103123,"Moderate Risk","Food in poor condition"
3942,"20120927",103142,"Low Risk","Unclean nonfood contact surfaces"
3948,"20140922",103114,"High Risk","High risk vermin infestation"
3948,"20140127",103120,"Moderate Risk","Moderate risk food holding temperature "
3948,"20140127",103124,"Moderate Risk","Inadequately cleaned or sanitized food contact surfaces"
3948,"20140127",103161,"Low Risk","Low risk vermin infestation"
3948,"20140127",103142,"Low Risk","Unclean nonfood contact surfaces"
3948,"20140127",103105,"High Risk","Improper cooling methods"
3948,"20130529",103102,"High Risk","Unclean hands or improper use of gloves"
3948,"20130619",103102,"High Risk","Unclean hands or improper use of gloves"
3948,"20130619",103105,"High Risk","Improper cooling methods"
3948,"20130529",103108,"High Risk","Contaminated or adulterated food"
3948,"20130529",103142,"Low Risk","Unclean nonfood contact surfaces"
3948,"20130529",103149,"Low Risk","Wiping cloths not clean or properly stored or inadequate sanitizer"
3948,"20130529",103154,"Low Risk","Unclean or degraded floors walls or ceilings"
3948,"20130529",103103,"High Risk","High risk food holding temperature "
3948,"20120626",103102,"High Risk","Unclean hands or improper use of gloves"
3948,"20120626",103103,"High Risk","High risk food holding temperature "
3948,"20120626",103139,"Low Risk","Improper food storage"
3948,"20140813",103156,"Low Risk","Permit license or inspection report not posted"
3948,"20140813",103144,"Low Risk","Unapproved or unmaintained equipment or utensils"
3948,"20140813",103142,"Low Risk","Unclean nonfood contact surfaces"
3948,"20140813",103109,"High Risk","Unclean or unsanitary food contact surfaces"
3948,"20140813",103103,"High Risk","High risk food holding temperature "
3948,"20140813",103154,"Low Risk","Unclean or degraded floors walls or ceilings"
3951,"20150108",103124,"Moderate Risk","Inadequately cleaned or sanitized food contact surfaces"
3951,"20150108",103120,"Moderate Risk","Moderate risk food holding temperature "
3951,"20150108",103142,"Low Risk","Unclean nonfood contact surfaces"
3951,"20150108",103154,"Low Risk","Unclean or degraded floors walls or ceilings"
3951,"20150108",103144,"Low Risk","Unapproved or unmaintained equipment or utensils"
3951,"20130528",103142,"Low Risk","Unclean nonfood contact surfaces"
3951,"20130528",103131,"Moderate Risk","Moderate risk vermin infestation"
3951,"20130528",103120,"Moderate Risk","Moderate risk food holding temperature "
3951,"20130528",103109,"High Risk","Unclean or unsanitary food contact surfaces"
3951,"20130528",103154,"Low Risk","Unclean or degraded floors walls or ceilings"
3951,"20140213",103139,"Low Risk","Improper food storage"
3951,"20140213",103124,"Moderate Risk","Inadequately cleaned or sanitized food contact surfaces"
3951,"20140213",103132,"Moderate Risk","Improper thawing methods "
3951,"20140213",103144,"Low Risk","Unapproved or unmaintained equipment or utensils"
3951,"20130122",103144,"Low Risk","Unapproved or unmaintained equipment or utensils"
3951,"20130122",103132,"Moderate Risk","Improper thawing methods "
3951,"20130122",103120,"Moderate Risk","Moderate risk food holding temperature "
3951,"20140623",103102,"High Risk","Unclean hands or improper use of gloves"
3951,"20140623",103124,"Moderate Risk","Inadequately cleaned or sanitized food contact surfaces"
3951,"20140623",103142,"Low Risk","Unclean nonfood contact surfaces"
3951,"20140623",103144,"Low Risk","Unapproved or unmaintained equipment or utensils"
3951,"20140623",103120,"Moderate Risk","Moderate risk food holding temperature "
3953,"20150401",103114,"High Risk","High risk vermin infestation"
3953,"20150401",103119,"Moderate Risk","Inadequate and inaccessible handwashing facilities"
3953,"20150401",103124,"Moderate Risk","Inadequately cleaned or sanitized food contact surfaces"
3953,"20150401",103133,"Moderate Risk","Foods not protected from contamination"
3953,"20150401",103139,"Low Risk","Improper food storage"
3953,"20130415",103119,"Moderate Risk","Inadequate and inaccessible handwashing facilities"
3953,"20130415",103124,"Moderate Risk","Inadequately cleaned or sanitized food contact surfaces"
3953,"20130415",103149,"Low Risk","Wiping cloths not clean or properly stored or inadequate sanitizer"
3953,"20130415",103132,"Moderate Risk","Improper thawing methods "
3953,"20130415",103135,"Low Risk","No person in charge of food facility"
3953,"20130415",103139,"Low Risk","Improper food storage"
3953,"20130415",103116,"Moderate Risk","Inadequate food safety knowledge or lack of certified food safety manager"
3953,"20130415",103156,"Low Risk","Permit license or inspection report not posted"
3953,"20140213",103124,"Moderate Risk","Inadequately cleaned or sanitized food contact surfaces"
3953,"20140213",103142,"Low Risk","Unclean nonfood contact surfaces"
3953,"20140213",103143,"Low Risk","Inadequate warewashing facilities or equipment"
3953,"20140213",103150,"Low Risk","Improper or defective plumbing"
3953,"20140213",103154,"Low Risk","Unclean or degraded floors walls or ceilings"
3953,"20140213",103156,"Low Risk","Permit license or inspection report not posted"
3953,"20140213",103103,"High Risk","High risk food holding temperature "
3953,"20140213",103119,"Moderate Risk","Inadequate and inaccessible handwashing facilities"
3953,"20121030",103139,"Low Risk","Improper food storage"
3953,"20121030",103103,"High Risk","High risk food holding temperature "
3953,"20121030",103142,"Low Risk","Unclean nonfood contact surfaces"
3953,"20121030",103149,"Low Risk","Wiping cloths not clean or properly stored or inadequate sanitizer"
3953,"20121030",103119,"Moderate Risk","Inadequate and inaccessible handwashing facilities"
3953,"20121030",103150,"Low Risk","Improper or defective plumbing"
3953,"20121030",103124,"Moderate Risk","Inadequately cleaned or sanitized food contact surfaces"
3953,"20140708",103156,"Low Risk","Permit license or inspection report not posted"
3953,"20140708",103119,"Moderate Risk","Inadequate and inaccessible handwashing facilities"
3953,"20140708",103154,"Low Risk","Unclean or degraded floors walls or ceilings"
3953,"20140708",103103,"High Risk","High risk food holding temperature "
3953,"20140708",103157,"Low Risk","Food safety certificate or food handler card not available"
3955,"20130523",103109,"High Risk","Unclean or unsanitary food contact surfaces"
3955,"20130523",103154,"Low Risk","Unclean or degraded floors walls or ceilings"
3955,"20140407",103156,"Low Risk","Permit license or inspection report not posted"
3955,"20140407",103154,"Low Risk","Unclean or degraded floors walls or ceilings"
3955,"20140407",103119,"Moderate Risk","Inadequate and inaccessible handwashing facilities"
3955,"20140407",103145,"Low Risk","Improper storage of equipment utensils or linens"
3955,"20121204",103108,"High Risk","Contaminated or adulterated food"
3955,"20121204",103144,"Low Risk","Unapproved or unmaintained equipment or utensils"
3955,"20121204",103154,"Low Risk","Unclean or degraded floors walls or ceilings"
3955,"20121204",103139,"Low Risk","Improper food storage"
3955,"20121204",103119,"Moderate Risk","Inadequate and inaccessible handwashing facilities"
3955,"20121204",103150,"Low Risk","Improper or defective plumbing"
3955,"20121204",103105,"High Risk","Improper cooling methods"
3955,"20121204",103149,"Low Risk","Wiping cloths not clean or properly stored or inadequate sanitizer"
3955,"20121204",103145,"Low Risk","Improper storage of equipment utensils or linens"
3956,"20150107",103157,"Low Risk","Food safety certificate or food handler card not available"
3956,"20150107",103139,"Low Risk","Improper food storage"
3956,"20150107",103150,"Low Risk","Improper or defective plumbing"
3956,"20150107",103142,"Low Risk","Unclean nonfood contact surfaces"
3956,"20131017",103124,"Moderate Risk","Inadequately cleaned or sanitized food contact surfaces"
3956,"20121023",103162,"Low Risk","Other low risk violation"
3956,"20121023",103124,"Moderate Risk","Inadequately cleaned or sanitized food contact surfaces"
3956,"20121023",103131,"Moderate Risk","Moderate risk vermin infestation"
3959,"20130327",103144,"Low Risk","Unapproved or unmaintained equipment or utensils"
3959,"20130327",103156,"Low Risk","Permit license or inspection report not posted"
3959,"20130327",103154,"Low Risk","Unclean or degraded floors walls or ceilings"
3962,"20130626",103109,"High Risk","Unclean or unsanitary food contact surfaces"
3962,"20130626",103149,"Low Risk","Wiping cloths not clean or properly stored or inadequate sanitizer"
3962,"20130626",103120,"Moderate Risk","Moderate risk food holding temperature "
3962,"20140429",103120,"Moderate Risk","Moderate risk food holding temperature "
3962,"20140429",103154,"Low Risk","Unclean or degraded floors walls or ceilings"
3963,"20130719",103154,"Low Risk","Unclean or degraded floors walls or ceilings"
3963,"20130719",103103,"High Risk","High risk food holding temperature "
3963,"20140423",103104,"High Risk","Unauthorized or unsafe use of time as a public health control measure"
3963,"20140423",103154,"Low Risk","Unclean or degraded floors walls or ceilings"
3963,"20140423",103148,"Low Risk","No thermometers or uncalibrated thermometers "
3963,"20140423",103145,"Low Risk","Improper storage of equipment utensils or linens"
3963,"20140423",103144,"Low Risk","Unapproved or unmaintained equipment or utensils"
3963,"20140423",103133,"Moderate Risk","Foods not protected from contamination"
3963,"20140423",103103,"High Risk","High risk food holding temperature "
3963,"20140423",103139,"Low Risk","Improper food storage"
3963,"20121130",103102,"High Risk","Unclean hands or improper use of gloves"
3963,"20121130",103120,"Moderate Risk","Moderate risk food holding temperature "
3963,"20121130",103150,"Low Risk","Improper or defective plumbing"
3972,"20141114",103143,"Low Risk","Inadequate warewashing facilities or equipment"
3972,"20120927",103119,"Moderate Risk","Inadequate and inaccessible handwashing facilities"
3982,"20141215",103154,"Low Risk","Unclean or degraded floors walls or ceilings"
3982,"20141215",103142,"Low Risk","Unclean nonfood contact surfaces"
3982,"20141215",103133,"Moderate Risk","Foods not protected from contamination"
3982,"20130827",103119,"Moderate Risk","Inadequate and inaccessible handwashing facilities"
3982,"20130827",103152,"Low Risk","Unclean unmaintained or improperly constructed toilet facilities"
3982,"20130827",103159,"Low Risk","Worker safety hazards"
3982,"20130827",103139,"Low Risk","Improper food storage"
3982,"20130827",103109,"High Risk","Unclean or unsanitary food contact surfaces"
3982,"20130827",103143,"Low Risk","Inadequate warewashing facilities or equipment"
3982,"20140318",103144,"Low Risk","Unapproved or unmaintained equipment or utensils"
3982,"20140318",103142,"Low Risk","Unclean nonfood contact surfaces"
3982,"20140318",103124,"Moderate Risk","Inadequately cleaned or sanitized food contact surfaces"
3982,"20140318",103154,"Low Risk","Unclean or degraded floors walls or ceilings"
4025,"20131028",103145,"Low Risk","Improper storage of equipment utensils or linens"
4025,"20131028",103154,"Low Risk","Unclean or degraded floors walls or ceilings"
4025,"20131028",103114,"High Risk","High risk vermin infestation"
4025,"20131028",103124,"Moderate Risk","Inadequately cleaned or sanitized food contact surfaces"
4025,"20131028",103138,"Low Risk","Improper storage use or identification of toxic substances"
4025,"20130416",103132,"Moderate Risk","Improper thawing methods "
4025,"20130416",103145,"Low Risk","Improper storage of equipment utensils or linens"
4025,"20130416",103156,"Low Risk","Permit license or inspection report not posted"
4025,"20130416",103119,"Moderate Risk","Inadequate and inaccessible handwashing facilities"
4025,"20130416",103120,"Moderate Risk","Moderate risk food holding temperature "
4025,"20120802",103119,"Moderate Risk","Inadequate and inaccessible handwashing facilities"
4025,"20120802",103124,"Moderate Risk","Inadequately cleaned or sanitized food contact surfaces"
4025,"20120802",103131,"Moderate Risk","Moderate risk vermin infestation"
4037,"20130917",103108,"High Risk","Contaminated or adulterated food"
4037,"20130917",103156,"Low Risk","Permit license or inspection report not posted"
4037,"20140410",103109,"High Risk","Unclean or unsanitary food contact surfaces"
4037,"20140410",103154,"Low Risk","Unclean or degraded floors walls or ceilings"
4056,"20140127",103142,"Low Risk","Unclean nonfood contact surfaces"
4057,"20130509",103119,"Moderate Risk","Inadequate and inaccessible handwashing facilities"
4057,"20120921",103119,"Moderate Risk","Inadequate and inaccessible handwashing facilities"
4057,"20140630",103109,"High Risk","Unclean or unsanitary food contact surfaces"
4057,"20140630",103134,"Moderate Risk","Other moderate risk violation"
4068,"20140915",103119,"Moderate Risk","Inadequate and inaccessible handwashing facilities"
4068,"20130529",103156,"Low Risk","Permit license or inspection report not posted"
4068,"20130529",103123,"Moderate Risk","Food in poor condition"
4071,"20141021",103150,"Low Risk","Improper or defective plumbing"
4071,"20141021",103119,"Moderate Risk","Inadequate and inaccessible handwashing facilities"
4071,"20141021",103144,"Low Risk","Unapproved or unmaintained equipment or utensils"
4071,"20141021",103124,"Moderate Risk","Inadequately cleaned or sanitized food contact surfaces"
4071,"20141021",103131,"Moderate Risk","Moderate risk vermin infestation"
4071,"20141021",103142,"Low Risk","Unclean nonfood contact surfaces"
4071,"20141021",103139,"Low Risk","Improper food storage"
4071,"20141021",103154,"Low Risk","Unclean or degraded floors walls or ceilings"
4071,"20130918",103156,"Low Risk","Permit license or inspection report not posted"
4071,"20130918",103124,"Moderate Risk","Inadequately cleaned or sanitized food contact surfaces"
4071,"20130918",103119,"Moderate Risk","Inadequate and inaccessible handwashing facilities"
4071,"20130918",103109,"High Risk","Unclean or unsanitary food contact surfaces"
4072,"20140915",103144,"Low Risk","Unapproved or unmaintained equipment or utensils"
4072,"20130529",103156,"Low Risk","Permit license or inspection report not posted"
4072,"20130529",103120,"Moderate Risk","Moderate risk food holding temperature "
4072,"20130529",103108,"High Risk","Contaminated or adulterated food"
4072,"20121024",103142,"Low Risk","Unclean nonfood contact surfaces"
4072,"20121024",103131,"Moderate Risk","Moderate risk vermin infestation"
4078,"20130820",103138,"Low Risk","Improper storage use or identification of toxic substances"
4085,"20150107",103119,"Moderate Risk","Inadequate and inaccessible handwashing facilities"
4085,"20140205",103119,"Moderate Risk","Inadequate and inaccessible handwashing facilities"
4085,"20120726",103142,"Low Risk","Unclean nonfood contact surfaces"
4085,"20120726",103154,"Low Risk","Unclean or degraded floors walls or ceilings"
4085,"20130206",103119,"Moderate Risk","Inadequate and inaccessible handwashing facilities"
4085,"20130206",103154,"Low Risk","Unclean or degraded floors walls or ceilings"
4085,"20130206",103142,"Low Risk","Unclean nonfood contact surfaces"
4085,"20130206",103150,"Low Risk","Improper or defective plumbing"
4085,"20140617",103161,"Low Risk","Low risk vermin infestation"
4085,"20140617",103141,"Low Risk","Improper food labeling or menu misrepresentation"
4108,"20130327",103156,"Low Risk","Permit license or inspection report not posted"
4108,"20130327",103142,"Low Risk","Unclean nonfood contact surfaces"
4108,"20130327",103154,"Low Risk","Unclean or degraded floors walls or ceilings"
4127,"20150220",103124,"Moderate Risk","Inadequately cleaned or sanitized food contact surfaces"
4127,"20131212",103124,"Moderate Risk","Inadequately cleaned or sanitized food contact surfaces"
4127,"20130131",103154,"Low Risk","Unclean or degraded floors walls or ceilings"
4127,"20130131",103142,"Low Risk","Unclean nonfood contact surfaces"
4127,"20130131",103139,"Low Risk","Improper food storage"
4127,"20130131",103156,"Low Risk","Permit license or inspection report not posted"
4127,"20130131",103124,"Moderate Risk","Inadequately cleaned or sanitized food contact surfaces"
4127,"20130131",103114,"High Risk","High risk vermin infestation"
4127,"20140620",103154,"Low Risk","Unclean or degraded floors walls or ceilings"
4127,"20140620",103124,"Moderate Risk","Inadequately cleaned or sanitized food contact surfaces"
4127,"20140620",103154,"Low Risk","Unclean or degraded floors walls or ceilings"
4127,"20140620",103119,"Moderate Risk","Inadequate and inaccessible handwashing facilities"
4127,"20140620",103114,"High Risk","High risk vermin infestation"
4127,"20140620",103156,"Low Risk","Permit license or inspection report not posted"
4140,"20150408",103154,"Low Risk","Unclean or degraded floors walls or ceilings"
4140,"20150408",103119,"Moderate Risk","Inadequate and inaccessible handwashing facilities"
4140,"20150408",103124,"Moderate Risk","Inadequately cleaned or sanitized food contact surfaces"
4140,"20150408",103142,"Low Risk","Unclean nonfood contact surfaces"
4140,"20130612",103124,"Moderate Risk","Inadequately cleaned or sanitized food contact surfaces"
4140,"20130612",103139,"Low Risk","Improper food storage"
4140,"20130612",103154,"Low Risk","Unclean or degraded floors walls or ceilings"
4140,"20140605",103142,"Low Risk","Unclean nonfood contact surfaces"
4140,"20140605",103154,"Low Risk","Unclean or degraded floors walls or ceilings"
4145,"20150116",103124,"Moderate Risk","Inadequately cleaned or sanitized food contact surfaces"
4145,"20150116",103144,"Low Risk","Unapproved or unmaintained equipment or utensils"
4145,"20150116",103157,"Low Risk","Food safety certificate or food handler card not available"
4145,"20150116",103149,"Low Risk","Wiping cloths not clean or properly stored or inadequate sanitizer"
4145,"20140129",103124,"Moderate Risk","Inadequately cleaned or sanitized food contact surfaces"
4145,"20140129",103120,"Moderate Risk","Moderate risk food holding temperature "
4145,"20140129",103154,"Low Risk","Unclean or degraded floors walls or ceilings"
4145,"20130424",103139,"Low Risk","Improper food storage"
4145,"20130424",103124,"Moderate Risk","Inadequately cleaned or sanitized food contact surfaces"
4152,"20130315",103144,"Low Risk","Unapproved or unmaintained equipment or utensils"
4152,"20130315",103142,"Low Risk","Unclean nonfood contact surfaces"
4152,"20140313",103154,"Low Risk","Unclean or degraded floors walls or ceilings"
4158,"20130809",103119,"Moderate Risk","Inadequate and inaccessible handwashing facilities"
4158,"20130809",103120,"Moderate Risk","Moderate risk food holding temperature "
4158,"20130809",103133,"Moderate Risk","Foods not protected from contamination"
4158,"20130809",103142,"Low Risk","Unclean nonfood contact surfaces"
4158,"20130809",103161,"Low Risk","Low risk vermin infestation"
4158,"20140326",103119,"Moderate Risk","Inadequate and inaccessible handwashing facilities"
4158,"20140326",103103,"High Risk","High risk food holding temperature "
4158,"20140326",103133,"Moderate Risk","Foods not protected from contamination"
4158,"20140326",103154,"Low Risk","Unclean or degraded floors walls or ceilings"
4158,"20140326",103156,"Low Risk","Permit license or inspection report not posted"
4171,"20140312",103129,"Moderate Risk","Insufficient hot water or running water"
4184,"20131114",103154,"Low Risk","Unclean or degraded floors walls or ceilings"
4184,"20140605",103154,"Low Risk","Unclean or degraded floors walls or ceilings"
4184,"20140605",103144,"Low Risk","Unapproved or unmaintained equipment or utensils"
4184,"20140605",103150,"Low Risk","Improper or defective plumbing"
4209,"20150209",103144,"Low Risk","Unapproved or unmaintained equipment or utensils"
4209,"20130829",103131,"Moderate Risk","Moderate risk vermin infestation"
4209,"20130425",103149,"Low Risk","Wiping cloths not clean or properly stored or inadequate sanitizer"
4209,"20130425",103119,"Moderate Risk","Inadequate and inaccessible handwashing facilities"
4209,"20130425",103142,"Low Risk","Unclean nonfood contact surfaces"
4209,"20130425",103131,"Moderate Risk","Moderate risk vermin infestation"
4209,"20130829",103149,"Low Risk","Wiping cloths not clean or properly stored or inadequate sanitizer"
4209,"20140311",103154,"Low Risk","Unclean or degraded floors walls or ceilings"
4231,"20140312",103142,"Low Risk","Unclean nonfood contact surfaces"
4231,"20130104",103162,"Low Risk","Other low risk violation"
4249,"20130308",103124,"Moderate Risk","Inadequately cleaned or sanitized food contact surfaces"
4249,"20130308",103150,"Low Risk","Improper or defective plumbing"
4249,"20130308",103103,"High Risk","High risk food holding temperature "
4249,"20130308",103154,"Low Risk","Unclean or degraded floors walls or ceilings"
4249,"20140305",103157,"Low Risk","Food safety certificate or food handler card not available"
4249,"20140305",103104,"High Risk","Unauthorized or unsafe use of time as a public health control measure"
4249,"20140305",103148,"Low Risk","No thermometers or uncalibrated thermometers "
4249,"20140603",103142,"Low Risk","Unclean nonfood contact surfaces"
4249,"20140603",103120,"Moderate Risk","Moderate risk food holding temperature "
4249,"20140603",103149,"Low Risk","Wiping cloths not clean or properly stored or inadequate sanitizer"
4257,"20150413",103131,"Moderate Risk","Moderate risk vermin infestation"
4257,"20150413",103154,"Low Risk","Unclean or degraded floors walls or ceilings"
4257,"20150413",103142,"Low Risk","Unclean nonfood contact surfaces"
4257,"20140106",103115,"High Risk","Other high risk violation"
4257,"20140106",103152,"Low Risk","Unclean unmaintained or improperly constructed toilet facilities"
4257,"20140106",103157,"Low Risk","Food safety certificate or food handler card not available"
4257,"20140106",103149,"Low Risk","Wiping cloths not clean or properly stored or inadequate sanitizer"
4257,"20130227",103149,"Low Risk","Wiping cloths not clean or properly stored or inadequate sanitizer"
4257,"20130227",103161,"Low Risk","Low risk vermin infestation"
4257,"20130227",103154,"Low Risk","Unclean or degraded floors walls or ceilings"
4257,"20130227",103157,"Low Risk","Food safety certificate or food handler card not available"
4323,"20150519",103119,"Moderate Risk","Inadequate and inaccessible handwashing facilities"
4323,"20150519",103142,"Low Risk","Unclean nonfood contact surfaces"
4323,"20150519",103157,"Low Risk","Food safety certificate or food handler card not available"
4323,"20150519",103154,"Low Risk","Unclean or degraded floors walls or ceilings"
4323,"20150519",103124,"Moderate Risk","Inadequately cleaned or sanitized food contact surfaces"
4323,"20130612",103124,"Moderate Risk","Inadequately cleaned or sanitized food contact surfaces"
4323,"20120620",103124,"Moderate Risk","Inadequately cleaned or sanitized food contact surfaces"
4323,"20120620",103145,"Low Risk","Improper storage of equipment utensils or linens"
4323,"20120620",103154,"Low Risk","Unclean or degraded floors walls or ceilings"
4323,"20120620",103142,"Low Risk","Unclean nonfood contact surfaces"
4323,"20140605",103124,"Moderate Risk","Inadequately cleaned or sanitized food contact surfaces"
4323,"20140605",103154,"Low Risk","Unclean or degraded floors walls or ceilings"
4335,"20150507",103114,"High Risk","High risk vermin infestation"
4335,"20150507",103149,"Low Risk","Wiping cloths not clean or properly stored or inadequate sanitizer"
4335,"20150507",103133,"Moderate Risk","Foods not protected from contamination"
4335,"20140307",103144,"Low Risk","Unapproved or unmaintained equipment or utensils"
4335,"20140307",103147,"Low Risk","Inadequate ventilation or lighting"
4335,"20140307",103149,"Low Risk","Wiping cloths not clean or properly stored or inadequate sanitizer"
4335,"20140307",103120,"Moderate Risk","Moderate risk food holding temperature "
4372,"20130820",103131,"Moderate Risk","Moderate risk vermin infestation"
4372,"20130820",103154,"Low Risk","Unclean or degraded floors walls or ceilings"
4400,"20130822",103133,"Moderate Risk","Foods not protected from contamination"
4400,"20130822",103131,"Moderate Risk","Moderate risk vermin infestation"
4400,"20140529",103150,"Low Risk","Improper or defective plumbing"
4400,"20140529",103114,"High Risk","High risk vermin infestation"
4400,"20140529",103154,"Low Risk","Unclean or degraded floors walls or ceilings"
4412,"20130319",103119,"Moderate Risk","Inadequate and inaccessible handwashing facilities"
4412,"20130319",103139,"Low Risk","Improper food storage"
4412,"20130319",103133,"Moderate Risk","Foods not protected from contamination"
4412,"20140214",103143,"Low Risk","Inadequate warewashing facilities or equipment"
4412,"20140214",103150,"Low Risk","Improper or defective plumbing"
4416,"20130923",103131,"Moderate Risk","Moderate risk vermin infestation"
4416,"20130923",103156,"Low Risk","Permit license or inspection report not posted"
4416,"20140422",103120,"Moderate Risk","Moderate risk food holding temperature "
4416,"20140422",103143,"Low Risk","Inadequate warewashing facilities or equipment"
4421,"20140102",103157,"Low Risk","Food safety certificate or food handler card not available"
4421,"20140102",103154,"Low Risk","Unclean or degraded floors walls or ceilings"
4421,"20130419",103154,"Low Risk","Unclean or degraded floors walls or ceilings"
4421,"20140709",103144,"Low Risk","Unapproved or unmaintained equipment or utensils"
4421,"20140709",103116,"Moderate Risk","Inadequate food safety knowledge or lack of certified food safety manager"
4424,"20131204",103102,"High Risk","Unclean hands or improper use of gloves"
4424,"20131204",103124,"Moderate Risk","Inadequately cleaned or sanitized food contact surfaces"
4424,"20131204",103116,"Moderate Risk","Inadequate food safety knowledge or lack of certified food safety manager"
4424,"20130417",103109,"High Risk","Unclean or unsanitary food contact surfaces"
4424,"20130417",103120,"Moderate Risk","Moderate risk food holding temperature "
4424,"20130417",103102,"High Risk","Unclean hands or improper use of gloves"
4424,"20140305",103103,"High Risk","High risk food holding temperature "
4424,"20140305",103102,"High Risk","Unclean hands or improper use of gloves"
4424,"20121114",103116,"Moderate Risk","Inadequate food safety knowledge or lack of certified food safety manager"
4424,"20121114",103102,"High Risk","Unclean hands or improper use of gloves"
4424,"20121114",103149,"Low Risk","Wiping cloths not clean or properly stored or inadequate sanitizer"
4425,"20131028",103138,"Low Risk","Improper storage use or identification of toxic substances"
4425,"20131028",103120,"Moderate Risk","Moderate risk food holding temperature "
4425,"20131028",103151,"Low Risk","Inadequate or unsanitary refuse containers or area or no garbage service"
4425,"20130429",103151,"Low Risk","Inadequate or unsanitary refuse containers or area or no garbage service"
4425,"20130429",103102,"High Risk","Unclean hands or improper use of gloves"
4425,"20130429",103120,"Moderate Risk","Moderate risk food holding temperature "
4425,"20120611",103116,"Moderate Risk","Inadequate food safety knowledge or lack of certified food safety manager"
4425,"20120611",103154,"Low Risk","Unclean or degraded floors walls or ceilings"
4425,"20121126",103145,"Low Risk","Improper storage of equipment utensils or linens"
4425,"20121126",103144,"Low Risk","Unapproved or unmaintained equipment or utensils"
4425,"20121126",103116,"Moderate Risk","Inadequate food safety knowledge or lack of certified food safety manager"
4425,"20140507",103143,"Low Risk","Inadequate warewashing facilities or equipment"
4425,"20140507",103145,"Low Risk","Improper storage of equipment utensils or linens"
4425,"20140507",103156,"Low Risk","Permit license or inspection report not posted"
4427,"20140909",103139,"Low Risk","Improper food storage"
4427,"20140909",103114,"High Risk","High risk vermin infestation"
4427,"20140909",103154,"Low Risk","Unclean or degraded floors walls or ceilings"
4427,"20140909",103145,"Low Risk","Improper storage of equipment utensils or linens"
4427,"20140909",103118,"Moderate Risk","Employee eating or smoking"
4427,"20140909",103158,"Low Risk","Unpermitted food facility"
4427,"20131031",103152,"Low Risk","Unclean unmaintained or improperly constructed toilet facilities"
4427,"20131031",103119,"Moderate Risk","Inadequate and inaccessible handwashing facilities"
4427,"20131031",103129,"Moderate Risk","Insufficient hot water or running water"
4427,"20131031",103145,"Low Risk","Improper storage of equipment utensils or linens"
4427,"20140410",103119,"Moderate Risk","Inadequate and inaccessible handwashing facilities"
4427,"20140410",103157,"Low Risk","Food safety certificate or food handler card not available"
4427,"20140410",103154,"Low Risk","Unclean or degraded floors walls or ceilings"
4427,"20140410",103145,"Low Risk","Improper storage of equipment utensils or linens"
4427,"20140410",103143,"Low Risk","Inadequate warewashing facilities or equipment"
4427,"20140410",103142,"Low Risk","Unclean nonfood contact surfaces"
4427,"20120626",103144,"Low Risk","Unapproved or unmaintained equipment or utensils"
4434,"20140116",103143,"Low Risk","Inadequate warewashing facilities or equipment"
4434,"20140116",103161,"Low Risk","Low risk vermin infestation"
4434,"20120619",103143,"Low Risk","Inadequate warewashing facilities or equipment"
4434,"20120619",103154,"Low Risk","Unclean or degraded floors walls or ceilings"
4434,"20140812",103120,"Moderate Risk","Moderate risk food holding temperature "
4438,"20141215",103142,"Low Risk","Unclean nonfood contact surfaces"
4438,"20141215",103144,"Low Risk","Unapproved or unmaintained equipment or utensils"
4438,"20141215",103147,"Low Risk","Inadequate ventilation or lighting"
4438,"20141215",103116,"Moderate Risk","Inadequate food safety knowledge or lack of certified food safety manager"
4438,"20131031",103144,"Low Risk","Unapproved or unmaintained equipment or utensils"
4438,"20131031",103152,"Low Risk","Unclean unmaintained or improperly constructed toilet facilities"
4438,"20131031",103142,"Low Risk","Unclean nonfood contact surfaces"
4438,"20131031",103124,"Moderate Risk","Inadequately cleaned or sanitized food contact surfaces"
4438,"20140410",103142,"Low Risk","Unclean nonfood contact surfaces"
4438,"20140410",103119,"Moderate Risk","Inadequate and inaccessible handwashing facilities"
4438,"20140410",103147,"Low Risk","Inadequate ventilation or lighting"
4444,"20141205",103144,"Low Risk","Unapproved or unmaintained equipment or utensils"
4444,"20141205",103120,"Moderate Risk","Moderate risk food holding temperature "
4444,"20141205",103161,"Low Risk","Low risk vermin infestation"
4445,"20130617",103151,"Low Risk","Inadequate or unsanitary refuse containers or area or no garbage service"
4445,"20130617",103122,"Moderate Risk","Reservice of previously served foods"
4445,"20130617",103128,"Moderate Risk","Consumer advisory not provided for raw or undercooked foods"
4445,"20120918",103123,"Moderate Risk","Food in poor condition"
4445,"20120918",103144,"Low Risk","Unapproved or unmaintained equipment or utensils"
4445,"20120918",103120,"Moderate Risk","Moderate risk food holding temperature "
4445,"20140721",103143,"Low Risk","Inadequate warewashing facilities or equipment"
4445,"20140721",103119,"Moderate Risk","Inadequate and inaccessible handwashing facilities"
4445,"20140721",103120,"Moderate Risk","Moderate risk food holding temperature "
4445,"20140721",103154,"Low Risk","Unclean or degraded floors walls or ceilings"
4445,"20140721",103144,"Low Risk","Unapproved or unmaintained equipment or utensils"
4447,"20150421",103150,"Low Risk","Improper or defective plumbing"
4447,"20150421",103149,"Low Risk","Wiping cloths not clean or properly stored or inadequate sanitizer"
4447,"20150421",103144,"Low Risk","Unapproved or unmaintained equipment or utensils"
4447,"20150421",103142,"Low Risk","Unclean nonfood contact surfaces"
4447,"20140109",103143,"Low Risk","Inadequate warewashing facilities or equipment"
4447,"20121026",103116,"Moderate Risk","Inadequate food safety knowledge or lack of certified food safety manager"
4447,"20121026",103121,"Moderate Risk","Inadequate procedures or records for time as a public health control "
4449,"20141104",103149,"Low Risk","Wiping cloths not clean or properly stored or inadequate sanitizer"
4449,"20141104",103102,"High Risk","Unclean hands or improper use of gloves"
4449,"20131121",103153,"Low Risk","Inadequate dressing rooms or improper storage of personal items"
4449,"20130430",103142,"Low Risk","Unclean nonfood contact surfaces"
4449,"20130430",103119,"Moderate Risk","Inadequate and inaccessible handwashing facilities"
4449,"20130430",103153,"Low Risk","Inadequate dressing rooms or improper storage of personal items"
4449,"20120822",103161,"Low Risk","Low risk vermin infestation"
4449,"20120822",103139,"Low Risk","Improper food storage"
4449,"20120822",103141,"Low Risk","Improper food labeling or menu misrepresentation"
4449,"20140528",103144,"Low Risk","Unapproved or unmaintained equipment or utensils"
4449,"20140528",103129,"Moderate Risk","Insufficient hot water or running water"
4449,"20140528",103120,"Moderate Risk","Moderate risk food holding temperature "
4461,"20141205",103119,"Moderate Risk","Inadequate and inaccessible handwashing facilities"
4461,"20141205",103124,"Moderate Risk","Inadequately cleaned or sanitized food contact surfaces"
4461,"20141205",103139,"Low Risk","Improper food storage"
4461,"20141205",103154,"Low Risk","Unclean or degraded floors walls or ceilings"
4461,"20131101",103119,"Moderate Risk","Inadequate and inaccessible handwashing facilities"
4461,"20130207",103119,"Moderate Risk","Inadequate and inaccessible handwashing facilities"
4462,"20150226",103144,"Low Risk","Unapproved or unmaintained equipment or utensils"
4462,"20150226",103124,"Moderate Risk","Inadequately cleaned or sanitized food contact surfaces"
4462,"20150226",103120,"Moderate Risk","Moderate risk food holding temperature "
4462,"20150226",103119,"Moderate Risk","Inadequate and inaccessible handwashing facilities"
4462,"20150226",103153,"Low Risk","Inadequate dressing rooms or improper storage of personal items"
4462,"20130311",103104,"High Risk","Unauthorized or unsafe use of time as a public health control measure"
4462,"20130311",103149,"Low Risk","Wiping cloths not clean or properly stored or inadequate sanitizer"
4462,"20130311",103133,"Moderate Risk","Foods not protected from contamination"
4462,"20140625",103119,"Moderate Risk","Inadequate and inaccessible handwashing facilities"
4462,"20140625",103121,"Moderate Risk","Inadequate procedures or records for time as a public health control "
4462,"20140625",103124,"Moderate Risk","Inadequately cleaned or sanitized food contact surfaces"
4462,"20140625",103120,"Moderate Risk","Moderate risk food holding temperature "
4465,"20131031",103118,"Moderate Risk","Employee eating or smoking"
4465,"20131031",103133,"Moderate Risk","Foods not protected from contamination"
4465,"20130201",103133,"Moderate Risk","Foods not protected from contamination"
4465,"20140630",103120,"Moderate Risk","Moderate risk food holding temperature "
4465,"20140630",103149,"Low Risk","Wiping cloths not clean or properly stored or inadequate sanitizer"
4469,"20130604",103154,"Low Risk","Unclean or degraded floors walls or ceilings"
4469,"20140317",103144,"Low Risk","Unapproved or unmaintained equipment or utensils"
4469,"20140317",103156,"Low Risk","Permit license or inspection report not posted"
4474,"20130731",103116,"Moderate Risk","Inadequate food safety knowledge or lack of certified food safety manager"
4474,"20140131",103157,"Low Risk","Food safety certificate or food handler card not available"
4474,"20120924",103157,"Low Risk","Food safety certificate or food handler card not available"
4474,"20130122",103157,"Low Risk","Food safety certificate or food handler card not available"
4476,"20140314",103119,"Moderate Risk","Inadequate and inaccessible handwashing facilities"
4476,"20121116",103156,"Low Risk","Permit license or inspection report not posted"
4476,"20121116",103119,"Moderate Risk","Inadequate and inaccessible handwashing facilities"
4478,"20141003",103156,"Low Risk","Permit license or inspection report not posted"
4478,"20131216",103144,"Low Risk","Unapproved or unmaintained equipment or utensils"
4478,"20131216",103156,"Low Risk","Permit license or inspection report not posted"
4479,"20131007",103124,"Moderate Risk","Inadequately cleaned or sanitized food contact surfaces"
4479,"20131007",103157,"Low Risk","Food safety certificate or food handler card not available"
4479,"20131007",103143,"Low Risk","Inadequate warewashing facilities or equipment"
4479,"20131007",103141,"Low Risk","Improper food labeling or menu misrepresentation"
4479,"20131007",103133,"Moderate Risk","Foods not protected from contamination"
4479,"20140325",103154,"Low Risk","Unclean or degraded floors walls or ceilings"
4479,"20140325",103145,"Low Risk","Improper storage of equipment utensils or linens"
4479,"20140325",103147,"Low Risk","Inadequate ventilation or lighting"
4479,"20140325",103161,"Low Risk","Low risk vermin infestation"
4479,"20140325",103157,"Low Risk","Food safety certificate or food handler card not available"
4479,"20140325",103144,"Low Risk","Unapproved or unmaintained equipment or utensils"
4479,"20140325",103139,"Low Risk","Improper food storage"
4479,"20140325",103142,"Low Risk","Unclean nonfood contact surfaces"
4480,"20121106",103144,"Low Risk","Unapproved or unmaintained equipment or utensils"
4480,"20121106",103120,"Moderate Risk","Moderate risk food holding temperature "
4481,"20140109",103141,"Low Risk","Improper food labeling or menu misrepresentation"
4481,"20140109",103143,"Low Risk","Inadequate warewashing facilities or equipment"
4481,"20130604",103154,"Low Risk","Unclean or degraded floors walls or ceilings"
4481,"20130604",103139,"Low Risk","Improper food storage"
4481,"20120724",103141,"Low Risk","Improper food labeling or menu misrepresentation"
4481,"20120724",103142,"Low Risk","Unclean nonfood contact surfaces"
4481,"20140602",103120,"Moderate Risk","Moderate risk food holding temperature "
4481,"20140602",103139,"Low Risk","Improper food storage"
4483,"20140908",103120,"Moderate Risk","Moderate risk food holding temperature "
4483,"20140908",103139,"Low Risk","Improper food storage"
4483,"20130729",103139,"Low Risk","Improper food storage"
4483,"20130729",103138,"Low Risk","Improper storage use or identification of toxic substances"
4483,"20140218",103145,"Low Risk","Improper storage of equipment utensils or linens"
4483,"20140218",103141,"Low Risk","Improper food labeling or menu misrepresentation"
4483,"20121031",103157,"Low Risk","Food safety certificate or food handler card not available"
4487,"20140918",103119,"Moderate Risk","Inadequate and inaccessible handwashing facilities"
4487,"20140918",103103,"High Risk","High risk food holding temperature "
4487,"20140918",103133,"Moderate Risk","Foods not protected from contamination"
4487,"20140918",103142,"Low Risk","Unclean nonfood contact surfaces"
4487,"20140918",103161,"Low Risk","Low risk vermin infestation"
4487,"20140918",103124,"Moderate Risk","Inadequately cleaned or sanitized food contact surfaces"
4487,"20140918",103139,"Low Risk","Improper food storage"
4487,"20150209",103142,"Low Risk","Unclean nonfood contact surfaces"
4487,"20150209",103133,"Moderate Risk","Foods not protected from contamination"
4487,"20150209",103103,"High Risk","High risk food holding temperature "
4487,"20150209",103154,"Low Risk","Unclean or degraded floors walls or ceilings"
4487,"20150209",103124,"Moderate Risk","Inadequately cleaned or sanitized food contact surfaces"
4487,"20140122",103154,"Low Risk","Unclean or degraded floors walls or ceilings"
4487,"20140122",103124,"Moderate Risk","Inadequately cleaned or sanitized food contact surfaces"
4487,"20140122",103120,"Moderate Risk","Moderate risk food holding temperature "
4487,"20130319",103119,"Moderate Risk","Inadequate and inaccessible handwashing facilities"
4487,"20130319",103139,"Low Risk","Improper food storage"
4487,"20130319",103124,"Moderate Risk","Inadequately cleaned or sanitized food contact surfaces"
4487,"20120913",103114,"High Risk","High risk vermin infestation"
4487,"20120913",103119,"Moderate Risk","Inadequate and inaccessible handwashing facilities"
4487,"20120913",103138,"Low Risk","Improper storage use or identification of toxic substances"
4487,"20120913",103154,"Low Risk","Unclean or degraded floors walls or ceilings"
4487,"20120913",103103,"High Risk","High risk food holding temperature "
4487,"20120913",103149,"Low Risk","Wiping cloths not clean or properly stored or inadequate sanitizer"
4487,"20140602",103124,"Moderate Risk","Inadequately cleaned or sanitized food contact surfaces"
4487,"20140602",103133,"Moderate Risk","Foods not protected from contamination"
4487,"20140602",103144,"Low Risk","Unapproved or unmaintained equipment or utensils"
4487,"20140602",103120,"Moderate Risk","Moderate risk food holding temperature "
4492,"20131003",103131,"Moderate Risk","Moderate risk vermin infestation"
4492,"20120921",103109,"High Risk","Unclean or unsanitary food contact surfaces"
4492,"20120807",103131,"Moderate Risk","Moderate risk vermin infestation"
4492,"20120807",103154,"Low Risk","Unclean or degraded floors walls or ceilings"
4492,"20120921",103114,"High Risk","High risk vermin infestation"
4492,"20121213",103131,"Moderate Risk","Moderate risk vermin infestation"
4492,"20121213",103144,"Low Risk","Unapproved or unmaintained equipment or utensils"
4492,"20121213",103154,"Low Risk","Unclean or degraded floors walls or ceilings"
4495,"20120803",103161,"Low Risk","Low risk vermin infestation"
4495,"20120803",103147,"Low Risk","Inadequate ventilation or lighting"
4495,"20120803",103144,"Low Risk","Unapproved or unmaintained equipment or utensils"
4495,"20120803",103133,"Moderate Risk","Foods not protected from contamination"
4500,"20150428",103143,"Low Risk","Inadequate warewashing facilities or equipment"
4500,"20150428",103142,"Low Risk","Unclean nonfood contact surfaces"
4500,"20150428",103138,"Low Risk","Improper storage use or identification of toxic substances"
4500,"20150428",103116,"Moderate Risk","Inadequate food safety knowledge or lack of certified food safety manager"
4500,"20150428",103103,"High Risk","High risk food holding temperature "
4500,"20130729",103116,"Moderate Risk","Inadequate food safety knowledge or lack of certified food safety manager"
4500,"20130729",103103,"High Risk","High risk food holding temperature "
4500,"20140122",103157,"Low Risk","Food safety certificate or food handler card not available"
4500,"20130110",103116,"Moderate Risk","Inadequate food safety knowledge or lack of certified food safety manager"
4502,"20130926",103148,"Low Risk","No thermometers or uncalibrated thermometers "
4502,"20130926",103131,"Moderate Risk","Moderate risk vermin infestation"
4502,"20130926",103119,"Moderate Risk","Inadequate and inaccessible handwashing facilities"
4502,"20130926",103116,"Moderate Risk","Inadequate food safety knowledge or lack of certified food safety manager"
4502,"20130409",103131,"Moderate Risk","Moderate risk vermin infestation"
4502,"20130409",103119,"Moderate Risk","Inadequate and inaccessible handwashing facilities"
4502,"20130409",103109,"High Risk","Unclean or unsanitary food contact surfaces"
4502,"20130409",103139,"Low Risk","Improper food storage"
4502,"20140501",103103,"High Risk","High risk food holding temperature "
4502,"20140501",103116,"Moderate Risk","Inadequate food safety knowledge or lack of certified food safety manager"
4502,"20140501",103119,"Moderate Risk","Inadequate and inaccessible handwashing facilities"
4502,"20140501",103143,"Low Risk","Inadequate warewashing facilities or equipment"
4502,"20140501",103144,"Low Risk","Unapproved or unmaintained equipment or utensils"
4502,"20140501",103152,"Low Risk","Unclean unmaintained or improperly constructed toilet facilities"
4502,"20140501",103162,"Low Risk","Other low risk violation"
4502,"20120808",103161,"Low Risk","Low risk vermin infestation"
4502,"20120808",103102,"High Risk","Unclean hands or improper use of gloves"
4502,"20120808",103138,"Low Risk","Improper storage use or identification of toxic substances"
4502,"20120808",103144,"Low Risk","Unapproved or unmaintained equipment or utensils"
4505,"20150408",103154,"Low Risk","Unclean or degraded floors walls or ceilings"
4505,"20150408",103153,"Low Risk","Inadequate dressing rooms or improper storage of personal items"
4505,"20130702",103119,"Moderate Risk","Inadequate and inaccessible handwashing facilities"
4505,"20130702",103162,"Low Risk","Other low risk violation"
4505,"20130702",103149,"Low Risk","Wiping cloths not clean or properly stored or inadequate sanitizer"
4505,"20121114",103156,"Low Risk","Permit license or inspection report not posted"
4505,"20121114",103162,"Low Risk","Other low risk violation"
4509,"20150420",103120,"Moderate Risk","Moderate risk food holding temperature "
4509,"20130910",103156,"Low Risk","Permit license or inspection report not posted"
4509,"20130910",103157,"Low Risk","Food safety certificate or food handler card not available"
4509,"20140314",103151,"Low Risk","Inadequate or unsanitary refuse containers or area or no garbage service"
4509,"20140314",103112,"High Risk","No hot water or running water"
4512,"20150603",103149,"Low Risk","Wiping cloths not clean or properly stored or inadequate sanitizer"
4519,"20141014",103153,"Low Risk","Inadequate dressing rooms or improper storage of personal items"
4519,"20131018",103120,"Moderate Risk","Moderate risk food holding temperature "
4519,"20130422",103120,"Moderate Risk","Moderate risk food holding temperature "
4519,"20120913",103153,"Low Risk","Inadequate dressing rooms or improper storage of personal items"
4519,"20120913",103145,"Low Risk","Improper storage of equipment utensils or linens"
4531,"20141002",103161,"Low Risk","Low risk vermin infestation"
4531,"20141002",103154,"Low Risk","Unclean or degraded floors walls or ceilings"
4531,"20131021",103124,"Moderate Risk","Inadequately cleaned or sanitized food contact surfaces"
4531,"20131021",103154,"Low Risk","Unclean or degraded floors walls or ceilings"
4531,"20131021",103133,"Moderate Risk","Foods not protected from contamination"
4531,"20131021",103103,"High Risk","High risk food holding temperature "
4531,"20131021",103142,"Low Risk","Unclean nonfood contact surfaces"
4531,"20140610",103144,"Low Risk","Unapproved or unmaintained equipment or utensils"
4531,"20140610",103150,"Low Risk","Improper or defective plumbing"
4531,"20140610",103139,"Low Risk","Improper food storage"
4531,"20140610",103142,"Low Risk","Unclean nonfood contact surfaces"
4531,"20140610",103143,"Low Risk","Inadequate warewashing facilities or equipment"
4531,"20140610",103145,"Low Risk","Improper storage of equipment utensils or linens"
4532,"20150421",103145,"Low Risk","Improper storage of equipment utensils or linens"
4532,"20150421",103142,"Low Risk","Unclean nonfood contact surfaces"
4532,"20150421",103129,"Moderate Risk","Insufficient hot water or running water"
4532,"20150421",103124,"Moderate Risk","Inadequately cleaned or sanitized food contact surfaces"
4532,"20150421",103114,"High Risk","High risk vermin infestation"
4532,"20150421",103154,"Low Risk","Unclean or degraded floors walls or ceilings"
4532,"20131024",103154,"Low Risk","Unclean or degraded floors walls or ceilings"
4532,"20131024",103142,"Low Risk","Unclean nonfood contact surfaces"
4532,"20131024",103145,"Low Risk","Improper storage of equipment utensils or linens"
4532,"20130319",103144,"Low Risk","Unapproved or unmaintained equipment or utensils"
4533,"20141015",103102,"High Risk","Unclean hands or improper use of gloves"
4533,"20141015",103138,"Low Risk","Improper storage use or identification of toxic substances"
4533,"20141015",103133,"Moderate Risk","Foods not protected from contamination"
4533,"20141015",103132,"Moderate Risk","Improper thawing methods "
4533,"20141015",103124,"Moderate Risk","Inadequately cleaned or sanitized food contact surfaces"
4533,"20141015",103103,"High Risk","High risk food holding temperature "
4533,"20141015",103154,"Low Risk","Unclean or degraded floors walls or ceilings"
4533,"20131001",103144,"Low Risk","Unapproved or unmaintained equipment or utensils"
4533,"20131001",103119,"Moderate Risk","Inadequate and inaccessible handwashing facilities"
4533,"20131001",103138,"Low Risk","Improper storage use or identification of toxic substances"
4533,"20131001",103145,"Low Risk","Improper storage of equipment utensils or linens"
4533,"20131001",103124,"Moderate Risk","Inadequately cleaned or sanitized food contact surfaces"
4533,"20131001",103142,"Low Risk","Unclean nonfood contact surfaces"
4533,"20131001",103131,"Moderate Risk","Moderate risk vermin infestation"
4533,"20131001",103139,"Low Risk","Improper food storage"
4533,"20131001",103154,"Low Risk","Unclean or degraded floors walls or ceilings"
4533,"20121023",103139,"Low Risk","Improper food storage"
4533,"20121023",103154,"Low Risk","Unclean or degraded floors walls or ceilings"
4533,"20121023",103138,"Low Risk","Improper storage use or identification of toxic substances"
4533,"20121023",103145,"Low Risk","Improper storage of equipment utensils or linens"
4533,"20121023",103109,"High Risk","Unclean or unsanitary food contact surfaces"
4533,"20121023",103116,"Moderate Risk","Inadequate food safety knowledge or lack of certified food safety manager"
4533,"20121023",103121,"Moderate Risk","Inadequate procedures or records for time as a public health control "
4533,"20121023",103103,"High Risk","High risk food holding temperature "
4533,"20121023",103123,"Moderate Risk","Food in poor condition"
4534,"20141103",103119,"Moderate Risk","Inadequate and inaccessible handwashing facilities"
4534,"20130906",103154,"Low Risk","Unclean or degraded floors walls or ceilings"
4534,"20130906",103119,"Moderate Risk","Inadequate and inaccessible handwashing facilities"
4534,"20140410",103156,"Low Risk","Permit license or inspection report not posted"
4534,"20140410",103154,"Low Risk","Unclean or degraded floors walls or ceilings"
4534,"20140410",103148,"Low Risk","No thermometers or uncalibrated thermometers "
4534,"20140410",103119,"Moderate Risk","Inadequate and inaccessible handwashing facilities"
4535,"20150422",103149,"Low Risk","Wiping cloths not clean or properly stored or inadequate sanitizer"
4535,"20150422",103107,"High Risk","Improper reheating of food"
4535,"20130905",103131,"Moderate Risk","Moderate risk vermin infestation"
4535,"20130905",103154,"Low Risk","Unclean or degraded floors walls or ceilings"
4535,"20130905",103142,"Low Risk","Unclean nonfood contact surfaces"
4535,"20140312",103103,"High Risk","High risk food holding temperature "
4535,"20140312",103107,"High Risk","Improper reheating of food"
4535,"20121214",103154,"Low Risk","Unclean or degraded floors walls or ceilings"
4535,"20121214",103144,"Low Risk","Unapproved or unmaintained equipment or utensils"
4535,"20121214",103131,"Moderate Risk","Moderate risk vermin infestation"
4538,"20130422",103142,"Low Risk","Unclean nonfood contact surfaces"
4538,"20140416",103119,"Moderate Risk","Inadequate and inaccessible handwashing facilities"
4539,"20131126",103120,"Moderate Risk","Moderate risk food holding temperature "
4539,"20131126",103142,"Low Risk","Unclean nonfood contact surfaces"
4539,"20131126",103129,"Moderate Risk","Insufficient hot water or running water"
4539,"20130426",103142,"Low Risk","Unclean nonfood contact surfaces"
4539,"20130426",103144,"Low Risk","Unapproved or unmaintained equipment or utensils"
4539,"20120817",103145,"Low Risk","Improper storage of equipment utensils or linens"
4539,"20140626",103138,"Low Risk","Improper storage use or identification of toxic substances"
4539,"20140626",103142,"Low Risk","Unclean nonfood contact surfaces"
4542,"20140131",103124,"Moderate Risk","Inadequately cleaned or sanitized food contact surfaces"
4542,"20140131",103129,"Moderate Risk","Insufficient hot water or running water"
4542,"20140131",103142,"Low Risk","Unclean nonfood contact surfaces"
4542,"20140131",103157,"Low Risk","Food safety certificate or food handler card not available"
4542,"20130524",103124,"Moderate Risk","Inadequately cleaned or sanitized food contact surfaces"
4542,"20130524",103129,"Moderate Risk","Insufficient hot water or running water"
4542,"20130524",103153,"Low Risk","Inadequate dressing rooms or improper storage of personal items"
4542,"20120914",103142,"Low Risk","Unclean nonfood contact surfaces"
4542,"20120914",103120,"Moderate Risk","Moderate risk food holding temperature "
4542,"20120914",103153,"Low Risk","Inadequate dressing rooms or improper storage of personal items"
4542,"20120914",103131,"Moderate Risk","Moderate risk vermin infestation"
4542,"20140814",103142,"Low Risk","Unclean nonfood contact surfaces"
4542,"20140814",103157,"Low Risk","Food safety certificate or food handler card not available"
4544,"20131205",103114,"High Risk","High risk vermin infestation"
4544,"20131205",103142,"Low Risk","Unclean nonfood contact surfaces"
4544,"20131205",103144,"Low Risk","Unapproved or unmaintained equipment or utensils"
4544,"20131205",103149,"Low Risk","Wiping cloths not clean or properly stored or inadequate sanitizer"
4544,"20130605",103142,"Low Risk","Unclean nonfood contact surfaces"
4544,"20130605",103149,"Low Risk","Wiping cloths not clean or properly stored or inadequate sanitizer"
4544,"20130605",103138,"Low Risk","Improper storage use or identification of toxic substances"
4544,"20130605",103131,"Moderate Risk","Moderate risk vermin infestation"
4544,"20121205",103131,"Moderate Risk","Moderate risk vermin infestation"
4544,"20121205",103120,"Moderate Risk","Moderate risk food holding temperature "
4544,"20140609",103142,"Low Risk","Unclean nonfood contact surfaces"
4545,"20150528",103120,"Moderate Risk","Moderate risk food holding temperature "
4545,"20130605",103157,"Low Risk","Food safety certificate or food handler card not available"
4545,"20140513",103139,"Low Risk","Improper food storage"
4545,"20140513",103144,"Low Risk","Unapproved or unmaintained equipment or utensils"
4546,"20140115",103119,"Moderate Risk","Inadequate and inaccessible handwashing facilities"
4546,"20140115",103157,"Low Risk","Food safety certificate or food handler card not available"
4546,"20121220",103152,"Low Risk","Unclean unmaintained or improperly constructed toilet facilities"
4546,"20121220",103149,"Low Risk","Wiping cloths not clean or properly stored or inadequate sanitizer"
4546,"20121220",103139,"Low Risk","Improper food storage"
4546,"20121220",103157,"Low Risk","Food safety certificate or food handler card not available"
4548,"20131010",103142,"Low Risk","Unclean nonfood contact surfaces"
4548,"20131010",103131,"Moderate Risk","Moderate risk vermin infestation"
4548,"20131010",103156,"Low Risk","Permit license or inspection report not posted"
4548,"20121224",103154,"Low Risk","Unclean or degraded floors walls or ceilings"
4548,"20140530",103154,"Low Risk","Unclean or degraded floors walls or ceilings"
4553,"20150116",103119,"Moderate Risk","Inadequate and inaccessible handwashing facilities"
4553,"20150116",103150,"Low Risk","Improper or defective plumbing"
4553,"20150116",103145,"Low Risk","Improper storage of equipment utensils or linens"
4553,"20150116",103144,"Low Risk","Unapproved or unmaintained equipment or utensils"
4553,"20130909",103105,"High Risk","Improper cooling methods"
4553,"20140410",103123,"Moderate Risk","Food in poor condition"
4553,"20140410",103124,"Moderate Risk","Inadequately cleaned or sanitized food contact surfaces"
4553,"20121114",103108,"High Risk","Contaminated or adulterated food"
4553,"20121114",103114,"High Risk","High risk vermin infestation"
4553,"20121127",103161,"Low Risk","Low risk vermin infestation"
4555,"20140919",103149,"Low Risk","Wiping cloths not clean or properly stored or inadequate sanitizer"
4555,"20140919",103143,"Low Risk","Inadequate warewashing facilities or equipment"
4555,"20140919",103151,"Low Risk","Inadequate or unsanitary refuse containers or area or no garbage service"
4555,"20140919",103154,"Low Risk","Unclean or degraded floors walls or ceilings"
4555,"20140919",103138,"Low Risk","Improper storage use or identification of toxic substances"
4555,"20140127",103120,"Moderate Risk","Moderate risk food holding temperature "
4555,"20140127",103148,"Low Risk","No thermometers or uncalibrated thermometers "
4555,"20140127",103139,"Low Risk","Improper food storage"
4555,"20130515",103142,"Low Risk","Unclean nonfood contact surfaces"
4555,"20130515",103154,"Low Risk","Unclean or degraded floors walls or ceilings"
4555,"20120620",103144,"Low Risk","Unapproved or unmaintained equipment or utensils"
4555,"20120620",103142,"Low Risk","Unclean nonfood contact surfaces"
4558,"20140113",103161,"Low Risk","Low risk vermin infestation"
4558,"20140113",103139,"Low Risk","Improper food storage"
4558,"20140113",103149,"Low Risk","Wiping cloths not clean or properly stored or inadequate sanitizer"
4558,"20140113",103144,"Low Risk","Unapproved or unmaintained equipment or utensils"
4558,"20130620",103114,"High Risk","High risk vermin infestation"
4558,"20130620",103142,"Low Risk","Unclean nonfood contact surfaces"
4558,"20130620",103109,"High Risk","Unclean or unsanitary food contact surfaces"
4558,"20130620",103144,"Low Risk","Unapproved or unmaintained equipment or utensils"
4558,"20130620",103116,"Moderate Risk","Inadequate food safety knowledge or lack of certified food safety manager"
4558,"20130620",103154,"Low Risk","Unclean or degraded floors walls or ceilings"
4558,"20130620",103123,"Moderate Risk","Food in poor condition"
4558,"20121128",103154,"Low Risk","Unclean or degraded floors walls or ceilings"
4558,"20121128",103114,"High Risk","High risk vermin infestation"
4558,"20121128",103136,"Low Risk","Unsanitary employee garments hair or nails"
4558,"20121128",103145,"Low Risk","Improper storage of equipment utensils or linens"
4558,"20140714",103161,"Low Risk","Low risk vermin infestation"
4558,"20140714",103143,"Low Risk","Inadequate warewashing facilities or equipment"
4558,"20140714",103138,"Low Risk","Improper storage use or identification of toxic substances"
4558,"20140714",103133,"Moderate Risk","Foods not protected from contamination"
4559,"20130717",103120,"Moderate Risk","Moderate risk food holding temperature "
4559,"20131216",103150,"Low Risk","Improper or defective plumbing"
4559,"20131216",103157,"Low Risk","Food safety certificate or food handler card not available"
4559,"20120711",103138,"Low Risk","Improper storage use or identification of toxic substances"
4559,"20130114",103120,"Moderate Risk","Moderate risk food holding temperature "
4559,"20140609",103120,"Moderate Risk","Moderate risk food holding temperature "
4584,"20130719",103154,"Low Risk","Unclean or degraded floors walls or ceilings"
4584,"20121130",103131,"Moderate Risk","Moderate risk vermin infestation"
4584,"20121130",103154,"Low Risk","Unclean or degraded floors walls or ceilings"
4584,"20140811",103139,"Low Risk","Improper food storage"
4584,"20140811",103154,"Low Risk","Unclean or degraded floors walls or ceilings"
4584,"20140811",103120,"Moderate Risk","Moderate risk food holding temperature "
4586,"20150526",103119,"Moderate Risk","Inadequate and inaccessible handwashing facilities"
4586,"20150526",103144,"Low Risk","Unapproved or unmaintained equipment or utensils"
4586,"20131025",103144,"Low Risk","Unapproved or unmaintained equipment or utensils"
4586,"20131025",103162,"Low Risk","Other low risk violation"
4586,"20130110",103144,"Low Risk","Unapproved or unmaintained equipment or utensils"
4586,"20130110",103143,"Low Risk","Inadequate warewashing facilities or equipment"
4586,"20130110",103139,"Low Risk","Improper food storage"
4586,"20140527",103154,"Low Risk","Unclean or degraded floors walls or ceilings"
4586,"20140527",103131,"Moderate Risk","Moderate risk vermin infestation"
4586,"20140527",103143,"Low Risk","Inadequate warewashing facilities or equipment"
4586,"20140527",103144,"Low Risk","Unapproved or unmaintained equipment or utensils"
4588,"20150414",103116,"Moderate Risk","Inadequate food safety knowledge or lack of certified food safety manager"
4588,"20150414",103120,"Moderate Risk","Moderate risk food holding temperature "
4588,"20150414",103132,"Moderate Risk","Improper thawing methods "
4588,"20150414",103107,"High Risk","Improper reheating of food"
4588,"20140304",103144,"Low Risk","Unapproved or unmaintained equipment or utensils"
4588,"20140304",103133,"Moderate Risk","Foods not protected from contamination"
4588,"20140304",103120,"Moderate Risk","Moderate risk food holding temperature "
4588,"20140304",103119,"Moderate Risk","Inadequate and inaccessible handwashing facilities"
4588,"20140304",103116,"Moderate Risk","Inadequate food safety knowledge or lack of certified food safety manager"
4588,"20140304",103109,"High Risk","Unclean or unsanitary food contact surfaces"
4588,"20140304",103105,"High Risk","Improper cooling methods"
4588,"20120831",103147,"Low Risk","Inadequate ventilation or lighting"
4588,"20120831",103120,"Moderate Risk","Moderate risk food holding temperature "
4588,"20120831",103123,"Moderate Risk","Food in poor condition"
4588,"20120831",103139,"Low Risk","Improper food storage"
4588,"20120831",103157,"Low Risk","Food safety certificate or food handler card not available"
4588,"20120831",103142,"Low Risk","Unclean nonfood contact surfaces"
4588,"20120831",103144,"Low Risk","Unapproved or unmaintained equipment or utensils"
4588,"20120831",103156,"Low Risk","Permit license or inspection report not posted"
4588,"20120831",103161,"Low Risk","Low risk vermin infestation"
4588,"20120831",103151,"Low Risk","Inadequate or unsanitary refuse containers or area or no garbage service"
4588,"20120831",103149,"Low Risk","Wiping cloths not clean or properly stored or inadequate sanitizer"
4588,"20120831",103154,"Low Risk","Unclean or degraded floors walls or ceilings"
4588,"20120831",103119,"Moderate Risk","Inadequate and inaccessible handwashing facilities"
4588,"20120831",103152,"Low Risk","Unclean unmaintained or improperly constructed toilet facilities"
4588,"20120831",103131,"Moderate Risk","Moderate risk vermin infestation"
4590,"20131021",103107,"High Risk","Improper reheating of food"
4590,"20131021",103130,"Moderate Risk","Inadequate sewage or wastewater disposal"
4590,"20131021",103161,"Low Risk","Low risk vermin infestation"
4590,"20131021",103129,"Moderate Risk","Insufficient hot water or running water"
4590,"20131021",103105,"High Risk","Improper cooling methods"
4590,"20130313",103149,"Low Risk","Wiping cloths not clean or properly stored or inadequate sanitizer"
4590,"20130313",103142,"Low Risk","Unclean nonfood contact surfaces"
4590,"20130313",103112,"High Risk","No hot water or running water"
4590,"20130313",103105,"High Risk","Improper cooling methods"
4590,"20130313",103103,"High Risk","High risk food holding temperature "
4590,"20130313",103161,"Low Risk","Low risk vermin infestation"
4590,"20140728",103154,"Low Risk","Unclean or degraded floors walls or ceilings"
4590,"20140728",103161,"Low Risk","Low risk vermin infestation"
4590,"20140728",103103,"High Risk","High risk food holding temperature "
4590,"20140728",103130,"Moderate Risk","Inadequate sewage or wastewater disposal"
4590,"20140728",103102,"High Risk","Unclean hands or improper use of gloves"
4592,"20131016",103145,"Low Risk","Improper storage of equipment utensils or linens"
4592,"20130318",103145,"Low Risk","Improper storage of equipment utensils or linens"
4592,"20120613",103145,"Low Risk","Improper storage of equipment utensils or linens"
4592,"20120613",103154,"Low Risk","Unclean or degraded floors walls or ceilings"
4592,"20120613",103161,"Low Risk","Low risk vermin infestation"
4592,"20120613",103139,"Low Risk","Improper food storage"
4592,"20140605",103161,"Low Risk","Low risk vermin infestation"
4592,"20140605",103145,"Low Risk","Improper storage of equipment utensils or linens"
4592,"20140605",103144,"Low Risk","Unapproved or unmaintained equipment or utensils"
4593,"20131108",103144,"Low Risk","Unapproved or unmaintained equipment or utensils"
4593,"20130329",103142,"Low Risk","Unclean nonfood contact surfaces"
4593,"20130329",103119,"Moderate Risk","Inadequate and inaccessible handwashing facilities"
4593,"20140530",103144,"Low Risk","Unapproved or unmaintained equipment or utensils"
4594,"20150220",103131,"Moderate Risk","Moderate risk vermin infestation"
4594,"20150220",103120,"Moderate Risk","Moderate risk food holding temperature "
4594,"20130716",103145,"Low Risk","Improper storage of equipment utensils or linens"
4594,"20130716",103131,"Moderate Risk","Moderate risk vermin infestation"
4594,"20130716",103119,"Moderate Risk","Inadequate and inaccessible handwashing facilities"
4594,"20140324",103121,"Moderate Risk","Inadequate procedures or records for time as a public health control "
4594,"20140324",103112,"High Risk","No hot water or running water"
4594,"20121010",103108,"High Risk","Contaminated or adulterated food"
4594,"20121010",103156,"Low Risk","Permit license or inspection report not posted"
4594,"20121010",103150,"Low Risk","Improper or defective plumbing"
4594,"20121010",103144,"Low Risk","Unapproved or unmaintained equipment or utensils"
4594,"20121010",103121,"Moderate Risk","Inadequate procedures or records for time as a public health control "
4594,"20121010",103109,"High Risk","Unclean or unsanitary food contact surfaces"
4594,"20121010",103142,"Low Risk","Unclean nonfood contact surfaces"
4594,"20121010",103116,"Moderate Risk","Inadequate food safety knowledge or lack of certified food safety manager"
4594,"20121010",103119,"Moderate Risk","Inadequate and inaccessible handwashing facilities"
4598,"20130315",103116,"Moderate Risk","Inadequate food safety knowledge or lack of certified food safety manager"
4598,"20130315",103107,"High Risk","Improper reheating of food"
4598,"20130315",103105,"High Risk","Improper cooling methods"
4598,"20130315",103103,"High Risk","High risk food holding temperature "
4598,"20140314",103148,"Low Risk","No thermometers or uncalibrated thermometers "
4598,"20140314",103105,"High Risk","Improper cooling methods"
4598,"20140314",103103,"High Risk","High risk food holding temperature "
4607,"20141007",103114,"High Risk","High risk vermin infestation"
4607,"20141007",103109,"High Risk","Unclean or unsanitary food contact surfaces"
4607,"20141007",103103,"High Risk","High risk food holding temperature "
4607,"20141007",103154,"Low Risk","Unclean or degraded floors walls or ceilings"
4607,"20141007",103108,"High Risk","Contaminated or adulterated food"
4607,"20131015",103178,"Low Risk","Noncompliance with Cottage Food Operation"
4607,"20131015",103154,"Low Risk","Unclean or degraded floors walls or ceilings"
4607,"20131015",103150,"Low Risk","Improper or defective plumbing"
4607,"20131015",103145,"Low Risk","Improper storage of equipment utensils or linens"
4607,"20131015",103144,"Low Risk","Unapproved or unmaintained equipment or utensils"
4607,"20131015",103142,"Low Risk","Unclean nonfood contact surfaces"
4607,"20131015",103133,"Moderate Risk","Foods not protected from contamination"
4607,"20131015",103124,"Moderate Risk","Inadequately cleaned or sanitized food contact surfaces"
4607,"20121213",103103,"High Risk","High risk food holding temperature "
4607,"20121213",103109,"High Risk","Unclean or unsanitary food contact surfaces"
4607,"20121213",103121,"Moderate Risk","Inadequate procedures or records for time as a public health control "
4607,"20121213",103144,"Low Risk","Unapproved or unmaintained equipment or utensils"
4608,"20141008",103138,"Low Risk","Improper storage use or identification of toxic substances"
4608,"20141008",103114,"High Risk","High risk vermin infestation"
4608,"20141008",103109,"High Risk","Unclean or unsanitary food contact surfaces"
4608,"20141008",103108,"High Risk","Contaminated or adulterated food"
4608,"20141008",103104,"High Risk","Unauthorized or unsafe use of time as a public health control measure"
4608,"20141008",103133,"Moderate Risk","Foods not protected from contamination"
4608,"20141008",103144,"Low Risk","Unapproved or unmaintained equipment or utensils"
4608,"20141008",103154,"Low Risk","Unclean or degraded floors walls or ceilings"
4608,"20141008",103102,"High Risk","Unclean hands or improper use of gloves"
4608,"20130722",103121,"Moderate Risk","Inadequate procedures or records for time as a public health control "
4608,"20130722",103133,"Moderate Risk","Foods not protected from contamination"
4608,"20130722",103144,"Low Risk","Unapproved or unmaintained equipment or utensils"
4608,"20130722",103151,"Low Risk","Inadequate or unsanitary refuse containers or area or no garbage service"
4608,"20130722",103131,"Moderate Risk","Moderate risk vermin infestation"
4608,"20130722",103154,"Low Risk","Unclean or degraded floors walls or ceilings"
4608,"20130722",103109,"High Risk","Unclean or unsanitary food contact surfaces"
4608,"20130722",103116,"Moderate Risk","Inadequate food safety knowledge or lack of certified food safety manager"
4608,"20120820",103133,"Moderate Risk","Foods not protected from contamination"
4608,"20120820",103109,"High Risk","Unclean or unsanitary food contact surfaces"
4608,"20120820",103119,"Moderate Risk","Inadequate and inaccessible handwashing facilities"
4608,"20120820",103144,"Low Risk","Unapproved or unmaintained equipment or utensils"
4608,"20120820",103147,"Low Risk","Inadequate ventilation or lighting"
4608,"20120820",103154,"Low Risk","Unclean or degraded floors walls or ceilings"
4608,"20120820",103114,"High Risk","High risk vermin infestation"
4610,"20150420",103154,"Low Risk","Unclean or degraded floors walls or ceilings"
4610,"20150420",103145,"Low Risk","Improper storage of equipment utensils or linens"
4610,"20150420",103124,"Moderate Risk","Inadequately cleaned or sanitized food contact surfaces"
4610,"20130702",103142,"Low Risk","Unclean nonfood contact surfaces"
4610,"20130702",103139,"Low Risk","Improper food storage"
4610,"20130702",103103,"High Risk","High risk food holding temperature "
4610,"20130315",103119,"Moderate Risk","Inadequate and inaccessible handwashing facilities"
4610,"20130315",103139,"Low Risk","Improper food storage"
4610,"20130315",103120,"Moderate Risk","Moderate risk food holding temperature "
4610,"20140211",103139,"Low Risk","Improper food storage"
4610,"20140211",103142,"Low Risk","Unclean nonfood contact surfaces"
4610,"20140211",103150,"Low Risk","Improper or defective plumbing"
4610,"20140211",103154,"Low Risk","Unclean or degraded floors walls or ceilings"
4610,"20140211",103157,"Low Risk","Food safety certificate or food handler card not available"
4610,"20140211",103124,"Moderate Risk","Inadequately cleaned or sanitized food contact surfaces"
4610,"20121003",103119,"Moderate Risk","Inadequate and inaccessible handwashing facilities"
4610,"20121003",103103,"High Risk","High risk food holding temperature "
4610,"20121003",103157,"Low Risk","Food safety certificate or food handler card not available"
4610,"20121003",103124,"Moderate Risk","Inadequately cleaned or sanitized food contact surfaces"
4610,"20121003",103138,"Low Risk","Improper storage use or identification of toxic substances"
4610,"20121003",103139,"Low Risk","Improper food storage"
4610,"20121003",103149,"Low Risk","Wiping cloths not clean or properly stored or inadequate sanitizer"
4610,"20121003",103152,"Low Risk","Unclean unmaintained or improperly constructed toilet facilities"
4610,"20121003",103154,"Low Risk","Unclean or degraded floors walls or ceilings"
4610,"20140813",103157,"Low Risk","Food safety certificate or food handler card not available"
4610,"20140813",103154,"Low Risk","Unclean or degraded floors walls or ceilings"
4610,"20140813",103132,"Moderate Risk","Improper thawing methods "
4614,"20150505",103151,"Low Risk","Inadequate or unsanitary refuse containers or area or no garbage service"
4614,"20150505",103150,"Low Risk","Improper or defective plumbing"
4614,"20150505",103144,"Low Risk","Unapproved or unmaintained equipment or utensils"
4614,"20150505",103124,"Moderate Risk","Inadequately cleaned or sanitized food contact surfaces"
4614,"20150505",103119,"Moderate Risk","Inadequate and inaccessible handwashing facilities"
4614,"20150505",103114,"High Risk","High risk vermin infestation"
4614,"20150505",103103,"High Risk","High risk food holding temperature "
4614,"20150505",103154,"Low Risk","Unclean or degraded floors walls or ceilings"
4614,"20130821",103119,"Moderate Risk","Inadequate and inaccessible handwashing facilities"
4614,"20130821",103131,"Moderate Risk","Moderate risk vermin infestation"
4614,"20130821",103103,"High Risk","High risk food holding temperature "
4614,"20130821",103124,"Moderate Risk","Inadequately cleaned or sanitized food contact surfaces"
4614,"20130821",103144,"Low Risk","Unapproved or unmaintained equipment or utensils"
4614,"20130821",103132,"Moderate Risk","Improper thawing methods "
4614,"20130821",103142,"Low Risk","Unclean nonfood contact surfaces"
4614,"20130821",103154,"Low Risk","Unclean or degraded floors walls or ceilings"
4614,"20140617",103151,"Low Risk","Inadequate or unsanitary refuse containers or area or no garbage service"
4614,"20140617",103144,"Low Risk","Unapproved or unmaintained equipment or utensils"
4614,"20140617",103119,"Moderate Risk","Inadequate and inaccessible handwashing facilities"
4614,"20140617",103107,"High Risk","Improper reheating of food"
4614,"20140617",103116,"Moderate Risk","Inadequate food safety knowledge or lack of certified food safety manager"
4614,"20140617",103156,"Low Risk","Permit license or inspection report not posted"
4614,"20140617",103103,"High Risk","High risk food holding temperature "
4618,"20130829",103142,"Low Risk","Unclean nonfood contact surfaces"
4618,"20130829",103139,"Low Risk","Improper food storage"
4618,"20120614",103133,"Moderate Risk","Foods not protected from contamination"
4618,"20130108",103145,"Low Risk","Improper storage of equipment utensils or linens"
4618,"20130108",103139,"Low Risk","Improper food storage"
4618,"20140516",103133,"Moderate Risk","Foods not protected from contamination"
4620,"20141022",103119,"Moderate Risk","Inadequate and inaccessible handwashing facilities"
4620,"20141022",103129,"Moderate Risk","Insufficient hot water or running water"
4620,"20141022",103144,"Low Risk","Unapproved or unmaintained equipment or utensils"
4620,"20130726",103147,"Low Risk","Inadequate ventilation or lighting"
4620,"20130726",103145,"Low Risk","Improper storage of equipment utensils or linens"
4620,"20130726",103119,"Moderate Risk","Inadequate and inaccessible handwashing facilities"
4620,"20140212",103156,"Low Risk","Permit license or inspection report not posted"
4620,"20140212",103145,"Low Risk","Improper storage of equipment utensils or linens"
4620,"20140212",103119,"Moderate Risk","Inadequate and inaccessible handwashing facilities"
4620,"20140212",103139,"Low Risk","Improper food storage"
4620,"20140212",103144,"Low Risk","Unapproved or unmaintained equipment or utensils"
4621,"20131010",103142,"Low Risk","Unclean nonfood contact surfaces"
4621,"20131010",103103,"High Risk","High risk food holding temperature "
4621,"20131010",103124,"Moderate Risk","Inadequately cleaned or sanitized food contact surfaces"
4621,"20131010",103119,"Moderate Risk","Inadequate and inaccessible handwashing facilities"
4621,"20131010",103114,"High Risk","High risk vermin infestation"
4621,"20131010",103139,"Low Risk","Improper food storage"
4621,"20130314",103114,"High Risk","High risk vermin infestation"
4621,"20130314",103119,"Moderate Risk","Inadequate and inaccessible handwashing facilities"
4621,"20130314",103133,"Moderate Risk","Foods not protected from contamination"
4621,"20130314",103139,"Low Risk","Improper food storage"
4621,"20130314",103142,"Low Risk","Unclean nonfood contact surfaces"
4621,"20130314",103152,"Low Risk","Unclean unmaintained or improperly constructed toilet facilities"
4621,"20130503",103164,"N/A",
4621,"20130314",103120,"Moderate Risk","Moderate risk food holding temperature "
4621,"20130314",103124,"Moderate Risk","Inadequately cleaned or sanitized food contact surfaces"
4621,"20130314",103154,"Low Risk","Unclean or degraded floors walls or ceilings"
4621,"20121105",103102,"High Risk","Unclean hands or improper use of gloves"
4621,"20121105",103124,"Moderate Risk","Inadequately cleaned or sanitized food contact surfaces"
4621,"20121105",103116,"Moderate Risk","Inadequate food safety knowledge or lack of certified food safety manager"
4621,"20121105",103154,"Low Risk","Unclean or degraded floors walls or ceilings"
4621,"20121105",103142,"Low Risk","Unclean nonfood contact surfaces"
4621,"20121105",103131,"Moderate Risk","Moderate risk vermin infestation"
4621,"20140602",103154,"Low Risk","Unclean or degraded floors walls or ceilings"
4621,"20140602",103103,"High Risk","High risk food holding temperature "
4621,"20140602",103109,"High Risk","Unclean or unsanitary food contact surfaces"
4621,"20140602",103119,"Moderate Risk","Inadequate and inaccessible handwashing facilities"
4621,"20140602",103131,"Moderate Risk","Moderate risk vermin infestation"
4621,"20140602",103139,"Low Risk","Improper food storage"
4621,"20140602",103142,"Low Risk","Unclean nonfood contact surfaces"
4621,"20140602",103152,"Low Risk","Unclean unmaintained or improperly constructed toilet facilities"
4622,"20150505",103119,"Moderate Risk","Inadequate and inaccessible handwashing facilities"
4622,"20150505",103132,"Moderate Risk","Improper thawing methods "
4622,"20150505",103124,"Moderate Risk","Inadequately cleaned or sanitized food contact surfaces"
4622,"20150505",103120,"Moderate Risk","Moderate risk food holding temperature "
4622,"20150505",103154,"Low Risk","Unclean or degraded floors walls or ceilings"
4622,"20130506",103154,"Low Risk","Unclean or degraded floors walls or ceilings"
4622,"20130506",103133,"Moderate Risk","Foods not protected from contamination"
4622,"20130506",103114,"High Risk","High risk vermin infestation"
4622,"20130506",103109,"High Risk","Unclean or unsanitary food contact surfaces"
4622,"20130506",103103,"High Risk","High risk food holding temperature "
4622,"20130506",103144,"Low Risk","Unapproved or unmaintained equipment or utensils"
4622,"20140415",103144,"Low Risk","Unapproved or unmaintained equipment or utensils"
4622,"20140415",103124,"Moderate Risk","Inadequately cleaned or sanitized food contact surfaces"
4622,"20140415",103154,"Low Risk","Unclean or degraded floors walls or ceilings"
4622,"20140415",103121,"Moderate Risk","Inadequate procedures or records for time as a public health control "
4622,"20140415",103103,"High Risk","High risk food holding temperature "
4623,"20150226",103139,"Low Risk","Improper food storage"
4623,"20150226",103120,"Moderate Risk","Moderate risk food holding temperature "
4623,"20150226",103124,"Moderate Risk","Inadequately cleaned or sanitized food contact surfaces"
4623,"20150226",103119,"Moderate Risk","Inadequate and inaccessible handwashing facilities"
4623,"20150226",103144,"Low Risk","Unapproved or unmaintained equipment or utensils"
4623,"20130207",103124,"Moderate Risk","Inadequately cleaned or sanitized food contact surfaces"
4623,"20140627",103121,"Moderate Risk","Inadequate procedures or records for time as a public health control "
4623,"20140627",103120,"Moderate Risk","Moderate risk food holding temperature "
4627,"20141120",103131,"Moderate Risk","Moderate risk vermin infestation"
4627,"20141120",103129,"Moderate Risk","Insufficient hot water or running water"
4627,"20141120",103119,"Moderate Risk","Inadequate and inaccessible handwashing facilities"
4627,"20141120",103109,"High Risk","Unclean or unsanitary food contact surfaces"
4627,"20150205",103102,"High Risk","Unclean hands or improper use of gloves"
4627,"20150205",103161,"Low Risk","Low risk vermin infestation"
4627,"20130703",103124,"Moderate Risk","Inadequately cleaned or sanitized food contact surfaces"
4627,"20140213",103133,"Moderate Risk","Foods not protected from contamination"
4627,"20121219",103144,"Low Risk","Unapproved or unmaintained equipment or utensils"
4627,"20121219",103154,"Low Risk","Unclean or degraded floors walls or ceilings"
4628,"20141001",103120,"Moderate Risk","Moderate risk food holding temperature "
4628,"20130806",103145,"Low Risk","Improper storage of equipment utensils or linens"
4628,"20140403",103142,"Low Risk","Unclean nonfood contact surfaces"
4628,"20121219",103145,"Low Risk","Improper storage of equipment utensils or linens"
4628,"20121219",103144,"Low Risk","Unapproved or unmaintained equipment or utensils"
4634,"20140218",103124,"Moderate Risk","Inadequately cleaned or sanitized food contact surfaces"
4637,"20150305",103102,"High Risk","Unclean hands or improper use of gloves"
4637,"20150305",103103,"High Risk","High risk food holding temperature "
4637,"20150305",103121,"Moderate Risk","Inadequate procedures or records for time as a public health control "
4637,"20150305",103124,"Moderate Risk","Inadequately cleaned or sanitized food contact surfaces"
4637,"20150305",103144,"Low Risk","Unapproved or unmaintained equipment or utensils"
4637,"20150305",103161,"Low Risk","Low risk vermin infestation"
4637,"20131223",103120,"Moderate Risk","Moderate risk food holding temperature "
4637,"20131223",103121,"Moderate Risk","Inadequate procedures or records for time as a public health control "
4637,"20131223",103142,"Low Risk","Unclean nonfood contact surfaces"
4637,"20130503",103142,"Low Risk","Unclean nonfood contact surfaces"
4637,"20130503",103119,"Moderate Risk","Inadequate and inaccessible handwashing facilities"
4637,"20130503",103157,"Low Risk","Food safety certificate or food handler card not available"
4637,"20130503",103103,"High Risk","High risk food holding temperature "
4637,"20140304",103102,"High Risk","Unclean hands or improper use of gloves"
4637,"20120803",103150,"Low Risk","Improper or defective plumbing"
4637,"20120803",103121,"Moderate Risk","Inadequate procedures or records for time as a public health control "
4637,"20120803",103144,"Low Risk","Unapproved or unmaintained equipment or utensils"
4637,"20120803",103120,"Moderate Risk","Moderate risk food holding temperature "
4637,"20140626",103145,"Low Risk","Improper storage of equipment utensils or linens"
4637,"20140626",103121,"Moderate Risk","Inadequate procedures or records for time as a public health control "
4637,"20140626",103120,"Moderate Risk","Moderate risk food holding temperature "
4637,"20140626",103142,"Low Risk","Unclean nonfood contact surfaces"
4638,"20130912",103161,"Low Risk","Low risk vermin infestation"
4638,"20130912",103109,"High Risk","Unclean or unsanitary food contact surfaces"
4638,"20130912",103133,"Moderate Risk","Foods not protected from contamination"
4638,"20130912",103120,"Moderate Risk","Moderate risk food holding temperature "
4638,"20140430",103120,"Moderate Risk","Moderate risk food holding temperature "
4638,"20140430",103139,"Low Risk","Improper food storage"
4638,"20140430",103121,"Moderate Risk","Inadequate procedures or records for time as a public health control "
4638,"20140430",103124,"Moderate Risk","Inadequately cleaned or sanitized food contact surfaces"
4638,"20140430",103144,"Low Risk","Unapproved or unmaintained equipment or utensils"
4638,"20130204",103102,"High Risk","Unclean hands or improper use of gloves"
4638,"20130204",103112,"High Risk","No hot water or running water"
4638,"20130204",103121,"Moderate Risk","Inadequate procedures or records for time as a public health control "
4638,"20130204",103120,"Moderate Risk","Moderate risk food holding temperature "
4642,"20120625",103146,"Low Risk","Noncompliance of vending machine "
4642,"20120625",103142,"Low Risk","Unclean nonfood contact surfaces"
4642,"20120625",103161,"Low Risk","Low risk vermin infestation"
4642,"20130129",103112,"High Risk","No hot water or running water"
4642,"20130129",103150,"Low Risk","Improper or defective plumbing"
4642,"20130129",103149,"Low Risk","Wiping cloths not clean or properly stored or inadequate sanitizer"
4642,"20130129",103119,"Moderate Risk","Inadequate and inaccessible handwashing facilities"
4642,"20140607",103157,"Low Risk","Food safety certificate or food handler card not available"
4642,"20140607",103119,"Moderate Risk","Inadequate and inaccessible handwashing facilities"
4642,"20140607",103149,"Low Risk","Wiping cloths not clean or properly stored or inadequate sanitizer"
4643,"20140207",103143,"Low Risk","Inadequate warewashing facilities or equipment"
4643,"20130522",103103,"High Risk","High risk food holding temperature "
4643,"20130522",103149,"Low Risk","Wiping cloths not clean or properly stored or inadequate sanitizer"
4643,"20130522",103154,"Low Risk","Unclean or degraded floors walls or ceilings"
4643,"20130522",103159,"Low Risk","Worker safety hazards"
4643,"20120920",103154,"Low Risk","Unclean or degraded floors walls or ceilings"
4643,"20120920",103142,"Low Risk","Unclean nonfood contact surfaces"
4643,"20120920",103161,"Low Risk","Low risk vermin infestation"
4643,"20120920",103162,"Low Risk","Other low risk violation"
4643,"20120920",103124,"Moderate Risk","Inadequately cleaned or sanitized food contact surfaces"
4643,"20140523",103106,"High Risk","Improper cooking time or temperatures"
4643,"20140523",103103,"High Risk","High risk food holding temperature "
4643,"20140523",103102,"High Risk","Unclean hands or improper use of gloves"
4643,"20140523",103149,"Low Risk","Wiping cloths not clean or properly stored or inadequate sanitizer"
4643,"20140523",103157,"Low Risk","Food safety certificate or food handler card not available"
4643,"20140523",103124,"Moderate Risk","Inadequately cleaned or sanitized food contact surfaces"
4650,"20150312",103110,"High Risk","Unapproved food source"
4650,"20140219",103144,"Low Risk","Unapproved or unmaintained equipment or utensils"
4654,"20150330",103124,"Moderate Risk","Inadequately cleaned or sanitized food contact surfaces"
4654,"20150330",103119,"Moderate Risk","Inadequate and inaccessible handwashing facilities"
4654,"20150330",103157,"Low Risk","Food safety certificate or food handler card not available"
4654,"20140224",103142,"Low Risk","Unclean nonfood contact surfaces"
4654,"20140224",103151,"Low Risk","Inadequate or unsanitary refuse containers or area or no garbage service"
4654,"20140224",103144,"Low Risk","Unapproved or unmaintained equipment or utensils"
4654,"20130221",103152,"Low Risk","Unclean unmaintained or improperly constructed toilet facilities"
4654,"20130221",103157,"Low Risk","Food safety certificate or food handler card not available"
4654,"20130221",103149,"Low Risk","Wiping cloths not clean or properly stored or inadequate sanitizer"
4654,"20130221",103142,"Low Risk","Unclean nonfood contact surfaces"
4654,"20130221",103150,"Low Risk","Improper or defective plumbing"
4654,"20140821",103103,"High Risk","High risk food holding temperature "
4654,"20140821",103144,"Low Risk","Unapproved or unmaintained equipment or utensils"
4654,"20140821",103161,"Low Risk","Low risk vermin infestation"
4654,"20140821",103148,"Low Risk","No thermometers or uncalibrated thermometers "
4654,"20140821",103154,"Low Risk","Unclean or degraded floors walls or ceilings"
4656,"20141230",103156,"Low Risk","Permit license or inspection report not posted"
4656,"20141230",103154,"Low Risk","Unclean or degraded floors walls or ceilings"
4656,"20141230",103143,"Low Risk","Inadequate warewashing facilities or equipment"
4656,"20130529",103143,"Low Risk","Inadequate warewashing facilities or equipment"
4656,"20130529",103129,"Moderate Risk","Insufficient hot water or running water"
4656,"20130529",103120,"Moderate Risk","Moderate risk food holding temperature "
4656,"20130529",103116,"Moderate Risk","Inadequate food safety knowledge or lack of certified food safety manager"
4656,"20140212",103143,"Low Risk","Inadequate warewashing facilities or equipment"
4656,"20140212",103129,"Moderate Risk","Insufficient hot water or running water"
4656,"20140212",103119,"Moderate Risk","Inadequate and inaccessible handwashing facilities"
4656,"20140212",103116,"Moderate Risk","Inadequate food safety knowledge or lack of certified food safety manager"
4656,"20121120",103143,"Low Risk","Inadequate warewashing facilities or equipment"
4656,"20121120",103161,"Low Risk","Low risk vermin infestation"
4656,"20121120",103154,"Low Risk","Unclean or degraded floors walls or ceilings"
4661,"20131213",103157,"Low Risk","Food safety certificate or food handler card not available"
4661,"20131213",103156,"Low Risk","Permit license or inspection report not posted"
4661,"20131213",103145,"Low Risk","Improper storage of equipment utensils or linens"
4661,"20131213",103142,"Low Risk","Unclean nonfood contact surfaces"
4661,"20131213",103132,"Moderate Risk","Improper thawing methods "
4661,"20130530",103129,"Moderate Risk","Insufficient hot water or running water"
4661,"20130530",103142,"Low Risk","Unclean nonfood contact surfaces"
4661,"20130530",103138,"Low Risk","Improper storage use or identification of toxic substances"
4661,"20130530",103120,"Moderate Risk","Moderate risk food holding temperature "
4661,"20121126",103109,"High Risk","Unclean or unsanitary food contact surfaces"
4661,"20121126",103129,"Moderate Risk","Insufficient hot water or running water"
4661,"20121126",103138,"Low Risk","Improper storage use or identification of toxic substances"
4661,"20121126",103144,"Low Risk","Unapproved or unmaintained equipment or utensils"
4661,"20121126",103154,"Low Risk","Unclean or degraded floors walls or ceilings"
4661,"20121126",103161,"Low Risk","Low risk vermin infestation"
4661,"20121126",103120,"Moderate Risk","Moderate risk food holding temperature "
4661,"20140613",103161,"Low Risk","Low risk vermin infestation"
4661,"20140613",103129,"Moderate Risk","Insufficient hot water or running water"
4661,"20140613",103120,"Moderate Risk","Moderate risk food holding temperature "
4661,"20140613",103156,"Low Risk","Permit license or inspection report not posted"
4661,"20140613",103144,"Low Risk","Unapproved or unmaintained equipment or utensils"
4661,"20140613",103133,"Moderate Risk","Foods not protected from contamination"
4665,"20150423",103119,"Moderate Risk","Inadequate and inaccessible handwashing facilities"
4665,"20150423",103116,"Moderate Risk","Inadequate food safety knowledge or lack of certified food safety manager"
4665,"20150423",103142,"Low Risk","Unclean nonfood contact surfaces"
4665,"20150423",103154,"Low Risk","Unclean or degraded floors walls or ceilings"
4665,"20131205",103143,"Low Risk","Inadequate warewashing facilities or equipment"
4665,"20131205",103119,"Moderate Risk","Inadequate and inaccessible handwashing facilities"
4665,"20131205",103124,"Moderate Risk","Inadequately cleaned or sanitized food contact surfaces"
4665,"20130605",103102,"High Risk","Unclean hands or improper use of gloves"
4665,"20121101",103143,"Low Risk","Inadequate warewashing facilities or equipment"
4665,"20140603",103142,"Low Risk","Unclean nonfood contact surfaces"
4665,"20140603",103144,"Low Risk","Unapproved or unmaintained equipment or utensils"
4667,"20140829",103129,"Moderate Risk","Insufficient hot water or running water"
4667,"20130618",103120,"Moderate Risk","Moderate risk food holding temperature "
4667,"20120921",103144,"Low Risk","Unapproved or unmaintained equipment or utensils"
4668,"20130805",103139,"Low Risk","Improper food storage"
4668,"20130805",103161,"Low Risk","Low risk vermin infestation"
4668,"20130805",103116,"Moderate Risk","Inadequate food safety knowledge or lack of certified food safety manager"
4668,"20140501",103101,"High Risk","Unreported or unrestricted ill employee with communicable disease"
4668,"20140501",103103,"High Risk","High risk food holding temperature "
4668,"20140501",103114,"High Risk","High risk vermin infestation"
4668,"20121218",103138,"Low Risk","Improper storage use or identification of toxic substances"
4668,"20121218",103116,"Moderate Risk","Inadequate food safety knowledge or lack of certified food safety manager"
4668,"20121218",103131,"Moderate Risk","Moderate risk vermin infestation"
4668,"20121218",103155,"Low Risk","Unapproved  living quarters in food facility"
4668,"20121218",103154,"Low Risk","Unclean or degraded floors walls or ceilings"
4669,"20141121",103119,"Moderate Risk","Inadequate and inaccessible handwashing facilities"
4669,"20140128",103120,"Moderate Risk","Moderate risk food holding temperature "
4669,"20140128",103150,"Low Risk","Improper or defective plumbing"
4669,"20140128",103139,"Low Risk","Improper food storage"
4669,"20120816",103154,"Low Risk","Unclean or degraded floors walls or ceilings"
4669,"20140529",103120,"Moderate Risk","Moderate risk food holding temperature "
4669,"20140529",103139,"Low Risk","Improper food storage"
4670,"20131024",103104,"High Risk","Unauthorized or unsafe use of time as a public health control measure"
4670,"20131024",103133,"Moderate Risk","Foods not protected from contamination"
4670,"20131024",103131,"Moderate Risk","Moderate risk vermin infestation"
4670,"20131024",103103,"High Risk","High risk food holding temperature "
4670,"20131024",103142,"Low Risk","Unclean nonfood contact surfaces"
4670,"20131024",103124,"Moderate Risk","Inadequately cleaned or sanitized food contact surfaces"
4670,"20140618",103121,"Moderate Risk","Inadequate procedures or records for time as a public health control "
4670,"20140618",103124,"Moderate Risk","Inadequately cleaned or sanitized food contact surfaces"
4670,"20140618",103133,"Moderate Risk","Foods not protected from contamination"
4671,"20141030",103116,"Moderate Risk","Inadequate food safety knowledge or lack of certified food safety manager"
4671,"20140428",103149,"Low Risk","Wiping cloths not clean or properly stored or inadequate sanitizer"
4672,"20140108",103129,"Moderate Risk","Insufficient hot water or running water"
4672,"20140108",103144,"Low Risk","Unapproved or unmaintained equipment or utensils"
4672,"20140108",103142,"Low Risk","Unclean nonfood contact surfaces"
4672,"20140108",103139,"Low Risk","Improper food storage"
4672,"20130619",103142,"Low Risk","Unclean nonfood contact surfaces"
4672,"20130619",103129,"Moderate Risk","Insufficient hot water or running water"
4672,"20130619",103120,"Moderate Risk","Moderate risk food holding temperature "
4672,"20130619",103109,"High Risk","Unclean or unsanitary food contact surfaces"
4672,"20121204",103139,"Low Risk","Improper food storage"
4672,"20121204",103144,"Low Risk","Unapproved or unmaintained equipment or utensils"
4672,"20121204",103156,"Low Risk","Permit license or inspection report not posted"
4672,"20121204",103103,"High Risk","High risk food holding temperature "
4672,"20140624",103142,"Low Risk","Unclean nonfood contact surfaces"
4672,"20140624",103133,"Moderate Risk","Foods not protected from contamination"
4672,"20140624",103144,"Low Risk","Unapproved or unmaintained equipment or utensils"
4672,"20140624",103103,"High Risk","High risk food holding temperature "
4678,"20130423",103149,"Low Risk","Wiping cloths not clean or properly stored or inadequate sanitizer"
4678,"20130423",103157,"Low Risk","Food safety certificate or food handler card not available"
4678,"20121217",103129,"Moderate Risk","Insufficient hot water or running water"
4678,"20121217",103149,"Low Risk","Wiping cloths not clean or properly stored or inadequate sanitizer"
4678,"20121217",103157,"Low Risk","Food safety certificate or food handler card not available"
4678,"20121217",103123,"Moderate Risk","Food in poor condition"
4678,"20140605",103157,"Low Risk","Food safety certificate or food handler card not available"
4681,"20130417",103114,"High Risk","High risk vermin infestation"
4683,"20141230",103150,"Low Risk","Improper or defective plumbing"
4683,"20130624",103154,"Low Risk","Unclean or degraded floors walls or ceilings"
4683,"20131203",103153,"Low Risk","Inadequate dressing rooms or improper storage of personal items"
4683,"20131203",103120,"Moderate Risk","Moderate risk food holding temperature "
4683,"20121219",103161,"Low Risk","Low risk vermin infestation"
4683,"20121219",103157,"Low Risk","Food safety certificate or food handler card not available"
4683,"20121219",103156,"Low Risk","Permit license or inspection report not posted"
4683,"20121219",103153,"Low Risk","Inadequate dressing rooms or improper storage of personal items"
4683,"20121219",103139,"Low Risk","Improper food storage"
4683,"20121219",103120,"Moderate Risk","Moderate risk food holding temperature "
4683,"20121219",103119,"Moderate Risk","Inadequate and inaccessible handwashing facilities"
4683,"20140612",103120,"Moderate Risk","Moderate risk food holding temperature "
4683,"20140612",103139,"Low Risk","Improper food storage"
4685,"20141017",103142,"Low Risk","Unclean nonfood contact surfaces"
4685,"20150504",103139,"Low Risk","Improper food storage"
4685,"20150504",103152,"Low Risk","Unclean unmaintained or improperly constructed toilet facilities"
4685,"20131016",103120,"Moderate Risk","Moderate risk food holding temperature "
4685,"20131016",103152,"Low Risk","Unclean unmaintained or improperly constructed toilet facilities"
4685,"20130326",103142,"Low Risk","Unclean nonfood contact surfaces"
4685,"20130326",103161,"Low Risk","Low risk vermin infestation"
4685,"20140410",103120,"Moderate Risk","Moderate risk food holding temperature "
4685,"20140410",103152,"Low Risk","Unclean unmaintained or improperly constructed toilet facilities"
4685,"20140410",103154,"Low Risk","Unclean or degraded floors walls or ceilings"
4685,"20120719",103154,"Low Risk","Unclean or degraded floors walls or ceilings"
4685,"20120719",103152,"Low Risk","Unclean unmaintained or improperly constructed toilet facilities"
4686,"20150331",103124,"Moderate Risk","Inadequately cleaned or sanitized food contact surfaces"
4686,"20150331",103120,"Moderate Risk","Moderate risk food holding temperature "
4686,"20131217",103103,"High Risk","High risk food holding temperature "
4686,"20131217",103124,"Moderate Risk","Inadequately cleaned or sanitized food contact surfaces"
4686,"20131217",103139,"Low Risk","Improper food storage"
4686,"20131217",103144,"Low Risk","Unapproved or unmaintained equipment or utensils"
4686,"20130612",103133,"Moderate Risk","Foods not protected from contamination"
4686,"20120927",103105,"High Risk","Improper cooling methods"
4686,"20120927",103120,"Moderate Risk","Moderate risk food holding temperature "
4686,"20120927",103102,"High Risk","Unclean hands or improper use of gloves"
4686,"20140618",103119,"Moderate Risk","Inadequate and inaccessible handwashing facilities"
4687,"20140124",103124,"Moderate Risk","Inadequately cleaned or sanitized food contact surfaces"
4687,"20140124",103121,"Moderate Risk","Inadequate procedures or records for time as a public health control "
4687,"20140124",103120,"Moderate Risk","Moderate risk food holding temperature "
4687,"20140124",103144,"Low Risk","Unapproved or unmaintained equipment or utensils"
4687,"20140124",103133,"Moderate Risk","Foods not protected from contamination"
4687,"20130508",103120,"Moderate Risk","Moderate risk food holding temperature "
4687,"20130508",103133,"Moderate Risk","Foods not protected from contamination"
4687,"20130508",103142,"Low Risk","Unclean nonfood contact surfaces"
4687,"20130508",103144,"Low Risk","Unapproved or unmaintained equipment or utensils"
4687,"20120712",103151,"Low Risk","Inadequate or unsanitary refuse containers or area or no garbage service"
4687,"20120712",103139,"Low Risk","Improper food storage"
4687,"20120712",103144,"Low Risk","Unapproved or unmaintained equipment or utensils"
4687,"20120712",103104,"High Risk","Unauthorized or unsafe use of time as a public health control measure"
4687,"20120712",103133,"Moderate Risk","Foods not protected from contamination"
4687,"20140811",103120,"Moderate Risk","Moderate risk food holding temperature "
4687,"20140811",103133,"Moderate Risk","Foods not protected from contamination"
4687,"20140811",103124,"Moderate Risk","Inadequately cleaned or sanitized food contact surfaces"
4687,"20140811",103121,"Moderate Risk","Inadequate procedures or records for time as a public health control "
4688,"20141104",103139,"Low Risk","Improper food storage"
4688,"20141104",103156,"Low Risk","Permit license or inspection report not posted"
4688,"20141104",103149,"Low Risk","Wiping cloths not clean or properly stored or inadequate sanitizer"
4688,"20150507",103149,"Low Risk","Wiping cloths not clean or properly stored or inadequate sanitizer"
4688,"20150507",103157,"Low Risk","Food safety certificate or food handler card not available"
4688,"20130522",103142,"Low Risk","Unclean nonfood contact surfaces"
4692,"20150304",103154,"Low Risk","Unclean or degraded floors walls or ceilings"
4692,"20130619",103145,"Low Risk","Improper storage of equipment utensils or linens"
4692,"20130619",103120,"Moderate Risk","Moderate risk food holding temperature "
4692,"20131205",103139,"Low Risk","Improper food storage"
4692,"20131205",103154,"Low Risk","Unclean or degraded floors walls or ceilings"
4692,"20121126",103154,"Low Risk","Unclean or degraded floors walls or ceilings"
4692,"20140610",103142,"Low Risk","Unclean nonfood contact surfaces"
4692,"20140610",103139,"Low Risk","Improper food storage"
4693,"20121126",103112,"High Risk","No hot water or running water"
4693,"20121126",103154,"Low Risk","Unclean or degraded floors walls or ceilings"
4694,"20130919",103139,"Low Risk","Improper food storage"
4694,"20130919",103154,"Low Risk","Unclean or degraded floors walls or ceilings"
4694,"20130325",103142,"Low Risk","Unclean nonfood contact surfaces"
4694,"20130325",103154,"Low Risk","Unclean or degraded floors walls or ceilings"
4694,"20140303",103139,"Low Risk","Improper food storage"
4694,"20140303",103154,"Low Risk","Unclean or degraded floors walls or ceilings"
4694,"20140303",103161,"Low Risk","Low risk vermin infestation"
4694,"20120913",103154,"Low Risk","Unclean or degraded floors walls or ceilings"
4694,"20120913",103142,"Low Risk","Unclean nonfood contact surfaces"
4700,"20130717",103154,"Low Risk","Unclean or degraded floors walls or ceilings"
4700,"20130717",103142,"Low Risk","Unclean nonfood contact surfaces"
4700,"20131216",103142,"Low Risk","Unclean nonfood contact surfaces"
4700,"20131216",103154,"Low Risk","Unclean or degraded floors walls or ceilings"
4700,"20120725",103120,"Moderate Risk","Moderate risk food holding temperature "
4700,"20130116",103142,"Low Risk","Unclean nonfood contact surfaces"
4700,"20130116",103154,"Low Risk","Unclean or degraded floors walls or ceilings"
4700,"20140609",103120,"Moderate Risk","Moderate risk food holding temperature "
4700,"20140609",103139,"Low Risk","Improper food storage"
4700,"20140609",103144,"Low Risk","Unapproved or unmaintained equipment or utensils"
4702,"20140826",103139,"Low Risk","Improper food storage"
4702,"20140826",103143,"Low Risk","Inadequate warewashing facilities or equipment"
4702,"20130718",103154,"Low Risk","Unclean or degraded floors walls or ceilings"
4702,"20130718",103139,"Low Risk","Improper food storage"
4703,"20150515",103144,"Low Risk","Unapproved or unmaintained equipment or utensils"
4703,"20150515",103149,"Low Risk","Wiping cloths not clean or properly stored or inadequate sanitizer"
4703,"20150515",103142,"Low Risk","Unclean nonfood contact surfaces"
4703,"20131220",103142,"Low Risk","Unclean nonfood contact surfaces"
4703,"20131220",103116,"Moderate Risk","Inadequate food safety knowledge or lack of certified food safety manager"
4703,"20131220",103131,"Moderate Risk","Moderate risk vermin infestation"
4703,"20130522",103133,"Moderate Risk","Foods not protected from contamination"
4703,"20130522",103116,"Moderate Risk","Inadequate food safety knowledge or lack of certified food safety manager"
4703,"20130522",103142,"Low Risk","Unclean nonfood contact surfaces"
4703,"20140813",103145,"Low Risk","Improper storage of equipment utensils or linens"
4703,"20140813",103144,"Low Risk","Unapproved or unmaintained equipment or utensils"
4703,"20140813",103142,"Low Risk","Unclean nonfood contact surfaces"
4703,"20140813",103120,"Moderate Risk","Moderate risk food holding temperature "
4703,"20140813",103149,"Low Risk","Wiping cloths not clean or properly stored or inadequate sanitizer"
4705,"20140909",103148,"Low Risk","No thermometers or uncalibrated thermometers "
4705,"20140909",103138,"Low Risk","Improper storage use or identification of toxic substances"
4705,"20140909",103154,"Low Risk","Unclean or degraded floors walls or ceilings"
4705,"20140909",103124,"Moderate Risk","Inadequately cleaned or sanitized food contact surfaces"
4705,"20140909",103119,"Moderate Risk","Inadequate and inaccessible handwashing facilities"
4705,"20140909",103130,"Moderate Risk","Inadequate sewage or wastewater disposal"
4705,"20140909",103149,"Low Risk","Wiping cloths not clean or properly stored or inadequate sanitizer"
4705,"20140909",103145,"Low Risk","Improper storage of equipment utensils or linens"
4705,"20140103",103162,"Low Risk","Other low risk violation"
4705,"20140103",103149,"Low Risk","Wiping cloths not clean or properly stored or inadequate sanitizer"
4705,"20130524",103120,"Moderate Risk","Moderate risk food holding temperature "
4705,"20130524",103154,"Low Risk","Unclean or degraded floors walls or ceilings"
4705,"20121030",103129,"Moderate Risk","Insufficient hot water or running water"
4706,"20141030",103154,"Low Risk","Unclean or degraded floors walls or ceilings"
4706,"20140214",103119,"Moderate Risk","Inadequate and inaccessible handwashing facilities"
4708,"20150515",103131,"Moderate Risk","Moderate risk vermin infestation"
4708,"20150522",103145,"Low Risk","Improper storage of equipment utensils or linens"
4708,"20150515",103139,"Low Risk","Improper food storage"
4708,"20150515",103142,"Low Risk","Unclean nonfood contact surfaces"
4708,"20150515",103147,"Low Risk","Inadequate ventilation or lighting"
4708,"20150522",103154,"Low Risk","Unclean or degraded floors walls or ceilings"
4708,"20150515",103154,"Low Risk","Unclean or degraded floors walls or ceilings"
4708,"20150515",103145,"Low Risk","Improper storage of equipment utensils or linens"
4708,"20130909",103120,"Moderate Risk","Moderate risk food holding temperature "
4708,"20140422",103138,"Low Risk","Improper storage use or identification of toxic substances"
4708,"20140422",103154,"Low Risk","Unclean or degraded floors walls or ceilings"
4708,"20120921",103119,"Moderate Risk","Inadequate and inaccessible handwashing facilities"
4708,"20120921",103134,"Moderate Risk","Other moderate risk violation"
4708,"20120921",103149,"Low Risk","Wiping cloths not clean or properly stored or inadequate sanitizer"
4708,"20120921",103142,"Low Risk","Unclean nonfood contact surfaces"
4713,"20150519",103144,"Low Risk","Unapproved or unmaintained equipment or utensils"
4713,"20150519",103145,"Low Risk","Improper storage of equipment utensils or linens"
4713,"20150519",103147,"Low Risk","Inadequate ventilation or lighting"
4713,"20150519",103149,"Low Risk","Wiping cloths not clean or properly stored or inadequate sanitizer"
4713,"20130802",103131,"Moderate Risk","Moderate risk vermin infestation"
4713,"20130802",103156,"Low Risk","Permit license or inspection report not posted"
4713,"20130802",103120,"Moderate Risk","Moderate risk food holding temperature "
4713,"20130802",103139,"Low Risk","Improper food storage"
4713,"20130802",103124,"Moderate Risk","Inadequately cleaned or sanitized food contact surfaces"
4713,"20140204",103151,"Low Risk","Inadequate or unsanitary refuse containers or area or no garbage service"
4713,"20140204",103131,"Moderate Risk","Moderate risk vermin infestation"
4713,"20120920",103142,"Low Risk","Unclean nonfood contact surfaces"
4713,"20120920",103114,"High Risk","High risk vermin infestation"
4713,"20120920",103119,"Moderate Risk","Inadequate and inaccessible handwashing facilities"
4713,"20130123",103142,"Low Risk","Unclean nonfood contact surfaces"
4713,"20130123",103114,"High Risk","High risk vermin infestation"
4713,"20130123",103133,"Moderate Risk","Foods not protected from contamination"
4713,"20130123",103119,"Moderate Risk","Inadequate and inaccessible handwashing facilities"
4716,"20150407",103154,"Low Risk","Unclean or degraded floors walls or ceilings"
4716,"20150407",103157,"Low Risk","Food safety certificate or food handler card not available"
4716,"20150407",103147,"Low Risk","Inadequate ventilation or lighting"
4716,"20150407",103144,"Low Risk","Unapproved or unmaintained equipment or utensils"
4716,"20150407",103142,"Low Risk","Unclean nonfood contact surfaces"
4716,"20150407",103139,"Low Risk","Improper food storage"
4716,"20131212",103124,"Moderate Risk","Inadequately cleaned or sanitized food contact surfaces"
4716,"20131212",103144,"Low Risk","Unapproved or unmaintained equipment or utensils"
4716,"20130523",103109,"High Risk","Unclean or unsanitary food contact surfaces"
4716,"20130523",103120,"Moderate Risk","Moderate risk food holding temperature "
4716,"20130523",103154,"Low Risk","Unclean or degraded floors walls or ceilings"
4716,"20130523",103157,"Low Risk","Food safety certificate or food handler card not available"
4716,"20130523",103162,"Low Risk","Other low risk violation"
4716,"20120914",103148,"Low Risk","No thermometers or uncalibrated thermometers "
4716,"20120914",103124,"Moderate Risk","Inadequately cleaned or sanitized food contact surfaces"
4716,"20120914",103119,"Moderate Risk","Inadequate and inaccessible handwashing facilities"
4716,"20120914",103154,"Low Risk","Unclean or degraded floors walls or ceilings"
4716,"20140724",103118,"Moderate Risk","Employee eating or smoking"
4716,"20140724",103161,"Low Risk","Low risk vermin infestation"
4716,"20140724",103139,"Low Risk","Improper food storage"
4718,"20130903",103129,"Moderate Risk","Insufficient hot water or running water"
4718,"20130903",103120,"Moderate Risk","Moderate risk food holding temperature "
4718,"20140228",103139,"Low Risk","Improper food storage"
4718,"20140228",103143,"Low Risk","Inadequate warewashing facilities or equipment"
4718,"20140228",103138,"Low Risk","Improper storage use or identification of toxic substances"
4718,"20121030",103145,"Low Risk","Improper storage of equipment utensils or linens"
4718,"20121030",103133,"Moderate Risk","Foods not protected from contamination"
4718,"20121030",103131,"Moderate Risk","Moderate risk vermin infestation"
4723,"20130812",103139,"Low Risk","Improper food storage"
4723,"20130812",103116,"Moderate Risk","Inadequate food safety knowledge or lack of certified food safety manager"
4723,"20130812",103154,"Low Risk","Unclean or degraded floors walls or ceilings"
4723,"20121113",103116,"Moderate Risk","Inadequate food safety knowledge or lack of certified food safety manager"
4723,"20140722",103116,"Moderate Risk","Inadequate food safety knowledge or lack of certified food safety manager"
4723,"20140722",103156,"Low Risk","Permit license or inspection report not posted"
4723,"20140722",103154,"Low Risk","Unclean or degraded floors walls or ceilings"
4723,"20140722",103139,"Low Risk","Improper food storage"
4729,"20130916",103131,"Moderate Risk","Moderate risk vermin infestation"
4729,"20130916",103138,"Low Risk","Improper storage use or identification of toxic substances"
4729,"20130916",103154,"Low Risk","Unclean or degraded floors walls or ceilings"
4729,"20130917",103112,"High Risk","No hot water or running water"
4729,"20130916",103112,"High Risk","No hot water or running water"
4729,"20120618",103138,"Low Risk","Improper storage use or identification of toxic substances"
4729,"20120618",103116,"Moderate Risk","Inadequate food safety knowledge or lack of certified food safety manager"
4729,"20130123",103116,"Moderate Risk","Inadequate food safety knowledge or lack of certified food safety manager"
4729,"20130123",103131,"Moderate Risk","Moderate risk vermin infestation"
4729,"20140609",103114,"High Risk","High risk vermin infestation"
4732,"20140820",103144,"Low Risk","Unapproved or unmaintained equipment or utensils"
4732,"20140820",103120,"Moderate Risk","Moderate risk food holding temperature "
4732,"20140820",103147,"Low Risk","Inadequate ventilation or lighting"
4732,"20140820",103149,"Low Risk","Wiping cloths not clean or properly stored or inadequate sanitizer"
4732,"20140820",103154,"Low Risk","Unclean or degraded floors walls or ceilings"
4732,"20141211",103132,"Moderate Risk","Improper thawing methods "
4732,"20141211",103136,"Low Risk","Unsanitary employee garments hair or nails"
4732,"20141211",103142,"Low Risk","Unclean nonfood contact surfaces"
4732,"20141211",103144,"Low Risk","Unapproved or unmaintained equipment or utensils"
4732,"20141211",103147,"Low Risk","Inadequate ventilation or lighting"
4732,"20140820",103142,"Low Risk","Unclean nonfood contact surfaces"
4732,"20131108",103149,"Low Risk","Wiping cloths not clean or properly stored or inadequate sanitizer"
4732,"20131108",103139,"Low Risk","Improper food storage"
4732,"20130508",103116,"Moderate Risk","Inadequate food safety knowledge or lack of certified food safety manager"
4732,"20130508",103145,"Low Risk","Improper storage of equipment utensils or linens"
4732,"20130508",103154,"Low Risk","Unclean or degraded floors walls or ceilings"
4732,"20140410",103139,"Low Risk","Improper food storage"
4732,"20140410",103142,"Low Risk","Unclean nonfood contact surfaces"
4732,"20121025",103154,"Low Risk","Unclean or degraded floors walls or ceilings"
4732,"20121025",103149,"Low Risk","Wiping cloths not clean or properly stored or inadequate sanitizer"
4732,"20121025",103120,"Moderate Risk","Moderate risk food holding temperature "
4732,"20121025",103116,"Moderate Risk","Inadequate food safety knowledge or lack of certified food safety manager"
4734,"20150204",103119,"Moderate Risk","Inadequate and inaccessible handwashing facilities"
4734,"20150204",103144,"Low Risk","Unapproved or unmaintained equipment or utensils"
4734,"20150204",103149,"Low Risk","Wiping cloths not clean or properly stored or inadequate sanitizer"
4734,"20150204",103120,"Moderate Risk","Moderate risk food holding temperature "
4734,"20131104",103114,"High Risk","High risk vermin infestation"
4734,"20131104",103119,"Moderate Risk","Inadequate and inaccessible handwashing facilities"
4734,"20120618",103105,"High Risk","Improper cooling methods"
4734,"20120618",103133,"Moderate Risk","Foods not protected from contamination"
4734,"20130111",103149,"Low Risk","Wiping cloths not clean or properly stored or inadequate sanitizer"
4734,"20130111",103142,"Low Risk","Unclean nonfood contact surfaces"
4734,"20130111",103139,"Low Risk","Improper food storage"
4734,"20130111",103153,"Low Risk","Inadequate dressing rooms or improper storage of personal items"
4734,"20140616",103120,"Moderate Risk","Moderate risk food holding temperature "
4734,"20140616",103149,"Low Risk","Wiping cloths not clean or properly stored or inadequate sanitizer"
4734,"20140616",103142,"Low Risk","Unclean nonfood contact surfaces"
4739,"20150414",103109,"High Risk","Unclean or unsanitary food contact surfaces"
4739,"20150414",103120,"Moderate Risk","Moderate risk food holding temperature "
4739,"20150414",103105,"High Risk","Improper cooling methods"
4739,"20130618",103105,"High Risk","Improper cooling methods"
4739,"20130618",103134,"Moderate Risk","Other moderate risk violation"
4746,"20130312",103144,"Low Risk","Unapproved or unmaintained equipment or utensils"
4746,"20130312",103116,"Moderate Risk","Inadequate food safety knowledge or lack of certified food safety manager"
4746,"20140328",103108,"High Risk","Contaminated or adulterated food"
4746,"20140328",103144,"Low Risk","Unapproved or unmaintained equipment or utensils"
4753,"20131213",103139,"Low Risk","Improper food storage"
4753,"20131213",103103,"High Risk","High risk food holding temperature "
4753,"20130211",103131,"Moderate Risk","Moderate risk vermin infestation"
4753,"20130211",103139,"Low Risk","Improper food storage"
4753,"20130211",103144,"Low Risk","Unapproved or unmaintained equipment or utensils"
4753,"20140714",103121,"Moderate Risk","Inadequate procedures or records for time as a public health control "
4753,"20140714",103120,"Moderate Risk","Moderate risk food holding temperature "
4754,"20141121",103116,"Moderate Risk","Inadequate food safety knowledge or lack of certified food safety manager"
4754,"20141121",103133,"Moderate Risk","Foods not protected from contamination"
4754,"20141121",103119,"Moderate Risk","Inadequate and inaccessible handwashing facilities"
4754,"20130705",103150,"Low Risk","Improper or defective plumbing"
4754,"20130705",103120,"Moderate Risk","Moderate risk food holding temperature "
4754,"20130705",103144,"Low Risk","Unapproved or unmaintained equipment or utensils"
4754,"20140205",103145,"Low Risk","Improper storage of equipment utensils or linens"
4754,"20121116",103116,"Moderate Risk","Inadequate food safety knowledge or lack of certified food safety manager"
4754,"20121116",103154,"Low Risk","Unclean or degraded floors walls or ceilings"
4755,"20140102",103133,"Moderate Risk","Foods not protected from contamination"
4755,"20130227",103139,"Low Risk","Improper food storage"
4755,"20130227",103149,"Low Risk","Wiping cloths not clean or properly stored or inadequate sanitizer"
4755,"20140609",103154,"Low Risk","Unclean or degraded floors walls or ceilings"
4755,"20140609",103114,"High Risk","High risk vermin infestation"
4762,"20131021",103142,"Low Risk","Unclean nonfood contact surfaces"
4762,"20131021",103131,"Moderate Risk","Moderate risk vermin infestation"
4762,"20131021",103154,"Low Risk","Unclean or degraded floors walls or ceilings"
4762,"20130103",103133,"Moderate Risk","Foods not protected from contamination"
4762,"20130103",103154,"Low Risk","Unclean or degraded floors walls or ceilings"
4762,"20140603",103157,"Low Risk","Food safety certificate or food handler card not available"
4762,"20140603",103154,"Low Risk","Unclean or degraded floors walls or ceilings"
4762,"20140603",103114,"High Risk","High risk vermin infestation"
4762,"20140603",103109,"High Risk","Unclean or unsanitary food contact surfaces"
4774,"20130913",103154,"Low Risk","Unclean or degraded floors walls or ceilings"
4774,"20130913",103142,"Low Risk","Unclean nonfood contact surfaces"
4774,"20130913",103145,"Low Risk","Improper storage of equipment utensils or linens"
4774,"20140506",103139,"Low Risk","Improper food storage"
4774,"20140506",103120,"Moderate Risk","Moderate risk food holding temperature "
4774,"20140506",103154,"Low Risk","Unclean or degraded floors walls or ceilings"
4774,"20140506",103142,"Low Risk","Unclean nonfood contact surfaces"
4774,"20121130",103154,"Low Risk","Unclean or degraded floors walls or ceilings"
4777,"20130917",103120,"Moderate Risk","Moderate risk food holding temperature "
4777,"20130917",103148,"Low Risk","No thermometers or uncalibrated thermometers "
4777,"20140506",103162,"Low Risk","Other low risk violation"
4777,"20140506",103148,"Low Risk","No thermometers or uncalibrated thermometers "
4777,"20140506",103120,"Moderate Risk","Moderate risk food holding temperature "
4777,"20121204",103124,"Moderate Risk","Inadequately cleaned or sanitized food contact surfaces"
4777,"20121204",103148,"Low Risk","No thermometers or uncalibrated thermometers "
4777,"20121204",103144,"Low Risk","Unapproved or unmaintained equipment or utensils"
4780,"20140929",103119,"Moderate Risk","Inadequate and inaccessible handwashing facilities"
4780,"20140929",103120,"Moderate Risk","Moderate risk food holding temperature "
4780,"20140929",103154,"Low Risk","Unclean or degraded floors walls or ceilings"
4780,"20150429",103149,"Low Risk","Wiping cloths not clean or properly stored or inadequate sanitizer"
4780,"20150429",103141,"Low Risk","Improper food labeling or menu misrepresentation"
4780,"20150429",103133,"Moderate Risk","Foods not protected from contamination"
4780,"20150429",103102,"High Risk","Unclean hands or improper use of gloves"
4780,"20150429",103154,"Low Risk","Unclean or degraded floors walls or ceilings"
4780,"20150429",103131,"Moderate Risk","Moderate risk vermin infestation"
4780,"20130724",103124,"Moderate Risk","Inadequately cleaned or sanitized food contact surfaces"
4780,"20130724",103142,"Low Risk","Unclean nonfood contact surfaces"
4780,"20130724",103147,"Low Risk","Inadequate ventilation or lighting"
4780,"20130724",103149,"Low Risk","Wiping cloths not clean or properly stored or inadequate sanitizer"
4780,"20130724",103154,"Low Risk","Unclean or degraded floors walls or ceilings"
4780,"20130724",103120,"Moderate Risk","Moderate risk food holding temperature "
4780,"20130724",103118,"Moderate Risk","Employee eating or smoking"
4780,"20140219",103120,"Moderate Risk","Moderate risk food holding temperature "
4780,"20140219",103154,"Low Risk","Unclean or degraded floors walls or ceilings"
4780,"20140219",103135,"Low Risk","No person in charge of food facility"
4780,"20140219",103156,"Low Risk","Permit license or inspection report not posted"
4782,"20130912",103154,"Low Risk","Unclean or degraded floors walls or ceilings"
4782,"20130912",103124,"Moderate Risk","Inadequately cleaned or sanitized food contact surfaces"
4782,"20130912",103139,"Low Risk","Improper food storage"
4782,"20130912",103149,"Low Risk","Wiping cloths not clean or properly stored or inadequate sanitizer"
4782,"20121017",103142,"Low Risk","Unclean nonfood contact surfaces"
4782,"20121017",103149,"Low Risk","Wiping cloths not clean or properly stored or inadequate sanitizer"
4782,"20121017",103154,"Low Risk","Unclean or degraded floors walls or ceilings"
4782,"20121017",103133,"Moderate Risk","Foods not protected from contamination"
4782,"20121017",103139,"Low Risk","Improper food storage"
4782,"20140519",103139,"Low Risk","Improper food storage"
4782,"20140519",103142,"Low Risk","Unclean nonfood contact surfaces"
4782,"20140519",103154,"Low Risk","Unclean or degraded floors walls or ceilings"
4782,"20140519",103124,"Moderate Risk","Inadequately cleaned or sanitized food contact surfaces"
4787,"20130711",103103,"High Risk","High risk food holding temperature "
4787,"20130711",103105,"High Risk","Improper cooling methods"
4787,"20130711",103142,"Low Risk","Unclean nonfood contact surfaces"
4787,"20130711",103144,"Low Risk","Unapproved or unmaintained equipment or utensils"
4787,"20130711",103147,"Low Risk","Inadequate ventilation or lighting"
4787,"20120626",103142,"Low Risk","Unclean nonfood contact surfaces"
4787,"20120626",103139,"Low Risk","Improper food storage"
4787,"20120626",103120,"Moderate Risk","Moderate risk food holding temperature "
4787,"20130103",103103,"High Risk","High risk food holding temperature "
4787,"20130103",103142,"Low Risk","Unclean nonfood contact surfaces"
4787,"20140825",103103,"High Risk","High risk food holding temperature "
4787,"20140825",103142,"Low Risk","Unclean nonfood contact surfaces"
4787,"20140825",103161,"Low Risk","Low risk vermin infestation"
4787,"20140825",103138,"Low Risk","Improper storage use or identification of toxic substances"
4787,"20140825",103102,"High Risk","Unclean hands or improper use of gloves"
4787,"20140825",103147,"Low Risk","Inadequate ventilation or lighting"
4787,"20140825",103157,"Low Risk","Food safety certificate or food handler card not available"
4787,"20140825",103149,"Low Risk","Wiping cloths not clean or properly stored or inadequate sanitizer"
4787,"20140825",103119,"Moderate Risk","Inadequate and inaccessible handwashing facilities"
4787,"20140825",103156,"Low Risk","Permit license or inspection report not posted"
4789,"20130221",103142,"Low Risk","Unclean nonfood contact surfaces"
4789,"20130221",103161,"Low Risk","Low risk vermin infestation"
4789,"20140324",103133,"Moderate Risk","Foods not protected from contamination"
4789,"20140324",103156,"Low Risk","Permit license or inspection report not posted"
4789,"20140324",103120,"Moderate Risk","Moderate risk food holding temperature "
4791,"20131114",103142,"Low Risk","Unclean nonfood contact surfaces"
4791,"20131114",103114,"High Risk","High risk vermin infestation"
4791,"20131114",103154,"Low Risk","Unclean or degraded floors walls or ceilings"
4791,"20131114",103157,"Low Risk","Food safety certificate or food handler card not available"
4791,"20121213",103154,"Low Risk","Unclean or degraded floors walls or ceilings"
4791,"20121213",103149,"Low Risk","Wiping cloths not clean or properly stored or inadequate sanitizer"
4791,"20121213",103133,"Moderate Risk","Foods not protected from contamination"
4791,"20121213",103119,"Moderate Risk","Inadequate and inaccessible handwashing facilities"
4791,"20121213",103114,"High Risk","High risk vermin infestation"
4791,"20121213",103142,"Low Risk","Unclean nonfood contact surfaces"
4791,"20140609",103133,"Moderate Risk","Foods not protected from contamination"
4794,"20131106",103156,"Low Risk","Permit license or inspection report not posted"
4794,"20131106",103105,"High Risk","Improper cooling methods"
4794,"20131106",103131,"Moderate Risk","Moderate risk vermin infestation"
4794,"20131106",103133,"Moderate Risk","Foods not protected from contamination"
4794,"20131106",103144,"Low Risk","Unapproved or unmaintained equipment or utensils"
4794,"20131106",103154,"Low Risk","Unclean or degraded floors walls or ceilings"
4794,"20140505",103116,"Moderate Risk","Inadequate food safety knowledge or lack of certified food safety manager"
4794,"20140505",103154,"Low Risk","Unclean or degraded floors walls or ceilings"
4794,"20121119",103142,"Low Risk","Unclean nonfood contact surfaces"
4794,"20121119",103154,"Low Risk","Unclean or degraded floors walls or ceilings"
4794,"20121119",103144,"Low Risk","Unapproved or unmaintained equipment or utensils"
4797,"20150511",103116,"Moderate Risk","Inadequate food safety knowledge or lack of certified food safety manager"
4797,"20150511",103120,"Moderate Risk","Moderate risk food holding temperature "
4797,"20150511",103119,"Moderate Risk","Inadequate and inaccessible handwashing facilities"
4797,"20131205",103148,"Low Risk","No thermometers or uncalibrated thermometers "
4797,"20131205",103103,"High Risk","High risk food holding temperature "
4797,"20121126",103142,"Low Risk","Unclean nonfood contact surfaces"
4797,"20121126",103103,"High Risk","High risk food holding temperature "
4797,"20121126",103139,"Low Risk","Improper food storage"
4797,"20121126",103149,"Low Risk","Wiping cloths not clean or properly stored or inadequate sanitizer"
4798,"20131002",103102,"High Risk","Unclean hands or improper use of gloves"
4798,"20131002",103120,"Moderate Risk","Moderate risk food holding temperature "
4798,"20131002",103148,"Low Risk","No thermometers or uncalibrated thermometers "
4798,"20131002",103124,"Moderate Risk","Inadequately cleaned or sanitized food contact surfaces"
4798,"20131002",103150,"Low Risk","Improper or defective plumbing"
4798,"20130318",103150,"Low Risk","Improper or defective plumbing"
4798,"20130318",103119,"Moderate Risk","Inadequate and inaccessible handwashing facilities"
4798,"20130318",103154,"Low Risk","Unclean or degraded floors walls or ceilings"
4798,"20130318",103144,"Low Risk","Unapproved or unmaintained equipment or utensils"
4798,"20120613",103142,"Low Risk","Unclean nonfood contact surfaces"
4798,"20120613",103114,"High Risk","High risk vermin infestation"
4798,"20120613",103145,"Low Risk","Improper storage of equipment utensils or linens"
4798,"20120613",103124,"Moderate Risk","Inadequately cleaned or sanitized food contact surfaces"
4798,"20120613",103120,"Moderate Risk","Moderate risk food holding temperature "
4798,"20120613",103119,"Moderate Risk","Inadequate and inaccessible handwashing facilities"
4798,"20140709",103113,"High Risk","Sewage or wastewater contamination"
4798,"20140605",103120,"Moderate Risk","Moderate risk food holding temperature "
4798,"20140605",103130,"Moderate Risk","Inadequate sewage or wastewater disposal"
4798,"20140605",103144,"Low Risk","Unapproved or unmaintained equipment or utensils"
4800,"20141006",103144,"Low Risk","Unapproved or unmaintained equipment or utensils"
4801,"20141121",103116,"Moderate Risk","Inadequate food safety knowledge or lack of certified food safety manager"
4803,"20141015",103109,"High Risk","Unclean or unsanitary food contact surfaces"
4803,"20141015",103116,"Moderate Risk","Inadequate food safety knowledge or lack of certified food safety manager"
4803,"20141015",103120,"Moderate Risk","Moderate risk food holding temperature "
4803,"20141015",103131,"Moderate Risk","Moderate risk vermin infestation"
4803,"20130724",103114,"High Risk","High risk vermin infestation"
4803,"20130724",103142,"Low Risk","Unclean nonfood contact surfaces"
4803,"20130724",103141,"Low Risk","Improper food labeling or menu misrepresentation"
4803,"20130724",103103,"High Risk","High risk food holding temperature "
4803,"20130912",103114,"High Risk","High risk vermin infestation"
4803,"20140311",103131,"Moderate Risk","Moderate risk vermin infestation"
4803,"20140311",103142,"Low Risk","Unclean nonfood contact surfaces"
4803,"20140311",103152,"Low Risk","Unclean unmaintained or improperly constructed toilet facilities"
4803,"20140311",103103,"High Risk","High risk food holding temperature "
4803,"20140318",103120,"Moderate Risk","Moderate risk food holding temperature "
4803,"20140318",103131,"Moderate Risk","Moderate risk vermin infestation"
4803,"20140311",103109,"High Risk","Unclean or unsanitary food contact surfaces"
4803,"20140409",103114,"High Risk","High risk vermin infestation"
4803,"20121218",103103,"High Risk","High risk food holding temperature "
4804,"20141017",103162,"Low Risk","Other low risk violation"
4804,"20141017",103156,"Low Risk","Permit license or inspection report not posted"
4804,"20130618",103119,"Moderate Risk","Inadequate and inaccessible handwashing facilities"
4804,"20140307",103103,"High Risk","High risk food holding temperature "
4804,"20140307",103116,"Moderate Risk","Inadequate food safety knowledge or lack of certified food safety manager"
4804,"20121115",103119,"Moderate Risk","Inadequate and inaccessible handwashing facilities"
4804,"20121115",103120,"Moderate Risk","Moderate risk food holding temperature "
4804,"20121121",103103,"High Risk","High risk food holding temperature "
4806,"20150407",103116,"Moderate Risk","Inadequate food safety knowledge or lack of certified food safety manager"
4806,"20130611",103120,"Moderate Risk","Moderate risk food holding temperature "
4806,"20140317",103120,"Moderate Risk","Moderate risk food holding temperature "
4817,"20150213",103142,"Low Risk","Unclean nonfood contact surfaces"
4817,"20150213",103139,"Low Risk","Improper food storage"
4817,"20150213",103144,"Low Risk","Unapproved or unmaintained equipment or utensils"
4817,"20150213",103154,"Low Risk","Unclean or degraded floors walls or ceilings"
4817,"20130910",103143,"Low Risk","Inadequate warewashing facilities or equipment"
4817,"20130910",103120,"Moderate Risk","Moderate risk food holding temperature "
4817,"20130910",103156,"Low Risk","Permit license or inspection report not posted"
4817,"20140411",103142,"Low Risk","Unclean nonfood contact surfaces"
4817,"20140411",103143,"Low Risk","Inadequate warewashing facilities or equipment"
4817,"20140411",103154,"Low Risk","Unclean or degraded floors walls or ceilings"
4817,"20140411",103139,"Low Risk","Improper food storage"
4817,"20130102",103119,"Moderate Risk","Inadequate and inaccessible handwashing facilities"
4817,"20130102",103144,"Low Risk","Unapproved or unmaintained equipment or utensils"
4819,"20140911",103154,"Low Risk","Unclean or degraded floors walls or ceilings"
4819,"20140911",103149,"Low Risk","Wiping cloths not clean or properly stored or inadequate sanitizer"
4819,"20140207",103139,"Low Risk","Improper food storage"
4828,"20130717",103124,"Moderate Risk","Inadequately cleaned or sanitized food contact surfaces"
4828,"20130717",103133,"Moderate Risk","Foods not protected from contamination"
4828,"20130717",103161,"Low Risk","Low risk vermin infestation"
4828,"20130717",103120,"Moderate Risk","Moderate risk food holding temperature "
4828,"20130717",103116,"Moderate Risk","Inadequate food safety knowledge or lack of certified food safety manager"
4828,"20130717",103142,"Low Risk","Unclean nonfood contact surfaces"
4828,"20140424",103144,"Low Risk","Unapproved or unmaintained equipment or utensils"
4828,"20140424",103131,"Moderate Risk","Moderate risk vermin infestation"
4828,"20140424",103129,"Moderate Risk","Insufficient hot water or running water"
4828,"20140424",103120,"Moderate Risk","Moderate risk food holding temperature "
4828,"20120718",103116,"Moderate Risk","Inadequate food safety knowledge or lack of certified food safety manager"
4828,"20120718",103120,"Moderate Risk","Moderate risk food holding temperature "
4828,"20120718",103149,"Low Risk","Wiping cloths not clean or properly stored or inadequate sanitizer"
4828,"20120718",103142,"Low Risk","Unclean nonfood contact surfaces"
4828,"20120718",103161,"Low Risk","Low risk vermin infestation"
4828,"20120718",103129,"Moderate Risk","Insufficient hot water or running water"
4837,"20130923",103149,"Low Risk","Wiping cloths not clean or properly stored or inadequate sanitizer"
4837,"20130923",103142,"Low Risk","Unclean nonfood contact surfaces"
4837,"20140331",103142,"Low Risk","Unclean nonfood contact surfaces"
4837,"20140331",103154,"Low Risk","Unclean or degraded floors walls or ceilings"
4837,"20130207",103119,"Moderate Risk","Inadequate and inaccessible handwashing facilities"
4837,"20130207",103142,"Low Risk","Unclean nonfood contact surfaces"
4837,"20130207",103149,"Low Risk","Wiping cloths not clean or properly stored or inadequate sanitizer"
4841,"20130910",103120,"Moderate Risk","Moderate risk food holding temperature "
4841,"20121114",103150,"Low Risk","Improper or defective plumbing"
4841,"20140620",103116,"Moderate Risk","Inadequate food safety knowledge or lack of certified food safety manager"
4841,"20140620",103161,"Low Risk","Low risk vermin infestation"
4842,"20150527",103161,"Low Risk","Low risk vermin infestation"
4842,"20150527",103124,"Moderate Risk","Inadequately cleaned or sanitized food contact surfaces"
4842,"20150527",103144,"Low Risk","Unapproved or unmaintained equipment or utensils"
4842,"20150527",103154,"Low Risk","Unclean or degraded floors walls or ceilings"
4842,"20131211",103149,"Low Risk","Wiping cloths not clean or properly stored or inadequate sanitizer"
4842,"20131211",103116,"Moderate Risk","Inadequate food safety knowledge or lack of certified food safety manager"
4842,"20131211",103144,"Low Risk","Unapproved or unmaintained equipment or utensils"
4842,"20131211",103142,"Low Risk","Unclean nonfood contact surfaces"
4842,"20130522",103119,"Moderate Risk","Inadequate and inaccessible handwashing facilities"
4842,"20130522",103144,"Low Risk","Unapproved or unmaintained equipment or utensils"
4842,"20140623",103144,"Low Risk","Unapproved or unmaintained equipment or utensils"
4842,"20140623",103116,"Moderate Risk","Inadequate food safety knowledge or lack of certified food safety manager"
4843,"20131031",103144,"Low Risk","Unapproved or unmaintained equipment or utensils"
4843,"20131031",103154,"Low Risk","Unclean or degraded floors walls or ceilings"
4843,"20131031",103157,"Low Risk","Food safety certificate or food handler card not available"
4843,"20131031",103138,"Low Risk","Improper storage use or identification of toxic substances"
4843,"20131031",103141,"Low Risk","Improper food labeling or menu misrepresentation"
4843,"20130306",103139,"Low Risk","Improper food storage"
4843,"20130306",103129,"Moderate Risk","Insufficient hot water or running water"
4843,"20130306",103157,"Low Risk","Food safety certificate or food handler card not available"
4843,"20130306",103144,"Low Risk","Unapproved or unmaintained equipment or utensils"
4843,"20130306",103119,"Moderate Risk","Inadequate and inaccessible handwashing facilities"
4843,"20140529",103120,"Moderate Risk","Moderate risk food holding temperature "
4843,"20140529",103144,"Low Risk","Unapproved or unmaintained equipment or utensils"
4843,"20140529",103154,"Low Risk","Unclean or degraded floors walls or ceilings"
4843,"20140529",103157,"Low Risk","Food safety certificate or food handler card not available"
4844,"20130916",103125,"Moderate Risk","Noncompliance with shell fish tags or display"
4844,"20130916",103144,"Low Risk","Unapproved or unmaintained equipment or utensils"
4844,"20130108",103120,"Moderate Risk","Moderate risk food holding temperature "
4844,"20140602",103139,"Low Risk","Improper food storage"
4844,"20140602",103142,"Low Risk","Unclean nonfood contact surfaces"
4846,"20141103",103112,"High Risk","No hot water or running water"
4846,"20141103",103161,"Low Risk","Low risk vermin infestation"
4846,"20130716",103144,"Low Risk","Unapproved or unmaintained equipment or utensils"
4846,"20130716",103123,"Moderate Risk","Food in poor condition"
4846,"20130716",103119,"Moderate Risk","Inadequate and inaccessible handwashing facilities"
4846,"20140122",103149,"Low Risk","Wiping cloths not clean or properly stored or inadequate sanitizer"
4846,"20140122",103142,"Low Risk","Unclean nonfood contact surfaces"
4846,"20140122",103133,"Moderate Risk","Foods not protected from contamination"
4846,"20121218",103124,"Moderate Risk","Inadequately cleaned or sanitized food contact surfaces"
4846,"20140513",103103,"High Risk","High risk food holding temperature "
4846,"20140513",103119,"Moderate Risk","Inadequate and inaccessible handwashing facilities"
4846,"20140513",103133,"Moderate Risk","Foods not protected from contamination"
4846,"20140513",103142,"Low Risk","Unclean nonfood contact surfaces"
4849,"20141107",103119,"Moderate Risk","Inadequate and inaccessible handwashing facilities"
4849,"20141107",103139,"Low Risk","Improper food storage"
4849,"20131009",103152,"Low Risk","Unclean unmaintained or improperly constructed toilet facilities"
4849,"20131009",103139,"Low Risk","Improper food storage"
4849,"20130326",103152,"Low Risk","Unclean unmaintained or improperly constructed toilet facilities"
4849,"20130326",103157,"Low Risk","Food safety certificate or food handler card not available"
4849,"20140410",103157,"Low Risk","Food safety certificate or food handler card not available"
4849,"20140410",103139,"Low Risk","Improper food storage"
4849,"20120620",103139,"Low Risk","Improper food storage"
4849,"20120620",103152,"Low Risk","Unclean unmaintained or improperly constructed toilet facilities"
4849,"20120620",103154,"Low Risk","Unclean or degraded floors walls or ceilings"
4850,"20131118",103157,"Low Risk","Food safety certificate or food handler card not available"
4850,"20131118",103139,"Low Risk","Improper food storage"
4850,"20130521",103139,"Low Risk","Improper food storage"
4850,"20130521",103161,"Low Risk","Low risk vermin infestation"
4850,"20130521",103157,"Low Risk","Food safety certificate or food handler card not available"
4850,"20121022",103154,"Low Risk","Unclean or degraded floors walls or ceilings"
4850,"20121022",103161,"Low Risk","Low risk vermin infestation"
4850,"20140606",103161,"Low Risk","Low risk vermin infestation"
4850,"20140606",103139,"Low Risk","Improper food storage"
4859,"20131025",103148,"Low Risk","No thermometers or uncalibrated thermometers "
4859,"20121214",103130,"Moderate Risk","Inadequate sewage or wastewater disposal"
4859,"20121214",103148,"Low Risk","No thermometers or uncalibrated thermometers "
4859,"20140609",103144,"Low Risk","Unapproved or unmaintained equipment or utensils"
4859,"20140609",103142,"Low Risk","Unclean nonfood contact surfaces"
4860,"20150129",103145,"Low Risk","Improper storage of equipment utensils or linens"
4860,"20131211",103120,"Moderate Risk","Moderate risk food holding temperature "
4860,"20131211",103145,"Low Risk","Improper storage of equipment utensils or linens"
4860,"20131211",103150,"Low Risk","Improper or defective plumbing"
4860,"20131211",103161,"Low Risk","Low risk vermin infestation"
4860,"20131211",103157,"Low Risk","Food safety certificate or food handler card not available"
4860,"20120712",103154,"Low Risk","Unclean or degraded floors walls or ceilings"
4860,"20120712",103156,"Low Risk","Permit license or inspection report not posted"
4860,"20120712",103157,"Low Risk","Food safety certificate or food handler card not available"
4860,"20120712",103142,"Low Risk","Unclean nonfood contact surfaces"
4860,"20140702",103139,"Low Risk","Improper food storage"
4860,"20140702",103120,"Moderate Risk","Moderate risk food holding temperature "
4860,"20140702",103145,"Low Risk","Improper storage of equipment utensils or linens"
4864,"20150520",103102,"High Risk","Unclean hands or improper use of gloves"
4864,"20150520",103154,"Low Risk","Unclean or degraded floors walls or ceilings"
4864,"20150520",103114,"High Risk","High risk vermin infestation"
4864,"20130320",103103,"High Risk","High risk food holding temperature "
4864,"20130320",103144,"Low Risk","Unapproved or unmaintained equipment or utensils"
4864,"20130320",103131,"Moderate Risk","Moderate risk vermin infestation"
4864,"20120917",103154,"Low Risk","Unclean or degraded floors walls or ceilings"
4864,"20120917",103114,"High Risk","High risk vermin infestation"
4868,"20140902",103114,"High Risk","High risk vermin infestation"
4868,"20140902",103119,"Moderate Risk","Inadequate and inaccessible handwashing facilities"
4868,"20140902",103139,"Low Risk","Improper food storage"
4868,"20130502",103114,"High Risk","High risk vermin infestation"
4868,"20130502",103156,"Low Risk","Permit license or inspection report not posted"
4868,"20130502",103120,"Moderate Risk","Moderate risk food holding temperature "
4873,"20150306",103154,"Low Risk","Unclean or degraded floors walls or ceilings"
4874,"20141029",103120,"Moderate Risk","Moderate risk food holding temperature "
4874,"20130716",103139,"Low Risk","Improper food storage"
4874,"20130716",103149,"Low Risk","Wiping cloths not clean or properly stored or inadequate sanitizer"
4874,"20130716",103157,"Low Risk","Food safety certificate or food handler card not available"
4874,"20140210",103149,"Low Risk","Wiping cloths not clean or properly stored or inadequate sanitizer"
4874,"20121126",103133,"Moderate Risk","Foods not protected from contamination"
4881,"20150120",103138,"Low Risk","Improper storage use or identification of toxic substances"
4881,"20150120",103143,"Low Risk","Inadequate warewashing facilities or equipment"
4881,"20130805",103154,"Low Risk","Unclean or degraded floors walls or ceilings"
4881,"20130805",103149,"Low Risk","Wiping cloths not clean or properly stored or inadequate sanitizer"
4881,"20130805",103139,"Low Risk","Improper food storage"
4881,"20121114",103119,"Moderate Risk","Inadequate and inaccessible handwashing facilities"
4884,"20150127",103118,"Moderate Risk","Employee eating or smoking"
4884,"20150127",103119,"Moderate Risk","Inadequate and inaccessible handwashing facilities"
4884,"20130716",103123,"Moderate Risk","Food in poor condition"
4884,"20130716",103105,"High Risk","Improper cooling methods"
4884,"20140225",103105,"High Risk","Improper cooling methods"
4884,"20120806",103103,"High Risk","High risk food holding temperature "
4884,"20120806",103131,"Moderate Risk","Moderate risk vermin infestation"
4892,"20150316",103131,"Moderate Risk","Moderate risk vermin infestation"
4892,"20150316",103154,"Low Risk","Unclean or degraded floors walls or ceilings"
4892,"20150316",103139,"Low Risk","Improper food storage"
4893,"20140929",103161,"Low Risk","Low risk vermin infestation"
4893,"20130918",103154,"Low Risk","Unclean or degraded floors walls or ceilings"
4894,"20140924",103144,"Low Risk","Unapproved or unmaintained equipment or utensils"
4894,"20140924",103152,"Low Risk","Unclean unmaintained or improperly constructed toilet facilities"
4894,"20130918",103154,"Low Risk","Unclean or degraded floors walls or ceilings"
4894,"20130918",103131,"Moderate Risk","Moderate risk vermin infestation"
4896,"20150508",103142,"Low Risk","Unclean nonfood contact surfaces"
4896,"20130418",103149,"Low Risk","Wiping cloths not clean or properly stored or inadequate sanitizer"
4896,"20120809",103154,"Low Risk","Unclean or degraded floors walls or ceilings"
4896,"20140306",103161,"Low Risk","Low risk vermin infestation"
4896,"20140306",103138,"Low Risk","Improper storage use or identification of toxic substances"
4896,"20140306",103157,"Low Risk","Food safety certificate or food handler card not available"
4896,"20140306",103135,"Low Risk","No person in charge of food facility"
4896,"20140306",103150,"Low Risk","Improper or defective plumbing"
4900,"20131226",103124,"Moderate Risk","Inadequately cleaned or sanitized food contact surfaces"
4900,"20120806",103134,"Moderate Risk","Other moderate risk violation"
4900,"20120806",103139,"Low Risk","Improper food storage"
4900,"20130213",103162,"Low Risk","Other low risk violation"
4900,"20130213",103157,"Low Risk","Food safety certificate or food handler card not available"
4900,"20130213",103144,"Low Risk","Unapproved or unmaintained equipment or utensils"
4900,"20130213",103124,"Moderate Risk","Inadequately cleaned or sanitized food contact surfaces"
4905,"20140818",103116,"Moderate Risk","Inadequate food safety knowledge or lack of certified food safety manager"
4905,"20140818",103133,"Moderate Risk","Foods not protected from contamination"
4906,"20150324",103116,"Moderate Risk","Inadequate food safety knowledge or lack of certified food safety manager"
4906,"20140129",103152,"Low Risk","Unclean unmaintained or improperly constructed toilet facilities"
4906,"20120717",103142,"Low Risk","Unclean nonfood contact surfaces"
4906,"20120717",103129,"Moderate Risk","Insufficient hot water or running water"
4907,"20141021",103154,"Low Risk","Unclean or degraded floors walls or ceilings"
4907,"20141021",103109,"High Risk","Unclean or unsanitary food contact surfaces"
4907,"20141021",103119,"Moderate Risk","Inadequate and inaccessible handwashing facilities"
4907,"20141021",103120,"Moderate Risk","Moderate risk food holding temperature "
4907,"20141021",103131,"Moderate Risk","Moderate risk vermin infestation"
4907,"20141021",103139,"Low Risk","Improper food storage"
4907,"20131025",103120,"Moderate Risk","Moderate risk food holding temperature "
4907,"20131025",103149,"Low Risk","Wiping cloths not clean or properly stored or inadequate sanitizer"
4907,"20131025",103142,"Low Risk","Unclean nonfood contact surfaces"
4907,"20131025",103131,"Moderate Risk","Moderate risk vermin infestation"
4907,"20131025",103109,"High Risk","Unclean or unsanitary food contact surfaces"
4907,"20131025",103144,"Low Risk","Unapproved or unmaintained equipment or utensils"
4907,"20131025",103161,"Low Risk","Low risk vermin infestation"
4907,"20140324",103142,"Low Risk","Unclean nonfood contact surfaces"
4907,"20140324",103119,"Moderate Risk","Inadequate and inaccessible handwashing facilities"
4907,"20140324",103131,"Moderate Risk","Moderate risk vermin infestation"
4907,"20140324",103133,"Moderate Risk","Foods not protected from contamination"
4907,"20140324",103136,"Low Risk","Unsanitary employee garments hair or nails"
4907,"20140324",103147,"Low Risk","Inadequate ventilation or lighting"
4907,"20121010",103149,"Low Risk","Wiping cloths not clean or properly stored or inadequate sanitizer"
4907,"20121010",103144,"Low Risk","Unapproved or unmaintained equipment or utensils"
4914,"20130605",103103,"High Risk","High risk food holding temperature "
4914,"20130605",103119,"Moderate Risk","Inadequate and inaccessible handwashing facilities"
4914,"20130605",103105,"High Risk","Improper cooling methods"
4914,"20140513",103142,"Low Risk","Unclean nonfood contact surfaces"
4914,"20140527",103104,"High Risk","Unauthorized or unsafe use of time as a public health control measure"
4914,"20140513",103102,"High Risk","Unclean hands or improper use of gloves"
4914,"20140513",103121,"Moderate Risk","Inadequate procedures or records for time as a public health control "
4914,"20140527",103116,"Moderate Risk","Inadequate food safety knowledge or lack of certified food safety manager"
4914,"20140513",103157,"Low Risk","Food safety certificate or food handler card not available"
4914,"20140513",103103,"High Risk","High risk food holding temperature "
4917,"20150209",103144,"Low Risk","Unapproved or unmaintained equipment or utensils"
4917,"20150209",103114,"High Risk","High risk vermin infestation"
4917,"20150209",103154,"Low Risk","Unclean or degraded floors walls or ceilings"
4917,"20150209",103120,"Moderate Risk","Moderate risk food holding temperature "
4917,"20150209",103157,"Low Risk","Food safety certificate or food handler card not available"
4917,"20150209",103109,"High Risk","Unclean or unsanitary food contact surfaces"
4917,"20150209",103133,"Moderate Risk","Foods not protected from contamination"
4917,"20150209",103142,"Low Risk","Unclean nonfood contact surfaces"
4917,"20130917",103142,"Low Risk","Unclean nonfood contact surfaces"
4917,"20130917",103154,"Low Risk","Unclean or degraded floors walls or ceilings"
4917,"20130917",103141,"Low Risk","Improper food labeling or menu misrepresentation"
4917,"20130917",103144,"Low Risk","Unapproved or unmaintained equipment or utensils"
4917,"20130917",103114,"High Risk","High risk vermin infestation"
4917,"20130917",103139,"Low Risk","Improper food storage"
4917,"20130531",103139,"Low Risk","Improper food storage"
4917,"20130531",103141,"Low Risk","Improper food labeling or menu misrepresentation"
4917,"20130531",103142,"Low Risk","Unclean nonfood contact surfaces"
4917,"20130531",103154,"Low Risk","Unclean or degraded floors walls or ceilings"
4917,"20130117",103131,"Moderate Risk","Moderate risk vermin infestation"
4917,"20130117",103154,"Low Risk","Unclean or degraded floors walls or ceilings"
4917,"20130117",103142,"Low Risk","Unclean nonfood contact surfaces"
4917,"20130117",103141,"Low Risk","Improper food labeling or menu misrepresentation"
4917,"20140714",103144,"Low Risk","Unapproved or unmaintained equipment or utensils"
4917,"20140714",103142,"Low Risk","Unclean nonfood contact surfaces"
4917,"20140714",103133,"Moderate Risk","Foods not protected from contamination"
4917,"20140714",103141,"Low Risk","Improper food labeling or menu misrepresentation"
4920,"20131227",103148,"Low Risk","No thermometers or uncalibrated thermometers "
4920,"20131227",103139,"Low Risk","Improper food storage"
4920,"20131227",103116,"Moderate Risk","Inadequate food safety knowledge or lack of certified food safety manager"
4920,"20130606",103114,"High Risk","High risk vermin infestation"
4920,"20130606",103108,"High Risk","Contaminated or adulterated food"
4920,"20121119",103109,"High Risk","Unclean or unsanitary food contact surfaces"
4920,"20121119",103161,"Low Risk","Low risk vermin infestation"
4920,"20121119",103144,"Low Risk","Unapproved or unmaintained equipment or utensils"
4920,"20121119",103154,"Low Risk","Unclean or degraded floors walls or ceilings"
4920,"20140722",103139,"Low Risk","Improper food storage"
4920,"20140722",103154,"Low Risk","Unclean or degraded floors walls or ceilings"
4920,"20140722",103142,"Low Risk","Unclean nonfood contact surfaces"
4922,"20131025",103124,"Moderate Risk","Inadequately cleaned or sanitized food contact surfaces"
4922,"20140502",103105,"High Risk","Improper cooling methods"
4922,"20130221",103154,"Low Risk","Unclean or degraded floors walls or ceilings"
4922,"20130221",103150,"Low Risk","Improper or defective plumbing"
4922,"20130221",103144,"Low Risk","Unapproved or unmaintained equipment or utensils"
4923,"20150209",103103,"High Risk","High risk food holding temperature "
4923,"20150605",103124,"Moderate Risk","Inadequately cleaned or sanitized food contact surfaces"
4923,"20150605",103103,"High Risk","High risk food holding temperature "
4923,"20150209",103149,"Low Risk","Wiping cloths not clean or properly stored or inadequate sanitizer"
4923,"20150209",103144,"Low Risk","Unapproved or unmaintained equipment or utensils"
4923,"20150605",103102,"High Risk","Unclean hands or improper use of gloves"
4923,"20131106",103147,"Low Risk","Inadequate ventilation or lighting"
4923,"20131106",103154,"Low Risk","Unclean or degraded floors walls or ceilings"
4923,"20131106",103156,"Low Risk","Permit license or inspection report not posted"
4923,"20131106",103109,"High Risk","Unclean or unsanitary food contact surfaces"
4923,"20131106",103143,"Low Risk","Inadequate warewashing facilities or equipment"
4923,"20140617",103161,"Low Risk","Low risk vermin infestation"
4923,"20140617",103154,"Low Risk","Unclean or degraded floors walls or ceilings"
4923,"20140617",103144,"Low Risk","Unapproved or unmaintained equipment or utensils"
4923,"20140617",103142,"Low Risk","Unclean nonfood contact surfaces"
4932,"20121019",103144,"Low Risk","Unapproved or unmaintained equipment or utensils"
4932,"20121019",103156,"Low Risk","Permit license or inspection report not posted"
4932,"20121019",103145,"Low Risk","Improper storage of equipment utensils or linens"
4935,"20141203",103120,"Moderate Risk","Moderate risk food holding temperature "
4935,"20141203",103114,"High Risk","High risk vermin infestation"
4935,"20130712",103150,"Low Risk","Improper or defective plumbing"
4935,"20130712",103149,"Low Risk","Wiping cloths not clean or properly stored or inadequate sanitizer"
4935,"20130712",103116,"Moderate Risk","Inadequate food safety knowledge or lack of certified food safety manager"
4935,"20140411",103158,"Low Risk","Unpermitted food facility"
4935,"20140411",103110,"High Risk","Unapproved food source"
4935,"20140411",103120,"Moderate Risk","Moderate risk food holding temperature "
4935,"20140411",103141,"Low Risk","Improper food labeling or menu misrepresentation"
4935,"20140411",103144,"Low Risk","Unapproved or unmaintained equipment or utensils"
4935,"20140411",103132,"Moderate Risk","Improper thawing methods "
4944,"20150317",103144,"Low Risk","Unapproved or unmaintained equipment or utensils"
4944,"20130828",103114,"High Risk","High risk vermin infestation"
4944,"20130828",103109,"High Risk","Unclean or unsanitary food contact surfaces"
4944,"20130313",103116,"Moderate Risk","Inadequate food safety knowledge or lack of certified food safety manager"
4944,"20140221",103112,"High Risk","No hot water or running water"
4944,"20140221",103119,"Moderate Risk","Inadequate and inaccessible handwashing facilities"
4944,"20120817",103142,"Low Risk","Unclean nonfood contact surfaces"
4947,"20150209",103138,"Low Risk","Improper storage use or identification of toxic substances"
4947,"20131227",103149,"Low Risk","Wiping cloths not clean or properly stored or inadequate sanitizer"
4947,"20131227",103142,"Low Risk","Unclean nonfood contact surfaces"
4947,"20140703",103149,"Low Risk","Wiping cloths not clean or properly stored or inadequate sanitizer"
4947,"20140703",103133,"Moderate Risk","Foods not protected from contamination"
4950,"20130905",103119,"Moderate Risk","Inadequate and inaccessible handwashing facilities"
4950,"20130905",103149,"Low Risk","Wiping cloths not clean or properly stored or inadequate sanitizer"
4950,"20140414",103145,"Low Risk","Improper storage of equipment utensils or linens"
4950,"20140414",103119,"Moderate Risk","Inadequate and inaccessible handwashing facilities"
4950,"20121005",103120,"Moderate Risk","Moderate risk food holding temperature "
4952,"20150204",103120,"Moderate Risk","Moderate risk food holding temperature "
4953,"20140429",103103,"High Risk","High risk food holding temperature "
4957,"20140827",103113,"High Risk","Sewage or wastewater contamination"
4957,"20150209",103142,"Low Risk","Unclean nonfood contact surfaces"
4957,"20150209",103103,"High Risk","High risk food holding temperature "
4957,"20130924",103124,"Moderate Risk","Inadequately cleaned or sanitized food contact surfaces"
4957,"20130924",103149,"Low Risk","Wiping cloths not clean or properly stored or inadequate sanitizer"
4957,"20130924",103103,"High Risk","High risk food holding temperature "
4957,"20130924",103154,"Low Risk","Unclean or degraded floors walls or ceilings"
4957,"20121116",103142,"Low Risk","Unclean nonfood contact surfaces"
4957,"20121116",103131,"Moderate Risk","Moderate risk vermin infestation"
4957,"20121116",103154,"Low Risk","Unclean or degraded floors walls or ceilings"
4957,"20121116",103113,"High Risk","Sewage or wastewater contamination"
4957,"20121127",103161,"Low Risk","Low risk vermin infestation"
4957,"20140613",103142,"Low Risk","Unclean nonfood contact surfaces"
4957,"20140613",103139,"Low Risk","Improper food storage"
4957,"20140613",103105,"High Risk","Improper cooling methods"
4957,"20140613",103154,"Low Risk","Unclean or degraded floors walls or ceilings"
4959,"20150401",103131,"Moderate Risk","Moderate risk vermin infestation"
4959,"20150401",103154,"Low Risk","Unclean or degraded floors walls or ceilings"
4959,"20150401",103139,"Low Risk","Improper food storage"
4959,"20130919",103103,"High Risk","High risk food holding temperature "
4959,"20130919",103150,"Low Risk","Improper or defective plumbing"
4959,"20130919",103129,"Moderate Risk","Insufficient hot water or running water"
4959,"20130919",103154,"Low Risk","Unclean or degraded floors walls or ceilings"
4959,"20130513",103161,"Low Risk","Low risk vermin infestation"
4959,"20130513",103129,"Moderate Risk","Insufficient hot water or running water"
4959,"20130513",103132,"Moderate Risk","Improper thawing methods "
4959,"20130513",103144,"Low Risk","Unapproved or unmaintained equipment or utensils"
4959,"20130513",103103,"High Risk","High risk food holding temperature "
4959,"20130513",103133,"Moderate Risk","Foods not protected from contamination"
4959,"20140421",103149,"Low Risk","Wiping cloths not clean or properly stored or inadequate sanitizer"
4959,"20140421",103138,"Low Risk","Improper storage use or identification of toxic substances"
4959,"20140421",103144,"Low Risk","Unapproved or unmaintained equipment or utensils"
4959,"20120905",103118,"Moderate Risk","Employee eating or smoking"
4960,"20131203",103142,"Low Risk","Unclean nonfood contact surfaces"
4960,"20131203",103144,"Low Risk","Unapproved or unmaintained equipment or utensils"
4960,"20131203",103132,"Moderate Risk","Improper thawing methods "
4960,"20131203",103104,"High Risk","Unauthorized or unsafe use of time as a public health control measure"
4960,"20131203",103133,"Moderate Risk","Foods not protected from contamination"
4960,"20130129",103120,"Moderate Risk","Moderate risk food holding temperature "
4960,"20130129",103104,"High Risk","Unauthorized or unsafe use of time as a public health control measure"
4960,"20130129",103154,"Low Risk","Unclean or degraded floors walls or ceilings"
4960,"20130129",103124,"Moderate Risk","Inadequately cleaned or sanitized food contact surfaces"
4960,"20130129",103114,"High Risk","High risk vermin infestation"
4960,"20130206",103133,"Moderate Risk","Foods not protected from contamination"
4960,"20140722",103142,"Low Risk","Unclean nonfood contact surfaces"
4960,"20140722",103121,"Moderate Risk","Inadequate procedures or records for time as a public health control "
4960,"20140722",103133,"Moderate Risk","Foods not protected from contamination"
4963,"20130905",103159,"Low Risk","Worker safety hazards"
4963,"20130905",103142,"Low Risk","Unclean nonfood contact surfaces"
4963,"20130207",103147,"Low Risk","Inadequate ventilation or lighting"
4963,"20130207",103129,"Moderate Risk","Insufficient hot water or running water"
4963,"20130207",103139,"Low Risk","Improper food storage"
4963,"20130207",103142,"Low Risk","Unclean nonfood contact surfaces"
4963,"20130207",103144,"Low Risk","Unapproved or unmaintained equipment or utensils"
4963,"20130207",103154,"Low Risk","Unclean or degraded floors walls or ceilings"
4963,"20130207",103145,"Low Risk","Improper storage of equipment utensils or linens"
4963,"20130207",103152,"Low Risk","Unclean unmaintained or improperly constructed toilet facilities"
4963,"20130207",103149,"Low Risk","Wiping cloths not clean or properly stored or inadequate sanitizer"
4963,"20130207",103102,"High Risk","Unclean hands or improper use of gloves"
4963,"20130207",103156,"Low Risk","Permit license or inspection report not posted"
4963,"20140610",103102,"High Risk","Unclean hands or improper use of gloves"
4963,"20140610",103119,"Moderate Risk","Inadequate and inaccessible handwashing facilities"
4963,"20140610",103133,"Moderate Risk","Foods not protected from contamination"
4963,"20140610",103154,"Low Risk","Unclean or degraded floors walls or ceilings"
4963,"20140610",103157,"Low Risk","Food safety certificate or food handler card not available"
4978,"20140826",103161,"Low Risk","Low risk vermin infestation"
4978,"20140826",103120,"Moderate Risk","Moderate risk food holding temperature "
4978,"20130710",103120,"Moderate Risk","Moderate risk food holding temperature "
4978,"20130710",103139,"Low Risk","Improper food storage"
4978,"20130710",103149,"Low Risk","Wiping cloths not clean or properly stored or inadequate sanitizer"
4978,"20130710",103154,"Low Risk","Unclean or degraded floors walls or ceilings"
4978,"20130710",103161,"Low Risk","Low risk vermin infestation"
4978,"20140204",103144,"Low Risk","Unapproved or unmaintained equipment or utensils"
4978,"20140204",103154,"Low Risk","Unclean or degraded floors walls or ceilings"
4978,"20140204",103142,"Low Risk","Unclean nonfood contact surfaces"
4982,"20131113",103139,"Low Risk","Improper food storage"
4982,"20131113",103119,"Moderate Risk","Inadequate and inaccessible handwashing facilities"
4982,"20130515",103154,"Low Risk","Unclean or degraded floors walls or ceilings"
4982,"20130515",103142,"Low Risk","Unclean nonfood contact surfaces"
4982,"20130515",103145,"Low Risk","Improper storage of equipment utensils or linens"
4982,"20130515",103116,"Moderate Risk","Inadequate food safety knowledge or lack of certified food safety manager"
4982,"20121030",103116,"Moderate Risk","Inadequate food safety knowledge or lack of certified food safety manager"
4982,"20121030",103154,"Low Risk","Unclean or degraded floors walls or ceilings"
4982,"20121030",103120,"Moderate Risk","Moderate risk food holding temperature "
4982,"20121030",103142,"Low Risk","Unclean nonfood contact surfaces"
4982,"20140606",103154,"Low Risk","Unclean or degraded floors walls or ceilings"
4982,"20140606",103142,"Low Risk","Unclean nonfood contact surfaces"
4982,"20140606",103120,"Moderate Risk","Moderate risk food holding temperature "
4982,"20140606",103139,"Low Risk","Improper food storage"
4983,"20140909",103154,"Low Risk","Unclean or degraded floors walls or ceilings"
4983,"20140909",103139,"Low Risk","Improper food storage"
4983,"20140909",103120,"Moderate Risk","Moderate risk food holding temperature "
4983,"20130925",103139,"Low Risk","Improper food storage"
4983,"20130925",103154,"Low Risk","Unclean or degraded floors walls or ceilings"
4983,"20130925",103149,"Low Risk","Wiping cloths not clean or properly stored or inadequate sanitizer"
4983,"20130925",103131,"Moderate Risk","Moderate risk vermin infestation"
4983,"20121204",103124,"Moderate Risk","Inadequately cleaned or sanitized food contact surfaces"
4985,"20150106",103133,"Moderate Risk","Foods not protected from contamination"
4985,"20131030",103144,"Low Risk","Unapproved or unmaintained equipment or utensils"
4985,"20140417",103109,"High Risk","Unclean or unsanitary food contact surfaces"
4985,"20120822",103129,"Moderate Risk","Insufficient hot water or running water"
4985,"20120822",103103,"High Risk","High risk food holding temperature "
4985,"20120822",103102,"High Risk","Unclean hands or improper use of gloves"
4985,"20120822",103149,"Low Risk","Wiping cloths not clean or properly stored or inadequate sanitizer"
4985,"20130116",103119,"Moderate Risk","Inadequate and inaccessible handwashing facilities"
4985,"20130116",103144,"Low Risk","Unapproved or unmaintained equipment or utensils"
4985,"20130116",103145,"Low Risk","Improper storage of equipment utensils or linens"
4985,"20130116",103104,"High Risk","Unauthorized or unsafe use of time as a public health control measure"
4986,"20130709",103124,"Moderate Risk","Inadequately cleaned or sanitized food contact surfaces"
4986,"20130709",103161,"Low Risk","Low risk vermin infestation"
4986,"20130709",103142,"Low Risk","Unclean nonfood contact surfaces"
4986,"20140123",103120,"Moderate Risk","Moderate risk food holding temperature "
4986,"20140123",103109,"High Risk","Unclean or unsanitary food contact surfaces"
4986,"20120807",103124,"Moderate Risk","Inadequately cleaned or sanitized food contact surfaces"
4986,"20120807",103145,"Low Risk","Improper storage of equipment utensils or linens"
4986,"20140709",103154,"Low Risk","Unclean or degraded floors walls or ceilings"
4986,"20140709",103132,"Moderate Risk","Improper thawing methods "
4986,"20140709",103156,"Low Risk","Permit license or inspection report not posted"
4986,"20140709",103120,"Moderate Risk","Moderate risk food holding temperature "
4987,"20150521",103148,"Low Risk","No thermometers or uncalibrated thermometers "
4987,"20150521",103119,"Moderate Risk","Inadequate and inaccessible handwashing facilities"
4987,"20150521",103138,"Low Risk","Improper storage use or identification of toxic substances"
4987,"20130611",103120,"Moderate Risk","Moderate risk food holding temperature "
4987,"20130611",103142,"Low Risk","Unclean nonfood contact surfaces"
4987,"20130611",103149,"Low Risk","Wiping cloths not clean or properly stored or inadequate sanitizer"
4987,"20130611",103161,"Low Risk","Low risk vermin infestation"
4987,"20130611",103133,"Moderate Risk","Foods not protected from contamination"
4987,"20140331",103161,"Low Risk","Low risk vermin infestation"
4987,"20140331",103149,"Low Risk","Wiping cloths not clean or properly stored or inadequate sanitizer"
4987,"20140331",103133,"Moderate Risk","Foods not protected from contamination"
4987,"20140331",103144,"Low Risk","Unapproved or unmaintained equipment or utensils"
4992,"20131230",103150,"Low Risk","Improper or defective plumbing"
4992,"20131230",103154,"Low Risk","Unclean or degraded floors walls or ceilings"
4992,"20130219",103154,"Low Risk","Unclean or degraded floors walls or ceilings"
4992,"20140613",103131,"Moderate Risk","Moderate risk vermin infestation"
4992,"20140613",103129,"Moderate Risk","Insufficient hot water or running water"
4998,"20120821",103116,"Moderate Risk","Inadequate food safety knowledge or lack of certified food safety manager"
4999,"20150604",103116,"Moderate Risk","Inadequate food safety knowledge or lack of certified food safety manager"
4999,"20150604",103131,"Moderate Risk","Moderate risk vermin infestation"
4999,"20150604",103129,"Moderate Risk","Insufficient hot water or running water"
4999,"20130327",103103,"High Risk","High risk food holding temperature "
4999,"20140331",103138,"Low Risk","Improper storage use or identification of toxic substances"
4999,"20140331",103148,"Low Risk","No thermometers or uncalibrated thermometers "
4999,"20140331",103120,"Moderate Risk","Moderate risk food holding temperature "
4999,"20121002",103139,"Low Risk","Improper food storage"
5000,"20150604",103119,"Moderate Risk","Inadequate and inaccessible handwashing facilities"
5000,"20130327",103154,"Low Risk","Unclean or degraded floors walls or ceilings"
5000,"20130327",103161,"Low Risk","Low risk vermin infestation"
5000,"20140331",103154,"Low Risk","Unclean or degraded floors walls or ceilings"
5000,"20140331",103116,"Moderate Risk","Inadequate food safety knowledge or lack of certified food safety manager"
5000,"20121012",103131,"Moderate Risk","Moderate risk vermin infestation"
5000,"20121012",103152,"Low Risk","Unclean unmaintained or improperly constructed toilet facilities"
5006,"20150504",103120,"Moderate Risk","Moderate risk food holding temperature "
5006,"20150504",103124,"Moderate Risk","Inadequately cleaned or sanitized food contact surfaces"
5006,"20131230",103119,"Moderate Risk","Inadequate and inaccessible handwashing facilities"
5006,"20130521",103109,"High Risk","Unclean or unsanitary food contact surfaces"
5006,"20140610",103103,"High Risk","High risk food holding temperature "
5010,"20130829",103120,"Moderate Risk","Moderate risk food holding temperature "
5010,"20130829",103131,"Moderate Risk","Moderate risk vermin infestation"
5010,"20130829",103139,"Low Risk","Improper food storage"
5010,"20130829",103142,"Low Risk","Unclean nonfood contact surfaces"
5010,"20130829",103149,"Low Risk","Wiping cloths not clean or properly stored or inadequate sanitizer"
5010,"20130829",103157,"Low Risk","Food safety certificate or food handler card not available"
5010,"20140501",103103,"High Risk","High risk food holding temperature "
5010,"20140501",103102,"High Risk","Unclean hands or improper use of gloves"
5010,"20140501",103144,"Low Risk","Unapproved or unmaintained equipment or utensils"
5010,"20140501",103139,"Low Risk","Improper food storage"
5010,"20140501",103142,"Low Risk","Unclean nonfood contact surfaces"
5010,"20140501",103114,"High Risk","High risk vermin infestation"
5010,"20130205",103102,"High Risk","Unclean hands or improper use of gloves"
5010,"20130205",103109,"High Risk","Unclean or unsanitary food contact surfaces"
5010,"20130205",103114,"High Risk","High risk vermin infestation"
5010,"20130205",103154,"Low Risk","Unclean or degraded floors walls or ceilings"
5010,"20130205",103144,"Low Risk","Unapproved or unmaintained equipment or utensils"
5010,"20130205",103138,"Low Risk","Improper storage use or identification of toxic substances"
5010,"20130214",103161,"Low Risk","Low risk vermin infestation"
5010,"20130205",103120,"Moderate Risk","Moderate risk food holding temperature "
5011,"20141230",103129,"Moderate Risk","Insufficient hot water or running water"
5011,"20141230",103102,"High Risk","Unclean hands or improper use of gloves"
5011,"20131223",103118,"Moderate Risk","Employee eating or smoking"
5011,"20131223",103143,"Low Risk","Inadequate warewashing facilities or equipment"
5011,"20131223",103156,"Low Risk","Permit license or inspection report not posted"
5011,"20130530",103147,"Low Risk","Inadequate ventilation or lighting"
5011,"20130530",103154,"Low Risk","Unclean or degraded floors walls or ceilings"
5011,"20130530",103143,"Low Risk","Inadequate warewashing facilities or equipment"
5011,"20120612",103129,"Moderate Risk","Insufficient hot water or running water"
5011,"20121121",103143,"Low Risk","Inadequate warewashing facilities or equipment"
5011,"20121121",103154,"Low Risk","Unclean or degraded floors walls or ceilings"
5011,"20121121",103138,"Low Risk","Improper storage use or identification of toxic substances"
5016,"20150408",103112,"High Risk","No hot water or running water"
5016,"20150408",103113,"High Risk","Sewage or wastewater contamination"
5016,"20150408",103124,"Moderate Risk","Inadequately cleaned or sanitized food contact surfaces"
5016,"20150408",103154,"Low Risk","Unclean or degraded floors walls or ceilings"
5016,"20130904",103131,"Moderate Risk","Moderate risk vermin infestation"
5016,"20130904",103154,"Low Risk","Unclean or degraded floors walls or ceilings"
5016,"20130904",103129,"Moderate Risk","Insufficient hot water or running water"
5016,"20130904",103142,"Low Risk","Unclean nonfood contact surfaces"
5016,"20140311",103120,"Moderate Risk","Moderate risk food holding temperature "
5016,"20140311",103154,"Low Risk","Unclean or degraded floors walls or ceilings"
5016,"20140311",103119,"Moderate Risk","Inadequate and inaccessible handwashing facilities"
5016,"20130123",103131,"Moderate Risk","Moderate risk vermin infestation"
5016,"20130123",103154,"Low Risk","Unclean or degraded floors walls or ceilings"
5016,"20130123",103144,"Low Risk","Unapproved or unmaintained equipment or utensils"
5016,"20130123",103109,"High Risk","Unclean or unsanitary food contact surfaces"
5016,"20130123",103145,"Low Risk","Improper storage of equipment utensils or linens"
5017,"20130710",103131,"Moderate Risk","Moderate risk vermin infestation"
5017,"20130710",103154,"Low Risk","Unclean or degraded floors walls or ceilings"
5017,"20130710",103142,"Low Risk","Unclean nonfood contact surfaces"
5017,"20130710",103138,"Low Risk","Improper storage use or identification of toxic substances"
5017,"20131210",103142,"Low Risk","Unclean nonfood contact surfaces"
5017,"20131210",103131,"Moderate Risk","Moderate risk vermin infestation"
5017,"20131210",103154,"Low Risk","Unclean or degraded floors walls or ceilings"
5017,"20120619",103114,"High Risk","High risk vermin infestation"
5017,"20120619",103120,"Moderate Risk","Moderate risk food holding temperature "
5017,"20120619",103123,"Moderate Risk","Food in poor condition"
5017,"20120619",103134,"Moderate Risk","Other moderate risk violation"
5017,"20120619",103154,"Low Risk","Unclean or degraded floors walls or ceilings"
5017,"20120619",103127,"Moderate Risk","Noncompliance with HAACP plan or variance"
5017,"20121206",103154,"Low Risk","Unclean or degraded floors walls or ceilings"
5017,"20121206",103149,"Low Risk","Wiping cloths not clean or properly stored or inadequate sanitizer"
5017,"20121206",103139,"Low Risk","Improper food storage"
5017,"20121206",103131,"Moderate Risk","Moderate risk vermin infestation"
5017,"20121206",103134,"Moderate Risk","Other moderate risk violation"
5017,"20140625",103131,"Moderate Risk","Moderate risk vermin infestation"
5017,"20140625",103141,"Low Risk","Improper food labeling or menu misrepresentation"
5017,"20140625",103142,"Low Risk","Unclean nonfood contact surfaces"
5017,"20140625",103154,"Low Risk","Unclean or degraded floors walls or ceilings"
5017,"20140625",103120,"Moderate Risk","Moderate risk food holding temperature "
5018,"20131213",103102,"High Risk","Unclean hands or improper use of gloves"
5018,"20131213",103121,"Moderate Risk","Inadequate procedures or records for time as a public health control "
5018,"20131213",103106,"High Risk","Improper cooking time or temperatures"
5018,"20131213",103144,"Low Risk","Unapproved or unmaintained equipment or utensils"
5018,"20130530",103129,"Moderate Risk","Insufficient hot water or running water"
5018,"20130530",103154,"Low Risk","Unclean or degraded floors walls or ceilings"
5018,"20130530",103102,"High Risk","Unclean hands or improper use of gloves"
5018,"20121126",103130,"Moderate Risk","Inadequate sewage or wastewater disposal"
5018,"20121126",103121,"Moderate Risk","Inadequate procedures or records for time as a public health control "
5018,"20121126",103112,"High Risk","No hot water or running water"
5018,"20140613",103144,"Low Risk","Unapproved or unmaintained equipment or utensils"
5018,"20140613",103120,"Moderate Risk","Moderate risk food holding temperature "
5018,"20140613",103102,"High Risk","Unclean hands or improper use of gloves"
5019,"20131018",103151,"Low Risk","Inadequate or unsanitary refuse containers or area or no garbage service"
5019,"20131018",103109,"High Risk","Unclean or unsanitary food contact surfaces"
5019,"20140730",103154,"Low Risk","Unclean or degraded floors walls or ceilings"
5019,"20140730",103152,"Low Risk","Unclean unmaintained or improperly constructed toilet facilities"
5025,"20140821",103103,"High Risk","High risk food holding temperature "
5025,"20140325",103142,"Low Risk","Unclean nonfood contact surfaces"
5025,"20121120",103144,"Low Risk","Unapproved or unmaintained equipment or utensils"
5025,"20121120",103142,"Low Risk","Unclean nonfood contact surfaces"
5032,"20140612",103150,"Low Risk","Improper or defective plumbing"
5032,"20140612",103154,"Low Risk","Unclean or degraded floors walls or ceilings"
5033,"20140903",103142,"Low Risk","Unclean nonfood contact surfaces"
5033,"20150306",103131,"Moderate Risk","Moderate risk vermin infestation"
5033,"20130917",103156,"Low Risk","Permit license or inspection report not posted"
5033,"20130917",103119,"Moderate Risk","Inadequate and inaccessible handwashing facilities"
5033,"20130917",103103,"High Risk","High risk food holding temperature "
5033,"20130917",103161,"Low Risk","Low risk vermin infestation"
5033,"20140226",103120,"Moderate Risk","Moderate risk food holding temperature "
5033,"20140226",103142,"Low Risk","Unclean nonfood contact surfaces"
5033,"20140226",103161,"Low Risk","Low risk vermin infestation"
5033,"20120713",103131,"Moderate Risk","Moderate risk vermin infestation"
5033,"20120713",103118,"Moderate Risk","Employee eating or smoking"
5033,"20120713",103154,"Low Risk","Unclean or degraded floors walls or ceilings"
5033,"20130118",103157,"Low Risk","Food safety certificate or food handler card not available"
5033,"20130118",103154,"Low Risk","Unclean or degraded floors walls or ceilings"
5033,"20130118",103114,"High Risk","High risk vermin infestation"
5038,"20150126",103124,"Moderate Risk","Inadequately cleaned or sanitized food contact surfaces"
5038,"20150126",103138,"Low Risk","Improper storage use or identification of toxic substances"
5038,"20131007",103143,"Low Risk","Inadequate warewashing facilities or equipment"
5038,"20140416",103131,"Moderate Risk","Moderate risk vermin infestation"
5038,"20140416",103154,"Low Risk","Unclean or degraded floors walls or ceilings"
5038,"20120620",103133,"Moderate Risk","Foods not protected from contamination"
5038,"20130111",103120,"Moderate Risk","Moderate risk food holding temperature "
5039,"20141205",103147,"Low Risk","Inadequate ventilation or lighting"
5039,"20141205",103142,"Low Risk","Unclean nonfood contact surfaces"
5039,"20130829",103131,"Moderate Risk","Moderate risk vermin infestation"
5039,"20121217",103149,"Low Risk","Wiping cloths not clean or properly stored or inadequate sanitizer"
5039,"20121217",103154,"Low Risk","Unclean or degraded floors walls or ceilings"
5039,"20121217",103159,"Low Risk","Worker safety hazards"
5039,"20121217",103124,"Moderate Risk","Inadequately cleaned or sanitized food contact surfaces"
5039,"20140528",103138,"Low Risk","Improper storage use or identification of toxic substances"
5039,"20140528",103159,"Low Risk","Worker safety hazards"
5039,"20140528",103139,"Low Risk","Improper food storage"
5049,"20141203",103134,"Moderate Risk","Other moderate risk violation"
5049,"20141203",103103,"High Risk","High risk food holding temperature "
5049,"20141203",103148,"Low Risk","No thermometers or uncalibrated thermometers "
5049,"20141203",103150,"Low Risk","Improper or defective plumbing"
5049,"20141203",103161,"Low Risk","Low risk vermin infestation"
5049,"20130613",103102,"High Risk","Unclean hands or improper use of gloves"
5049,"20130613",103120,"Moderate Risk","Moderate risk food holding temperature "
5053,"20131001",103141,"Low Risk","Improper food labeling or menu misrepresentation"
5053,"20131001",103147,"Low Risk","Inadequate ventilation or lighting"
5053,"20131001",103157,"Low Risk","Food safety certificate or food handler card not available"
5053,"20131001",103103,"High Risk","High risk food holding temperature "
5053,"20130328",103138,"Low Risk","Improper storage use or identification of toxic substances"
5053,"20130328",103157,"Low Risk","Food safety certificate or food handler card not available"
5053,"20130328",103149,"Low Risk","Wiping cloths not clean or properly stored or inadequate sanitizer"
5053,"20130328",103120,"Moderate Risk","Moderate risk food holding temperature "
5053,"20120907",103149,"Low Risk","Wiping cloths not clean or properly stored or inadequate sanitizer"
5053,"20120907",103120,"Moderate Risk","Moderate risk food holding temperature "
5053,"20140530",103103,"High Risk","High risk food holding temperature "
5053,"20140530",103157,"Low Risk","Food safety certificate or food handler card not available"
5053,"20140530",103138,"Low Risk","Improper storage use or identification of toxic substances"
5053,"20140530",103141,"Low Risk","Improper food labeling or menu misrepresentation"
5053,"20140530",103147,"Low Risk","Inadequate ventilation or lighting"
5068,"20130312",103116,"Moderate Risk","Inadequate food safety knowledge or lack of certified food safety manager"
5068,"20140328",103144,"Low Risk","Unapproved or unmaintained equipment or utensils"
5068,"20140328",103148,"Low Risk","No thermometers or uncalibrated thermometers "
5068,"20140328",103116,"Moderate Risk","Inadequate food safety knowledge or lack of certified food safety manager"
5068,"20140328",103103,"High Risk","High risk food holding temperature "
5068,"20120628",103148,"Low Risk","No thermometers or uncalibrated thermometers "
5068,"20120628",103118,"Moderate Risk","Employee eating or smoking"
5068,"20120628",103147,"Low Risk","Inadequate ventilation or lighting"
5068,"20120628",103119,"Moderate Risk","Inadequate and inaccessible handwashing facilities"
5071,"20141023",103120,"Moderate Risk","Moderate risk food holding temperature "
5071,"20130923",103102,"High Risk","Unclean hands or improper use of gloves"
5071,"20130923",103103,"High Risk","High risk food holding temperature "
5071,"20130322",103120,"Moderate Risk","Moderate risk food holding temperature "
5071,"20120911",103120,"Moderate Risk","Moderate risk food holding temperature "
5071,"20120911",103139,"Low Risk","Improper food storage"
5071,"20120911",103149,"Low Risk","Wiping cloths not clean or properly stored or inadequate sanitizer"
5071,"20120911",103145,"Low Risk","Improper storage of equipment utensils or linens"
5074,"20141007",103154,"Low Risk","Unclean or degraded floors walls or ceilings"
5074,"20141007",103120,"Moderate Risk","Moderate risk food holding temperature "
5074,"20150428",103103,"High Risk","High risk food holding temperature "
5074,"20150428",103124,"Moderate Risk","Inadequately cleaned or sanitized food contact surfaces"
5074,"20150428",103142,"Low Risk","Unclean nonfood contact surfaces"
5074,"20150428",103148,"Low Risk","No thermometers or uncalibrated thermometers "
5074,"20150428",103154,"Low Risk","Unclean or degraded floors walls or ceilings"
5074,"20131210",103120,"Moderate Risk","Moderate risk food holding temperature "
5074,"20131210",103149,"Low Risk","Wiping cloths not clean or properly stored or inadequate sanitizer"
5074,"20131210",103154,"Low Risk","Unclean or degraded floors walls or ceilings"
5074,"20131210",103142,"Low Risk","Unclean nonfood contact surfaces"
5074,"20130509",103124,"Moderate Risk","Inadequately cleaned or sanitized food contact surfaces"
5074,"20130509",103154,"Low Risk","Unclean or degraded floors walls or ceilings"
5074,"20130509",103145,"Low Risk","Improper storage of equipment utensils or linens"
5074,"20120927",103124,"Moderate Risk","Inadequately cleaned or sanitized food contact surfaces"
5074,"20120927",103154,"Low Risk","Unclean or degraded floors walls or ceilings"
5074,"20140521",103119,"Moderate Risk","Inadequate and inaccessible handwashing facilities"
5077,"20150303",103120,"Moderate Risk","Moderate risk food holding temperature "
5077,"20130528",103138,"Low Risk","Improper storage use or identification of toxic substances"
5077,"20140212",103124,"Moderate Risk","Inadequately cleaned or sanitized food contact surfaces"
5077,"20121221",103119,"Moderate Risk","Inadequate and inaccessible handwashing facilities"
5077,"20121221",103133,"Moderate Risk","Foods not protected from contamination"
5077,"20121221",103144,"Low Risk","Unapproved or unmaintained equipment or utensils"
5077,"20140708",103133,"Moderate Risk","Foods not protected from contamination"
5077,"20140708",103147,"Low Risk","Inadequate ventilation or lighting"
5077,"20140708",103119,"Moderate Risk","Inadequate and inaccessible handwashing facilities"
5077,"20140708",103124,"Moderate Risk","Inadequately cleaned or sanitized food contact surfaces"
5083,"20141103",103142,"Low Risk","Unclean nonfood contact surfaces"
5083,"20130822",103156,"Low Risk","Permit license or inspection report not posted"
5083,"20130822",103142,"Low Risk","Unclean nonfood contact surfaces"
5083,"20130822",103154,"Low Risk","Unclean or degraded floors walls or ceilings"
5083,"20140228",103154,"Low Risk","Unclean or degraded floors walls or ceilings"
5083,"20140228",103142,"Low Risk","Unclean nonfood contact surfaces"
5083,"20120808",103142,"Low Risk","Unclean nonfood contact surfaces"
5083,"20120808",103154,"Low Risk","Unclean or degraded floors walls or ceilings"
5083,"20120808",103150,"Low Risk","Improper or defective plumbing"
5083,"20130222",103142,"Low Risk","Unclean nonfood contact surfaces"
5083,"20130222",103154,"Low Risk","Unclean or degraded floors walls or ceilings"
5084,"20141103",103142,"Low Risk","Unclean nonfood contact surfaces"
5084,"20130822",103142,"Low Risk","Unclean nonfood contact surfaces"
5084,"20130822",103120,"Moderate Risk","Moderate risk food holding temperature "
5084,"20130822",103154,"Low Risk","Unclean or degraded floors walls or ceilings"
5084,"20140228",103154,"Low Risk","Unclean or degraded floors walls or ceilings"
5084,"20140228",103142,"Low Risk","Unclean nonfood contact surfaces"
5084,"20120808",103150,"Low Risk","Improper or defective plumbing"
5084,"20120808",103154,"Low Risk","Unclean or degraded floors walls or ceilings"
5084,"20120808",103142,"Low Risk","Unclean nonfood contact surfaces"
5084,"20130222",103154,"Low Risk","Unclean or degraded floors walls or ceilings"
5084,"20130222",103157,"Low Risk","Food safety certificate or food handler card not available"
5084,"20130222",103142,"Low Risk","Unclean nonfood contact surfaces"
5085,"20141103",103119,"Moderate Risk","Inadequate and inaccessible handwashing facilities"
5085,"20130822",103129,"Moderate Risk","Insufficient hot water or running water"
5085,"20130822",103142,"Low Risk","Unclean nonfood contact surfaces"
5085,"20130822",103154,"Low Risk","Unclean or degraded floors walls or ceilings"
5085,"20140228",103153,"Low Risk","Inadequate dressing rooms or improper storage of personal items"
5085,"20140228",103142,"Low Risk","Unclean nonfood contact surfaces"
5085,"20120808",103156,"Low Risk","Permit license or inspection report not posted"
5085,"20120808",103150,"Low Risk","Improper or defective plumbing"
5085,"20120808",103154,"Low Risk","Unclean or degraded floors walls or ceilings"
5085,"20120808",103142,"Low Risk","Unclean nonfood contact surfaces"
5085,"20130222",103154,"Low Risk","Unclean or degraded floors walls or ceilings"
5085,"20130222",103157,"Low Risk","Food safety certificate or food handler card not available"
5085,"20130222",103142,"Low Risk","Unclean nonfood contact surfaces"
5090,"20141113",103139,"Low Risk","Improper food storage"
5090,"20141113",103102,"High Risk","Unclean hands or improper use of gloves"
5090,"20141113",103114,"High Risk","High risk vermin infestation"
5090,"20141113",103142,"Low Risk","Unclean nonfood contact surfaces"
5090,"20141113",103103,"High Risk","High risk food holding temperature "
5090,"20130325",103119,"Moderate Risk","Inadequate and inaccessible handwashing facilities"
5090,"20130325",103147,"Low Risk","Inadequate ventilation or lighting"
5090,"20130325",103142,"Low Risk","Unclean nonfood contact surfaces"
5090,"20130325",103133,"Moderate Risk","Foods not protected from contamination"
5090,"20130325",103109,"High Risk","Unclean or unsanitary food contact surfaces"
5090,"20130325",103139,"Low Risk","Improper food storage"
5090,"20140409",103144,"Low Risk","Unapproved or unmaintained equipment or utensils"
5090,"20140409",103142,"Low Risk","Unclean nonfood contact surfaces"
5090,"20140409",103133,"Moderate Risk","Foods not protected from contamination"
5090,"20140409",103124,"Moderate Risk","Inadequately cleaned or sanitized food contact surfaces"
5091,"20131230",103135,"Low Risk","No person in charge of food facility"
5091,"20131230",103144,"Low Risk","Unapproved or unmaintained equipment or utensils"
5091,"20130419",103129,"Moderate Risk","Insufficient hot water or running water"
5091,"20130419",103144,"Low Risk","Unapproved or unmaintained equipment or utensils"
5091,"20130419",103116,"Moderate Risk","Inadequate food safety knowledge or lack of certified food safety manager"
5091,"20140709",103144,"Low Risk","Unapproved or unmaintained equipment or utensils"
5096,"20150316",103119,"Moderate Risk","Inadequate and inaccessible handwashing facilities"
5096,"20150316",103152,"Low Risk","Unclean unmaintained or improperly constructed toilet facilities"
5096,"20150316",103144,"Low Risk","Unapproved or unmaintained equipment or utensils"
5096,"20130801",103142,"Low Risk","Unclean nonfood contact surfaces"
5096,"20130801",103119,"Moderate Risk","Inadequate and inaccessible handwashing facilities"
5096,"20130801",103147,"Low Risk","Inadequate ventilation or lighting"
5096,"20130801",103150,"Low Risk","Improper or defective plumbing"
5096,"20130801",103152,"Low Risk","Unclean unmaintained or improperly constructed toilet facilities"
5096,"20140124",103119,"Moderate Risk","Inadequate and inaccessible handwashing facilities"
5096,"20140124",103144,"Low Risk","Unapproved or unmaintained equipment or utensils"
5096,"20140124",103142,"Low Risk","Unclean nonfood contact surfaces"
5096,"20121220",103145,"Low Risk","Improper storage of equipment utensils or linens"
5096,"20121220",103161,"Low Risk","Low risk vermin infestation"
5096,"20121220",103147,"Low Risk","Inadequate ventilation or lighting"
5096,"20121220",103142,"Low Risk","Unclean nonfood contact surfaces"
5096,"20140707",103119,"Moderate Risk","Inadequate and inaccessible handwashing facilities"
5096,"20140707",103142,"Low Risk","Unclean nonfood contact surfaces"
5096,"20140707",103145,"Low Risk","Improper storage of equipment utensils or linens"
5100,"20150422",103152,"Low Risk","Unclean unmaintained or improperly constructed toilet facilities"
5100,"20150422",103149,"Low Risk","Wiping cloths not clean or properly stored or inadequate sanitizer"
5100,"20150422",103147,"Low Risk","Inadequate ventilation or lighting"
5100,"20150422",103142,"Low Risk","Unclean nonfood contact surfaces"
5100,"20150422",103139,"Low Risk","Improper food storage"
5100,"20150422",103145,"Low Risk","Improper storage of equipment utensils or linens"
5100,"20150422",103131,"Moderate Risk","Moderate risk vermin infestation"
5100,"20150422",103154,"Low Risk","Unclean or degraded floors walls or ceilings"
5100,"20150422",103129,"Moderate Risk","Insufficient hot water or running water"
5100,"20150422",103124,"Moderate Risk","Inadequately cleaned or sanitized food contact surfaces"
5100,"20150422",103144,"Low Risk","Unapproved or unmaintained equipment or utensils"
5100,"20140115",103161,"Low Risk","Low risk vermin infestation"
5100,"20140115",103142,"Low Risk","Unclean nonfood contact surfaces"
5100,"20140115",103139,"Low Risk","Improper food storage"
5100,"20140115",103119,"Moderate Risk","Inadequate and inaccessible handwashing facilities"
5100,"20121005",103132,"Moderate Risk","Improper thawing methods "
5100,"20121005",103157,"Low Risk","Food safety certificate or food handler card not available"
5100,"20121005",103156,"Low Risk","Permit license or inspection report not posted"
5100,"20121005",103114,"High Risk","High risk vermin infestation"
5100,"20121005",103119,"Moderate Risk","Inadequate and inaccessible handwashing facilities"
5100,"20121005",103161,"Low Risk","Low risk vermin infestation"
5100,"20121005",103144,"Low Risk","Unapproved or unmaintained equipment or utensils"
5100,"20121005",103145,"Low Risk","Improper storage of equipment utensils or linens"
5104,"20140403",103144,"Low Risk","Unapproved or unmaintained equipment or utensils"
5110,"20130719",103144,"Low Risk","Unapproved or unmaintained equipment or utensils"
5110,"20130719",103119,"Moderate Risk","Inadequate and inaccessible handwashing facilities"
5110,"20130719",103134,"Moderate Risk","Other moderate risk violation"
5110,"20130103",103102,"High Risk","Unclean hands or improper use of gloves"
5110,"20140604",103119,"Moderate Risk","Inadequate and inaccessible handwashing facilities"
5110,"20140604",103148,"Low Risk","No thermometers or uncalibrated thermometers "
5118,"20130829",103103,"High Risk","High risk food holding temperature "
5118,"20130829",103142,"Low Risk","Unclean nonfood contact surfaces"
5118,"20130320",103156,"Low Risk","Permit license or inspection report not posted"
5118,"20130320",103154,"Low Risk","Unclean or degraded floors walls or ceilings"
5118,"20140303",103149,"Low Risk","Wiping cloths not clean or properly stored or inadequate sanitizer"
5118,"20140731",103161,"Low Risk","Low risk vermin infestation"
5118,"20140731",103119,"Moderate Risk","Inadequate and inaccessible handwashing facilities"
5118,"20140731",103142,"Low Risk","Unclean nonfood contact surfaces"
5120,"20141029",103129,"Moderate Risk","Insufficient hot water or running water"
5120,"20131105",103124,"Moderate Risk","Inadequately cleaned or sanitized food contact surfaces"
5120,"20131105",103129,"Moderate Risk","Insufficient hot water or running water"
5120,"20131105",103157,"Low Risk","Food safety certificate or food handler card not available"
5120,"20130425",103149,"Low Risk","Wiping cloths not clean or properly stored or inadequate sanitizer"
5120,"20140429",103149,"Low Risk","Wiping cloths not clean or properly stored or inadequate sanitizer"
5120,"20140429",103152,"Low Risk","Unclean unmaintained or improperly constructed toilet facilities"
5120,"20120911",103145,"Low Risk","Improper storage of equipment utensils or linens"
5124,"20141120",103142,"Low Risk","Unclean nonfood contact surfaces"
5124,"20141120",103145,"Low Risk","Improper storage of equipment utensils or linens"
5124,"20130925",103154,"Low Risk","Unclean or degraded floors walls or ceilings"
5124,"20130925",103142,"Low Risk","Unclean nonfood contact surfaces"
5124,"20130328",103154,"Low Risk","Unclean or degraded floors walls or ceilings"
5124,"20130328",103131,"Moderate Risk","Moderate risk vermin infestation"
5124,"20140225",103103,"High Risk","High risk food holding temperature "
5124,"20140225",103153,"Low Risk","Inadequate dressing rooms or improper storage of personal items"
5124,"20140225",103119,"Moderate Risk","Inadequate and inaccessible handwashing facilities"
5124,"20120925",103142,"Low Risk","Unclean nonfood contact surfaces"
5124,"20120925",103161,"Low Risk","Low risk vermin infestation"
5124,"20120925",103154,"Low Risk","Unclean or degraded floors walls or ceilings"
5129,"20150311",103149,"Low Risk","Wiping cloths not clean or properly stored or inadequate sanitizer"
5129,"20150311",103129,"Moderate Risk","Insufficient hot water or running water"
5129,"20130620",103103,"High Risk","High risk food holding temperature "
5129,"20130620",103154,"Low Risk","Unclean or degraded floors walls or ceilings"
5129,"20130620",103149,"Low Risk","Wiping cloths not clean or properly stored or inadequate sanitizer"
5129,"20140415",103154,"Low Risk","Unclean or degraded floors walls or ceilings"
5129,"20140415",103144,"Low Risk","Unapproved or unmaintained equipment or utensils"
5129,"20140415",103139,"Low Risk","Improper food storage"
5129,"20140415",103138,"Low Risk","Improper storage use or identification of toxic substances"
5129,"20140415",103131,"Moderate Risk","Moderate risk vermin infestation"
5129,"20140415",103103,"High Risk","High risk food holding temperature "
5129,"20140415",103157,"Low Risk","Food safety certificate or food handler card not available"
5129,"20140415",103149,"Low Risk","Wiping cloths not clean or properly stored or inadequate sanitizer"
5129,"20121016",103132,"Moderate Risk","Improper thawing methods "
5136,"20140425",103120,"Moderate Risk","Moderate risk food holding temperature "
5137,"20140820",103120,"Moderate Risk","Moderate risk food holding temperature "
5137,"20140211",103149,"Low Risk","Wiping cloths not clean or properly stored or inadequate sanitizer"
5137,"20140820",103149,"Low Risk","Wiping cloths not clean or properly stored or inadequate sanitizer"
5140,"20140102",103105,"High Risk","Improper cooling methods"
5140,"20140102",103129,"Moderate Risk","Insufficient hot water or running water"
5140,"20140102",103103,"High Risk","High risk food holding temperature "
5140,"20140102",103154,"Low Risk","Unclean or degraded floors walls or ceilings"
5140,"20140102",103131,"Moderate Risk","Moderate risk vermin infestation"
5140,"20140102",103124,"Moderate Risk","Inadequately cleaned or sanitized food contact surfaces"
5140,"20140728",103156,"Low Risk","Permit license or inspection report not posted"
5140,"20140728",103144,"Low Risk","Unapproved or unmaintained equipment or utensils"
5140,"20140728",103154,"Low Risk","Unclean or degraded floors walls or ceilings"
5140,"20140728",103124,"Moderate Risk","Inadequately cleaned or sanitized food contact surfaces"
5140,"20140728",103131,"Moderate Risk","Moderate risk vermin infestation"
5143,"20140114",103154,"Low Risk","Unclean or degraded floors walls or ceilings"
5143,"20140114",103131,"Moderate Risk","Moderate risk vermin infestation"
5143,"20140114",103121,"Moderate Risk","Inadequate procedures or records for time as a public health control "
5143,"20130605",103144,"Low Risk","Unapproved or unmaintained equipment or utensils"
5143,"20130605",103121,"Moderate Risk","Inadequate procedures or records for time as a public health control "
5143,"20130605",103138,"Low Risk","Improper storage use or identification of toxic substances"
5143,"20120830",103154,"Low Risk","Unclean or degraded floors walls or ceilings"
5143,"20140716",103154,"Low Risk","Unclean or degraded floors walls or ceilings"
5143,"20140716",103121,"Moderate Risk","Inadequate procedures or records for time as a public health control "
5144,"20131206",103156,"Low Risk","Permit license or inspection report not posted"
5144,"20121228",103162,"Low Risk","Other low risk violation"
5146,"20130312",103142,"Low Risk","Unclean nonfood contact surfaces"
5146,"20140310",103145,"Low Risk","Improper storage of equipment utensils or linens"
5146,"20120822",103121,"Moderate Risk","Inadequate procedures or records for time as a public health control "
5150,"20150602",103157,"Low Risk","Food safety certificate or food handler card not available"
5150,"20150602",103154,"Low Risk","Unclean or degraded floors walls or ceilings"
5150,"20150602",103149,"Low Risk","Wiping cloths not clean or properly stored or inadequate sanitizer"
5150,"20130807",103154,"Low Risk","Unclean or degraded floors walls or ceilings"
5150,"20140206",103144,"Low Risk","Unapproved or unmaintained equipment or utensils"
5150,"20120629",103162,"Low Risk","Other low risk violation"
5150,"20120912",103154,"Low Risk","Unclean or degraded floors walls or ceilings"
5150,"20120912",103152,"Low Risk","Unclean unmaintained or improperly constructed toilet facilities"
5150,"20120912",103145,"Low Risk","Improper storage of equipment utensils or linens"
5150,"20120912",103142,"Low Risk","Unclean nonfood contact surfaces"
5150,"20120912",103133,"Moderate Risk","Foods not protected from contamination"
5150,"20130128",103142,"Low Risk","Unclean nonfood contact surfaces"
5150,"20130128",103149,"Low Risk","Wiping cloths not clean or properly stored or inadequate sanitizer"
5150,"20130128",103154,"Low Risk","Unclean or degraded floors walls or ceilings"
5156,"20141107",103120,"Moderate Risk","Moderate risk food holding temperature "
5156,"20141107",103149,"Low Risk","Wiping cloths not clean or properly stored or inadequate sanitizer"
5156,"20131015",103149,"Low Risk","Wiping cloths not clean or properly stored or inadequate sanitizer"
5156,"20131015",103144,"Low Risk","Unapproved or unmaintained equipment or utensils"
5156,"20131015",103150,"Low Risk","Improper or defective plumbing"
5156,"20140402",103119,"Moderate Risk","Inadequate and inaccessible handwashing facilities"
5156,"20140402",103149,"Low Risk","Wiping cloths not clean or properly stored or inadequate sanitizer"
5156,"20120914",103161,"Low Risk","Low risk vermin infestation"
5156,"20120914",103139,"Low Risk","Improper food storage"
5232,"20140317",103112,"High Risk","No hot water or running water"
5232,"20121024",103132,"Moderate Risk","Improper thawing methods "
5232,"20121024",103123,"Moderate Risk","Food in poor condition"
5232,"20121024",103131,"Moderate Risk","Moderate risk vermin infestation"
5232,"20121024",103142,"Low Risk","Unclean nonfood contact surfaces"
5232,"20121024",103149,"Low Risk","Wiping cloths not clean or properly stored or inadequate sanitizer"
5239,"20131230",103131,"Moderate Risk","Moderate risk vermin infestation"
5239,"20131230",103154,"Low Risk","Unclean or degraded floors walls or ceilings"
5239,"20130529",103144,"Low Risk","Unapproved or unmaintained equipment or utensils"
5239,"20130529",103133,"Moderate Risk","Foods not protected from contamination"
5246,"20120927",103149,"Low Risk","Wiping cloths not clean or properly stored or inadequate sanitizer"
5246,"20140625",103144,"Low Risk","Unapproved or unmaintained equipment or utensils"
5252,"20150327",103119,"Moderate Risk","Inadequate and inaccessible handwashing facilities"
5252,"20150327",103143,"Low Risk","Inadequate warewashing facilities or equipment"
5252,"20130509",103119,"Moderate Risk","Inadequate and inaccessible handwashing facilities"
5252,"20140304",103121,"Moderate Risk","Inadequate procedures or records for time as a public health control "
5252,"20140304",103165,"Low Risk","No plan review or Building Permit"
5252,"20140304",103116,"Moderate Risk","Inadequate food safety knowledge or lack of certified food safety manager"
5252,"20140304",103149,"Low Risk","Wiping cloths not clean or properly stored or inadequate sanitizer"
5252,"20120927",103124,"Moderate Risk","Inadequately cleaned or sanitized food contact surfaces"
5252,"20120927",103129,"Moderate Risk","Insufficient hot water or running water"
5252,"20120927",103157,"Low Risk","Food safety certificate or food handler card not available"
5252,"20120927",103121,"Moderate Risk","Inadequate procedures or records for time as a public health control "
5254,"20120914",103120,"Moderate Risk","Moderate risk food holding temperature "
5254,"20140708",103120,"Moderate Risk","Moderate risk food holding temperature "
5254,"20140708",103144,"Low Risk","Unapproved or unmaintained equipment or utensils"
5256,"20150326",103151,"Low Risk","Inadequate or unsanitary refuse containers or area or no garbage service"
5256,"20150326",103131,"Moderate Risk","Moderate risk vermin infestation"
5256,"20140206",103154,"Low Risk","Unclean or degraded floors walls or ceilings"
5256,"20130522",103119,"Moderate Risk","Inadequate and inaccessible handwashing facilities"
5256,"20130522",103129,"Moderate Risk","Insufficient hot water or running water"
5256,"20130522",103154,"Low Risk","Unclean or degraded floors walls or ceilings"
5256,"20130522",103142,"Low Risk","Unclean nonfood contact surfaces"
5256,"20120706",103109,"High Risk","Unclean or unsanitary food contact surfaces"
5256,"20120706",103154,"Low Risk","Unclean or degraded floors walls or ceilings"
5256,"20120706",103161,"Low Risk","Low risk vermin infestation"
5256,"20120706",103119,"Moderate Risk","Inadequate and inaccessible handwashing facilities"
5256,"20120706",103142,"Low Risk","Unclean nonfood contact surfaces"
5256,"20120706",103144,"Low Risk","Unapproved or unmaintained equipment or utensils"
5258,"20141205",103139,"Low Risk","Improper food storage"
5258,"20141205",103125,"Moderate Risk","Noncompliance with shell fish tags or display"
5258,"20141205",103145,"Low Risk","Improper storage of equipment utensils or linens"
5258,"20141205",103150,"Low Risk","Improper or defective plumbing"
5258,"20141205",103142,"Low Risk","Unclean nonfood contact surfaces"
5258,"20141205",103143,"Low Risk","Inadequate warewashing facilities or equipment"
5258,"20141205",103109,"High Risk","Unclean or unsanitary food contact surfaces"
5258,"20130612",103124,"Moderate Risk","Inadequately cleaned or sanitized food contact surfaces"
5258,"20130612",103161,"Low Risk","Low risk vermin infestation"
5258,"20130612",103119,"Moderate Risk","Inadequate and inaccessible handwashing facilities"
5258,"20140228",103147,"Low Risk","Inadequate ventilation or lighting"
5258,"20140228",103157,"Low Risk","Food safety certificate or food handler card not available"
5258,"20140228",103154,"Low Risk","Unclean or degraded floors walls or ceilings"
5258,"20140220",103148,"Low Risk","No thermometers or uncalibrated thermometers "
5258,"20140220",103124,"Moderate Risk","Inadequately cleaned or sanitized food contact surfaces"
5258,"20140220",103157,"Low Risk","Food safety certificate or food handler card not available"
5258,"20140220",103131,"Moderate Risk","Moderate risk vermin infestation"
5258,"20140220",103143,"Low Risk","Inadequate warewashing facilities or equipment"
5258,"20140220",103144,"Low Risk","Unapproved or unmaintained equipment or utensils"
5258,"20140220",103147,"Low Risk","Inadequate ventilation or lighting"
5260,"20130912",103139,"Low Risk","Improper food storage"
5260,"20130912",103144,"Low Risk","Unapproved or unmaintained equipment or utensils"
5260,"20140523",103154,"Low Risk","Unclean or degraded floors walls or ceilings"
5267,"20150513",103144,"Low Risk","Unapproved or unmaintained equipment or utensils"
5267,"20130904",103108,"High Risk","Contaminated or adulterated food"
5267,"20130904",103147,"Low Risk","Inadequate ventilation or lighting"
5267,"20130904",103151,"Low Risk","Inadequate or unsanitary refuse containers or area or no garbage service"
5267,"20140505",103139,"Low Risk","Improper food storage"
5267,"20140505",103149,"Low Risk","Wiping cloths not clean or properly stored or inadequate sanitizer"
5267,"20121107",103119,"Moderate Risk","Inadequate and inaccessible handwashing facilities"
5267,"20121107",103124,"Moderate Risk","Inadequately cleaned or sanitized food contact surfaces"
5267,"20121107",103139,"Low Risk","Improper food storage"
5267,"20121107",103161,"Low Risk","Low risk vermin infestation"
5271,"20150604",103118,"Moderate Risk","Employee eating or smoking"
5271,"20150604",103119,"Moderate Risk","Inadequate and inaccessible handwashing facilities"
5271,"20150604",103120,"Moderate Risk","Moderate risk food holding temperature "
5271,"20150604",103143,"Low Risk","Inadequate warewashing facilities or equipment"
5271,"20150604",103131,"Moderate Risk","Moderate risk vermin infestation"
5271,"20150604",103139,"Low Risk","Improper food storage"
5271,"20130827",103151,"Low Risk","Inadequate or unsanitary refuse containers or area or no garbage service"
5271,"20130827",103149,"Low Risk","Wiping cloths not clean or properly stored or inadequate sanitizer"
5271,"20130827",103145,"Low Risk","Improper storage of equipment utensils or linens"
5271,"20140728",103160,"Low Risk","Inadequate HACCP plan record keeping"
5271,"20140728",103143,"Low Risk","Inadequate warewashing facilities or equipment"
5272,"20130627",103119,"Moderate Risk","Inadequate and inaccessible handwashing facilities"
5272,"20130627",103144,"Low Risk","Unapproved or unmaintained equipment or utensils"
5272,"20130627",103154,"Low Risk","Unclean or degraded floors walls or ceilings"
5272,"20120924",103142,"Low Risk","Unclean nonfood contact surfaces"
5272,"20120924",103139,"Low Risk","Improper food storage"
5272,"20120924",103119,"Moderate Risk","Inadequate and inaccessible handwashing facilities"
5272,"20120924",103154,"Low Risk","Unclean or degraded floors walls or ceilings"
5272,"20120924",103161,"Low Risk","Low risk vermin infestation"
5278,"20140829",103139,"Low Risk","Improper food storage"
5278,"20140829",103119,"Moderate Risk","Inadequate and inaccessible handwashing facilities"
5278,"20140829",103103,"High Risk","High risk food holding temperature "
5278,"20130805",103139,"Low Risk","Improper food storage"
5278,"20130805",103142,"Low Risk","Unclean nonfood contact surfaces"
5278,"20140224",103144,"Low Risk","Unapproved or unmaintained equipment or utensils"
5278,"20140224",103142,"Low Risk","Unclean nonfood contact surfaces"
5278,"20121120",103154,"Low Risk","Unclean or degraded floors walls or ceilings"
5278,"20121120",103148,"Low Risk","No thermometers or uncalibrated thermometers "
5278,"20121120",103157,"Low Risk","Food safety certificate or food handler card not available"
5278,"20121120",103145,"Low Risk","Improper storage of equipment utensils or linens"
5281,"20150306",103124,"Moderate Risk","Inadequately cleaned or sanitized food contact surfaces"
5281,"20150306",103144,"Low Risk","Unapproved or unmaintained equipment or utensils"
5281,"20150306",103133,"Moderate Risk","Foods not protected from contamination"
5281,"20130313",103157,"Low Risk","Food safety certificate or food handler card not available"
5281,"20140311",103147,"Low Risk","Inadequate ventilation or lighting"
5281,"20140311",103120,"Moderate Risk","Moderate risk food holding temperature "
5289,"20130816",103109,"High Risk","Unclean or unsanitary food contact surfaces"
5289,"20130816",103144,"Low Risk","Unapproved or unmaintained equipment or utensils"
5289,"20130816",103119,"Moderate Risk","Inadequate and inaccessible handwashing facilities"
5289,"20130816",103150,"Low Risk","Improper or defective plumbing"
5289,"20130816",103116,"Moderate Risk","Inadequate food safety knowledge or lack of certified food safety manager"
5289,"20120613",103120,"Moderate Risk","Moderate risk food holding temperature "
5289,"20120613",103144,"Low Risk","Unapproved or unmaintained equipment or utensils"
5289,"20120613",103130,"Moderate Risk","Inadequate sewage or wastewater disposal"
5289,"20120613",103113,"High Risk","Sewage or wastewater contamination"
5289,"20140716",103116,"Moderate Risk","Inadequate food safety knowledge or lack of certified food safety manager"
5291,"20150305",103107,"High Risk","Improper reheating of food"
5291,"20150305",103124,"Moderate Risk","Inadequately cleaned or sanitized food contact surfaces"
5291,"20150414",103124,"Moderate Risk","Inadequately cleaned or sanitized food contact surfaces"
5291,"20150414",103120,"Moderate Risk","Moderate risk food holding temperature "
5291,"20130321",103103,"High Risk","High risk food holding temperature "
5291,"20130321",103112,"High Risk","No hot water or running water"
5291,"20140416",103102,"High Risk","Unclean hands or improper use of gloves"
5291,"20140416",103124,"Moderate Risk","Inadequately cleaned or sanitized food contact surfaces"
5297,"20141112",103133,"Moderate Risk","Foods not protected from contamination"
5297,"20141112",103124,"Moderate Risk","Inadequately cleaned or sanitized food contact surfaces"
5297,"20141112",103120,"Moderate Risk","Moderate risk food holding temperature "
5297,"20141112",103144,"Low Risk","Unapproved or unmaintained equipment or utensils"
5297,"20141112",103156,"Low Risk","Permit license or inspection report not posted"
5297,"20130908",103120,"Moderate Risk","Moderate risk food holding temperature "
5297,"20131021",103143,"Low Risk","Inadequate warewashing facilities or equipment"
5297,"20131110",103150,"Low Risk","Improper or defective plumbing"
5297,"20130501",103124,"Moderate Risk","Inadequately cleaned or sanitized food contact surfaces"
5297,"20140307",103149,"Low Risk","Wiping cloths not clean or properly stored or inadequate sanitizer"
5297,"20140307",103120,"Moderate Risk","Moderate risk food holding temperature "
5297,"20140307",103133,"Moderate Risk","Foods not protected from contamination"
5297,"20120916",103120,"Moderate Risk","Moderate risk food holding temperature "
5297,"20121209",103138,"Low Risk","Improper storage use or identification of toxic substances"
5297,"20121209",103149,"Low Risk","Wiping cloths not clean or properly stored or inadequate sanitizer"
5301,"20150414",103105,"High Risk","Improper cooling methods"
5301,"20130325",103148,"Low Risk","No thermometers or uncalibrated thermometers "
5301,"20130325",103124,"Moderate Risk","Inadequately cleaned or sanitized food contact surfaces"
5301,"20140416",103120,"Moderate Risk","Moderate risk food holding temperature "
5310,"20130917",103116,"Moderate Risk","Inadequate food safety knowledge or lack of certified food safety manager"
5310,"20130917",103139,"Low Risk","Improper food storage"
5310,"20140522",103139,"Low Risk","Improper food storage"
5310,"20140522",103154,"Low Risk","Unclean or degraded floors walls or ceilings"
5312,"20130521",103154,"Low Risk","Unclean or degraded floors walls or ceilings"
5312,"20120912",103154,"Low Risk","Unclean or degraded floors walls or ceilings"
5313,"20150429",103154,"Low Risk","Unclean or degraded floors walls or ceilings"
5313,"20130912",103144,"Low Risk","Unapproved or unmaintained equipment or utensils"
5313,"20130912",103130,"Moderate Risk","Inadequate sewage or wastewater disposal"
5313,"20140418",103131,"Moderate Risk","Moderate risk vermin infestation"
5313,"20140418",103119,"Moderate Risk","Inadequate and inaccessible handwashing facilities"
5313,"20140418",103138,"Low Risk","Improper storage use or identification of toxic substances"
5313,"20140418",103154,"Low Risk","Unclean or degraded floors walls or ceilings"
5313,"20120824",103154,"Low Risk","Unclean or degraded floors walls or ceilings"
5313,"20120824",103124,"Moderate Risk","Inadequately cleaned or sanitized food contact surfaces"
5316,"20150408",103154,"Low Risk","Unclean or degraded floors walls or ceilings"
5316,"20150408",103148,"Low Risk","No thermometers or uncalibrated thermometers "
5316,"20150408",103151,"Low Risk","Inadequate or unsanitary refuse containers or area or no garbage service"
5316,"20150408",103118,"Moderate Risk","Employee eating or smoking"
5316,"20130923",103131,"Moderate Risk","Moderate risk vermin infestation"
5316,"20130923",103154,"Low Risk","Unclean or degraded floors walls or ceilings"
5316,"20130923",103144,"Low Risk","Unapproved or unmaintained equipment or utensils"
5316,"20130923",103139,"Low Risk","Improper food storage"
5316,"20140312",103144,"Low Risk","Unapproved or unmaintained equipment or utensils"
5316,"20140312",103154,"Low Risk","Unclean or degraded floors walls or ceilings"
5322,"20150408",103151,"Low Risk","Inadequate or unsanitary refuse containers or area or no garbage service"
5322,"20150408",103133,"Moderate Risk","Foods not protected from contamination"
5322,"20130904",103139,"Low Risk","Improper food storage"
5322,"20130904",103154,"Low Risk","Unclean or degraded floors walls or ceilings"
5325,"20130822",103124,"Moderate Risk","Inadequately cleaned or sanitized food contact surfaces"
5325,"20130822",103119,"Moderate Risk","Inadequate and inaccessible handwashing facilities"
5325,"20130822",103116,"Moderate Risk","Inadequate food safety knowledge or lack of certified food safety manager"
5375,"20140614",103119,"Moderate Risk","Inadequate and inaccessible handwashing facilities"
5375,"20140614",103124,"Moderate Risk","Inadequately cleaned or sanitized food contact surfaces"
5397,"20140614",103120,"Moderate Risk","Moderate risk food holding temperature "
5430,"20150224",103113,"High Risk","Sewage or wastewater contamination"
5430,"20150224",103129,"Moderate Risk","Insufficient hot water or running water"
5430,"20150224",103144,"Low Risk","Unapproved or unmaintained equipment or utensils"
5430,"20140417",103149,"Low Risk","Wiping cloths not clean or properly stored or inadequate sanitizer"
5430,"20140417",103156,"Low Risk","Permit license or inspection report not posted"
5434,"20130327",103130,"Moderate Risk","Inadequate sewage or wastewater disposal"
5434,"20140417",103119,"Moderate Risk","Inadequate and inaccessible handwashing facilities"
5434,"20121105",103119,"Moderate Risk","Inadequate and inaccessible handwashing facilities"
5437,"20140206",103156,"Low Risk","Permit license or inspection report not posted"
5437,"20121105",103102,"High Risk","Unclean hands or improper use of gloves"
5441,"20130327",103112,"High Risk","No hot water or running water"
5441,"20130327",103119,"Moderate Risk","Inadequate and inaccessible handwashing facilities"
5441,"20140417",103119,"Moderate Risk","Inadequate and inaccessible handwashing facilities"
5448,"20140914",103149,"Low Risk","Wiping cloths not clean or properly stored or inadequate sanitizer"
5448,"20150419",103148,"Low Risk","No thermometers or uncalibrated thermometers "
5448,"20140408",103119,"Moderate Risk","Inadequate and inaccessible handwashing facilities"
5448,"20140408",103149,"Low Risk","Wiping cloths not clean or properly stored or inadequate sanitizer"
5448,"20121015",103139,"Low Risk","Improper food storage"
5448,"20121015",103149,"Low Risk","Wiping cloths not clean or properly stored or inadequate sanitizer"
5448,"20121015",103142,"Low Risk","Unclean nonfood contact surfaces"
5449,"20140914",103120,"Moderate Risk","Moderate risk food holding temperature "
5449,"20140914",103120,"Moderate Risk","Moderate risk food holding temperature "
5449,"20141025",103120,"Moderate Risk","Moderate risk food holding temperature "
5449,"20150419",103103,"High Risk","High risk food holding temperature "
5449,"20130824",103120,"Moderate Risk","Moderate risk food holding temperature "
5449,"20140408",103119,"Moderate Risk","Inadequate and inaccessible handwashing facilities"
5449,"20121015",103149,"Low Risk","Wiping cloths not clean or properly stored or inadequate sanitizer"
5449,"20121015",103142,"Low Risk","Unclean nonfood contact surfaces"
5450,"20121015",103149,"Low Risk","Wiping cloths not clean or properly stored or inadequate sanitizer"
5450,"20120920",103119,"Moderate Risk","Inadequate and inaccessible handwashing facilities"
5452,"20150419",103119,"Moderate Risk","Inadequate and inaccessible handwashing facilities"
5452,"20120920",103119,"Moderate Risk","Inadequate and inaccessible handwashing facilities"
5453,"20130824",103124,"Moderate Risk","Inadequately cleaned or sanitized food contact surfaces"
5453,"20130824",103154,"Low Risk","Unclean or degraded floors walls or ceilings"
5454,"20140408",103139,"Low Risk","Improper food storage"
5455,"20130405",103157,"Low Risk","Food safety certificate or food handler card not available"
5455,"20140408",103120,"Moderate Risk","Moderate risk food holding temperature "
5457,"20140914",103144,"Low Risk","Unapproved or unmaintained equipment or utensils"
5457,"20130824",103139,"Low Risk","Improper food storage"
5458,"20140408",103119,"Moderate Risk","Inadequate and inaccessible handwashing facilities"
5459,"20141025",103139,"Low Risk","Improper food storage"
5459,"20140914",103120,"Moderate Risk","Moderate risk food holding temperature "
5459,"20141025",103103,"High Risk","High risk food holding temperature "
5459,"20140408",103119,"Moderate Risk","Inadequate and inaccessible handwashing facilities"
5459,"20121015",103103,"High Risk","High risk food holding temperature "
5460,"20130405",103144,"Low Risk","Unapproved or unmaintained equipment or utensils"
5461,"20130824",103102,"High Risk","Unclean hands or improper use of gloves"
5461,"20130405",103119,"Moderate Risk","Inadequate and inaccessible handwashing facilities"
5461,"20140408",103144,"Low Risk","Unapproved or unmaintained equipment or utensils"
5461,"20140408",103112,"High Risk","No hot water or running water"
5461,"20121015",103119,"Moderate Risk","Inadequate and inaccessible handwashing facilities"
5461,"20121015",103120,"Moderate Risk","Moderate risk food holding temperature "
5462,"20130824",103154,"Low Risk","Unclean or degraded floors walls or ceilings"
5462,"20121015",103118,"Moderate Risk","Employee eating or smoking"
5463,"20130824",103119,"Moderate Risk","Inadequate and inaccessible handwashing facilities"
5463,"20140408",103119,"Moderate Risk","Inadequate and inaccessible handwashing facilities"
5463,"20121015",103119,"Moderate Risk","Inadequate and inaccessible handwashing facilities"
5464,"20130405",103119,"Moderate Risk","Inadequate and inaccessible handwashing facilities"
5464,"20140408",103119,"Moderate Risk","Inadequate and inaccessible handwashing facilities"
5464,"20140408",103139,"Low Risk","Improper food storage"
5465,"20150419",103102,"High Risk","Unclean hands or improper use of gloves"
5465,"20130405",103119,"Moderate Risk","Inadequate and inaccessible handwashing facilities"
5465,"20140408",103124,"Moderate Risk","Inadequately cleaned or sanitized food contact surfaces"
5465,"20121015",103132,"Moderate Risk","Improper thawing methods "
5465,"20121015",103119,"Moderate Risk","Inadequate and inaccessible handwashing facilities"
5467,"20140914",103148,"Low Risk","No thermometers or uncalibrated thermometers "
5467,"20140914",103124,"Moderate Risk","Inadequately cleaned or sanitized food contact surfaces"
5467,"20130405",103102,"High Risk","Unclean hands or improper use of gloves"
5467,"20130405",103107,"High Risk","Improper reheating of food"
5467,"20121015",103119,"Moderate Risk","Inadequate and inaccessible handwashing facilities"
5468,"20130824",103145,"Low Risk","Improper storage of equipment utensils or linens"
5468,"20140408",103119,"Moderate Risk","Inadequate and inaccessible handwashing facilities"
5469,"20150419",103139,"Low Risk","Improper food storage"
5469,"20150419",103119,"Moderate Risk","Inadequate and inaccessible handwashing facilities"
5469,"20140408",103102,"High Risk","Unclean hands or improper use of gloves"
5469,"20140408",103133,"Moderate Risk","Foods not protected from contamination"
5469,"20121015",103139,"Low Risk","Improper food storage"
5470,"20150419",103123,"Moderate Risk","Food in poor condition"
5470,"20150419",103119,"Moderate Risk","Inadequate and inaccessible handwashing facilities"
5470,"20130405",103119,"Moderate Risk","Inadequate and inaccessible handwashing facilities"
5470,"20140408",103145,"Low Risk","Improper storage of equipment utensils or linens"
5470,"20140408",103151,"Low Risk","Inadequate or unsanitary refuse containers or area or no garbage service"
5471,"20140914",103119,"Moderate Risk","Inadequate and inaccessible handwashing facilities"
5471,"20130824",103120,"Moderate Risk","Moderate risk food holding temperature "
5471,"20130405",103103,"High Risk","High risk food holding temperature "
5471,"20140408",103120,"Moderate Risk","Moderate risk food holding temperature "
5473,"20121015",103119,"Moderate Risk","Inadequate and inaccessible handwashing facilities"
5474,"20150419",103119,"Moderate Risk","Inadequate and inaccessible handwashing facilities"
5475,"20120920",103119,"Moderate Risk","Inadequate and inaccessible handwashing facilities"
5476,"20120920",103149,"Low Risk","Wiping cloths not clean or properly stored or inadequate sanitizer"
5476,"20120920",103123,"Moderate Risk","Food in poor condition"
5477,"20140408",103133,"Moderate Risk","Foods not protected from contamination"
5478,"20141025",103142,"Low Risk","Unclean nonfood contact surfaces"
5478,"20141025",103119,"Moderate Risk","Inadequate and inaccessible handwashing facilities"
5478,"20150419",103131,"Moderate Risk","Moderate risk vermin infestation"
5478,"20150419",103119,"Moderate Risk","Inadequate and inaccessible handwashing facilities"
5478,"20130405",103102,"High Risk","Unclean hands or improper use of gloves"
5478,"20140408",103119,"Moderate Risk","Inadequate and inaccessible handwashing facilities"
5478,"20140408",103120,"Moderate Risk","Moderate risk food holding temperature "
5478,"20120920",103103,"High Risk","High risk food holding temperature "
5478,"20120920",103148,"Low Risk","No thermometers or uncalibrated thermometers "
5478,"20121015",103112,"High Risk","No hot water or running water"
5479,"20141025",103103,"High Risk","High risk food holding temperature "
5479,"20150419",103103,"High Risk","High risk food holding temperature "
5479,"20130824",103103,"High Risk","High risk food holding temperature "
5479,"20130405",103120,"Moderate Risk","Moderate risk food holding temperature "
5479,"20130405",103157,"Low Risk","Food safety certificate or food handler card not available"
5479,"20130405",103149,"Low Risk","Wiping cloths not clean or properly stored or inadequate sanitizer"
5479,"20140408",103105,"High Risk","Improper cooling methods"
5479,"20120920",103139,"Low Risk","Improper food storage"
5479,"20120920",103149,"Low Risk","Wiping cloths not clean or properly stored or inadequate sanitizer"
5479,"20120920",103157,"Low Risk","Food safety certificate or food handler card not available"
5479,"20121015",103149,"Low Risk","Wiping cloths not clean or properly stored or inadequate sanitizer"
5479,"20121015",103157,"Low Risk","Food safety certificate or food handler card not available"
5480,"20150419",103150,"Low Risk","Improper or defective plumbing"
5480,"20130824",103124,"Moderate Risk","Inadequately cleaned or sanitized food contact surfaces"
5480,"20140408",103149,"Low Risk","Wiping cloths not clean or properly stored or inadequate sanitizer"
5483,"20120920",103133,"Moderate Risk","Foods not protected from contamination"
5484,"20140408",103120,"Moderate Risk","Moderate risk food holding temperature "
5484,"20120920",103119,"Moderate Risk","Inadequate and inaccessible handwashing facilities"
5485,"20120920",103139,"Low Risk","Improper food storage"
5486,"20140914",103144,"Low Risk","Unapproved or unmaintained equipment or utensils"
5486,"20150419",103132,"Moderate Risk","Improper thawing methods "
5486,"20130405",103112,"High Risk","No hot water or running water"
5486,"20140408",103120,"Moderate Risk","Moderate risk food holding temperature "
5486,"20140408",103119,"Moderate Risk","Inadequate and inaccessible handwashing facilities"
5486,"20121024",103119,"Moderate Risk","Inadequate and inaccessible handwashing facilities"
5486,"20120920",103144,"Low Risk","Unapproved or unmaintained equipment or utensils"
5487,"20150419",103107,"High Risk","Improper reheating of food"
5487,"20150419",103129,"Moderate Risk","Insufficient hot water or running water"
5487,"20150419",103149,"Low Risk","Wiping cloths not clean or properly stored or inadequate sanitizer"
5487,"20130824",103120,"Moderate Risk","Moderate risk food holding temperature "
5487,"20120920",103132,"Moderate Risk","Improper thawing methods "
5488,"20141025",103144,"Low Risk","Unapproved or unmaintained equipment or utensils"
5488,"20130824",103119,"Moderate Risk","Inadequate and inaccessible handwashing facilities"
5488,"20120920",103154,"Low Risk","Unclean or degraded floors walls or ceilings"
5489,"20150419",103149,"Low Risk","Wiping cloths not clean or properly stored or inadequate sanitizer"
5489,"20150419",103119,"Moderate Risk","Inadequate and inaccessible handwashing facilities"
5489,"20140408",103145,"Low Risk","Improper storage of equipment utensils or linens"
5489,"20140408",103119,"Moderate Risk","Inadequate and inaccessible handwashing facilities"
5489,"20121024",103119,"Moderate Risk","Inadequate and inaccessible handwashing facilities"
5489,"20121024",103144,"Low Risk","Unapproved or unmaintained equipment or utensils"
5490,"20121015",103149,"Low Risk","Wiping cloths not clean or properly stored or inadequate sanitizer"
5493,"20141025",103124,"Moderate Risk","Inadequately cleaned or sanitized food contact surfaces"
5493,"20141025",103120,"Moderate Risk","Moderate risk food holding temperature "
5493,"20141025",103119,"Moderate Risk","Inadequate and inaccessible handwashing facilities"
5493,"20130824",103159,"Low Risk","Worker safety hazards"
5493,"20121015",103119,"Moderate Risk","Inadequate and inaccessible handwashing facilities"
5493,"20120920",103102,"High Risk","Unclean hands or improper use of gloves"
5494,"20150419",103120,"Moderate Risk","Moderate risk food holding temperature "
5494,"20130405",103119,"Moderate Risk","Inadequate and inaccessible handwashing facilities"
5494,"20130405",103149,"Low Risk","Wiping cloths not clean or properly stored or inadequate sanitizer"
5494,"20120920",103133,"Moderate Risk","Foods not protected from contamination"
5495,"20150419",103149,"Low Risk","Wiping cloths not clean or properly stored or inadequate sanitizer"
5495,"20150419",103145,"Low Risk","Improper storage of equipment utensils or linens"
5495,"20150419",103119,"Moderate Risk","Inadequate and inaccessible handwashing facilities"
5496,"20150419",103132,"Moderate Risk","Improper thawing methods "
5496,"20140408",103150,"Low Risk","Improper or defective plumbing"
5496,"20121015",103119,"Moderate Risk","Inadequate and inaccessible handwashing facilities"
5496,"20120920",103154,"Low Risk","Unclean or degraded floors walls or ceilings"
5497,"20150419",103102,"High Risk","Unclean hands or improper use of gloves"
5497,"20130824",103120,"Moderate Risk","Moderate risk food holding temperature "
5497,"20130824",103144,"Low Risk","Unapproved or unmaintained equipment or utensils"
5497,"20130405",103107,"High Risk","Improper reheating of food"
5497,"20130405",103102,"High Risk","Unclean hands or improper use of gloves"
5497,"20140408",103132,"Moderate Risk","Improper thawing methods "
5497,"20121015",103119,"Moderate Risk","Inadequate and inaccessible handwashing facilities"
5498,"20130405",103129,"Moderate Risk","Insufficient hot water or running water"
5499,"20140914",103142,"Low Risk","Unclean nonfood contact surfaces"
5499,"20140914",103133,"Moderate Risk","Foods not protected from contamination"
5499,"20130824",103119,"Moderate Risk","Inadequate and inaccessible handwashing facilities"
5499,"20130405",103112,"High Risk","No hot water or running water"
5499,"20120920",103120,"Moderate Risk","Moderate risk food holding temperature "
5499,"20120920",103119,"Moderate Risk","Inadequate and inaccessible handwashing facilities"
5499,"20121015",103129,"Moderate Risk","Insufficient hot water or running water"
5500,"20150419",103153,"Low Risk","Inadequate dressing rooms or improper storage of personal items"
5500,"20150419",103119,"Moderate Risk","Inadequate and inaccessible handwashing facilities"
5500,"20140408",103102,"High Risk","Unclean hands or improper use of gloves"
5500,"20140408",103119,"Moderate Risk","Inadequate and inaccessible handwashing facilities"
5500,"20120920",103119,"Moderate Risk","Inadequate and inaccessible handwashing facilities"
5501,"20140914",103145,"Low Risk","Improper storage of equipment utensils or linens"
5501,"20150419",103119,"Moderate Risk","Inadequate and inaccessible handwashing facilities"
5501,"20150419",103153,"Low Risk","Inadequate dressing rooms or improper storage of personal items"
5501,"20130824",103133,"Moderate Risk","Foods not protected from contamination"
5501,"20120920",103142,"Low Risk","Unclean nonfood contact surfaces"
5502,"20140408",103149,"Low Risk","Wiping cloths not clean or properly stored or inadequate sanitizer"
5502,"20140408",103119,"Moderate Risk","Inadequate and inaccessible handwashing facilities"
5502,"20121015",103144,"Low Risk","Unapproved or unmaintained equipment or utensils"
5503,"20140408",103139,"Low Risk","Improper food storage"
5503,"20140408",103119,"Moderate Risk","Inadequate and inaccessible handwashing facilities"
5504,"20140914",103142,"Low Risk","Unclean nonfood contact surfaces"
5504,"20140408",103133,"Moderate Risk","Foods not protected from contamination"
5505,"20140914",103142,"Low Risk","Unclean nonfood contact surfaces"
5505,"20150419",103124,"Moderate Risk","Inadequately cleaned or sanitized food contact surfaces"
5505,"20150419",103139,"Low Risk","Improper food storage"
5505,"20130405",103129,"Moderate Risk","Insufficient hot water or running water"
5506,"20130824",103154,"Low Risk","Unclean or degraded floors walls or ceilings"
5507,"20140914",103124,"Moderate Risk","Inadequately cleaned or sanitized food contact surfaces"
5507,"20141025",103142,"Low Risk","Unclean nonfood contact surfaces"
5507,"20140914",103119,"Moderate Risk","Inadequate and inaccessible handwashing facilities"
5507,"20140914",103139,"Low Risk","Improper food storage"
5507,"20141025",103119,"Moderate Risk","Inadequate and inaccessible handwashing facilities"
5507,"20150419",103112,"High Risk","No hot water or running water"
5507,"20140408",103119,"Moderate Risk","Inadequate and inaccessible handwashing facilities"
5507,"20120920",103142,"Low Risk","Unclean nonfood contact surfaces"
5507,"20120920",103154,"Low Risk","Unclean or degraded floors walls or ceilings"
5509,"20140408",103119,"Moderate Risk","Inadequate and inaccessible handwashing facilities"
5511,"20120920",103133,"Moderate Risk","Foods not protected from contamination"
5519,"20130405",103116,"Moderate Risk","Inadequate food safety knowledge or lack of certified food safety manager"
5519,"20130405",103119,"Moderate Risk","Inadequate and inaccessible handwashing facilities"
5519,"20120920",103145,"Low Risk","Improper storage of equipment utensils or linens"
5519,"20120920",103133,"Moderate Risk","Foods not protected from contamination"
5520,"20130405",103149,"Low Risk","Wiping cloths not clean or properly stored or inadequate sanitizer"
5520,"20130405",103119,"Moderate Risk","Inadequate and inaccessible handwashing facilities"
5520,"20120920",103150,"Low Risk","Improper or defective plumbing"
5521,"20141025",103119,"Moderate Risk","Inadequate and inaccessible handwashing facilities"
5521,"20141025",103150,"Low Risk","Improper or defective plumbing"
5521,"20140914",103119,"Moderate Risk","Inadequate and inaccessible handwashing facilities"
5521,"20130824",103142,"Low Risk","Unclean nonfood contact surfaces"
5521,"20130824",103119,"Moderate Risk","Inadequate and inaccessible handwashing facilities"
5521,"20140408",103124,"Moderate Risk","Inadequately cleaned or sanitized food contact surfaces"
5521,"20140408",103119,"Moderate Risk","Inadequate and inaccessible handwashing facilities"
5521,"20121015",103142,"Low Risk","Unclean nonfood contact surfaces"
5521,"20121024",103144,"Low Risk","Unapproved or unmaintained equipment or utensils"
5522,"20141025",103150,"Low Risk","Improper or defective plumbing"
5522,"20141025",103129,"Moderate Risk","Insufficient hot water or running water"
5522,"20141025",103144,"Low Risk","Unapproved or unmaintained equipment or utensils"
5522,"20140914",103119,"Moderate Risk","Inadequate and inaccessible handwashing facilities"
5522,"20140914",103144,"Low Risk","Unapproved or unmaintained equipment or utensils"
5522,"20141025",103119,"Moderate Risk","Inadequate and inaccessible handwashing facilities"
5522,"20130824",103148,"Low Risk","No thermometers or uncalibrated thermometers "
5522,"20130824",103119,"Moderate Risk","Inadequate and inaccessible handwashing facilities"
5522,"20130824",103142,"Low Risk","Unclean nonfood contact surfaces"
5522,"20121015",103142,"Low Risk","Unclean nonfood contact surfaces"
5522,"20121024",103144,"Low Risk","Unapproved or unmaintained equipment or utensils"
5524,"20140914",103138,"Low Risk","Improper storage use or identification of toxic substances"
5524,"20130824",103145,"Low Risk","Improper storage of equipment utensils or linens"
5524,"20130824",103151,"Low Risk","Inadequate or unsanitary refuse containers or area or no garbage service"
5524,"20130824",103129,"Moderate Risk","Insufficient hot water or running water"
5524,"20140408",103102,"High Risk","Unclean hands or improper use of gloves"
5524,"20121015",103129,"Moderate Risk","Insufficient hot water or running water"
5524,"20121015",103124,"Moderate Risk","Inadequately cleaned or sanitized food contact surfaces"
5524,"20121024",103150,"Low Risk","Improper or defective plumbing"
5528,"20130824",103116,"Moderate Risk","Inadequate food safety knowledge or lack of certified food safety manager"
5528,"20130824",103119,"Moderate Risk","Inadequate and inaccessible handwashing facilities"
5533,"20130726",103162,"Low Risk","Other low risk violation"
5533,"20130726",103119,"Moderate Risk","Inadequate and inaccessible handwashing facilities"
5533,"20140806",103123,"Moderate Risk","Food in poor condition"
5544,"20150419",103124,"Moderate Risk","Inadequately cleaned or sanitized food contact surfaces"
5544,"20130824",103119,"Moderate Risk","Inadequate and inaccessible handwashing facilities"
5544,"20121024",103149,"Low Risk","Wiping cloths not clean or properly stored or inadequate sanitizer"
5552,"20130726",103119,"Moderate Risk","Inadequate and inaccessible handwashing facilities"
5562,"20130422",103156,"Low Risk","Permit license or inspection report not posted"
5562,"20140218",103149,"Low Risk","Wiping cloths not clean or properly stored or inadequate sanitizer"
5562,"20140218",103119,"Moderate Risk","Inadequate and inaccessible handwashing facilities"
5564,"20150210",103109,"High Risk","Unclean or unsanitary food contact surfaces"
5564,"20131122",103156,"Low Risk","Permit license or inspection report not posted"
5564,"20121012",103119,"Moderate Risk","Inadequate and inaccessible handwashing facilities"
5564,"20121012",103144,"Low Risk","Unapproved or unmaintained equipment or utensils"
5564,"20140606",103156,"Low Risk","Permit license or inspection report not posted"
5564,"20140606",103149,"Low Risk","Wiping cloths not clean or properly stored or inadequate sanitizer"
5578,"20130508",103129,"Moderate Risk","Insufficient hot water or running water"
5578,"20140602",103120,"Moderate Risk","Moderate risk food holding temperature "
5605,"20120619",103112,"High Risk","No hot water or running water"
5605,"20120619",103119,"Moderate Risk","Inadequate and inaccessible handwashing facilities"
5605,"20140613",103120,"Moderate Risk","Moderate risk food holding temperature "
5605,"20140613",103124,"Moderate Risk","Inadequately cleaned or sanitized food contact surfaces"
5605,"20140613",103145,"Low Risk","Improper storage of equipment utensils or linens"
5605,"20140613",103149,"Low Risk","Wiping cloths not clean or properly stored or inadequate sanitizer"
5606,"20130610",103119,"Moderate Risk","Inadequate and inaccessible handwashing facilities"
5606,"20120614",103119,"Moderate Risk","Inadequate and inaccessible handwashing facilities"
5606,"20140613",103156,"Low Risk","Permit license or inspection report not posted"
5606,"20140613",103119,"Moderate Risk","Inadequate and inaccessible handwashing facilities"
5607,"20130716",103119,"Moderate Risk","Inadequate and inaccessible handwashing facilities"
5607,"20130716",103124,"Moderate Risk","Inadequately cleaned or sanitized food contact surfaces"
5607,"20130716",103149,"Low Risk","Wiping cloths not clean or properly stored or inadequate sanitizer"
5607,"20120625",103155,"Low Risk","Unapproved  living quarters in food facility"
5607,"20120625",103124,"Moderate Risk","Inadequately cleaned or sanitized food contact surfaces"
5607,"20120625",103119,"Moderate Risk","Inadequate and inaccessible handwashing facilities"
5610,"20130422",103119,"Moderate Risk","Inadequate and inaccessible handwashing facilities"
5610,"20130422",103139,"Low Risk","Improper food storage"
5610,"20130422",103156,"Low Risk","Permit license or inspection report not posted"
5610,"20140218",103149,"Low Risk","Wiping cloths not clean or properly stored or inadequate sanitizer"
5617,"20140914",103162,"Low Risk","Other low risk violation"
5617,"20140914",103144,"Low Risk","Unapproved or unmaintained equipment or utensils"
5617,"20140914",103103,"High Risk","High risk food holding temperature "
5617,"20130405",103144,"Low Risk","Unapproved or unmaintained equipment or utensils"
5617,"20121015",103119,"Moderate Risk","Inadequate and inaccessible handwashing facilities"
5617,"20120920",103124,"Moderate Risk","Inadequately cleaned or sanitized food contact surfaces"
5617,"20120920",103139,"Low Risk","Improper food storage"
5617,"20120920",103149,"Low Risk","Wiping cloths not clean or properly stored or inadequate sanitizer"
5617,"20120920",103143,"Low Risk","Inadequate warewashing facilities or equipment"
5618,"20140914",103154,"Low Risk","Unclean or degraded floors walls or ceilings"
5618,"20140914",103144,"Low Risk","Unapproved or unmaintained equipment or utensils"
5619,"20140914",103154,"Low Risk","Unclean or degraded floors walls or ceilings"
5619,"20140408",103145,"Low Risk","Improper storage of equipment utensils or linens"
5619,"20140408",103129,"Moderate Risk","Insufficient hot water or running water"
5619,"20140408",103154,"Low Risk","Unclean or degraded floors walls or ceilings"
5619,"20120920",103154,"Low Risk","Unclean or degraded floors walls or ceilings"
5620,"20140914",103119,"Moderate Risk","Inadequate and inaccessible handwashing facilities"
5621,"20130824",103144,"Low Risk","Unapproved or unmaintained equipment or utensils"
5621,"20130824",103124,"Moderate Risk","Inadequately cleaned or sanitized food contact surfaces"
5621,"20130405",103119,"Moderate Risk","Inadequate and inaccessible handwashing facilities"
5621,"20140408",103124,"Moderate Risk","Inadequately cleaned or sanitized food contact surfaces"
5621,"20121024",103120,"Moderate Risk","Moderate risk food holding temperature "
5622,"20141025",103129,"Moderate Risk","Insufficient hot water or running water"
5622,"20141025",103131,"Moderate Risk","Moderate risk vermin infestation"
5622,"20140914",103147,"Low Risk","Inadequate ventilation or lighting"
5622,"20141025",103124,"Moderate Risk","Inadequately cleaned or sanitized food contact surfaces"
5622,"20141025",103119,"Moderate Risk","Inadequate and inaccessible handwashing facilities"
5622,"20130824",103144,"Low Risk","Unapproved or unmaintained equipment or utensils"
5622,"20130824",103148,"Low Risk","No thermometers or uncalibrated thermometers "
5622,"20130824",103150,"Low Risk","Improper or defective plumbing"
5622,"20130824",103147,"Low Risk","Inadequate ventilation or lighting"
5622,"20130405",103119,"Moderate Risk","Inadequate and inaccessible handwashing facilities"
5622,"20121024",103148,"Low Risk","No thermometers or uncalibrated thermometers "
5622,"20121024",103138,"Low Risk","Improper storage use or identification of toxic substances"
5623,"20130824",103145,"Low Risk","Improper storage of equipment utensils or linens"
5623,"20130824",103143,"Low Risk","Inadequate warewashing facilities or equipment"
5623,"20121015",103147,"Low Risk","Inadequate ventilation or lighting"
5623,"20121015",103119,"Moderate Risk","Inadequate and inaccessible handwashing facilities"
5624,"20141025",103150,"Low Risk","Improper or defective plumbing"
5624,"20130824",103154,"Low Risk","Unclean or degraded floors walls or ceilings"
5624,"20130824",103124,"Moderate Risk","Inadequately cleaned or sanitized food contact surfaces"
5624,"20130405",103119,"Moderate Risk","Inadequate and inaccessible handwashing facilities"
5624,"20140408",103103,"High Risk","High risk food holding temperature "
5624,"20121015",103120,"Moderate Risk","Moderate risk food holding temperature "
5626,"20140914",103142,"Low Risk","Unclean nonfood contact surfaces"
5626,"20140914",103154,"Low Risk","Unclean or degraded floors walls or ceilings"
5626,"20130824",103144,"Low Risk","Unapproved or unmaintained equipment or utensils"
5626,"20130824",103124,"Moderate Risk","Inadequately cleaned or sanitized food contact surfaces"
5626,"20130405",103119,"Moderate Risk","Inadequate and inaccessible handwashing facilities"
5626,"20140408",103136,"Low Risk","Unsanitary employee garments hair or nails"
5626,"20140408",103120,"Moderate Risk","Moderate risk food holding temperature "
5626,"20140408",103151,"Low Risk","Inadequate or unsanitary refuse containers or area or no garbage service"
5626,"20120920",103150,"Low Risk","Improper or defective plumbing"
5626,"20120920",103144,"Low Risk","Unapproved or unmaintained equipment or utensils"
5627,"20140914",103103,"High Risk","High risk food holding temperature "
5627,"20150419",103139,"Low Risk","Improper food storage"
5627,"20130824",103151,"Low Risk","Inadequate or unsanitary refuse containers or area or no garbage service"
5627,"20130405",103144,"Low Risk","Unapproved or unmaintained equipment or utensils"
5627,"20120920",103119,"Moderate Risk","Inadequate and inaccessible handwashing facilities"
5627,"20121015",103119,"Moderate Risk","Inadequate and inaccessible handwashing facilities"
5628,"20140914",103154,"Low Risk","Unclean or degraded floors walls or ceilings"
5628,"20150419",103144,"Low Risk","Unapproved or unmaintained equipment or utensils"
5628,"20130824",103139,"Low Risk","Improper food storage"
5628,"20130824",103129,"Moderate Risk","Insufficient hot water or running water"
5628,"20130824",103120,"Moderate Risk","Moderate risk food holding temperature "
5628,"20140408",103139,"Low Risk","Improper food storage"
5629,"20130405",103144,"Low Risk","Unapproved or unmaintained equipment or utensils"
5629,"20140408",103151,"Low Risk","Inadequate or unsanitary refuse containers or area or no garbage service"
5629,"20121015",103139,"Low Risk","Improper food storage"
5630,"20130824",103102,"High Risk","Unclean hands or improper use of gloves"
5630,"20130824",103142,"Low Risk","Unclean nonfood contact surfaces"
5630,"20130405",103154,"Low Risk","Unclean or degraded floors walls or ceilings"
5630,"20130405",103144,"Low Risk","Unapproved or unmaintained equipment or utensils"
5630,"20140408",103120,"Moderate Risk","Moderate risk food holding temperature "
5630,"20140408",103119,"Moderate Risk","Inadequate and inaccessible handwashing facilities"
5630,"20140408",103149,"Low Risk","Wiping cloths not clean or properly stored or inadequate sanitizer"
5631,"20130405",103118,"Moderate Risk","Employee eating or smoking"
5631,"20130405",103154,"Low Risk","Unclean or degraded floors walls or ceilings"
5631,"20140408",103149,"Low Risk","Wiping cloths not clean or properly stored or inadequate sanitizer"
5631,"20140408",103120,"Moderate Risk","Moderate risk food holding temperature "
5631,"20121015",103139,"Low Risk","Improper food storage"
5632,"20130824",103102,"High Risk","Unclean hands or improper use of gloves"
5632,"20130824",103105,"High Risk","Improper cooling methods"
5632,"20140408",103149,"Low Risk","Wiping cloths not clean or properly stored or inadequate sanitizer"
5632,"20140408",103120,"Moderate Risk","Moderate risk food holding temperature "
5632,"20120920",103119,"Moderate Risk","Inadequate and inaccessible handwashing facilities"
5632,"20121024",103144,"Low Risk","Unapproved or unmaintained equipment or utensils"
5632,"20121024",103120,"Moderate Risk","Moderate risk food holding temperature "
5632,"20120920",103115,"High Risk","Other high risk violation"
5633,"20141025",103120,"Moderate Risk","Moderate risk food holding temperature "
5633,"20150914",103120,"Moderate Risk","Moderate risk food holding temperature "
5633,"20150419",103133,"Moderate Risk","Foods not protected from contamination"
5633,"20130824",103148,"Low Risk","No thermometers or uncalibrated thermometers "
5633,"20130824",103120,"Moderate Risk","Moderate risk food holding temperature "
5633,"20130824",103154,"Low Risk","Unclean or degraded floors walls or ceilings"
5633,"20130405",103157,"Low Risk","Food safety certificate or food handler card not available"
5633,"20130405",103102,"High Risk","Unclean hands or improper use of gloves"
5633,"20130405",103103,"High Risk","High risk food holding temperature "
5633,"20140408",103102,"High Risk","Unclean hands or improper use of gloves"
5633,"20140408",103120,"Moderate Risk","Moderate risk food holding temperature "
5633,"20140408",103129,"Moderate Risk","Insufficient hot water or running water"
5633,"20140408",103144,"Low Risk","Unapproved or unmaintained equipment or utensils"
5633,"20120920",103149,"Low Risk","Wiping cloths not clean or properly stored or inadequate sanitizer"
5633,"20120920",103150,"Low Risk","Improper or defective plumbing"
5633,"20120920",103154,"Low Risk","Unclean or degraded floors walls or ceilings"
5633,"20121015",103154,"Low Risk","Unclean or degraded floors walls or ceilings"
5633,"20120920",103157,"Low Risk","Food safety certificate or food handler card not available"
5634,"20150914",103143,"Low Risk","Inadequate warewashing facilities or equipment"
5634,"20150914",103154,"Low Risk","Unclean or degraded floors walls or ceilings"
5634,"20150419",103149,"Low Risk","Wiping cloths not clean or properly stored or inadequate sanitizer"
5634,"20150419",103118,"Moderate Risk","Employee eating or smoking"
5634,"20130824",103149,"Low Risk","Wiping cloths not clean or properly stored or inadequate sanitizer"
5634,"20130824",103138,"Low Risk","Improper storage use or identification of toxic substances"
5634,"20130824",103153,"Low Risk","Inadequate dressing rooms or improper storage of personal items"
5634,"20130405",103132,"Moderate Risk","Improper thawing methods "
5634,"20130405",103103,"High Risk","High risk food holding temperature "
5634,"20130405",103157,"Low Risk","Food safety certificate or food handler card not available"
5634,"20140408",103119,"Moderate Risk","Inadequate and inaccessible handwashing facilities"
5634,"20140408",103124,"Moderate Risk","Inadequately cleaned or sanitized food contact surfaces"
5634,"20121015",103157,"Low Risk","Food safety certificate or food handler card not available"
5634,"20121015",103144,"Low Risk","Unapproved or unmaintained equipment or utensils"
5635,"20150914",103120,"Moderate Risk","Moderate risk food holding temperature "
5635,"20150914",103154,"Low Risk","Unclean or degraded floors walls or ceilings"
5635,"20130824",103147,"Low Risk","Inadequate ventilation or lighting"
5635,"20130405",103149,"Low Risk","Wiping cloths not clean or properly stored or inadequate sanitizer"
5635,"20140408",103149,"Low Risk","Wiping cloths not clean or properly stored or inadequate sanitizer"
5635,"20140408",103156,"Low Risk","Permit license or inspection report not posted"
5635,"20121015",103119,"Moderate Risk","Inadequate and inaccessible handwashing facilities"
5635,"20121015",103151,"Low Risk","Inadequate or unsanitary refuse containers or area or no garbage service"
5636,"20150914",103144,"Low Risk","Unapproved or unmaintained equipment or utensils"
5636,"20130824",103144,"Low Risk","Unapproved or unmaintained equipment or utensils"
5636,"20130824",103150,"Low Risk","Improper or defective plumbing"
5636,"20130824",103159,"Low Risk","Worker safety hazards"
5636,"20130405",103142,"Low Risk","Unclean nonfood contact surfaces"
5636,"20130405",103133,"Moderate Risk","Foods not protected from contamination"
5636,"20130405",103119,"Moderate Risk","Inadequate and inaccessible handwashing facilities"
5636,"20121015",103124,"Moderate Risk","Inadequately cleaned or sanitized food contact surfaces"
5636,"20121015",103154,"Low Risk","Unclean or degraded floors walls or ceilings"
5636,"20120920",103147,"Low Risk","Inadequate ventilation or lighting"
5636,"20121015",103145,"Low Risk","Improper storage of equipment utensils or linens"
5636,"20120920",103145,"Low Risk","Improper storage of equipment utensils or linens"
5636,"20120920",103142,"Low Risk","Unclean nonfood contact surfaces"
5636,"20120920",103119,"Moderate Risk","Inadequate and inaccessible handwashing facilities"
5636,"20121015",103119,"Moderate Risk","Inadequate and inaccessible handwashing facilities"
5639,"20150419",103159,"Low Risk","Worker safety hazards"
5639,"20140408",103149,"Low Risk","Wiping cloths not clean or properly stored or inadequate sanitizer"
5639,"20140408",103118,"Moderate Risk","Employee eating or smoking"
5639,"20140408",103154,"Low Risk","Unclean or degraded floors walls or ceilings"
5639,"20121015",103149,"Low Risk","Wiping cloths not clean or properly stored or inadequate sanitizer"
5640,"20150419",103133,"Moderate Risk","Foods not protected from contamination"
5640,"20130824",103142,"Low Risk","Unclean nonfood contact surfaces"
5640,"20140408",103119,"Moderate Risk","Inadequate and inaccessible handwashing facilities"
5640,"20140408",103120,"Moderate Risk","Moderate risk food holding temperature "
5640,"20121015",103149,"Low Risk","Wiping cloths not clean or properly stored or inadequate sanitizer"
5640,"20121015",103142,"Low Risk","Unclean nonfood contact surfaces"
5640,"20121015",103118,"Moderate Risk","Employee eating or smoking"
5641,"20150419",103119,"Moderate Risk","Inadequate and inaccessible handwashing facilities"
5641,"20150419",103120,"Moderate Risk","Moderate risk food holding temperature "
5641,"20150419",103149,"Low Risk","Wiping cloths not clean or properly stored or inadequate sanitizer"
5641,"20130824",103119,"Moderate Risk","Inadequate and inaccessible handwashing facilities"
5641,"20121015",103149,"Low Risk","Wiping cloths not clean or properly stored or inadequate sanitizer"
5641,"20121015",103145,"Low Risk","Improper storage of equipment utensils or linens"
5642,"20141025",103129,"Moderate Risk","Insufficient hot water or running water"
5642,"20141025",103129,"Moderate Risk","Insufficient hot water or running water"
5642,"20150419",103149,"Low Risk","Wiping cloths not clean or properly stored or inadequate sanitizer"
5643,"20141025",103142,"Low Risk","Unclean nonfood contact surfaces"
5643,"20130824",103150,"Low Risk","Improper or defective plumbing"
5644,"20141025",103153,"Low Risk","Inadequate dressing rooms or improper storage of personal items"
5644,"20150419",103131,"Moderate Risk","Moderate risk vermin infestation"
5644,"20130824",103142,"Low Risk","Unclean nonfood contact surfaces"
5644,"20130405",103119,"Moderate Risk","Inadequate and inaccessible handwashing facilities"
5644,"20140408",103120,"Moderate Risk","Moderate risk food holding temperature "
5644,"20121015",103119,"Moderate Risk","Inadequate and inaccessible handwashing facilities"
5645,"20141025",103120,"Moderate Risk","Moderate risk food holding temperature "
5645,"20141025",103114,"High Risk","High risk vermin infestation"
5645,"20150419",103161,"Low Risk","Low risk vermin infestation"
5645,"20130824",103142,"Low Risk","Unclean nonfood contact surfaces"
5645,"20130405",103144,"Low Risk","Unapproved or unmaintained equipment or utensils"
5645,"20140429",103131,"Moderate Risk","Moderate risk vermin infestation"
5645,"20120920",103150,"Low Risk","Improper or defective plumbing"
5645,"20120920",103154,"Low Risk","Unclean or degraded floors walls or ceilings"
5646,"20141025",103154,"Low Risk","Unclean or degraded floors walls or ceilings"
5646,"20141025",103133,"Moderate Risk","Foods not protected from contamination"
5646,"20150419",103120,"Moderate Risk","Moderate risk food holding temperature "
5646,"20150419",103118,"Moderate Risk","Employee eating or smoking"
5646,"20120920",103142,"Low Risk","Unclean nonfood contact surfaces"
5646,"20121015",103103,"High Risk","High risk food holding temperature "
5647,"20150419",103131,"Moderate Risk","Moderate risk vermin infestation"
5647,"20150419",103119,"Moderate Risk","Inadequate and inaccessible handwashing facilities"
5647,"20130824",103133,"Moderate Risk","Foods not protected from contamination"
5647,"20130405",103142,"Low Risk","Unclean nonfood contact surfaces"
5647,"20120920",103133,"Moderate Risk","Foods not protected from contamination"
5649,"20141025",103154,"Low Risk","Unclean or degraded floors walls or ceilings"
5649,"20140914",103124,"Moderate Risk","Inadequately cleaned or sanitized food contact surfaces"
5649,"20140914",103145,"Low Risk","Improper storage of equipment utensils or linens"
5649,"20141025",103142,"Low Risk","Unclean nonfood contact surfaces"
5649,"20150419",103124,"Moderate Risk","Inadequately cleaned or sanitized food contact surfaces"
5649,"20150419",103150,"Low Risk","Improper or defective plumbing"
5649,"20130405",103139,"Low Risk","Improper food storage"
5649,"20140408",103112,"High Risk","No hot water or running water"
5649,"20140408",103124,"Moderate Risk","Inadequately cleaned or sanitized food contact surfaces"
5649,"20121015",103139,"Low Risk","Improper food storage"
5649,"20120920",103124,"Moderate Risk","Inadequately cleaned or sanitized food contact surfaces"
5650,"20130824",103119,"Moderate Risk","Inadequate and inaccessible handwashing facilities"
5650,"20140408",103149,"Low Risk","Wiping cloths not clean or properly stored or inadequate sanitizer"
5650,"20120920",103120,"Moderate Risk","Moderate risk food holding temperature "
5651,"20150419",103119,"Moderate Risk","Inadequate and inaccessible handwashing facilities"
5651,"20150419",103120,"Moderate Risk","Moderate risk food holding temperature "
5651,"20130824",103119,"Moderate Risk","Inadequate and inaccessible handwashing facilities"
5651,"20130824",103120,"Moderate Risk","Moderate risk food holding temperature "
5651,"20130824",103144,"Low Risk","Unapproved or unmaintained equipment or utensils"
5651,"20130824",103148,"Low Risk","No thermometers or uncalibrated thermometers "
5651,"20130824",103116,"Moderate Risk","Inadequate food safety knowledge or lack of certified food safety manager"
5651,"20140408",103145,"Low Risk","Improper storage of equipment utensils or linens"
5651,"20140408",103129,"Moderate Risk","Insufficient hot water or running water"
5651,"20120920",103123,"Moderate Risk","Food in poor condition"
5651,"20120920",103120,"Moderate Risk","Moderate risk food holding temperature "
5651,"20121015",103119,"Moderate Risk","Inadequate and inaccessible handwashing facilities"
5651,"20120920",103102,"High Risk","Unclean hands or improper use of gloves"
5652,"20150419",103139,"Low Risk","Improper food storage"
5652,"20150419",103162,"Low Risk","Other low risk violation"
5652,"20130824",103134,"Moderate Risk","Other moderate risk violation"
5652,"20130824",103119,"Moderate Risk","Inadequate and inaccessible handwashing facilities"
5653,"20140829",103124,"Moderate Risk","Inadequately cleaned or sanitized food contact surfaces"
5653,"20140829",103119,"Moderate Risk","Inadequate and inaccessible handwashing facilities"
5653,"20140206",103145,"Low Risk","Improper storage of equipment utensils or linens"
5653,"20130328",103156,"Low Risk","Permit license or inspection report not posted"
5653,"20130328",103144,"Low Risk","Unapproved or unmaintained equipment or utensils"
5653,"20130328",103112,"High Risk","No hot water or running water"
5654,"20140829",103119,"Moderate Risk","Inadequate and inaccessible handwashing facilities"
5654,"20130628",103107,"High Risk","Improper reheating of food"
5654,"20140206",103120,"Moderate Risk","Moderate risk food holding temperature "
5654,"20140206",103114,"High Risk","High risk vermin infestation"
5654,"20140206",103144,"Low Risk","Unapproved or unmaintained equipment or utensils"
5654,"20140206",103112,"High Risk","No hot water or running water"
5654,"20140206",103108,"High Risk","Contaminated or adulterated food"
5654,"20130328",103144,"Low Risk","Unapproved or unmaintained equipment or utensils"
5654,"20130328",103156,"Low Risk","Permit license or inspection report not posted"
5654,"20130328",103112,"High Risk","No hot water or running water"
5657,"20140914",103112,"High Risk","No hot water or running water"
5657,"20150419",103120,"Moderate Risk","Moderate risk food holding temperature "
5657,"20120920",103112,"High Risk","No hot water or running water"
5658,"20141025",103112,"High Risk","No hot water or running water"
5658,"20140914",103124,"Moderate Risk","Inadequately cleaned or sanitized food contact surfaces"
5658,"20140914",103119,"Moderate Risk","Inadequate and inaccessible handwashing facilities"
5658,"20150419",103119,"Moderate Risk","Inadequate and inaccessible handwashing facilities"
5658,"20140408",103119,"Moderate Risk","Inadequate and inaccessible handwashing facilities"
5658,"20121015",103119,"Moderate Risk","Inadequate and inaccessible handwashing facilities"
5658,"20120920",103124,"Moderate Risk","Inadequately cleaned or sanitized food contact surfaces"
5658,"20121015",103129,"Moderate Risk","Insufficient hot water or running water"
5662,"20150419",103144,"Low Risk","Unapproved or unmaintained equipment or utensils"
5662,"20120920",103119,"Moderate Risk","Inadequate and inaccessible handwashing facilities"
5744,"20130227",103157,"Low Risk","Food safety certificate or food handler card not available"
5744,"20140609",103142,"Low Risk","Unclean nonfood contact surfaces"
5744,"20140609",103156,"Low Risk","Permit license or inspection report not posted"
5767,"20130226",103120,"Moderate Risk","Moderate risk food holding temperature "
5767,"20130226",103157,"Low Risk","Food safety certificate or food handler card not available"
5779,"20130311",103156,"Low Risk","Permit license or inspection report not posted"
5779,"20120629",103131,"Moderate Risk","Moderate risk vermin infestation"
5779,"20120629",103142,"Low Risk","Unclean nonfood contact surfaces"
5786,"20130425",103157,"Low Risk","Food safety certificate or food handler card not available"
5786,"20130425",103148,"Low Risk","No thermometers or uncalibrated thermometers "
5787,"20150423",103102,"High Risk","Unclean hands or improper use of gloves"
5787,"20130917",103103,"High Risk","High risk food holding temperature "
5788,"20150422",103112,"High Risk","No hot water or running water"
5788,"20150422",103131,"Moderate Risk","Moderate risk vermin infestation"
5788,"20120912",103119,"Moderate Risk","Inadequate and inaccessible handwashing facilities"
5790,"20150209",103124,"Moderate Risk","Inadequately cleaned or sanitized food contact surfaces"
5790,"20120913",103131,"Moderate Risk","Moderate risk vermin infestation"
5791,"20140903",103124,"Moderate Risk","Inadequately cleaned or sanitized food contact surfaces"
5791,"20150209",103124,"Moderate Risk","Inadequately cleaned or sanitized food contact surfaces"
5791,"20140228",103112,"High Risk","No hot water or running water"
5791,"20120913",103135,"Low Risk","No person in charge of food facility"
5791,"20120913",103103,"High Risk","High risk food holding temperature "
5791,"20120913",103142,"Low Risk","Unclean nonfood contact surfaces"
5792,"20120911",103129,"Moderate Risk","Insufficient hot water or running water"
5794,"20121218",103145,"Low Risk","Improper storage of equipment utensils or linens"
5794,"20121218",103131,"Moderate Risk","Moderate risk vermin infestation"
5796,"20130401",103147,"Low Risk","Inadequate ventilation or lighting"
5797,"20131008",103153,"Low Risk","Inadequate dressing rooms or improper storage of personal items"
5799,"20130918",103131,"Moderate Risk","Moderate risk vermin infestation"
5799,"20140319",103160,"Low Risk","Inadequate HACCP plan record keeping"
5799,"20121114",103150,"Low Risk","Improper or defective plumbing"
5800,"20140917",103102,"High Risk","Unclean hands or improper use of gloves"
5800,"20140917",103103,"High Risk","High risk food holding temperature "
5800,"20150126",103156,"Low Risk","Permit license or inspection report not posted"
5800,"20150126",103157,"Low Risk","Food safety certificate or food handler card not available"
5800,"20130912",103131,"Moderate Risk","Moderate risk vermin infestation"
5800,"20140214",103103,"High Risk","High risk food holding temperature "
5801,"20140909",103139,"Low Risk","Improper food storage"
5802,"20140902",103161,"Low Risk","Low risk vermin infestation"
5802,"20130903",103144,"Low Risk","Unapproved or unmaintained equipment or utensils"
5802,"20130903",103154,"Low Risk","Unclean or degraded floors walls or ceilings"
5802,"20130903",103162,"Low Risk","Other low risk violation"
5802,"20120905",103161,"Low Risk","Low risk vermin infestation"
5805,"20130409",103152,"Low Risk","Unclean unmaintained or improperly constructed toilet facilities"
5805,"20140328",103154,"Low Risk","Unclean or degraded floors walls or ceilings"
5805,"20140328",103152,"Low Risk","Unclean unmaintained or improperly constructed toilet facilities"
5805,"20140328",103161,"Low Risk","Low risk vermin infestation"
5805,"20121015",103157,"Low Risk","Food safety certificate or food handler card not available"
5805,"20121015",103161,"Low Risk","Low risk vermin infestation"
5807,"20140922",103150,"Low Risk","Improper or defective plumbing"
5807,"20150504",103150,"Low Risk","Improper or defective plumbing"
5807,"20130409",103154,"Low Risk","Unclean or degraded floors walls or ceilings"
5807,"20140313",103150,"Low Risk","Improper or defective plumbing"
5807,"20120907",103157,"Low Risk","Food safety certificate or food handler card not available"
5808,"20121029",103129,"Moderate Risk","Insufficient hot water or running water"
5810,"20141015",103131,"Moderate Risk","Moderate risk vermin infestation"
5810,"20130508",103147,"Low Risk","Inadequate ventilation or lighting"
5810,"20130508",103152,"Low Risk","Unclean unmaintained or improperly constructed toilet facilities"
5810,"20140304",103144,"Low Risk","Unapproved or unmaintained equipment or utensils"
5810,"20140304",103147,"Low Risk","Inadequate ventilation or lighting"
5810,"20140304",103161,"Low Risk","Low risk vermin infestation"
5810,"20121017",103161,"Low Risk","Low risk vermin infestation"
5811,"20141006",103161,"Low Risk","Low risk vermin infestation"
5811,"20150218",103161,"Low Risk","Low risk vermin infestation"
5811,"20131001",103139,"Low Risk","Improper food storage"
5811,"20131001",103161,"Low Risk","Low risk vermin infestation"
5811,"20130426",103131,"Moderate Risk","Moderate risk vermin infestation"
5811,"20130426",103139,"Low Risk","Improper food storage"
5811,"20140304",103161,"Low Risk","Low risk vermin infestation"
5811,"20120914",103157,"Low Risk","Food safety certificate or food handler card not available"
5812,"20150218",103143,"Low Risk","Inadequate warewashing facilities or equipment"
5812,"20130827",103131,"Moderate Risk","Moderate risk vermin infestation"
5812,"20130827",103144,"Low Risk","Unapproved or unmaintained equipment or utensils"
5812,"20121109",103109,"High Risk","Unclean or unsanitary food contact surfaces"
5813,"20140226",103113,"High Risk","Sewage or wastewater contamination"
5813,"20121211",103119,"Moderate Risk","Inadequate and inaccessible handwashing facilities"
5814,"20130425",103161,"Low Risk","Low risk vermin infestation"
5815,"20140908",103131,"Moderate Risk","Moderate risk vermin infestation"
5815,"20140908",103129,"Moderate Risk","Insufficient hot water or running water"
5815,"20140908",103139,"Low Risk","Improper food storage"
5815,"20150309",103161,"Low Risk","Low risk vermin infestation"
5815,"20150309",103119,"Moderate Risk","Inadequate and inaccessible handwashing facilities"
5815,"20131001",103114,"High Risk","High risk vermin infestation"
5815,"20130426",103131,"Moderate Risk","Moderate risk vermin infestation"
5815,"20130426",103112,"High Risk","No hot water or running water"
5815,"20140224",103131,"Moderate Risk","Moderate risk vermin infestation"
5815,"20120913",103112,"High Risk","No hot water or running water"
5815,"20120913",103157,"Low Risk","Food safety certificate or food handler card not available"
5816,"20140923",103139,"Low Risk","Improper food storage"
5816,"20140923",103131,"Moderate Risk","Moderate risk vermin infestation"
5816,"20150305",103131,"Moderate Risk","Moderate risk vermin infestation"
5816,"20150305",103120,"Moderate Risk","Moderate risk food holding temperature "
5816,"20130913",103161,"Low Risk","Low risk vermin infestation"
5816,"20130913",103120,"Moderate Risk","Moderate risk food holding temperature "
5816,"20140328",103161,"Low Risk","Low risk vermin infestation"
5816,"20140328",103144,"Low Risk","Unapproved or unmaintained equipment or utensils"
5817,"20140902",103157,"Low Risk","Food safety certificate or food handler card not available"
5817,"20150304",103121,"Moderate Risk","Inadequate procedures or records for time as a public health control "
5817,"20140219",103142,"Low Risk","Unclean nonfood contact surfaces"
5817,"20140219",103157,"Low Risk","Food safety certificate or food handler card not available"
5818,"20140912",103120,"Moderate Risk","Moderate risk food holding temperature "
5818,"20140912",103133,"Moderate Risk","Foods not protected from contamination"
5818,"20150225",103144,"Low Risk","Unapproved or unmaintained equipment or utensils"
5818,"20131025",103149,"Low Risk","Wiping cloths not clean or properly stored or inadequate sanitizer"
5818,"20131025",103116,"Moderate Risk","Inadequate food safety knowledge or lack of certified food safety manager"
5818,"20131025",103139,"Low Risk","Improper food storage"
5818,"20130423",103144,"Low Risk","Unapproved or unmaintained equipment or utensils"
5818,"20130423",103120,"Moderate Risk","Moderate risk food holding temperature "
5818,"20140306",103120,"Moderate Risk","Moderate risk food holding temperature "
5818,"20121010",103124,"Moderate Risk","Inadequately cleaned or sanitized food contact surfaces"
5818,"20121010",103144,"Low Risk","Unapproved or unmaintained equipment or utensils"
5819,"20140905",103139,"Low Risk","Improper food storage"
5819,"20150226",103144,"Low Risk","Unapproved or unmaintained equipment or utensils"
5819,"20130918",103139,"Low Risk","Improper food storage"
5819,"20130918",103131,"Moderate Risk","Moderate risk vermin infestation"
5819,"20130412",103161,"Low Risk","Low risk vermin infestation"
5819,"20140307",103129,"Moderate Risk","Insufficient hot water or running water"
5819,"20140307",103131,"Moderate Risk","Moderate risk vermin infestation"
5819,"20120921",103161,"Low Risk","Low risk vermin infestation"
5820,"20141030",103161,"Low Risk","Low risk vermin infestation"
5820,"20131104",103161,"Low Risk","Low risk vermin infestation"
5820,"20131104",103121,"Moderate Risk","Inadequate procedures or records for time as a public health control "
5820,"20130425",103161,"Low Risk","Low risk vermin infestation"
5820,"20140306",103114,"High Risk","High risk vermin infestation"
5820,"20120920",103131,"Moderate Risk","Moderate risk vermin infestation"
5820,"20120920",103154,"Low Risk","Unclean or degraded floors walls or ceilings"
5821,"20150424",103149,"Low Risk","Wiping cloths not clean or properly stored or inadequate sanitizer"
5821,"20150424",103157,"Low Risk","Food safety certificate or food handler card not available"
5821,"20130919",103161,"Low Risk","Low risk vermin infestation"
5821,"20130322",103133,"Moderate Risk","Foods not protected from contamination"
5821,"20130322",103129,"Moderate Risk","Insufficient hot water or running water"
5821,"20130322",103119,"Moderate Risk","Inadequate and inaccessible handwashing facilities"
5821,"20130322",103102,"High Risk","Unclean hands or improper use of gloves"
5821,"20130322",103109,"High Risk","Unclean or unsanitary food contact surfaces"
5821,"20140318",103162,"Low Risk","Other low risk violation"
5821,"20140318",103121,"Moderate Risk","Inadequate procedures or records for time as a public health control "
5821,"20140318",103145,"Low Risk","Improper storage of equipment utensils or linens"
5823,"20141024",103157,"Low Risk","Food safety certificate or food handler card not available"
5823,"20141024",103120,"Moderate Risk","Moderate risk food holding temperature "
5823,"20140124",103152,"Low Risk","Unclean unmaintained or improperly constructed toilet facilities"
5823,"20130307",103109,"High Risk","Unclean or unsanitary food contact surfaces"
5823,"20130307",103129,"Moderate Risk","Insufficient hot water or running water"
5823,"20120914",103120,"Moderate Risk","Moderate risk food holding temperature "
5824,"20140926",103120,"Moderate Risk","Moderate risk food holding temperature "
5824,"20150424",103156,"Low Risk","Permit license or inspection report not posted"
5824,"20150424",103129,"Moderate Risk","Insufficient hot water or running water"
5824,"20130919",103161,"Low Risk","Low risk vermin infestation"
5824,"20130919",103120,"Moderate Risk","Moderate risk food holding temperature "
5824,"20130919",103109,"High Risk","Unclean or unsanitary food contact surfaces"
5824,"20130919",103153,"Low Risk","Inadequate dressing rooms or improper storage of personal items"
5824,"20130320",103149,"Low Risk","Wiping cloths not clean or properly stored or inadequate sanitizer"
5824,"20130320",103161,"Low Risk","Low risk vermin infestation"
5824,"20130320",103144,"Low Risk","Unapproved or unmaintained equipment or utensils"
5824,"20140221",103143,"Low Risk","Inadequate warewashing facilities or equipment"
5825,"20141029",103139,"Low Risk","Improper food storage"
5825,"20131015",103139,"Low Risk","Improper food storage"
5825,"20121025",103144,"Low Risk","Unapproved or unmaintained equipment or utensils"
5825,"20121025",103129,"Moderate Risk","Insufficient hot water or running water"
5827,"20141010",103131,"Moderate Risk","Moderate risk vermin infestation"
5827,"20141010",103133,"Moderate Risk","Foods not protected from contamination"
5827,"20150129",103114,"High Risk","High risk vermin infestation"
5827,"20131009",103131,"Moderate Risk","Moderate risk vermin infestation"
5827,"20130402",103120,"Moderate Risk","Moderate risk food holding temperature "
5827,"20130402",103131,"Moderate Risk","Moderate risk vermin infestation"
5827,"20140219",103144,"Low Risk","Unapproved or unmaintained equipment or utensils"
5827,"20140219",103138,"Low Risk","Improper storage use or identification of toxic substances"
5827,"20140219",103131,"Moderate Risk","Moderate risk vermin infestation"
5827,"20140219",103129,"Moderate Risk","Insufficient hot water or running water"
5827,"20120921",103142,"Low Risk","Unclean nonfood contact surfaces"
5827,"20120921",103114,"High Risk","High risk vermin infestation"
5828,"20150223",103154,"Low Risk","Unclean or degraded floors walls or ceilings"
5828,"20150223",103147,"Low Risk","Inadequate ventilation or lighting"
5828,"20121101",103131,"Moderate Risk","Moderate risk vermin infestation"
5829,"20140211",103120,"Moderate Risk","Moderate risk food holding temperature "
5829,"20121116",103152,"Low Risk","Unclean unmaintained or improperly constructed toilet facilities"
5830,"20140820",103119,"Moderate Risk","Inadequate and inaccessible handwashing facilities"
5830,"20120928",103156,"Low Risk","Permit license or inspection report not posted"
5830,"20120928",103144,"Low Risk","Unapproved or unmaintained equipment or utensils"
5831,"20130502",103120,"Moderate Risk","Moderate risk food holding temperature "
5833,"20140910",103119,"Moderate Risk","Inadequate and inaccessible handwashing facilities"
5833,"20140910",103124,"Moderate Risk","Inadequately cleaned or sanitized food contact surfaces"
5833,"20150430",103120,"Moderate Risk","Moderate risk food holding temperature "
5833,"20130916",103148,"Low Risk","No thermometers or uncalibrated thermometers "
5833,"20130916",103144,"Low Risk","Unapproved or unmaintained equipment or utensils"
5833,"20140318",103131,"Moderate Risk","Moderate risk vermin infestation"
5834,"20140218",103161,"Low Risk","Low risk vermin infestation"
5835,"20130918",103153,"Low Risk","Inadequate dressing rooms or improper storage of personal items"
5835,"20140318",103154,"Low Risk","Unclean or degraded floors walls or ceilings"
5835,"20121114",103161,"Low Risk","Low risk vermin infestation"
5837,"20140904",103139,"Low Risk","Improper food storage"
5837,"20140904",103107,"High Risk","Improper reheating of food"
5837,"20131004",103139,"Low Risk","Improper food storage"
5837,"20130404",103154,"Low Risk","Unclean or degraded floors walls or ceilings"
5837,"20130404",103131,"Moderate Risk","Moderate risk vermin infestation"
5837,"20140314",103120,"Moderate Risk","Moderate risk food holding temperature "
5837,"20121001",103149,"Low Risk","Wiping cloths not clean or properly stored or inadequate sanitizer"
5837,"20121001",103143,"Low Risk","Inadequate warewashing facilities or equipment"
5837,"20121001",103161,"Low Risk","Low risk vermin infestation"
5838,"20140912",103116,"Moderate Risk","Inadequate food safety knowledge or lack of certified food safety manager"
5838,"20140912",103144,"Low Risk","Unapproved or unmaintained equipment or utensils"
5838,"20150217",103120,"Moderate Risk","Moderate risk food holding temperature "
5838,"20150217",103129,"Moderate Risk","Insufficient hot water or running water"
5838,"20150217",103144,"Low Risk","Unapproved or unmaintained equipment or utensils"
5838,"20131011",103131,"Moderate Risk","Moderate risk vermin infestation"
5838,"20131011",103109,"High Risk","Unclean or unsanitary food contact surfaces"
5838,"20130419",103131,"Moderate Risk","Moderate risk vermin infestation"
5838,"20130419",103120,"Moderate Risk","Moderate risk food holding temperature "
5838,"20140307",103116,"Moderate Risk","Inadequate food safety knowledge or lack of certified food safety manager"
5838,"20140307",103144,"Low Risk","Unapproved or unmaintained equipment or utensils"
5838,"20121005",103161,"Low Risk","Low risk vermin infestation"
5838,"20121005",103144,"Low Risk","Unapproved or unmaintained equipment or utensils"
5839,"20140925",103116,"Moderate Risk","Inadequate food safety knowledge or lack of certified food safety manager"
5839,"20140925",103129,"Moderate Risk","Insufficient hot water or running water"
5839,"20140925",103120,"Moderate Risk","Moderate risk food holding temperature "
5839,"20150302",103139,"Low Risk","Improper food storage"
5839,"20130903",103124,"Moderate Risk","Inadequately cleaned or sanitized food contact surfaces"
5841,"20140910",103139,"Low Risk","Improper food storage"
5841,"20140910",103131,"Moderate Risk","Moderate risk vermin infestation"
5841,"20150218",103131,"Moderate Risk","Moderate risk vermin infestation"
5841,"20150218",103119,"Moderate Risk","Inadequate and inaccessible handwashing facilities"
5841,"20130923",103145,"Low Risk","Improper storage of equipment utensils or linens"
5841,"20130923",103131,"Moderate Risk","Moderate risk vermin infestation"
5841,"20130923",103139,"Low Risk","Improper food storage"
5841,"20130403",103138,"Low Risk","Improper storage use or identification of toxic substances"
5841,"20130403",103116,"Moderate Risk","Inadequate food safety knowledge or lack of certified food safety manager"
5841,"20130403",103161,"Low Risk","Low risk vermin infestation"
5841,"20130403",103144,"Low Risk","Unapproved or unmaintained equipment or utensils"
5841,"20140221",103131,"Moderate Risk","Moderate risk vermin infestation"
5841,"20140221",103138,"Low Risk","Improper storage use or identification of toxic substances"
5841,"20120927",103142,"Low Risk","Unclean nonfood contact surfaces"
5841,"20120927",103114,"High Risk","High risk vermin infestation"
5841,"20120927",103120,"Moderate Risk","Moderate risk food holding temperature "
5842,"20140819",103131,"Moderate Risk","Moderate risk vermin infestation"
5842,"20150213",103120,"Moderate Risk","Moderate risk food holding temperature "
5842,"20150213",103139,"Low Risk","Improper food storage"
5842,"20150213",103131,"Moderate Risk","Moderate risk vermin infestation"
5842,"20130919",103131,"Moderate Risk","Moderate risk vermin infestation"
5842,"20130919",103120,"Moderate Risk","Moderate risk food holding temperature "
5842,"20130419",103114,"High Risk","High risk vermin infestation"
5842,"20130529",103131,"Moderate Risk","Moderate risk vermin infestation"
5842,"20140214",103131,"Moderate Risk","Moderate risk vermin infestation"
5842,"20121009",103144,"Low Risk","Unapproved or unmaintained equipment or utensils"
5842,"20121009",103131,"Moderate Risk","Moderate risk vermin infestation"
5843,"20140828",103103,"High Risk","High risk food holding temperature "
5843,"20140828",103116,"Moderate Risk","Inadequate food safety knowledge or lack of certified food safety manager"
5843,"20140828",103161,"Low Risk","Low risk vermin infestation"
5843,"20150227",103108,"High Risk","Contaminated or adulterated food"
5843,"20150227",103144,"Low Risk","Unapproved or unmaintained equipment or utensils"
5843,"20150227",103131,"Moderate Risk","Moderate risk vermin infestation"
5843,"20150227",103120,"Moderate Risk","Moderate risk food holding temperature "
5843,"20131125",103120,"Moderate Risk","Moderate risk food holding temperature "
5843,"20131125",103161,"Low Risk","Low risk vermin infestation"
5844,"20140925",103139,"Low Risk","Improper food storage"
5844,"20150304",103142,"Low Risk","Unclean nonfood contact surfaces"
5844,"20131114",103129,"Moderate Risk","Insufficient hot water or running water"
5844,"20131114",103161,"Low Risk","Low risk vermin infestation"
5844,"20130417",103114,"High Risk","High risk vermin infestation"
5844,"20130417",103120,"Moderate Risk","Moderate risk food holding temperature "
5844,"20130522",103131,"Moderate Risk","Moderate risk vermin infestation"
5844,"20140328",103116,"Moderate Risk","Inadequate food safety knowledge or lack of certified food safety manager"
5844,"20140328",103120,"Moderate Risk","Moderate risk food holding temperature "
5844,"20121003",103143,"Low Risk","Inadequate warewashing facilities or equipment"
5844,"20121003",103114,"High Risk","High risk vermin infestation"
5847,"20140919",103131,"Moderate Risk","Moderate risk vermin infestation"
5848,"20130619",103123,"Moderate Risk","Food in poor condition"
5851,"20140905",103139,"Low Risk","Improper food storage"
5851,"20140905",103143,"Low Risk","Inadequate warewashing facilities or equipment"
5851,"20150304",103124,"Moderate Risk","Inadequately cleaned or sanitized food contact surfaces"
5851,"20150304",103143,"Low Risk","Inadequate warewashing facilities or equipment"
5851,"20150304",103157,"Low Risk","Food safety certificate or food handler card not available"
5851,"20131108",103116,"Moderate Risk","Inadequate food safety knowledge or lack of certified food safety manager"
5851,"20130405",103143,"Low Risk","Inadequate warewashing facilities or equipment"
5851,"20130405",103139,"Low Risk","Improper food storage"
5851,"20130405",103157,"Low Risk","Food safety certificate or food handler card not available"
5851,"20140327",103116,"Moderate Risk","Inadequate food safety knowledge or lack of certified food safety manager"
5852,"20150519",103116,"Moderate Risk","Inadequate food safety knowledge or lack of certified food safety manager"
5854,"20150310",103120,"Moderate Risk","Moderate risk food holding temperature "
5854,"20150310",103131,"Moderate Risk","Moderate risk vermin infestation"
5854,"20130910",103149,"Low Risk","Wiping cloths not clean or properly stored or inadequate sanitizer"
5854,"20130910",103145,"Low Risk","Improper storage of equipment utensils or linens"
5854,"20130910",103139,"Low Risk","Improper food storage"
5854,"20130910",103114,"High Risk","High risk vermin infestation"
5854,"20130910",103109,"High Risk","Unclean or unsanitary food contact surfaces"
5854,"20130910",103154,"Low Risk","Unclean or degraded floors walls or ceilings"
5854,"20140213",103131,"Moderate Risk","Moderate risk vermin infestation"
5854,"20140213",103139,"Low Risk","Improper food storage"
5854,"20140213",103124,"Moderate Risk","Inadequately cleaned or sanitized food contact surfaces"
5855,"20140829",103131,"Moderate Risk","Moderate risk vermin infestation"
5855,"20140829",103120,"Moderate Risk","Moderate risk food holding temperature "
5855,"20140829",103144,"Low Risk","Unapproved or unmaintained equipment or utensils"
5855,"20150226",103144,"Low Risk","Unapproved or unmaintained equipment or utensils"
5855,"20150226",103131,"Moderate Risk","Moderate risk vermin infestation"
5855,"20130913",103161,"Low Risk","Low risk vermin infestation"
5855,"20130305",103131,"Moderate Risk","Moderate risk vermin infestation"
5855,"20130305",103138,"Low Risk","Improper storage use or identification of toxic substances"
5855,"20140319",103120,"Moderate Risk","Moderate risk food holding temperature "
5855,"20140319",103161,"Low Risk","Low risk vermin infestation"
5855,"20121018",103116,"Moderate Risk","Inadequate food safety knowledge or lack of certified food safety manager"
5855,"20121018",103133,"Moderate Risk","Foods not protected from contamination"
5856,"20150507",103119,"Moderate Risk","Inadequate and inaccessible handwashing facilities"
5856,"20150507",103161,"Low Risk","Low risk vermin infestation"
5856,"20150507",103103,"High Risk","High risk food holding temperature "
5856,"20120823",103161,"Low Risk","Low risk vermin infestation"
5856,"20130110",103157,"Low Risk","Food safety certificate or food handler card not available"
5856,"20130110",103161,"Low Risk","Low risk vermin infestation"
5856,"20140826",103161,"Low Risk","Low risk vermin infestation"
5856,"20140826",103120,"Moderate Risk","Moderate risk food holding temperature "
5858,"20150515",103144,"Low Risk","Unapproved or unmaintained equipment or utensils"
5858,"20150515",103143,"Low Risk","Inadequate warewashing facilities or equipment"
5858,"20130910",103144,"Low Risk","Unapproved or unmaintained equipment or utensils"
5858,"20130307",103109,"High Risk","Unclean or unsanitary food contact surfaces"
5858,"20130307",103129,"Moderate Risk","Insufficient hot water or running water"
5858,"20140227",103144,"Low Risk","Unapproved or unmaintained equipment or utensils"
5858,"20140227",103109,"High Risk","Unclean or unsanitary food contact surfaces"
5858,"20140227",103143,"Low Risk","Inadequate warewashing facilities or equipment"
5858,"20140227",103107,"High Risk","Improper reheating of food"
5858,"20120917",103120,"Moderate Risk","Moderate risk food holding temperature "
5859,"20141017",103147,"Low Risk","Inadequate ventilation or lighting"
5859,"20150127",103147,"Low Risk","Inadequate ventilation or lighting"
5859,"20140303",103120,"Moderate Risk","Moderate risk food holding temperature "
5859,"20121012",103154,"Low Risk","Unclean or degraded floors walls or ceilings"
5860,"20131022",103129,"Moderate Risk","Insufficient hot water or running water"
5860,"20131022",103161,"Low Risk","Low risk vermin infestation"
5860,"20131022",103142,"Low Risk","Unclean nonfood contact surfaces"
5860,"20121005",103112,"High Risk","No hot water or running water"
5863,"20141024",103120,"Moderate Risk","Moderate risk food holding temperature "
5863,"20150520",103144,"Low Risk","Unapproved or unmaintained equipment or utensils"
5863,"20130912",103131,"Moderate Risk","Moderate risk vermin infestation"
5863,"20130912",103119,"Moderate Risk","Inadequate and inaccessible handwashing facilities"
5863,"20140214",103114,"High Risk","High risk vermin infestation"
5863,"20120919",103133,"Moderate Risk","Foods not protected from contamination"
5863,"20120919",103131,"Moderate Risk","Moderate risk vermin infestation"
5863,"20130305",103131,"Moderate Risk","Moderate risk vermin infestation"
5864,"20130913",103131,"Moderate Risk","Moderate risk vermin infestation"
5864,"20130313",103129,"Moderate Risk","Insufficient hot water or running water"
5865,"20150320",103131,"Moderate Risk","Moderate risk vermin infestation"
5865,"20130918",103150,"Low Risk","Improper or defective plumbing"
5866,"20141024",103129,"Moderate Risk","Insufficient hot water or running water"
5866,"20141024",103120,"Moderate Risk","Moderate risk food holding temperature "
5866,"20141024",103165,"Low Risk","No plan review or Building Permit"
5866,"20150519",103150,"Low Risk","Improper or defective plumbing"
5866,"20150519",103154,"Low Risk","Unclean or degraded floors walls or ceilings"
5866,"20150519",103116,"Moderate Risk","Inadequate food safety knowledge or lack of certified food safety manager"
5866,"20130912",103161,"Low Risk","Low risk vermin infestation"
5866,"20130912",103109,"High Risk","Unclean or unsanitary food contact surfaces"
5866,"20130912",103129,"Moderate Risk","Insufficient hot water or running water"
5866,"20130307",103109,"High Risk","Unclean or unsanitary food contact surfaces"
5866,"20130307",103120,"Moderate Risk","Moderate risk food holding temperature "
5866,"20140214",103119,"Moderate Risk","Inadequate and inaccessible handwashing facilities"
5866,"20120919",103131,"Moderate Risk","Moderate risk vermin infestation"
5867,"20150121",103120,"Moderate Risk","Moderate risk food holding temperature "
5867,"20150519",103149,"Low Risk","Wiping cloths not clean or properly stored or inadequate sanitizer"
5868,"20141028",103119,"Moderate Risk","Inadequate and inaccessible handwashing facilities"
5868,"20150212",103119,"Moderate Risk","Inadequate and inaccessible handwashing facilities"
5868,"20131015",103139,"Low Risk","Improper food storage"
5868,"20130430",103103,"High Risk","High risk food holding temperature "
5868,"20130430",103152,"Low Risk","Unclean unmaintained or improperly constructed toilet facilities"
5868,"20140228",103152,"Low Risk","Unclean unmaintained or improperly constructed toilet facilities"
5868,"20121024",103144,"Low Risk","Unapproved or unmaintained equipment or utensils"
5870,"20150202",103149,"Low Risk","Wiping cloths not clean or properly stored or inadequate sanitizer"
5870,"20131011",103161,"Low Risk","Low risk vermin infestation"
5870,"20131011",103139,"Low Risk","Improper food storage"
5870,"20131011",103120,"Moderate Risk","Moderate risk food holding temperature "
5870,"20140211",103133,"Moderate Risk","Foods not protected from contamination"
5871,"20130924",103133,"Moderate Risk","Foods not protected from contamination"
5871,"20130322",103133,"Moderate Risk","Foods not protected from contamination"
5871,"20130322",103109,"High Risk","Unclean or unsanitary food contact surfaces"
5871,"20130322",103145,"Low Risk","Improper storage of equipment utensils or linens"
5871,"20140321",103142,"Low Risk","Unclean nonfood contact surfaces"
5871,"20140409",103116,"Moderate Risk","Inadequate food safety knowledge or lack of certified food safety manager"
5871,"20140409",103161,"Low Risk","Low risk vermin infestation"
5871,"20140409",103153,"Low Risk","Inadequate dressing rooms or improper storage of personal items"
5871,"20140409",103120,"Moderate Risk","Moderate risk food holding temperature "
5871,"20140321",103109,"High Risk","Unclean or unsanitary food contact surfaces"
5871,"20121001",103154,"Low Risk","Unclean or degraded floors walls or ceilings"
5872,"20130918",103119,"Moderate Risk","Inadequate and inaccessible handwashing facilities"
5872,"20140318",103154,"Low Risk","Unclean or degraded floors walls or ceilings"
5874,"20150121",103138,"Low Risk","Improper storage use or identification of toxic substances"
5874,"20150515",103145,"Low Risk","Improper storage of equipment utensils or linens"
5874,"20140227",103107,"High Risk","Improper reheating of food"
5875,"20150212",103138,"Low Risk","Improper storage use or identification of toxic substances"
5875,"20150515",103119,"Moderate Risk","Inadequate and inaccessible handwashing facilities"
5875,"20150212",103131,"Moderate Risk","Moderate risk vermin infestation"
5875,"20130517",103119,"Moderate Risk","Inadequate and inaccessible handwashing facilities"
5875,"20130913",103129,"Moderate Risk","Insufficient hot water or running water"
5875,"20130517",103147,"Low Risk","Inadequate ventilation or lighting"
5875,"20130913",103131,"Moderate Risk","Moderate risk vermin infestation"
5875,"20130913",103143,"Low Risk","Inadequate warewashing facilities or equipment"
5875,"20130517",103143,"Low Risk","Inadequate warewashing facilities or equipment"
5876,"20131024",103129,"Moderate Risk","Insufficient hot water or running water"
5876,"20130415",103119,"Moderate Risk","Inadequate and inaccessible handwashing facilities"
5876,"20130415",103129,"Moderate Risk","Insufficient hot water or running water"
5876,"20140303",103139,"Low Risk","Improper food storage"
5876,"20140303",103129,"Moderate Risk","Insufficient hot water or running water"
5876,"20121005",103129,"Moderate Risk","Insufficient hot water or running water"
5877,"20130926",103148,"Low Risk","No thermometers or uncalibrated thermometers "
5877,"20130926",103162,"Low Risk","Other low risk violation"
5877,"20140306",103161,"Low Risk","Low risk vermin infestation"
5877,"20140306",103154,"Low Risk","Unclean or degraded floors walls or ceilings"
5877,"20140306",103149,"Low Risk","Wiping cloths not clean or properly stored or inadequate sanitizer"
5877,"20121002",103142,"Low Risk","Unclean nonfood contact surfaces"
5877,"20121002",103144,"Low Risk","Unapproved or unmaintained equipment or utensils"
5877,"20130222",103131,"Moderate Risk","Moderate risk vermin infestation"
5877,"20130222",103133,"Moderate Risk","Foods not protected from contamination"
5880,"20140916",103139,"Low Risk","Improper food storage"
5880,"20150223",103139,"Low Risk","Improper food storage"
5880,"20140218",103147,"Low Risk","Inadequate ventilation or lighting"
5880,"20120910",103102,"High Risk","Unclean hands or improper use of gloves"
5880,"20130222",103112,"High Risk","No hot water or running water"
5880,"20130222",103154,"Low Risk","Unclean or degraded floors walls or ceilings"
5881,"20120926",103156,"Low Risk","Permit license or inspection report not posted"
5881,"20120926",103144,"Low Risk","Unapproved or unmaintained equipment or utensils"
5881,"20130207",103144,"Low Risk","Unapproved or unmaintained equipment or utensils"
5881,"20130207",103156,"Low Risk","Permit license or inspection report not posted"
5883,"20140916",103133,"Moderate Risk","Foods not protected from contamination"
5883,"20130729",103114,"High Risk","High risk vermin infestation"
5883,"20120912",103119,"Moderate Risk","Inadequate and inaccessible handwashing facilities"
5883,"20130219",103154,"Low Risk","Unclean or degraded floors walls or ceilings"
5883,"20130219",103144,"Low Risk","Unapproved or unmaintained equipment or utensils"
5883,"20130219",103114,"High Risk","High risk vermin infestation"
5884,"20140904",103120,"Moderate Risk","Moderate risk food holding temperature "
5884,"20130925",103144,"Low Risk","Unapproved or unmaintained equipment or utensils"
5884,"20130925",103108,"High Risk","Contaminated or adulterated food"
5884,"20130925",103114,"High Risk","High risk vermin infestation"
5884,"20130925",103154,"Low Risk","Unclean or degraded floors walls or ceilings"
5884,"20140224",103133,"Moderate Risk","Foods not protected from contamination"
5884,"20130225",103120,"Moderate Risk","Moderate risk food holding temperature "
5885,"20140911",103119,"Moderate Risk","Inadequate and inaccessible handwashing facilities"
5885,"20140911",103145,"Low Risk","Improper storage of equipment utensils or linens"
5885,"20140911",103129,"Moderate Risk","Insufficient hot water or running water"
5885,"20140226",103120,"Moderate Risk","Moderate risk food holding temperature "
5886,"20140910",103148,"Low Risk","No thermometers or uncalibrated thermometers "
5886,"20130913",103107,"High Risk","Improper reheating of food"
5886,"20130913",103114,"High Risk","High risk vermin infestation"
5886,"20120917",103121,"Moderate Risk","Inadequate procedures or records for time as a public health control "
5886,"20120917",103124,"Moderate Risk","Inadequately cleaned or sanitized food contact surfaces"
5886,"20130215",103131,"Moderate Risk","Moderate risk vermin infestation"
5888,"20150508",103133,"Moderate Risk","Foods not protected from contamination"
5888,"20150508",103124,"Moderate Risk","Inadequately cleaned or sanitized food contact surfaces"
5888,"20130320",103161,"Low Risk","Low risk vermin infestation"
5888,"20130320",103103,"High Risk","High risk food holding temperature "
5888,"20130320",103144,"Low Risk","Unapproved or unmaintained equipment or utensils"
5888,"20130320",103148,"Low Risk","No thermometers or uncalibrated thermometers "
5888,"20140321",103133,"Moderate Risk","Foods not protected from contamination"
5888,"20120921",103116,"Moderate Risk","Inadequate food safety knowledge or lack of certified food safety manager"
5889,"20150518",103144,"Low Risk","Unapproved or unmaintained equipment or utensils"
5889,"20150130",103120,"Moderate Risk","Moderate risk food holding temperature "
5889,"20130919",103120,"Moderate Risk","Moderate risk food holding temperature "
5889,"20120919",103129,"Moderate Risk","Insufficient hot water or running water"
5889,"20130304",103139,"Low Risk","Improper food storage"
5889,"20130304",103144,"Low Risk","Unapproved or unmaintained equipment or utensils"
5891,"20141023",103129,"Moderate Risk","Insufficient hot water or running water"
5891,"20141023",103143,"Low Risk","Inadequate warewashing facilities or equipment"
5891,"20141023",103149,"Low Risk","Wiping cloths not clean or properly stored or inadequate sanitizer"
5891,"20150202",103149,"Low Risk","Wiping cloths not clean or properly stored or inadequate sanitizer"
5891,"20150202",103116,"Moderate Risk","Inadequate food safety knowledge or lack of certified food safety manager"
5891,"20131011",103116,"Moderate Risk","Inadequate food safety knowledge or lack of certified food safety manager"
5891,"20131011",103133,"Moderate Risk","Foods not protected from contamination"
5891,"20131011",103144,"Low Risk","Unapproved or unmaintained equipment or utensils"
5891,"20140211",103145,"Low Risk","Improper storage of equipment utensils or linens"
5891,"20140211",103116,"Moderate Risk","Inadequate food safety knowledge or lack of certified food safety manager"
5892,"20141027",103121,"Moderate Risk","Inadequate procedures or records for time as a public health control "
5892,"20150508",103154,"Low Risk","Unclean or degraded floors walls or ceilings"
5892,"20150508",103120,"Moderate Risk","Moderate risk food holding temperature "
5892,"20130702",103131,"Moderate Risk","Moderate risk vermin infestation"
5892,"20140210",103103,"High Risk","High risk food holding temperature "
5892,"20140210",103161,"Low Risk","Low risk vermin infestation"
5892,"20121029",103120,"Moderate Risk","Moderate risk food holding temperature "
5892,"20121029",103144,"Low Risk","Unapproved or unmaintained equipment or utensils"
5893,"20130401",103162,"Low Risk","Other low risk violation"
5894,"20150121",103119,"Moderate Risk","Inadequate and inaccessible handwashing facilities"
5894,"20140306",103131,"Moderate Risk","Moderate risk vermin infestation"
5895,"20141219",103154,"Low Risk","Unclean or degraded floors walls or ceilings"
5895,"20141219",103120,"Moderate Risk","Moderate risk food holding temperature "
5895,"20141219",103131,"Moderate Risk","Moderate risk vermin infestation"
5895,"20130912",103116,"Moderate Risk","Inadequate food safety knowledge or lack of certified food safety manager"
5895,"20130305",103109,"High Risk","Unclean or unsanitary food contact surfaces"
5897,"20150121",103138,"Low Risk","Improper storage use or identification of toxic substances"
5897,"20140227",103107,"High Risk","Improper reheating of food"
5898,"20141002",103119,"Moderate Risk","Inadequate and inaccessible handwashing facilities"
5898,"20130926",103112,"High Risk","No hot water or running water"
5898,"20130314",103112,"High Risk","No hot water or running water"
5898,"20140306",103112,"High Risk","No hot water or running water"
5898,"20120919",103112,"High Risk","No hot water or running water"
5901,"20140905",103144,"Low Risk","Unapproved or unmaintained equipment or utensils"
5901,"20150126",103144,"Low Risk","Unapproved or unmaintained equipment or utensils"
5901,"20140218",103157,"Low Risk","Food safety certificate or food handler card not available"
5901,"20140218",103144,"Low Risk","Unapproved or unmaintained equipment or utensils"
5901,"20120912",103150,"Low Risk","Improper or defective plumbing"
5901,"20130222",103112,"High Risk","No hot water or running water"
5902,"20140917",103149,"Low Risk","Wiping cloths not clean or properly stored or inadequate sanitizer"
5902,"20140917",103119,"Moderate Risk","Inadequate and inaccessible handwashing facilities"
5902,"20150126",103156,"Low Risk","Permit license or inspection report not posted"
5902,"20150126",103120,"Moderate Risk","Moderate risk food holding temperature "
5902,"20150126",103124,"Moderate Risk","Inadequately cleaned or sanitized food contact surfaces"
5902,"20130912",103131,"Moderate Risk","Moderate risk vermin infestation"
5902,"20140226",103124,"Moderate Risk","Inadequately cleaned or sanitized food contact surfaces"
5902,"20120917",103114,"High Risk","High risk vermin infestation"
5902,"20120917",103124,"Moderate Risk","Inadequately cleaned or sanitized food contact surfaces"
5902,"20120917",103154,"Low Risk","Unclean or degraded floors walls or ceilings"
5902,"20130227",103156,"Low Risk","Permit license or inspection report not posted"
5902,"20130227",103149,"Low Risk","Wiping cloths not clean or properly stored or inadequate sanitizer"
5902,"20130227",103142,"Low Risk","Unclean nonfood contact surfaces"
5902,"20130227",103131,"Moderate Risk","Moderate risk vermin infestation"
5903,"20150204",103120,"Moderate Risk","Moderate risk food holding temperature "
5903,"20130926",103133,"Moderate Risk","Foods not protected from contamination"
5903,"20130926",103119,"Moderate Risk","Inadequate and inaccessible handwashing facilities"
5905,"20140925",103121,"Moderate Risk","Inadequate procedures or records for time as a public health control "
5905,"20140925",103145,"Low Risk","Improper storage of equipment utensils or linens"
5905,"20140925",103150,"Low Risk","Improper or defective plumbing"
5905,"20150326",103147,"Low Risk","Inadequate ventilation or lighting"
5905,"20150326",103144,"Low Risk","Unapproved or unmaintained equipment or utensils"
5905,"20130916",103103,"High Risk","High risk food holding temperature "
5905,"20130222",103114,"High Risk","High risk vermin infestation"
5905,"20130222",103149,"Low Risk","Wiping cloths not clean or properly stored or inadequate sanitizer"
5905,"20130222",103154,"Low Risk","Unclean or degraded floors walls or ceilings"
5907,"20140911",103103,"High Risk","High risk food holding temperature "
5907,"20140228",103160,"Low Risk","Inadequate HACCP plan record keeping"
5907,"20140228",103142,"Low Risk","Unclean nonfood contact surfaces"
5907,"20140228",103123,"Moderate Risk","Food in poor condition"
5907,"20140228",103161,"Low Risk","Low risk vermin infestation"
5907,"20120927",103151,"Low Risk","Inadequate or unsanitary refuse containers or area or no garbage service"
5907,"20120927",103150,"Low Risk","Improper or defective plumbing"
5907,"20120927",103143,"Low Risk","Inadequate warewashing facilities or equipment"
5907,"20120927",103120,"Moderate Risk","Moderate risk food holding temperature "
5907,"20120927",103114,"High Risk","High risk vermin infestation"
5907,"20130222",103131,"Moderate Risk","Moderate risk vermin infestation"
5908,"20140925",103142,"Low Risk","Unclean nonfood contact surfaces"
5908,"20140925",103121,"Moderate Risk","Inadequate procedures or records for time as a public health control "
5908,"20150326",103157,"Low Risk","Food safety certificate or food handler card not available"
5908,"20130916",103160,"Low Risk","Inadequate HACCP plan record keeping"
5908,"20140211",103124,"Moderate Risk","Inadequately cleaned or sanitized food contact surfaces"
5908,"20140211",103150,"Low Risk","Improper or defective plumbing"
5908,"20140211",103130,"Moderate Risk","Inadequate sewage or wastewater disposal"
5908,"20120921",103129,"Moderate Risk","Insufficient hot water or running water"
5912,"20130502",103120,"Moderate Risk","Moderate risk food holding temperature "
5913,"20150130",103116,"Moderate Risk","Inadequate food safety knowledge or lack of certified food safety manager"
5913,"20150130",103131,"Moderate Risk","Moderate risk vermin infestation"
5913,"20150518",103116,"Moderate Risk","Inadequate food safety knowledge or lack of certified food safety manager"
5913,"20130919",103129,"Moderate Risk","Insufficient hot water or running water"
5913,"20130919",103157,"Low Risk","Food safety certificate or food handler card not available"
5913,"20140228",103119,"Moderate Risk","Inadequate and inaccessible handwashing facilities"
5913,"20140228",103131,"Moderate Risk","Moderate risk vermin infestation"
5913,"20140228",103154,"Low Risk","Unclean or degraded floors walls or ceilings"
5913,"20140228",103156,"Low Risk","Permit license or inspection report not posted"
5913,"20120919",103116,"Moderate Risk","Inadequate food safety knowledge or lack of certified food safety manager"
5913,"20120919",103129,"Moderate Risk","Insufficient hot water or running water"
5913,"20130301",103119,"Moderate Risk","Inadequate and inaccessible handwashing facilities"
5913,"20130301",103116,"Moderate Risk","Inadequate food safety knowledge or lack of certified food safety manager"
5913,"20130301",103112,"High Risk","No hot water or running water"
5913,"20130301",103109,"High Risk","Unclean or unsanitary food contact surfaces"
5913,"20130301",103131,"Moderate Risk","Moderate risk vermin infestation"
5925,"20141008",103133,"Moderate Risk","Foods not protected from contamination"
5925,"20141008",103161,"Low Risk","Low risk vermin infestation"
5925,"20130930",103131,"Moderate Risk","Moderate risk vermin infestation"
5925,"20130410",103131,"Moderate Risk","Moderate risk vermin infestation"
5925,"20140331",103133,"Moderate Risk","Foods not protected from contamination"
5925,"20140331",103121,"Moderate Risk","Inadequate procedures or records for time as a public health control "
5925,"20140331",103143,"Low Risk","Inadequate warewashing facilities or equipment"
5925,"20140331",103161,"Low Risk","Low risk vermin infestation"
5926,"20130509",103143,"Low Risk","Inadequate warewashing facilities or equipment"
5926,"20121023",103143,"Low Risk","Inadequate warewashing facilities or equipment"
5926,"20140513",103116,"Moderate Risk","Inadequate food safety knowledge or lack of certified food safety manager"
5927,"20150129",103139,"Low Risk","Improper food storage"
5927,"20150129",103116,"Moderate Risk","Inadequate food safety knowledge or lack of certified food safety manager"
5927,"20130403",103131,"Moderate Risk","Moderate risk vermin infestation"
5927,"20120927",103132,"Moderate Risk","Improper thawing methods "
5927,"20120927",103147,"Low Risk","Inadequate ventilation or lighting"
5927,"20140729",103139,"Low Risk","Improper food storage"
5927,"20140729",103142,"Low Risk","Unclean nonfood contact surfaces"
5927,"20140729",103143,"Low Risk","Inadequate warewashing facilities or equipment"
5927,"20140729",103144,"Low Risk","Unapproved or unmaintained equipment or utensils"
5937,"20130226",103139,"Low Risk","Improper food storage"
5937,"20130226",103138,"Low Risk","Improper storage use or identification of toxic substances"
5937,"20130226",103131,"Moderate Risk","Moderate risk vermin infestation"
5938,"20141023",103103,"High Risk","High risk food holding temperature "
5938,"20141023",103139,"Low Risk","Improper food storage"
5938,"20141023",103141,"Low Risk","Improper food labeling or menu misrepresentation"
5938,"20141023",103142,"Low Risk","Unclean nonfood contact surfaces"
5938,"20141023",103148,"Low Risk","No thermometers or uncalibrated thermometers "
5938,"20150126",103142,"Low Risk","Unclean nonfood contact surfaces"
5938,"20130912",103131,"Moderate Risk","Moderate risk vermin infestation"
5938,"20130912",103109,"High Risk","Unclean or unsanitary food contact surfaces"
5938,"20130912",103119,"Moderate Risk","Inadequate and inaccessible handwashing facilities"
5938,"20140226",103148,"Low Risk","No thermometers or uncalibrated thermometers "
5938,"20120928",103119,"Moderate Risk","Inadequate and inaccessible handwashing facilities"
5938,"20120928",103142,"Low Risk","Unclean nonfood contact surfaces"
5938,"20120928",103133,"Moderate Risk","Foods not protected from contamination"
5938,"20120928",103145,"Low Risk","Improper storage of equipment utensils or linens"
5938,"20120928",103120,"Moderate Risk","Moderate risk food holding temperature "
5938,"20130212",103157,"Low Risk","Food safety certificate or food handler card not available"
5938,"20130212",103139,"Low Risk","Improper food storage"
5938,"20130212",103143,"Low Risk","Inadequate warewashing facilities or equipment"
5938,"20130212",103156,"Low Risk","Permit license or inspection report not posted"
5938,"20130212",103119,"Moderate Risk","Inadequate and inaccessible handwashing facilities"
5940,"20140905",103131,"Moderate Risk","Moderate risk vermin infestation"
5940,"20140905",103103,"High Risk","High risk food holding temperature "
5940,"20140905",103148,"Low Risk","No thermometers or uncalibrated thermometers "
5940,"20130930",103156,"Low Risk","Permit license or inspection report not posted"
5940,"20130930",103116,"Moderate Risk","Inadequate food safety knowledge or lack of certified food safety manager"
5940,"20130227",103131,"Moderate Risk","Moderate risk vermin infestation"
5940,"20130227",103157,"Low Risk","Food safety certificate or food handler card not available"
5940,"20130227",103145,"Low Risk","Improper storage of equipment utensils or linens"
5942,"20141028",103142,"Low Risk","Unclean nonfood contact surfaces"
5942,"20141028",103131,"Moderate Risk","Moderate risk vermin infestation"
5942,"20140311",103144,"Low Risk","Unapproved or unmaintained equipment or utensils"
5942,"20121004",103150,"Low Risk","Improper or defective plumbing"
5942,"20121004",103114,"High Risk","High risk vermin infestation"
5942,"20121004",103142,"Low Risk","Unclean nonfood contact surfaces"
5946,"20140922",103154,"Low Risk","Unclean or degraded floors walls or ceilings"
5946,"20150224",103161,"Low Risk","Low risk vermin infestation"
5946,"20130905",103124,"Moderate Risk","Inadequately cleaned or sanitized food contact surfaces"
5946,"20140213",103154,"Low Risk","Unclean or degraded floors walls or ceilings"
5946,"20120907",103120,"Moderate Risk","Moderate risk food holding temperature "
5946,"20120907",103149,"Low Risk","Wiping cloths not clean or properly stored or inadequate sanitizer"
5948,"20130429",103120,"Moderate Risk","Moderate risk food holding temperature "
5948,"20121029",103139,"Low Risk","Improper food storage"
5948,"20121029",103124,"Moderate Risk","Inadequately cleaned or sanitized food contact surfaces"
5950,"20141015",103139,"Low Risk","Improper food storage"
5950,"20150528",103124,"Moderate Risk","Inadequately cleaned or sanitized food contact surfaces"
5950,"20150528",103149,"Low Risk","Wiping cloths not clean or properly stored or inadequate sanitizer"
5950,"20130930",103103,"High Risk","High risk food holding temperature "
5950,"20130410",103124,"Moderate Risk","Inadequately cleaned or sanitized food contact surfaces"
5951,"20141015",103161,"Low Risk","Low risk vermin infestation"
5951,"20140429",103119,"Moderate Risk","Inadequate and inaccessible handwashing facilities"
5952,"20141215",103149,"Low Risk","Wiping cloths not clean or properly stored or inadequate sanitizer"
5952,"20130909",103131,"Moderate Risk","Moderate risk vermin infestation"
5953,"20140910",103141,"Low Risk","Improper food labeling or menu misrepresentation"
5953,"20140910",103157,"Low Risk","Food safety certificate or food handler card not available"
5953,"20140325",103152,"Low Risk","Unclean unmaintained or improperly constructed toilet facilities"
5953,"20140325",103157,"Low Risk","Food safety certificate or food handler card not available"
5955,"20141028",103131,"Moderate Risk","Moderate risk vermin infestation"
5955,"20150318",103116,"Moderate Risk","Inadequate food safety knowledge or lack of certified food safety manager"
5955,"20130501",103129,"Moderate Risk","Insufficient hot water or running water"
5955,"20130501",103131,"Moderate Risk","Moderate risk vermin infestation"
5958,"20140905",103124,"Moderate Risk","Inadequately cleaned or sanitized food contact surfaces"
5958,"20140905",103157,"Low Risk","Food safety certificate or food handler card not available"
5958,"20121030",103138,"Low Risk","Improper storage use or identification of toxic substances"
5958,"20121030",103149,"Low Risk","Wiping cloths not clean or properly stored or inadequate sanitizer"
5959,"20150309",103131,"Moderate Risk","Moderate risk vermin infestation"
5959,"20140416",103105,"High Risk","Improper cooling methods"
5960,"20140925",103116,"Moderate Risk","Inadequate food safety knowledge or lack of certified food safety manager"
5960,"20150424",103116,"Moderate Risk","Inadequate food safety knowledge or lack of certified food safety manager"
5960,"20150424",103162,"Low Risk","Other low risk violation"
5960,"20130916",103138,"Low Risk","Improper storage use or identification of toxic substances"
5960,"20130916",103157,"Low Risk","Food safety certificate or food handler card not available"
5960,"20130425",103138,"Low Risk","Improper storage use or identification of toxic substances"
5960,"20140312",103116,"Moderate Risk","Inadequate food safety knowledge or lack of certified food safety manager"
5960,"20120926",103138,"Low Risk","Improper storage use or identification of toxic substances"
5960,"20120926",103129,"Moderate Risk","Insufficient hot water or running water"
5961,"20141124",103112,"High Risk","No hot water or running water"
5961,"20130919",103116,"Moderate Risk","Inadequate food safety knowledge or lack of certified food safety manager"
5961,"20130919",103104,"High Risk","Unauthorized or unsafe use of time as a public health control measure"
5961,"20140219",103138,"Low Risk","Improper storage use or identification of toxic substances"
5961,"20120928",103143,"Low Risk","Inadequate warewashing facilities or equipment"
5961,"20130222",103145,"Low Risk","Improper storage of equipment utensils or linens"
5962,"20140909",103120,"Moderate Risk","Moderate risk food holding temperature "
5962,"20130919",103144,"Low Risk","Unapproved or unmaintained equipment or utensils"
5962,"20140219",103149,"Low Risk","Wiping cloths not clean or properly stored or inadequate sanitizer"
5962,"20120928",103138,"Low Risk","Improper storage use or identification of toxic substances"
5962,"20130222",103138,"Low Risk","Improper storage use or identification of toxic substances"
5963,"20140415",103154,"Low Risk","Unclean or degraded floors walls or ceilings"
5963,"20140415",103157,"Low Risk","Food safety certificate or food handler card not available"
5963,"20121106",103139,"Low Risk","Improper food storage"
5963,"20121106",103145,"Low Risk","Improper storage of equipment utensils or linens"
5963,"20121106",103149,"Low Risk","Wiping cloths not clean or properly stored or inadequate sanitizer"
5966,"20140224",103124,"Moderate Risk","Inadequately cleaned or sanitized food contact surfaces"
5969,"20120710",103143,"Low Risk","Inadequate warewashing facilities or equipment"
5969,"20120710",103142,"Low Risk","Unclean nonfood contact surfaces"
5969,"20120710",103147,"Low Risk","Inadequate ventilation or lighting"
5969,"20120710",103129,"Moderate Risk","Insufficient hot water or running water"
5969,"20130228",103131,"Moderate Risk","Moderate risk vermin infestation"
5969,"20130228",103144,"Low Risk","Unapproved or unmaintained equipment or utensils"
5969,"20130228",103156,"Low Risk","Permit license or inspection report not posted"
5969,"20130228",103142,"Low Risk","Unclean nonfood contact surfaces"
5970,"20150120",103142,"Low Risk","Unclean nonfood contact surfaces"
5970,"20150120",103143,"Low Risk","Inadequate warewashing facilities or equipment"
5970,"20140131",103133,"Moderate Risk","Foods not protected from contamination"
5970,"20140131",103154,"Low Risk","Unclean or degraded floors walls or ceilings"
5970,"20130515",103114,"High Risk","High risk vermin infestation"
5970,"20130515",103154,"Low Risk","Unclean or degraded floors walls or ceilings"
5974,"20130919",103144,"Low Risk","Unapproved or unmaintained equipment or utensils"
5975,"20131011",103131,"Moderate Risk","Moderate risk vermin infestation"
5975,"20131011",103116,"Moderate Risk","Inadequate food safety knowledge or lack of certified food safety manager"
5975,"20130201",103120,"Moderate Risk","Moderate risk food holding temperature "
5975,"20130201",103131,"Moderate Risk","Moderate risk vermin infestation"
5975,"20140530",103161,"Low Risk","Low risk vermin infestation"
5980,"20130530",103124,"Moderate Risk","Inadequately cleaned or sanitized food contact surfaces"
5980,"20130530",103156,"Low Risk","Permit license or inspection report not posted"
5980,"20130530",103116,"Moderate Risk","Inadequate food safety knowledge or lack of certified food safety manager"
5980,"20130530",103119,"Moderate Risk","Inadequate and inaccessible handwashing facilities"
5980,"20140814",103124,"Moderate Risk","Inadequately cleaned or sanitized food contact surfaces"
5982,"20150513",103154,"Low Risk","Unclean or degraded floors walls or ceilings"
5982,"20150513",103119,"Moderate Risk","Inadequate and inaccessible handwashing facilities"
5982,"20140502",103131,"Moderate Risk","Moderate risk vermin infestation"
5982,"20140502",103144,"Low Risk","Unapproved or unmaintained equipment or utensils"
5982,"20130111",103131,"Moderate Risk","Moderate risk vermin infestation"
5985,"20131121",103142,"Low Risk","Unclean nonfood contact surfaces"
5985,"20120723",103119,"Moderate Risk","Inadequate and inaccessible handwashing facilities"
5985,"20140630",103142,"Low Risk","Unclean nonfood contact surfaces"
5988,"20150116",103102,"High Risk","Unclean hands or improper use of gloves"
5988,"20150116",103124,"Moderate Risk","Inadequately cleaned or sanitized food contact surfaces"
5988,"20150116",103139,"Low Risk","Improper food storage"
5988,"20150116",103116,"Moderate Risk","Inadequate food safety knowledge or lack of certified food safety manager"
5988,"20130419",103153,"Low Risk","Inadequate dressing rooms or improper storage of personal items"
5990,"20130403",103161,"Low Risk","Low risk vermin infestation"
5990,"20140624",103131,"Moderate Risk","Moderate risk vermin infestation"
5992,"20120613",103133,"Moderate Risk","Foods not protected from contamination"
5992,"20120613",103120,"Moderate Risk","Moderate risk food holding temperature "
5992,"20130129",103138,"Low Risk","Improper storage use or identification of toxic substances"
5992,"20140806",103157,"Low Risk","Food safety certificate or food handler card not available"
5992,"20140806",103124,"Moderate Risk","Inadequately cleaned or sanitized food contact surfaces"
5994,"20130130",103142,"Low Risk","Unclean nonfood contact surfaces"
5995,"20131105",103154,"Low Risk","Unclean or degraded floors walls or ceilings"
5995,"20130313",103161,"Low Risk","Low risk vermin infestation"
5995,"20130313",103154,"Low Risk","Unclean or degraded floors walls or ceilings"
5997,"20120803",103142,"Low Risk","Unclean nonfood contact surfaces"
5998,"20120817",103119,"Moderate Risk","Inadequate and inaccessible handwashing facilities"
5998,"20120817",103154,"Low Risk","Unclean or degraded floors walls or ceilings"
5998,"20130116",103154,"Low Risk","Unclean or degraded floors walls or ceilings"
5999,"20150109",103120,"Moderate Risk","Moderate risk food holding temperature "
5999,"20150109",103154,"Low Risk","Unclean or degraded floors walls or ceilings"
5999,"20150109",103161,"Low Risk","Low risk vermin infestation"
5999,"20140127",103149,"Low Risk","Wiping cloths not clean or properly stored or inadequate sanitizer"
5999,"20140127",103132,"Moderate Risk","Improper thawing methods "
5999,"20130619",103138,"Low Risk","Improper storage use or identification of toxic substances"
5999,"20130619",103124,"Moderate Risk","Inadequately cleaned or sanitized food contact surfaces"
5999,"20130619",103149,"Low Risk","Wiping cloths not clean or properly stored or inadequate sanitizer"
5999,"20140813",103124,"Moderate Risk","Inadequately cleaned or sanitized food contact surfaces"
5999,"20140813",103148,"Low Risk","No thermometers or uncalibrated thermometers "
6001,"20141124",103149,"Low Risk","Wiping cloths not clean or properly stored or inadequate sanitizer"
6001,"20141124",103148,"Low Risk","No thermometers or uncalibrated thermometers "
6001,"20131010",103149,"Low Risk","Wiping cloths not clean or properly stored or inadequate sanitizer"
6001,"20131010",103159,"Low Risk","Worker safety hazards"
6001,"20130109",103124,"Moderate Risk","Inadequately cleaned or sanitized food contact surfaces"
6003,"20150429",103119,"Moderate Risk","Inadequate and inaccessible handwashing facilities"
6003,"20150429",103120,"Moderate Risk","Moderate risk food holding temperature "
6003,"20130905",103156,"Low Risk","Permit license or inspection report not posted"
6003,"20130905",103120,"Moderate Risk","Moderate risk food holding temperature "
6003,"20140423",103131,"Moderate Risk","Moderate risk vermin infestation"
6003,"20140423",103119,"Moderate Risk","Inadequate and inaccessible handwashing facilities"
6003,"20121211",103114,"High Risk","High risk vermin infestation"
6005,"20141027",103120,"Moderate Risk","Moderate risk food holding temperature "
6005,"20141027",103129,"Moderate Risk","Insufficient hot water or running water"
6005,"20141027",103147,"Low Risk","Inadequate ventilation or lighting"
6005,"20140409",103119,"Moderate Risk","Inadequate and inaccessible handwashing facilities"
6005,"20140409",103157,"Low Risk","Food safety certificate or food handler card not available"
6005,"20140409",103145,"Low Risk","Improper storage of equipment utensils or linens"
6007,"20150204",103105,"High Risk","Improper cooling methods"
6007,"20140324",103119,"Moderate Risk","Inadequate and inaccessible handwashing facilities"
6007,"20121025",103132,"Moderate Risk","Improper thawing methods "
6007,"20121025",103143,"Low Risk","Inadequate warewashing facilities or equipment"
6009,"20141121",103143,"Low Risk","Inadequate warewashing facilities or equipment"
6009,"20140205",103133,"Moderate Risk","Foods not protected from contamination"
6009,"20121129",103149,"Low Risk","Wiping cloths not clean or properly stored or inadequate sanitizer"
6010,"20130821",103156,"Low Risk","Permit license or inspection report not posted"
6010,"20130821",103139,"Low Risk","Improper food storage"
6010,"20121217",103132,"Moderate Risk","Improper thawing methods "
6010,"20121217",103154,"Low Risk","Unclean or degraded floors walls or ceilings"
6010,"20140602",103154,"Low Risk","Unclean or degraded floors walls or ceilings"
6012,"20141114",103138,"Low Risk","Improper storage use or identification of toxic substances"
6012,"20141114",103124,"Moderate Risk","Inadequately cleaned or sanitized food contact surfaces"
6015,"20131010",103144,"Low Risk","Unapproved or unmaintained equipment or utensils"
6015,"20121214",103138,"Low Risk","Improper storage use or identification of toxic substances"
6015,"20140529",103120,"Moderate Risk","Moderate risk food holding temperature "
6015,"20140529",103119,"Moderate Risk","Inadequate and inaccessible handwashing facilities"
6016,"20130823",103151,"Low Risk","Inadequate or unsanitary refuse containers or area or no garbage service"
6016,"20140214",103139,"Low Risk","Improper food storage"
6018,"20130225",103143,"Low Risk","Inadequate warewashing facilities or equipment"
6019,"20140123",103143,"Low Risk","Inadequate warewashing facilities or equipment"
6025,"20150411",103109,"High Risk","Unclean or unsanitary food contact surfaces"
6025,"20150411",103148,"Low Risk","No thermometers or uncalibrated thermometers "
6025,"20150411",103154,"Low Risk","Unclean or degraded floors walls or ceilings"
6025,"20150411",103131,"Moderate Risk","Moderate risk vermin infestation"
6025,"20150411",103157,"Low Risk","Food safety certificate or food handler card not available"
6025,"20131017",103105,"High Risk","Improper cooling methods"
6025,"20131017",103144,"Low Risk","Unapproved or unmaintained equipment or utensils"
6025,"20130528",103120,"Moderate Risk","Moderate risk food holding temperature "
6025,"20130528",103145,"Low Risk","Improper storage of equipment utensils or linens"
6025,"20130528",103102,"High Risk","Unclean hands or improper use of gloves"
6025,"20130528",103114,"High Risk","High risk vermin infestation"
6025,"20130528",103142,"Low Risk","Unclean nonfood contact surfaces"
6025,"20140501",103154,"Low Risk","Unclean or degraded floors walls or ceilings"
6025,"20140501",103120,"Moderate Risk","Moderate risk food holding temperature "
6029,"20140313",103157,"Low Risk","Food safety certificate or food handler card not available"
6029,"20140313",103144,"Low Risk","Unapproved or unmaintained equipment or utensils"
6030,"20140430",103145,"Low Risk","Improper storage of equipment utensils or linens"
6030,"20140430",103120,"Moderate Risk","Moderate risk food holding temperature "
6030,"20130131",103149,"Low Risk","Wiping cloths not clean or properly stored or inadequate sanitizer"
6037,"20150501",103119,"Moderate Risk","Inadequate and inaccessible handwashing facilities"
6037,"20150501",103144,"Low Risk","Unapproved or unmaintained equipment or utensils"
6037,"20130802",103119,"Moderate Risk","Inadequate and inaccessible handwashing facilities"
6037,"20130802",103139,"Low Risk","Improper food storage"
6037,"20140416",103139,"Low Risk","Improper food storage"
6037,"20140416",103103,"High Risk","High risk food holding temperature "
6037,"20121108",103131,"Moderate Risk","Moderate risk vermin infestation"
6348,"20120710",103124,"Moderate Risk","Inadequately cleaned or sanitized food contact surfaces"
6432,"20140103",103142,"Low Risk","Unclean nonfood contact surfaces"
6461,"20140827",103139,"Low Risk","Improper food storage"
6461,"20140827",103150,"Low Risk","Improper or defective plumbing"
6461,"20140827",103142,"Low Risk","Unclean nonfood contact surfaces"
6461,"20140827",103124,"Moderate Risk","Inadequately cleaned or sanitized food contact surfaces"
6461,"20140827",103129,"Moderate Risk","Insufficient hot water or running water"
6461,"20140827",103156,"Low Risk","Permit license or inspection report not posted"
6461,"20140827",103114,"High Risk","High risk vermin infestation"
6461,"20140827",103154,"Low Risk","Unclean or degraded floors walls or ceilings"
6461,"20130319",103150,"Low Risk","Improper or defective plumbing"
6461,"20130319",103156,"Low Risk","Permit license or inspection report not posted"
6461,"20130319",103139,"Low Risk","Improper food storage"
6461,"20130319",103131,"Moderate Risk","Moderate risk vermin infestation"
6461,"20130319",103124,"Moderate Risk","Inadequately cleaned or sanitized food contact surfaces"
6461,"20130319",103154,"Low Risk","Unclean or degraded floors walls or ceilings"
6461,"20120622",103151,"Low Risk","Inadequate or unsanitary refuse containers or area or no garbage service"
6461,"20120622",103154,"Low Risk","Unclean or degraded floors walls or ceilings"
6461,"20120622",103131,"Moderate Risk","Moderate risk vermin infestation"
6500,"20140114",103157,"Low Risk","Food safety certificate or food handler card not available"
6500,"20140114",103119,"Moderate Risk","Inadequate and inaccessible handwashing facilities"
6500,"20121221",103138,"Low Risk","Improper storage use or identification of toxic substances"
6500,"20121221",103102,"High Risk","Unclean hands or improper use of gloves"
6500,"20121221",103157,"Low Risk","Food safety certificate or food handler card not available"
6500,"20121221",103149,"Low Risk","Wiping cloths not clean or properly stored or inadequate sanitizer"
6521,"20141110",103139,"Low Risk","Improper food storage"
6521,"20141110",103154,"Low Risk","Unclean or degraded floors walls or ceilings"
6521,"20131230",103141,"Low Risk","Improper food labeling or menu misrepresentation"
6521,"20130401",103150,"Low Risk","Improper or defective plumbing"
6521,"20120905",103119,"Moderate Risk","Inadequate and inaccessible handwashing facilities"
6521,"20120905",103133,"Moderate Risk","Foods not protected from contamination"
6521,"20120905",103144,"Low Risk","Unapproved or unmaintained equipment or utensils"
6564,"20131105",103161,"Low Risk","Low risk vermin infestation"
6564,"20131105",103142,"Low Risk","Unclean nonfood contact surfaces"
6564,"20130509",103114,"High Risk","High risk vermin infestation"
6564,"20140422",103161,"Low Risk","Low risk vermin infestation"
6564,"20140422",103142,"Low Risk","Unclean nonfood contact surfaces"
6564,"20121119",103114,"High Risk","High risk vermin infestation"
6564,"20121119",103124,"Moderate Risk","Inadequately cleaned or sanitized food contact surfaces"
6564,"20121119",103103,"High Risk","High risk food holding temperature "
6564,"20121119",103132,"Moderate Risk","Improper thawing methods "
6583,"20141002",103149,"Low Risk","Wiping cloths not clean or properly stored or inadequate sanitizer"
6583,"20140305",103144,"Low Risk","Unapproved or unmaintained equipment or utensils"
6583,"20130221",103154,"Low Risk","Unclean or degraded floors walls or ceilings"
6619,"20150107",103120,"Moderate Risk","Moderate risk food holding temperature "
6619,"20150107",103138,"Low Risk","Improper storage use or identification of toxic substances"
6619,"20140114",103154,"Low Risk","Unclean or degraded floors walls or ceilings"
6619,"20140114",103149,"Low Risk","Wiping cloths not clean or properly stored or inadequate sanitizer"
6619,"20140114",103145,"Low Risk","Improper storage of equipment utensils or linens"
6619,"20140114",103139,"Low Risk","Improper food storage"
6619,"20140114",103131,"Moderate Risk","Moderate risk vermin infestation"
6619,"20140114",103119,"Moderate Risk","Inadequate and inaccessible handwashing facilities"
6619,"20130617",103150,"Low Risk","Improper or defective plumbing"
6619,"20130617",103147,"Low Risk","Inadequate ventilation or lighting"
6619,"20130617",103131,"Moderate Risk","Moderate risk vermin infestation"
6619,"20130617",103124,"Moderate Risk","Inadequately cleaned or sanitized food contact surfaces"
6619,"20130617",103154,"Low Risk","Unclean or degraded floors walls or ceilings"
6619,"20130617",103119,"Moderate Risk","Inadequate and inaccessible handwashing facilities"
6619,"20130617",103145,"Low Risk","Improper storage of equipment utensils or linens"
6619,"20121107",103154,"Low Risk","Unclean or degraded floors walls or ceilings"
6619,"20121107",103150,"Low Risk","Improper or defective plumbing"
6619,"20121107",103144,"Low Risk","Unapproved or unmaintained equipment or utensils"
6619,"20121107",103139,"Low Risk","Improper food storage"
6619,"20121107",103114,"High Risk","High risk vermin infestation"
6620,"20141015",103154,"Low Risk","Unclean or degraded floors walls or ceilings"
6620,"20141015",103149,"Low Risk","Wiping cloths not clean or properly stored or inadequate sanitizer"
6620,"20141015",103118,"Moderate Risk","Employee eating or smoking"
6620,"20141015",103124,"Moderate Risk","Inadequately cleaned or sanitized food contact surfaces"
6620,"20141015",103144,"Low Risk","Unapproved or unmaintained equipment or utensils"
6620,"20141015",103102,"High Risk","Unclean hands or improper use of gloves"
6620,"20131216",103142,"Low Risk","Unclean nonfood contact surfaces"
6620,"20131216",103154,"Low Risk","Unclean or degraded floors walls or ceilings"
6620,"20131216",103144,"Low Risk","Unapproved or unmaintained equipment or utensils"
6620,"20131216",103138,"Low Risk","Improper storage use or identification of toxic substances"
6620,"20131216",103124,"Moderate Risk","Inadequately cleaned or sanitized food contact surfaces"
6620,"20131216",103119,"Moderate Risk","Inadequate and inaccessible handwashing facilities"
6620,"20131216",103145,"Low Risk","Improper storage of equipment utensils or linens"
6620,"20130410",103149,"Low Risk","Wiping cloths not clean or properly stored or inadequate sanitizer"
6620,"20130410",103124,"Moderate Risk","Inadequately cleaned or sanitized food contact surfaces"
6620,"20130410",103150,"Low Risk","Improper or defective plumbing"
6620,"20130410",103154,"Low Risk","Unclean or degraded floors walls or ceilings"
6620,"20130410",103119,"Moderate Risk","Inadequate and inaccessible handwashing facilities"
6620,"20120827",103151,"Low Risk","Inadequate or unsanitary refuse containers or area or no garbage service"
6620,"20120827",103116,"Moderate Risk","Inadequate food safety knowledge or lack of certified food safety manager"
6620,"20120827",103109,"High Risk","Unclean or unsanitary food contact surfaces"
6620,"20120827",103144,"Low Risk","Unapproved or unmaintained equipment or utensils"
6620,"20120827",103139,"Low Risk","Improper food storage"
6620,"20120827",103154,"Low Risk","Unclean or degraded floors walls or ceilings"
6625,"20130624",103120,"Moderate Risk","Moderate risk food holding temperature "
6625,"20140113",103124,"Moderate Risk","Inadequately cleaned or sanitized food contact surfaces"
6625,"20121025",103119,"Moderate Risk","Inadequate and inaccessible handwashing facilities"
6625,"20140602",103142,"Low Risk","Unclean nonfood contact surfaces"
6636,"20140416",103145,"Low Risk","Improper storage of equipment utensils or linens"
6636,"20140416",103156,"Low Risk","Permit license or inspection report not posted"
6640,"20131007",103120,"Moderate Risk","Moderate risk food holding temperature "
6640,"20131007",103144,"Low Risk","Unapproved or unmaintained equipment or utensils"
6640,"20130325",103116,"Moderate Risk","Inadequate food safety knowledge or lack of certified food safety manager"
6640,"20130325",103133,"Moderate Risk","Foods not protected from contamination"
6640,"20130325",103119,"Moderate Risk","Inadequate and inaccessible handwashing facilities"
6640,"20120712",103144,"Low Risk","Unapproved or unmaintained equipment or utensils"
6643,"20150106",103116,"Moderate Risk","Inadequate food safety knowledge or lack of certified food safety manager"
6643,"20150106",103109,"High Risk","Unclean or unsanitary food contact surfaces"
6643,"20150106",103110,"High Risk","Unapproved food source"
6643,"20150106",103138,"Low Risk","Improper storage use or identification of toxic substances"
6643,"20150106",103114,"High Risk","High risk vermin infestation"
6643,"20150106",103154,"Low Risk","Unclean or degraded floors walls or ceilings"
6643,"20150106",103103,"High Risk","High risk food holding temperature "
6654,"20140828",103108,"High Risk","Contaminated or adulterated food"
6654,"20140828",103142,"Low Risk","Unclean nonfood contact surfaces"
6654,"20140828",103119,"Moderate Risk","Inadequate and inaccessible handwashing facilities"
6654,"20140828",103154,"Low Risk","Unclean or degraded floors walls or ceilings"
6654,"20140828",103120,"Moderate Risk","Moderate risk food holding temperature "
6654,"20140828",103131,"Moderate Risk","Moderate risk vermin infestation"
6654,"20140828",103144,"Low Risk","Unapproved or unmaintained equipment or utensils"
6654,"20140828",103149,"Low Risk","Wiping cloths not clean or properly stored or inadequate sanitizer"
6654,"20140828",103150,"Low Risk","Improper or defective plumbing"
6654,"20140828",103152,"Low Risk","Unclean unmaintained or improperly constructed toilet facilities"
6654,"20140828",103139,"Low Risk","Improper food storage"
6654,"20140828",103132,"Moderate Risk","Improper thawing methods "
6654,"20130905",103133,"Moderate Risk","Foods not protected from contamination"
6654,"20130905",103154,"Low Risk","Unclean or degraded floors walls or ceilings"
6654,"20130905",103109,"High Risk","Unclean or unsanitary food contact surfaces"
6654,"20130905",103157,"Low Risk","Food safety certificate or food handler card not available"
6654,"20130905",103120,"Moderate Risk","Moderate risk food holding temperature "
6654,"20140204",103142,"Low Risk","Unclean nonfood contact surfaces"
6654,"20140204",103119,"Moderate Risk","Inadequate and inaccessible handwashing facilities"
6654,"20140204",103154,"Low Risk","Unclean or degraded floors walls or ceilings"
6654,"20140204",103109,"High Risk","Unclean or unsanitary food contact surfaces"
6654,"20130312",103140,"Low Risk",
6654,"20130312",103124,"Moderate Risk","Inadequately cleaned or sanitized food contact surfaces"
6654,"20130312",103142,"Low Risk","Unclean nonfood contact surfaces"
6654,"20130312",103154,"Low Risk","Unclean or degraded floors walls or ceilings"
6654,"20130312",103162,"Low Risk","Other low risk violation"
6654,"20130312",103120,"Moderate Risk","Moderate risk food holding temperature "
6654,"20130312",103131,"Moderate Risk","Moderate risk vermin infestation"
6654,"20120822",103142,"Low Risk","Unclean nonfood contact surfaces"
6654,"20120822",103134,"Moderate Risk","Other moderate risk violation"
6654,"20120822",103131,"Moderate Risk","Moderate risk vermin infestation"
6654,"20120822",103120,"Moderate Risk","Moderate risk food holding temperature "
6654,"20120822",103124,"Moderate Risk","Inadequately cleaned or sanitized food contact surfaces"
6660,"20140917",103120,"Moderate Risk","Moderate risk food holding temperature "
6660,"20140917",103144,"Low Risk","Unapproved or unmaintained equipment or utensils"
6660,"20140917",103132,"Moderate Risk","Improper thawing methods "
6660,"20140917",103119,"Moderate Risk","Inadequate and inaccessible handwashing facilities"
6660,"20140917",103142,"Low Risk","Unclean nonfood contact surfaces"
6660,"20140917",103133,"Moderate Risk","Foods not protected from contamination"
6660,"20140917",103149,"Low Risk","Wiping cloths not clean or properly stored or inadequate sanitizer"
6660,"20140917",103152,"Low Risk","Unclean unmaintained or improperly constructed toilet facilities"
6660,"20140917",103161,"Low Risk","Low risk vermin infestation"
6660,"20130730",103139,"Low Risk","Improper food storage"
6660,"20130730",103120,"Moderate Risk","Moderate risk food holding temperature "
6660,"20140121",103139,"Low Risk","Improper food storage"
6660,"20140121",103120,"Moderate Risk","Moderate risk food holding temperature "
6660,"20120730",103120,"Moderate Risk","Moderate risk food holding temperature "
6660,"20120730",103145,"Low Risk","Improper storage of equipment utensils or linens"
6660,"20130131",103139,"Low Risk","Improper food storage"
6660,"20130131",103120,"Moderate Risk","Moderate risk food holding temperature "
6680,"20121212",103142,"Low Risk","Unclean nonfood contact surfaces"
6686,"20130701",103120,"Moderate Risk","Moderate risk food holding temperature "
6686,"20131220",103142,"Low Risk","Unclean nonfood contact surfaces"
6686,"20131220",103120,"Moderate Risk","Moderate risk food holding temperature "
6686,"20130607",103103,"High Risk","High risk food holding temperature "
6686,"20121012",103120,"Moderate Risk","Moderate risk food holding temperature "
6686,"20140627",103149,"Low Risk","Wiping cloths not clean or properly stored or inadequate sanitizer"
6686,"20140627",103120,"Moderate Risk","Moderate risk food holding temperature "
6718,"20141215",103150,"Low Risk","Improper or defective plumbing"
6718,"20141215",103156,"Low Risk","Permit license or inspection report not posted"
6718,"20131030",103154,"Low Risk","Unclean or degraded floors walls or ceilings"
6718,"20140606",103150,"Low Risk","Improper or defective plumbing"
6718,"20140606",103154,"Low Risk","Unclean or degraded floors walls or ceilings"
6718,"20140606",103156,"Low Risk","Permit license or inspection report not posted"
6729,"20150513",103144,"Low Risk","Unapproved or unmaintained equipment or utensils"
6729,"20150513",103145,"Low Risk","Improper storage of equipment utensils or linens"
6729,"20150513",103114,"High Risk","High risk vermin infestation"
6729,"20150513",103133,"Moderate Risk","Foods not protected from contamination"
6729,"20150513",103109,"High Risk","Unclean or unsanitary food contact surfaces"
6729,"20150513",103154,"Low Risk","Unclean or degraded floors walls or ceilings"
6729,"20130821",103154,"Low Risk","Unclean or degraded floors walls or ceilings"
6729,"20130821",103144,"Low Risk","Unapproved or unmaintained equipment or utensils"
6729,"20130821",103124,"Moderate Risk","Inadequately cleaned or sanitized food contact surfaces"
6729,"20130821",103147,"Low Risk","Inadequate ventilation or lighting"
6729,"20130821",103133,"Moderate Risk","Foods not protected from contamination"
6729,"20121210",103154,"Low Risk","Unclean or degraded floors walls or ceilings"
6729,"20121210",103142,"Low Risk","Unclean nonfood contact surfaces"
6729,"20121210",103133,"Moderate Risk","Foods not protected from contamination"
6729,"20121210",103114,"High Risk","High risk vermin infestation"
6729,"20121210",103109,"High Risk","Unclean or unsanitary food contact surfaces"
6729,"20121210",103132,"Moderate Risk","Improper thawing methods "
6729,"20140602",103147,"Low Risk","Inadequate ventilation or lighting"
6729,"20140602",103154,"Low Risk","Unclean or degraded floors walls or ceilings"
6729,"20140602",103124,"Moderate Risk","Inadequately cleaned or sanitized food contact surfaces"
6729,"20140602",103133,"Moderate Risk","Foods not protected from contamination"
6729,"20140602",103131,"Moderate Risk","Moderate risk vermin infestation"
6732,"20131120",103154,"Low Risk","Unclean or degraded floors walls or ceilings"
6732,"20131120",103145,"Low Risk","Improper storage of equipment utensils or linens"
6732,"20131120",103142,"Low Risk","Unclean nonfood contact surfaces"
6732,"20131120",103139,"Low Risk","Improper food storage"
6732,"20131120",103124,"Moderate Risk","Inadequately cleaned or sanitized food contact surfaces"
6732,"20131120",103119,"Moderate Risk","Inadequate and inaccessible handwashing facilities"
6732,"20131120",103135,"Low Risk","No person in charge of food facility"
6732,"20131120",103103,"High Risk","High risk food holding temperature "
6732,"20130108",103134,"Moderate Risk","Other moderate risk violation"
6732,"20130108",103144,"Low Risk","Unapproved or unmaintained equipment or utensils"
6732,"20130108",103154,"Low Risk","Unclean or degraded floors walls or ceilings"
6732,"20130108",103142,"Low Risk","Unclean nonfood contact surfaces"
6732,"20130108",103114,"High Risk","High risk vermin infestation"
6732,"20140612",103124,"Moderate Risk","Inadequately cleaned or sanitized food contact surfaces"
6732,"20140612",103154,"Low Risk","Unclean or degraded floors walls or ceilings"
6732,"20140612",103103,"High Risk","High risk food holding temperature "
6732,"20140612",103142,"Low Risk","Unclean nonfood contact surfaces"
6732,"20140612",103133,"Moderate Risk","Foods not protected from contamination"
6732,"20140612",103139,"Low Risk","Improper food storage"
6734,"20150407",103154,"Low Risk","Unclean or degraded floors walls or ceilings"
6734,"20150407",103139,"Low Risk","Improper food storage"
6734,"20150407",103138,"Low Risk","Improper storage use or identification of toxic substances"
6734,"20150407",103124,"Moderate Risk","Inadequately cleaned or sanitized food contact surfaces"
6734,"20150407",103119,"Moderate Risk","Inadequate and inaccessible handwashing facilities"
6734,"20150407",103116,"Moderate Risk","Inadequate food safety knowledge or lack of certified food safety manager"
6734,"20131001",103119,"Moderate Risk","Inadequate and inaccessible handwashing facilities"
6734,"20131001",103145,"Low Risk","Improper storage of equipment utensils or linens"
6734,"20131001",103139,"Low Risk","Improper food storage"
6734,"20131001",103124,"Moderate Risk","Inadequately cleaned or sanitized food contact surfaces"
6734,"20131001",103133,"Moderate Risk","Foods not protected from contamination"
6734,"20131001",103114,"High Risk","High risk vermin infestation"
6734,"20121105",103144,"Low Risk","Unapproved or unmaintained equipment or utensils"
6734,"20121105",103124,"Moderate Risk","Inadequately cleaned or sanitized food contact surfaces"
6734,"20121105",103119,"Moderate Risk","Inadequate and inaccessible handwashing facilities"
6734,"20121105",103114,"High Risk","High risk vermin infestation"
6734,"20121105",103139,"Low Risk","Improper food storage"
6734,"20140515",103144,"Low Risk","Unapproved or unmaintained equipment or utensils"
6734,"20140515",103142,"Low Risk","Unclean nonfood contact surfaces"
6734,"20140515",103119,"Moderate Risk","Inadequate and inaccessible handwashing facilities"
6734,"20140515",103120,"Moderate Risk","Moderate risk food holding temperature "
6734,"20140515",103139,"Low Risk","Improper food storage"
6734,"20140515",103124,"Moderate Risk","Inadequately cleaned or sanitized food contact surfaces"
6734,"20140515",103154,"Low Risk","Unclean or degraded floors walls or ceilings"
6734,"20140515",103131,"Moderate Risk","Moderate risk vermin infestation"
6739,"20150107",103119,"Moderate Risk","Inadequate and inaccessible handwashing facilities"
6739,"20130827",103133,"Moderate Risk","Foods not protected from contamination"
6739,"20130827",103119,"Moderate Risk","Inadequate and inaccessible handwashing facilities"
6739,"20130827",103109,"High Risk","Unclean or unsanitary food contact surfaces"
6739,"20130827",103145,"Low Risk","Improper storage of equipment utensils or linens"
6739,"20130827",103152,"Low Risk","Unclean unmaintained or improperly constructed toilet facilities"
6739,"20130827",103154,"Low Risk","Unclean or degraded floors walls or ceilings"
6739,"20121213",103124,"Moderate Risk","Inadequately cleaned or sanitized food contact surfaces"
6739,"20121213",103145,"Low Risk","Improper storage of equipment utensils or linens"
6739,"20121213",103159,"Low Risk","Worker safety hazards"
6739,"20121213",103154,"Low Risk","Unclean or degraded floors walls or ceilings"
6739,"20121213",103150,"Low Risk","Improper or defective plumbing"
6739,"20121213",103131,"Moderate Risk","Moderate risk vermin infestation"
6739,"20140603",103124,"Moderate Risk","Inadequately cleaned or sanitized food contact surfaces"
6739,"20140527",103159,"Low Risk","Worker safety hazards"
6739,"20140527",103116,"Moderate Risk","Inadequate food safety knowledge or lack of certified food safety manager"
6739,"20140527",103154,"Low Risk","Unclean or degraded floors walls or ceilings"
6739,"20140527",103144,"Low Risk","Unapproved or unmaintained equipment or utensils"
6739,"20140527",103119,"Moderate Risk","Inadequate and inaccessible handwashing facilities"
6739,"20140527",103109,"High Risk","Unclean or unsanitary food contact surfaces"
6739,"20140603",103116,"Moderate Risk","Inadequate food safety knowledge or lack of certified food safety manager"
6746,"20140211",103132,"Moderate Risk","Improper thawing methods "
6746,"20140211",103131,"Moderate Risk","Moderate risk vermin infestation"
6746,"20140211",103144,"Low Risk","Unapproved or unmaintained equipment or utensils"
6746,"20140211",103154,"Low Risk","Unclean or degraded floors walls or ceilings"
6746,"20140211",103157,"Low Risk","Food safety certificate or food handler card not available"
6746,"20130415",103131,"Moderate Risk","Moderate risk vermin infestation"
6746,"20130415",103157,"Low Risk","Food safety certificate or food handler card not available"
6746,"20130415",103139,"Low Risk","Improper food storage"
6746,"20130415",103132,"Moderate Risk","Improper thawing methods "
6746,"20140410",103114,"High Risk","High risk vermin infestation"
6746,"20120827",103132,"Moderate Risk","Improper thawing methods "
6746,"20120827",103150,"Low Risk","Improper or defective plumbing"
6746,"20120827",103123,"Moderate Risk","Food in poor condition"
6746,"20120827",103133,"Moderate Risk","Foods not protected from contamination"
6746,"20120827",103142,"Low Risk","Unclean nonfood contact surfaces"
6746,"20120827",103105,"High Risk","Improper cooling methods"
6748,"20130702",103156,"Low Risk","Permit license or inspection report not posted"
6748,"20130702",103141,"Low Risk","Improper food labeling or menu misrepresentation"
6748,"20130702",103119,"Moderate Risk","Inadequate and inaccessible handwashing facilities"
6748,"20140321",103116,"Moderate Risk","Inadequate food safety knowledge or lack of certified food safety manager"
6748,"20140321",103119,"Moderate Risk","Inadequate and inaccessible handwashing facilities"
6748,"20140321",103161,"Low Risk","Low risk vermin infestation"
6756,"20131127",103119,"Moderate Risk","Inadequate and inaccessible handwashing facilities"
6756,"20131127",103120,"Moderate Risk","Moderate risk food holding temperature "
6756,"20120615",103120,"Moderate Risk","Moderate risk food holding temperature "
6768,"20130814",103102,"High Risk","Unclean hands or improper use of gloves"
6768,"20130814",103139,"Low Risk","Improper food storage"
6768,"20130814",103109,"High Risk","Unclean or unsanitary food contact surfaces"
6768,"20130814",103131,"Moderate Risk","Moderate risk vermin infestation"
6768,"20140109",103144,"Low Risk","Unapproved or unmaintained equipment or utensils"
6768,"20140109",103149,"Low Risk","Wiping cloths not clean or properly stored or inadequate sanitizer"
6768,"20140109",103154,"Low Risk","Unclean or degraded floors walls or ceilings"
6768,"20140109",103124,"Moderate Risk","Inadequately cleaned or sanitized food contact surfaces"
6768,"20140109",103114,"High Risk","High risk vermin infestation"
6768,"20140109",103139,"Low Risk","Improper food storage"
6768,"20120717",103149,"Low Risk","Wiping cloths not clean or properly stored or inadequate sanitizer"
6768,"20130204",103124,"Moderate Risk","Inadequately cleaned or sanitized food contact surfaces"
6768,"20130204",103144,"Low Risk","Unapproved or unmaintained equipment or utensils"
6768,"20130204",103142,"Low Risk","Unclean nonfood contact surfaces"
6768,"20130204",103114,"High Risk","High risk vermin infestation"
6768,"20140730",103138,"Low Risk","Improper storage use or identification of toxic substances"
6768,"20140730",103136,"Low Risk","Unsanitary employee garments hair or nails"
6768,"20140730",103144,"Low Risk","Unapproved or unmaintained equipment or utensils"
6768,"20140730",103142,"Low Risk","Unclean nonfood contact surfaces"
6768,"20140730",103157,"Low Risk","Food safety certificate or food handler card not available"
6768,"20140730",103124,"Moderate Risk","Inadequately cleaned or sanitized food contact surfaces"
6800,"20141002",103143,"Low Risk","Inadequate warewashing facilities or equipment"
6800,"20141002",103116,"Moderate Risk","Inadequate food safety knowledge or lack of certified food safety manager"
6800,"20130528",103119,"Moderate Risk","Inadequate and inaccessible handwashing facilities"
6800,"20130528",103143,"Low Risk","Inadequate warewashing facilities or equipment"
6800,"20130528",103103,"High Risk","High risk food holding temperature "
6800,"20140226",103116,"Moderate Risk","Inadequate food safety knowledge or lack of certified food safety manager"
6800,"20140226",103120,"Moderate Risk","Moderate risk food holding temperature "
6800,"20140226",103148,"Low Risk","No thermometers or uncalibrated thermometers "
6807,"20121017",103131,"Moderate Risk","Moderate risk vermin infestation"
6807,"20121017",103157,"Low Risk","Food safety certificate or food handler card not available"
6813,"20141126",103161,"Low Risk","Low risk vermin infestation"
6813,"20141126",103129,"Moderate Risk","Insufficient hot water or running water"
6860,"20131118",103145,"Low Risk","Improper storage of equipment utensils or linens"
6860,"20131118",103119,"Moderate Risk","Inadequate and inaccessible handwashing facilities"
6860,"20131118",103139,"Low Risk","Improper food storage"
6860,"20131118",103154,"Low Risk","Unclean or degraded floors walls or ceilings"
6860,"20130124",103139,"Low Risk","Improper food storage"
6860,"20130124",103142,"Low Risk","Unclean nonfood contact surfaces"
6860,"20130124",103154,"Low Risk","Unclean or degraded floors walls or ceilings"
6860,"20140606",103144,"Low Risk","Unapproved or unmaintained equipment or utensils"
6860,"20140606",103154,"Low Risk","Unclean or degraded floors walls or ceilings"
6860,"20140606",103119,"Moderate Risk","Inadequate and inaccessible handwashing facilities"
6860,"20140606",103139,"Low Risk","Improper food storage"
6860,"20140606",103142,"Low Risk","Unclean nonfood contact surfaces"
6860,"20140606",103152,"Low Risk","Unclean unmaintained or improperly constructed toilet facilities"
6860,"20140606",103150,"Low Risk","Improper or defective plumbing"
6863,"20140722",103120,"Moderate Risk","Moderate risk food holding temperature "
6863,"20140722",103133,"Moderate Risk","Foods not protected from contamination"
6863,"20140722",103138,"Low Risk","Improper storage use or identification of toxic substances"
6864,"20141016",103154,"Low Risk","Unclean or degraded floors walls or ceilings"
6864,"20141016",103103,"High Risk","High risk food holding temperature "
6864,"20141016",103138,"Low Risk","Improper storage use or identification of toxic substances"
6864,"20141016",103119,"Moderate Risk","Inadequate and inaccessible handwashing facilities"
6864,"20141016",103124,"Moderate Risk","Inadequately cleaned or sanitized food contact surfaces"
6864,"20140110",103157,"Low Risk","Food safety certificate or food handler card not available"
6864,"20140110",103124,"Moderate Risk","Inadequately cleaned or sanitized food contact surfaces"
6864,"20140110",103139,"Low Risk","Improper food storage"
6864,"20140110",103142,"Low Risk","Unclean nonfood contact surfaces"
6864,"20140110",103154,"Low Risk","Unclean or degraded floors walls or ceilings"
6864,"20130312",103124,"Moderate Risk","Inadequately cleaned or sanitized food contact surfaces"
6864,"20130312",103152,"Low Risk","Unclean unmaintained or improperly constructed toilet facilities"
6864,"20130312",103133,"Moderate Risk","Foods not protected from contamination"
6864,"20121009",103103,"High Risk","High risk food holding temperature "
6864,"20121009",103119,"Moderate Risk","Inadequate and inaccessible handwashing facilities"
6864,"20121009",103138,"Low Risk","Improper storage use or identification of toxic substances"
6864,"20121009",103139,"Low Risk","Improper food storage"
6864,"20121009",103154,"Low Risk","Unclean or degraded floors walls or ceilings"
6864,"20121009",103156,"Low Risk","Permit license or inspection report not posted"
6864,"20121009",103157,"Low Risk","Food safety certificate or food handler card not available"
6864,"20121009",103144,"Low Risk","Unapproved or unmaintained equipment or utensils"
6904,"20121003",103133,"Moderate Risk","Foods not protected from contamination"
6912,"20140917",103144,"Low Risk","Unapproved or unmaintained equipment or utensils"
6912,"20140917",103124,"Moderate Risk","Inadequately cleaned or sanitized food contact surfaces"
6912,"20140917",103148,"Low Risk","No thermometers or uncalibrated thermometers "
6912,"20140917",103119,"Moderate Risk","Inadequate and inaccessible handwashing facilities"
6912,"20140917",103103,"High Risk","High risk food holding temperature "
6912,"20130520",103145,"Low Risk","Improper storage of equipment utensils or linens"
6912,"20130520",103123,"Moderate Risk","Food in poor condition"
6912,"20130520",103103,"High Risk","High risk food holding temperature "
6912,"20130520",103119,"Moderate Risk","Inadequate and inaccessible handwashing facilities"
6912,"20130520",103162,"Low Risk","Other low risk violation"
6912,"20120620",103162,"Low Risk","Other low risk violation"
6912,"20120620",103145,"Low Risk","Improper storage of equipment utensils or linens"
6913,"20131025",103144,"Low Risk","Unapproved or unmaintained equipment or utensils"
6913,"20131025",103120,"Moderate Risk","Moderate risk food holding temperature "
6913,"20130211",103161,"Low Risk","Low risk vermin infestation"
6913,"20130211",103120,"Moderate Risk","Moderate risk food holding temperature "
6913,"20130211",103129,"Moderate Risk","Insufficient hot water or running water"
6913,"20130211",103119,"Moderate Risk","Inadequate and inaccessible handwashing facilities"
6916,"20150608",103154,"Low Risk","Unclean or degraded floors walls or ceilings"
6916,"20150608",103120,"Moderate Risk","Moderate risk food holding temperature "
6916,"20131008",103120,"Moderate Risk","Moderate risk food holding temperature "
6916,"20131008",103119,"Moderate Risk","Inadequate and inaccessible handwashing facilities"
6916,"20131008",103142,"Low Risk","Unclean nonfood contact surfaces"
6916,"20140506",103112,"High Risk","No hot water or running water"
6916,"20140506",103154,"Low Risk","Unclean or degraded floors walls or ceilings"
6916,"20121217",103157,"Low Risk","Food safety certificate or food handler card not available"
6916,"20121217",103107,"High Risk","Improper reheating of food"
6916,"20121217",103142,"Low Risk","Unclean nonfood contact surfaces"
6934,"20141007",103152,"Low Risk","Unclean unmaintained or improperly constructed toilet facilities"
6934,"20141007",103154,"Low Risk","Unclean or degraded floors walls or ceilings"
6934,"20141007",103142,"Low Risk","Unclean nonfood contact surfaces"
6934,"20141007",103133,"Moderate Risk","Foods not protected from contamination"
6934,"20141007",103116,"Moderate Risk","Inadequate food safety knowledge or lack of certified food safety manager"
6934,"20141007",103149,"Low Risk","Wiping cloths not clean or properly stored or inadequate sanitizer"
6934,"20140107",103119,"Moderate Risk","Inadequate and inaccessible handwashing facilities"
6934,"20140107",103103,"High Risk","High risk food holding temperature "
6934,"20140107",103124,"Moderate Risk","Inadequately cleaned or sanitized food contact surfaces"
6934,"20130403",103134,"Moderate Risk","Other moderate risk violation"
6934,"20130403",103142,"Low Risk","Unclean nonfood contact surfaces"
6934,"20130403",103103,"High Risk","High risk food holding temperature "
6934,"20120711",103134,"Moderate Risk","Other moderate risk violation"
6934,"20120711",103103,"High Risk","High risk food holding temperature "
6944,"20130724",103154,"Low Risk","Unclean or degraded floors walls or ceilings"
6944,"20130724",103139,"Low Risk","Improper food storage"
6944,"20130724",103119,"Moderate Risk","Inadequate and inaccessible handwashing facilities"
6944,"20130724",103103,"High Risk","High risk food holding temperature "
6944,"20130724",103144,"Low Risk","Unapproved or unmaintained equipment or utensils"
6944,"20130724",103132,"Moderate Risk","Improper thawing methods "
6944,"20140227",103119,"Moderate Risk","Inadequate and inaccessible handwashing facilities"
6944,"20140227",103103,"High Risk","High risk food holding temperature "
6944,"20140227",103124,"Moderate Risk","Inadequately cleaned or sanitized food contact surfaces"
6944,"20140227",103131,"Moderate Risk","Moderate risk vermin infestation"
6944,"20140227",103142,"Low Risk","Unclean nonfood contact surfaces"
6944,"20140227",103144,"Low Risk","Unapproved or unmaintained equipment or utensils"
6944,"20140227",103147,"Low Risk","Inadequate ventilation or lighting"
6944,"20140227",103154,"Low Risk","Unclean or degraded floors walls or ceilings"
6944,"20140227",103133,"Moderate Risk","Foods not protected from contamination"
6944,"20121002",103144,"Low Risk","Unapproved or unmaintained equipment or utensils"
6944,"20121002",103124,"Moderate Risk","Inadequately cleaned or sanitized food contact surfaces"
6944,"20121002",103103,"High Risk","High risk food holding temperature "
6944,"20121002",103154,"Low Risk","Unclean or degraded floors walls or ceilings"
6944,"20140812",103154,"Low Risk","Unclean or degraded floors walls or ceilings"
6944,"20140812",103150,"Low Risk","Improper or defective plumbing"
6944,"20140812",103124,"Moderate Risk","Inadequately cleaned or sanitized food contact surfaces"
6944,"20140812",103119,"Moderate Risk","Inadequate and inaccessible handwashing facilities"
6944,"20140812",103144,"Low Risk","Unapproved or unmaintained equipment or utensils"
6944,"20140812",103103,"High Risk","High risk food holding temperature "
6944,"20140812",103133,"Moderate Risk","Foods not protected from contamination"
6948,"20150113",103124,"Moderate Risk","Inadequately cleaned or sanitized food contact surfaces"
6948,"20150113",103131,"Moderate Risk","Moderate risk vermin infestation"
6948,"20150113",103139,"Low Risk","Improper food storage"
6948,"20150113",103154,"Low Risk","Unclean or degraded floors walls or ceilings"
6948,"20150113",103144,"Low Risk","Unapproved or unmaintained equipment or utensils"
6948,"20131030",103139,"Low Risk","Improper food storage"
6948,"20131030",103133,"Moderate Risk","Foods not protected from contamination"
6948,"20131030",103119,"Moderate Risk","Inadequate and inaccessible handwashing facilities"
6948,"20131030",103124,"Moderate Risk","Inadequately cleaned or sanitized food contact surfaces"
6948,"20131030",103103,"High Risk","High risk food holding temperature "
6948,"20131030",103143,"Low Risk","Inadequate warewashing facilities or equipment"
6948,"20131030",103152,"Low Risk","Unclean unmaintained or improperly constructed toilet facilities"
6948,"20131030",103142,"Low Risk","Unclean nonfood contact surfaces"
6948,"20130314",103133,"Moderate Risk","Foods not protected from contamination"
6948,"20130314",103152,"Low Risk","Unclean unmaintained or improperly constructed toilet facilities"
6948,"20130314",103154,"Low Risk","Unclean or degraded floors walls or ceilings"
6948,"20130314",103109,"High Risk","Unclean or unsanitary food contact surfaces"
6948,"20130314",103119,"Moderate Risk","Inadequate and inaccessible handwashing facilities"
6948,"20130314",103139,"Low Risk","Improper food storage"
6948,"20130314",103142,"Low Risk","Unclean nonfood contact surfaces"
6948,"20130314",103114,"High Risk","High risk vermin infestation"
6948,"20140520",103142,"Low Risk","Unclean nonfood contact surfaces"
6948,"20140520",103154,"Low Risk","Unclean or degraded floors walls or ceilings"
6948,"20140520",103119,"Moderate Risk","Inadequate and inaccessible handwashing facilities"
6948,"20140520",103124,"Moderate Risk","Inadequately cleaned or sanitized food contact surfaces"
6948,"20140520",103139,"Low Risk","Improper food storage"
6948,"20140520",103114,"High Risk","High risk vermin infestation"
6962,"20130827",103116,"Moderate Risk","Inadequate food safety knowledge or lack of certified food safety manager"
6962,"20130827",103124,"Moderate Risk","Inadequately cleaned or sanitized food contact surfaces"
6962,"20130827",103138,"Low Risk","Improper storage use or identification of toxic substances"
6962,"20121213",103138,"Low Risk","Improper storage use or identification of toxic substances"
6962,"20121213",103131,"Moderate Risk","Moderate risk vermin infestation"
6962,"20121213",103149,"Low Risk","Wiping cloths not clean or properly stored or inadequate sanitizer"
6962,"20140527",103149,"Low Risk","Wiping cloths not clean or properly stored or inadequate sanitizer"
6962,"20140527",103154,"Low Risk","Unclean or degraded floors walls or ceilings"
6962,"20140527",103124,"Moderate Risk","Inadequately cleaned or sanitized food contact surfaces"
6962,"20140527",103144,"Low Risk","Unapproved or unmaintained equipment or utensils"
6965,"20150608",103120,"Moderate Risk","Moderate risk food holding temperature "
6965,"20150608",103154,"Low Risk","Unclean or degraded floors walls or ceilings"
6965,"20150608",103133,"Moderate Risk","Foods not protected from contamination"
6965,"20150608",103124,"Moderate Risk","Inadequately cleaned or sanitized food contact surfaces"
6965,"20150608",103119,"Moderate Risk","Inadequate and inaccessible handwashing facilities"
6965,"20130820",103144,"Low Risk","Unapproved or unmaintained equipment or utensils"
6965,"20130820",103116,"Moderate Risk","Inadequate food safety knowledge or lack of certified food safety manager"
6965,"20130820",103124,"Moderate Risk","Inadequately cleaned or sanitized food contact surfaces"
6965,"20130820",103142,"Low Risk","Unclean nonfood contact surfaces"
6965,"20130820",103138,"Low Risk","Improper storage use or identification of toxic substances"
6965,"20130820",103154,"Low Risk","Unclean or degraded floors walls or ceilings"
6965,"20121217",103139,"Low Risk","Improper food storage"
6965,"20121217",103141,"Low Risk","Improper food labeling or menu misrepresentation"
6965,"20121217",103144,"Low Risk","Unapproved or unmaintained equipment or utensils"
6965,"20121217",103149,"Low Risk","Wiping cloths not clean or properly stored or inadequate sanitizer"
6965,"20121217",103142,"Low Risk","Unclean nonfood contact surfaces"
6965,"20140513",103147,"Low Risk","Inadequate ventilation or lighting"
6965,"20140513",103139,"Low Risk","Improper food storage"
6965,"20140513",103144,"Low Risk","Unapproved or unmaintained equipment or utensils"
6965,"20140513",103124,"Moderate Risk","Inadequately cleaned or sanitized food contact surfaces"
6965,"20140513",103154,"Low Risk","Unclean or degraded floors walls or ceilings"
6966,"20131015",103154,"Low Risk","Unclean or degraded floors walls or ceilings"
6966,"20131015",103133,"Moderate Risk","Foods not protected from contamination"
6966,"20131015",103131,"Moderate Risk","Moderate risk vermin infestation"
6966,"20131015",103124,"Moderate Risk","Inadequately cleaned or sanitized food contact surfaces"
6966,"20131015",103144,"Low Risk","Unapproved or unmaintained equipment or utensils"
6966,"20130327",103109,"High Risk","Unclean or unsanitary food contact surfaces"
6966,"20130327",103154,"Low Risk","Unclean or degraded floors walls or ceilings"
6966,"20130327",103119,"Moderate Risk","Inadequate and inaccessible handwashing facilities"
6966,"20130327",103133,"Moderate Risk","Foods not protected from contamination"
6966,"20130327",103144,"Low Risk","Unapproved or unmaintained equipment or utensils"
6966,"20120730",103131,"Moderate Risk","Moderate risk vermin infestation"
6966,"20120730",103154,"Low Risk","Unclean or degraded floors walls or ceilings"
6966,"20120730",103149,"Low Risk","Wiping cloths not clean or properly stored or inadequate sanitizer"
6966,"20120730",103109,"High Risk","Unclean or unsanitary food contact surfaces"
6966,"20120730",103150,"Low Risk","Improper or defective plumbing"
6966,"20140603",103133,"Moderate Risk","Foods not protected from contamination"
6966,"20140603",103138,"Low Risk","Improper storage use or identification of toxic substances"
6966,"20140603",103142,"Low Risk","Unclean nonfood contact surfaces"
6966,"20140603",103150,"Low Risk","Improper or defective plumbing"
6966,"20140603",103154,"Low Risk","Unclean or degraded floors walls or ceilings"
7024,"20150203",103142,"Low Risk","Unclean nonfood contact surfaces"
7024,"20150203",103120,"Moderate Risk","Moderate risk food holding temperature "
7024,"20131211",103157,"Low Risk","Food safety certificate or food handler card not available"
7024,"20131211",103142,"Low Risk","Unclean nonfood contact surfaces"
7024,"20120622",103124,"Moderate Risk","Inadequately cleaned or sanitized food contact surfaces"
7024,"20130211",103142,"Low Risk","Unclean nonfood contact surfaces"
7024,"20130211",103120,"Moderate Risk","Moderate risk food holding temperature "
7024,"20130211",103129,"Moderate Risk","Insufficient hot water or running water"
7033,"20150112",103142,"Low Risk","Unclean nonfood contact surfaces"
7033,"20150112",103143,"Low Risk","Inadequate warewashing facilities or equipment"
7033,"20150112",103144,"Low Risk","Unapproved or unmaintained equipment or utensils"
7033,"20130621",103145,"Low Risk","Improper storage of equipment utensils or linens"
7033,"20130621",103144,"Low Risk","Unapproved or unmaintained equipment or utensils"
7033,"20140117",103124,"Moderate Risk","Inadequately cleaned or sanitized food contact surfaces"
7033,"20140117",103119,"Moderate Risk","Inadequate and inaccessible handwashing facilities"
7033,"20121207",103154,"Low Risk","Unclean or degraded floors walls or ceilings"
7033,"20140620",103124,"Moderate Risk","Inadequately cleaned or sanitized food contact surfaces"
7033,"20140620",103114,"High Risk","High risk vermin infestation"
7033,"20140620",103145,"Low Risk","Improper storage of equipment utensils or linens"
7033,"20140620",103133,"Moderate Risk","Foods not protected from contamination"
7033,"20140620",103144,"Low Risk","Unapproved or unmaintained equipment or utensils"
7055,"20130930",103120,"Moderate Risk","Moderate risk food holding temperature "
7055,"20130320",103107,"High Risk","Improper reheating of food"
7055,"20140326",103148,"Low Risk","No thermometers or uncalibrated thermometers "
7055,"20140326",103120,"Moderate Risk","Moderate risk food holding temperature "
7055,"20140326",103114,"High Risk","High risk vermin infestation"
7055,"20120919",103149,"Low Risk","Wiping cloths not clean or properly stored or inadequate sanitizer"
7055,"20120919",103124,"Moderate Risk","Inadequately cleaned or sanitized food contact surfaces"
7055,"20120919",103103,"High Risk","High risk food holding temperature "
7055,"20140819",103102,"High Risk","Unclean hands or improper use of gloves"
7055,"20140819",103149,"Low Risk","Wiping cloths not clean or properly stored or inadequate sanitizer"
7055,"20140819",103119,"Moderate Risk","Inadequate and inaccessible handwashing facilities"
7055,"20140819",103139,"Low Risk","Improper food storage"
7055,"20140819",103144,"Low Risk","Unapproved or unmaintained equipment or utensils"
7055,"20140819",103154,"Low Risk","Unclean or degraded floors walls or ceilings"
7056,"20150224",103154,"Low Risk","Unclean or degraded floors walls or ceilings"
7056,"20150224",103147,"Low Risk","Inadequate ventilation or lighting"
7056,"20150224",103133,"Moderate Risk","Foods not protected from contamination"
7056,"20150224",103131,"Moderate Risk","Moderate risk vermin infestation"
7056,"20150224",103142,"Low Risk","Unclean nonfood contact surfaces"
7056,"20130917",103133,"Moderate Risk","Foods not protected from contamination"
7056,"20130917",103149,"Low Risk","Wiping cloths not clean or properly stored or inadequate sanitizer"
7056,"20130917",103161,"Low Risk","Low risk vermin infestation"
7056,"20130917",103139,"Low Risk","Improper food storage"
7056,"20130917",103154,"Low Risk","Unclean or degraded floors walls or ceilings"
7056,"20130423",103102,"High Risk","Unclean hands or improper use of gloves"
7056,"20130423",103162,"Low Risk","Other low risk violation"
7056,"20130423",103161,"Low Risk","Low risk vermin infestation"
7056,"20130423",103149,"Low Risk","Wiping cloths not clean or properly stored or inadequate sanitizer"
7056,"20130423",103143,"Low Risk","Inadequate warewashing facilities or equipment"
7056,"20130423",103139,"Low Risk","Improper food storage"
7056,"20130423",103125,"Moderate Risk","Noncompliance with shell fish tags or display"
7056,"20130423",103116,"Moderate Risk","Inadequate food safety knowledge or lack of certified food safety manager"
7056,"20130423",103119,"Moderate Risk","Inadequate and inaccessible handwashing facilities"
7056,"20140407",103154,"Low Risk","Unclean or degraded floors walls or ceilings"
7056,"20140407",103131,"Moderate Risk","Moderate risk vermin infestation"
7056,"20140407",103133,"Moderate Risk","Foods not protected from contamination"
7056,"20120907",103139,"Low Risk","Improper food storage"
7056,"20120907",103109,"High Risk","Unclean or unsanitary food contact surfaces"
7056,"20120907",103114,"High Risk","High risk vermin infestation"
7056,"20120907",103154,"Low Risk","Unclean or degraded floors walls or ceilings"
7085,"20131011",103159,"Low Risk","Worker safety hazards"
7085,"20131011",103158,"Low Risk","Unpermitted food facility"
7085,"20130410",103103,"High Risk","High risk food holding temperature "
7085,"20140407",103119,"Moderate Risk","Inadequate and inaccessible handwashing facilities"
7085,"20140407",103116,"Moderate Risk","Inadequate food safety knowledge or lack of certified food safety manager"
7085,"20140407",103103,"High Risk","High risk food holding temperature "
7085,"20121023",103103,"High Risk","High risk food holding temperature "
7087,"20150504",103103,"High Risk","High risk food holding temperature "
7087,"20150504",103154,"Low Risk","Unclean or degraded floors walls or ceilings"
7087,"20150504",103124,"Moderate Risk","Inadequately cleaned or sanitized food contact surfaces"
7087,"20140106",103143,"Low Risk","Inadequate warewashing facilities or equipment"
7087,"20140106",103139,"Low Risk","Improper food storage"
7087,"20130603",103157,"Low Risk","Food safety certificate or food handler card not available"
7087,"20130603",103120,"Moderate Risk","Moderate risk food holding temperature "
7087,"20130603",103141,"Low Risk","Improper food labeling or menu misrepresentation"
7087,"20130603",103144,"Low Risk","Unapproved or unmaintained equipment or utensils"
7087,"20130603",103142,"Low Risk","Unclean nonfood contact surfaces"
7087,"20120724",103129,"Moderate Risk","Insufficient hot water or running water"
7087,"20140702",103156,"Low Risk","Permit license or inspection report not posted"
7087,"20140702",103141,"Low Risk","Improper food labeling or menu misrepresentation"
7087,"20140702",103103,"High Risk","High risk food holding temperature "
7093,"20140904",103141,"Low Risk","Improper food labeling or menu misrepresentation"
7093,"20130917",103154,"Low Risk","Unclean or degraded floors walls or ceilings"
7093,"20130917",103157,"Low Risk","Food safety certificate or food handler card not available"
7093,"20130917",103139,"Low Risk","Improper food storage"
7095,"20140929",103145,"Low Risk","Improper storage of equipment utensils or linens"
7105,"20150521",103103,"High Risk","High risk food holding temperature "
7105,"20140110",103134,"Moderate Risk","Other moderate risk violation"
7105,"20140110",103161,"Low Risk","Low risk vermin infestation"
7105,"20140110",103139,"Low Risk","Improper food storage"
7105,"20140110",103157,"Low Risk","Food safety certificate or food handler card not available"
7105,"20121214",103147,"Low Risk","Inadequate ventilation or lighting"
7105,"20121214",103149,"Low Risk","Wiping cloths not clean or properly stored or inadequate sanitizer"
7105,"20121214",103152,"Low Risk","Unclean unmaintained or improperly constructed toilet facilities"
7105,"20121214",103157,"Low Risk","Food safety certificate or food handler card not available"
7111,"20140317",103142,"Low Risk","Unclean nonfood contact surfaces"
7112,"20121109",103139,"Low Risk","Improper food storage"
7119,"20150424",103131,"Moderate Risk","Moderate risk vermin infestation"
7119,"20150424",103132,"Moderate Risk","Improper thawing methods "
7119,"20150424",103119,"Moderate Risk","Inadequate and inaccessible handwashing facilities"
7119,"20150424",103102,"High Risk","Unclean hands or improper use of gloves"
7119,"20150424",103124,"Moderate Risk","Inadequately cleaned or sanitized food contact surfaces"
7119,"20121105",103131,"Moderate Risk","Moderate risk vermin infestation"
7119,"20121105",103109,"High Risk","Unclean or unsanitary food contact surfaces"
7119,"20121105",103116,"Moderate Risk","Inadequate food safety knowledge or lack of certified food safety manager"
7119,"20121105",103133,"Moderate Risk","Foods not protected from contamination"
7119,"20121105",103132,"Moderate Risk","Improper thawing methods "
7119,"20121105",103102,"High Risk","Unclean hands or improper use of gloves"
7119,"20121115",103138,"Low Risk","Improper storage use or identification of toxic substances"
7119,"20121105",103144,"Low Risk","Unapproved or unmaintained equipment or utensils"
7119,"20121115",103124,"Moderate Risk","Inadequately cleaned or sanitized food contact surfaces"
7119,"20121105",103154,"Low Risk","Unclean or degraded floors walls or ceilings"
7206,"20131029",103154,"Low Risk","Unclean or degraded floors walls or ceilings"
7206,"20131029",103143,"Low Risk","Inadequate warewashing facilities or equipment"
7206,"20130522",103139,"Low Risk","Improper food storage"
7206,"20130522",103142,"Low Risk","Unclean nonfood contact surfaces"
7206,"20140522",103124,"Moderate Risk","Inadequately cleaned or sanitized food contact surfaces"
7206,"20140522",103154,"Low Risk","Unclean or degraded floors walls or ceilings"
7207,"20150421",103154,"Low Risk","Unclean or degraded floors walls or ceilings"
7207,"20150421",103120,"Moderate Risk","Moderate risk food holding temperature "
7207,"20150421",103141,"Low Risk","Improper food labeling or menu misrepresentation"
7207,"20150421",103144,"Low Risk","Unapproved or unmaintained equipment or utensils"
7207,"20150421",103118,"Moderate Risk","Employee eating or smoking"
7207,"20131118",103157,"Low Risk","Food safety certificate or food handler card not available"
7207,"20131118",103151,"Low Risk","Inadequate or unsanitary refuse containers or area or no garbage service"
7207,"20131118",103147,"Low Risk","Inadequate ventilation or lighting"
7207,"20131118",103119,"Moderate Risk","Inadequate and inaccessible handwashing facilities"
7207,"20131118",103154,"Low Risk","Unclean or degraded floors walls or ceilings"
7207,"20131118",103156,"Low Risk","Permit license or inspection report not posted"
7207,"20131118",103139,"Low Risk","Improper food storage"
7207,"20131118",103129,"Moderate Risk","Insufficient hot water or running water"
7207,"20131118",103152,"Low Risk","Unclean unmaintained or improperly constructed toilet facilities"
7207,"20131118",103142,"Low Risk","Unclean nonfood contact surfaces"
7207,"20140404",103152,"Low Risk","Unclean unmaintained or improperly constructed toilet facilities"
7207,"20140404",103145,"Low Risk","Improper storage of equipment utensils or linens"
7207,"20140404",103116,"Moderate Risk","Inadequate food safety knowledge or lack of certified food safety manager"
7207,"20140404",103119,"Moderate Risk","Inadequate and inaccessible handwashing facilities"
7207,"20140404",103139,"Low Risk","Improper food storage"
7207,"20140404",103142,"Low Risk","Unclean nonfood contact surfaces"
7207,"20121126",103119,"Moderate Risk","Inadequate and inaccessible handwashing facilities"
7210,"20131120",103145,"Low Risk","Improper storage of equipment utensils or linens"
7210,"20131120",103147,"Low Risk","Inadequate ventilation or lighting"
7210,"20131120",103150,"Low Risk","Improper or defective plumbing"
7210,"20140613",103131,"Moderate Risk","Moderate risk vermin infestation"
7210,"20140613",103129,"Moderate Risk","Insufficient hot water or running water"
7211,"20131030",103141,"Low Risk","Improper food labeling or menu misrepresentation"
7211,"20131030",103143,"Low Risk","Inadequate warewashing facilities or equipment"
7211,"20131030",103154,"Low Risk","Unclean or degraded floors walls or ceilings"
7211,"20130522",103144,"Low Risk","Unapproved or unmaintained equipment or utensils"
7211,"20130522",103154,"Low Risk","Unclean or degraded floors walls or ceilings"
7211,"20140610",103143,"Low Risk","Inadequate warewashing facilities or equipment"
7211,"20140610",103154,"Low Risk","Unclean or degraded floors walls or ceilings"
7211,"20140610",103133,"Moderate Risk","Foods not protected from contamination"
7214,"20150401",103154,"Low Risk","Unclean or degraded floors walls or ceilings"
7214,"20150401",103124,"Moderate Risk","Inadequately cleaned or sanitized food contact surfaces"
7214,"20131016",103120,"Moderate Risk","Moderate risk food holding temperature "
7214,"20131016",103133,"Moderate Risk","Foods not protected from contamination"
7214,"20131016",103144,"Low Risk","Unapproved or unmaintained equipment or utensils"
7214,"20130513",103144,"Low Risk","Unapproved or unmaintained equipment or utensils"
7214,"20130513",103139,"Low Risk","Improper food storage"
7214,"20130513",103132,"Moderate Risk","Improper thawing methods "
7214,"20130513",103119,"Moderate Risk","Inadequate and inaccessible handwashing facilities"
7214,"20140502",103133,"Moderate Risk","Foods not protected from contamination"
7214,"20140502",103144,"Low Risk","Unapproved or unmaintained equipment or utensils"
7214,"20140502",103131,"Moderate Risk","Moderate risk vermin infestation"
7214,"20140502",103154,"Low Risk","Unclean or degraded floors walls or ceilings"
7214,"20121207",103142,"Low Risk","Unclean nonfood contact surfaces"
7214,"20121207",103154,"Low Risk","Unclean or degraded floors walls or ceilings"
7216,"20131112",103142,"Low Risk","Unclean nonfood contact surfaces"
7216,"20131112",103152,"Low Risk","Unclean unmaintained or improperly constructed toilet facilities"
7216,"20131112",103139,"Low Risk","Improper food storage"
7216,"20131112",103124,"Moderate Risk","Inadequately cleaned or sanitized food contact surfaces"
7216,"20131112",103102,"High Risk","Unclean hands or improper use of gloves"
7216,"20131112",103133,"Moderate Risk","Foods not protected from contamination"
7216,"20131112",103157,"Low Risk","Food safety certificate or food handler card not available"
7216,"20121114",103131,"Moderate Risk","Moderate risk vermin infestation"
7216,"20121114",103142,"Low Risk","Unclean nonfood contact surfaces"
7216,"20121114",103139,"Low Risk","Improper food storage"
7216,"20121114",103152,"Low Risk","Unclean unmaintained or improperly constructed toilet facilities"
7216,"20121114",103153,"Low Risk","Inadequate dressing rooms or improper storage of personal items"
7216,"20121114",103157,"Low Risk","Food safety certificate or food handler card not available"
7216,"20121114",103154,"Low Risk","Unclean or degraded floors walls or ceilings"
7216,"20121114",103144,"Low Risk","Unapproved or unmaintained equipment or utensils"
7216,"20140603",103145,"Low Risk","Improper storage of equipment utensils or linens"
7216,"20140603",103120,"Moderate Risk","Moderate risk food holding temperature "
7216,"20140603",103129,"Moderate Risk","Insufficient hot water or running water"
7216,"20140603",103133,"Moderate Risk","Foods not protected from contamination"
7216,"20140603",103152,"Low Risk","Unclean unmaintained or improperly constructed toilet facilities"
7216,"20140603",103149,"Low Risk","Wiping cloths not clean or properly stored or inadequate sanitizer"
7216,"20140603",103142,"Low Risk","Unclean nonfood contact surfaces"
7216,"20140603",103124,"Moderate Risk","Inadequately cleaned or sanitized food contact surfaces"
7216,"20140603",103139,"Low Risk","Improper food storage"
7216,"20140603",103119,"Moderate Risk","Inadequate and inaccessible handwashing facilities"
7216,"20140603",103157,"Low Risk","Food safety certificate or food handler card not available"
7216,"20140603",103161,"Low Risk","Low risk vermin infestation"
7216,"20140603",103154,"Low Risk","Unclean or degraded floors walls or ceilings"
7241,"20150324",103136,"Low Risk","Unsanitary employee garments hair or nails"
7243,"20131218",103143,"Low Risk","Inadequate warewashing facilities or equipment"
7243,"20131218",103119,"Moderate Risk","Inadequate and inaccessible handwashing facilities"
7243,"20130213",103119,"Moderate Risk","Inadequate and inaccessible handwashing facilities"
7243,"20130213",103120,"Moderate Risk","Moderate risk food holding temperature "
7243,"20130213",103144,"Low Risk","Unapproved or unmaintained equipment or utensils"
7243,"20130213",103149,"Low Risk","Wiping cloths not clean or properly stored or inadequate sanitizer"
7275,"20141027",103153,"Low Risk","Inadequate dressing rooms or improper storage of personal items"
7275,"20141027",103154,"Low Risk","Unclean or degraded floors walls or ceilings"
7275,"20130417",103119,"Moderate Risk","Inadequate and inaccessible handwashing facilities"
7275,"20130417",103129,"Moderate Risk","Insufficient hot water or running water"
7275,"20130417",103154,"Low Risk","Unclean or degraded floors walls or ceilings"
7275,"20140421",103114,"High Risk","High risk vermin infestation"
7275,"20140421",103154,"Low Risk","Unclean or degraded floors walls or ceilings"
7276,"20141222",103116,"Moderate Risk","Inadequate food safety knowledge or lack of certified food safety manager"
7276,"20141222",103133,"Moderate Risk","Foods not protected from contamination"
7276,"20141222",103112,"High Risk","No hot water or running water"
7335,"20131206",103154,"Low Risk","Unclean or degraded floors walls or ceilings"
7335,"20131206",103161,"Low Risk","Low risk vermin infestation"
7335,"20131206",103144,"Low Risk","Unapproved or unmaintained equipment or utensils"
7335,"20130312",103131,"Moderate Risk","Moderate risk vermin infestation"
7361,"20140826",103105,"High Risk","Improper cooling methods"
7361,"20140826",103131,"Moderate Risk","Moderate risk vermin infestation"
7361,"20130710",103119,"Moderate Risk","Inadequate and inaccessible handwashing facilities"
7361,"20130710",103145,"Low Risk","Improper storage of equipment utensils or linens"
7361,"20130710",103161,"Low Risk","Low risk vermin infestation"
7361,"20130710",103154,"Low Risk","Unclean or degraded floors walls or ceilings"
7361,"20130710",103149,"Low Risk","Wiping cloths not clean or properly stored or inadequate sanitizer"
7361,"20140204",103114,"High Risk","High risk vermin infestation"
7361,"20140204",103154,"Low Risk","Unclean or degraded floors walls or ceilings"
7361,"20140204",103144,"Low Risk","Unapproved or unmaintained equipment or utensils"
7361,"20140204",103118,"Moderate Risk","Employee eating or smoking"
7361,"20140204",103105,"High Risk","Improper cooling methods"
7366,"20131119",103129,"Moderate Risk","Insufficient hot water or running water"
7366,"20130401",103119,"Moderate Risk","Inadequate and inaccessible handwashing facilities"
7366,"20140529",103145,"Low Risk","Improper storage of equipment utensils or linens"
7372,"20141007",103157,"Low Risk","Food safety certificate or food handler card not available"
7372,"20141007",103156,"Low Risk","Permit license or inspection report not posted"
7372,"20141007",103154,"Low Risk","Unclean or degraded floors walls or ceilings"
7372,"20141007",103119,"Moderate Risk","Inadequate and inaccessible handwashing facilities"
7375,"20120814",103129,"Moderate Risk","Insufficient hot water or running water"
7379,"20150504",103132,"Moderate Risk","Improper thawing methods "
7379,"20150504",103157,"Low Risk","Food safety certificate or food handler card not available"
7379,"20150504",103144,"Low Risk","Unapproved or unmaintained equipment or utensils"
7379,"20150504",103110,"High Risk","Unapproved food source"
7379,"20150504",103153,"Low Risk","Inadequate dressing rooms or improper storage of personal items"
7379,"20131211",103157,"Low Risk","Food safety certificate or food handler card not available"
7379,"20131211",103156,"Low Risk","Permit license or inspection report not posted"
7379,"20131211",103144,"Low Risk","Unapproved or unmaintained equipment or utensils"
7379,"20131211",103120,"Moderate Risk","Moderate risk food holding temperature "
7379,"20131211",103149,"Low Risk","Wiping cloths not clean or properly stored or inadequate sanitizer"
7379,"20131211",103139,"Low Risk","Improper food storage"
7379,"20130419",103114,"High Risk","High risk vermin infestation"
7379,"20130419",103139,"Low Risk","Improper food storage"
7379,"20130419",103142,"Low Risk","Unclean nonfood contact surfaces"
7379,"20130419",103108,"High Risk","Contaminated or adulterated food"
7379,"20130419",103144,"Low Risk","Unapproved or unmaintained equipment or utensils"
7394,"20150302",103154,"Low Risk","Unclean or degraded floors walls or ceilings"
7394,"20150302",103144,"Low Risk","Unapproved or unmaintained equipment or utensils"
7394,"20150302",103138,"Low Risk","Improper storage use or identification of toxic substances"
7394,"20150302",103131,"Moderate Risk","Moderate risk vermin infestation"
7394,"20130917",103142,"Low Risk","Unclean nonfood contact surfaces"
7394,"20130917",103120,"Moderate Risk","Moderate risk food holding temperature "
7394,"20121211",103120,"Moderate Risk","Moderate risk food holding temperature "
7394,"20140513",103156,"Low Risk","Permit license or inspection report not posted"
7394,"20140513",103116,"Moderate Risk","Inadequate food safety knowledge or lack of certified food safety manager"
7405,"20150519",103103,"High Risk","High risk food holding temperature "
7405,"20150519",103142,"Low Risk","Unclean nonfood contact surfaces"
7405,"20150519",103144,"Low Risk","Unapproved or unmaintained equipment or utensils"
7405,"20120626",103151,"Low Risk","Inadequate or unsanitary refuse containers or area or no garbage service"
7405,"20120626",103131,"Moderate Risk","Moderate risk vermin infestation"
7405,"20120626",103142,"Low Risk","Unclean nonfood contact surfaces"
7405,"20120626",103144,"Low Risk","Unapproved or unmaintained equipment or utensils"
7405,"20130221",103144,"Low Risk","Unapproved or unmaintained equipment or utensils"
7405,"20130221",103142,"Low Risk","Unclean nonfood contact surfaces"
7405,"20130221",103151,"Low Risk","Inadequate or unsanitary refuse containers or area or no garbage service"
7405,"20130221",103157,"Low Risk","Food safety certificate or food handler card not available"
7405,"20130221",103161,"Low Risk","Low risk vermin infestation"
7407,"20130422",103124,"Moderate Risk","Inadequately cleaned or sanitized food contact surfaces"
7407,"20130422",103142,"Low Risk","Unclean nonfood contact surfaces"
7407,"20140305",103116,"Moderate Risk","Inadequate food safety knowledge or lack of certified food safety manager"
7407,"20120927",103132,"Moderate Risk","Improper thawing methods "
7407,"20120927",103124,"Moderate Risk","Inadequately cleaned or sanitized food contact surfaces"
7407,"20120927",103142,"Low Risk","Unclean nonfood contact surfaces"
7449,"20131028",103151,"Low Risk","Inadequate or unsanitary refuse containers or area or no garbage service"
7449,"20130429",103151,"Low Risk","Inadequate or unsanitary refuse containers or area or no garbage service"
7449,"20130429",103144,"Low Risk","Unapproved or unmaintained equipment or utensils"
7449,"20120611",103120,"Moderate Risk","Moderate risk food holding temperature "
7449,"20140507",103150,"Low Risk","Improper or defective plumbing"
7450,"20150219",103149,"Low Risk","Wiping cloths not clean or properly stored or inadequate sanitizer"
7450,"20150219",103119,"Moderate Risk","Inadequate and inaccessible handwashing facilities"
7450,"20150219",103124,"Moderate Risk","Inadequately cleaned or sanitized food contact surfaces"
7450,"20130514",103148,"Low Risk","No thermometers or uncalibrated thermometers "
7450,"20130514",103149,"Low Risk","Wiping cloths not clean or properly stored or inadequate sanitizer"
7450,"20130514",103154,"Low Risk","Unclean or degraded floors walls or ceilings"
7450,"20140520",103144,"Low Risk","Unapproved or unmaintained equipment or utensils"
7450,"20140520",103149,"Low Risk","Wiping cloths not clean or properly stored or inadequate sanitizer"
7450,"20140520",103157,"Low Risk","Food safety certificate or food handler card not available"
7456,"20130123",103121,"Moderate Risk","Inadequate procedures or records for time as a public health control "
7456,"20130123",103144,"Low Risk","Unapproved or unmaintained equipment or utensils"
7457,"20141014",103143,"Low Risk","Inadequate warewashing facilities or equipment"
7457,"20141014",103139,"Low Risk","Improper food storage"
7457,"20130726",103149,"Low Risk","Wiping cloths not clean or properly stored or inadequate sanitizer"
7457,"20140220",103161,"Low Risk","Low risk vermin infestation"
7464,"20131106",103133,"Moderate Risk","Foods not protected from contamination"
7464,"20140418",103142,"Low Risk","Unclean nonfood contact surfaces"
7464,"20140418",103154,"Low Risk","Unclean or degraded floors walls or ceilings"
7471,"20130213",103156,"Low Risk","Permit license or inspection report not posted"
7471,"20130213",103119,"Moderate Risk","Inadequate and inaccessible handwashing facilities"
7471,"20130213",103159,"Low Risk","Worker safety hazards"
7474,"20141210",103110,"High Risk","Unapproved food source"
7474,"20141210",103124,"Moderate Risk","Inadequately cleaned or sanitized food contact surfaces"
7474,"20141210",103142,"Low Risk","Unclean nonfood contact surfaces"
7474,"20141210",103154,"Low Risk","Unclean or degraded floors walls or ceilings"
7474,"20131101",103133,"Moderate Risk","Foods not protected from contamination"
7474,"20130102",103131,"Moderate Risk","Moderate risk vermin infestation"
7475,"20140219",103139,"Low Risk","Improper food storage"
7477,"20130918",103145,"Low Risk","Improper storage of equipment utensils or linens"
7477,"20140426",103154,"Low Risk","Unclean or degraded floors walls or ceilings"
7477,"20140426",103144,"Low Risk","Unapproved or unmaintained equipment or utensils"
7477,"20140426",103124,"Moderate Risk","Inadequately cleaned or sanitized food contact surfaces"
7477,"20140426",103156,"Low Risk","Permit license or inspection report not posted"
7477,"20120824",103154,"Low Risk","Unclean or degraded floors walls or ceilings"
7479,"20140904",103114,"High Risk","High risk vermin infestation"
7479,"20140904",103105,"High Risk","Improper cooling methods"
7479,"20140904",103150,"Low Risk","Improper or defective plumbing"
7479,"20140904",103145,"Low Risk","Improper storage of equipment utensils or linens"
7479,"20140904",103119,"Moderate Risk","Inadequate and inaccessible handwashing facilities"
7479,"20140904",103154,"Low Risk","Unclean or degraded floors walls or ceilings"
7479,"20140904",103124,"Moderate Risk","Inadequately cleaned or sanitized food contact surfaces"
7479,"20140904",103139,"Low Risk","Improper food storage"
7479,"20140904",103142,"Low Risk","Unclean nonfood contact surfaces"
7479,"20140904",103143,"Low Risk","Inadequate warewashing facilities or equipment"
7479,"20140904",103120,"Moderate Risk","Moderate risk food holding temperature "
7479,"20130207",103107,"High Risk","Improper reheating of food"
7479,"20130207",103149,"Low Risk","Wiping cloths not clean or properly stored or inadequate sanitizer"
7479,"20130207",103144,"Low Risk","Unapproved or unmaintained equipment or utensils"
7479,"20130207",103120,"Moderate Risk","Moderate risk food holding temperature "
7480,"20141229",103154,"Low Risk","Unclean or degraded floors walls or ceilings"
7480,"20141229",103145,"Low Risk","Improper storage of equipment utensils or linens"
7480,"20131021",103144,"Low Risk","Unapproved or unmaintained equipment or utensils"
7480,"20131021",103116,"Moderate Risk","Inadequate food safety knowledge or lack of certified food safety manager"
7480,"20131021",103119,"Moderate Risk","Inadequate and inaccessible handwashing facilities"
7480,"20131021",103139,"Low Risk","Improper food storage"
7480,"20130313",103157,"Low Risk","Food safety certificate or food handler card not available"
7480,"20130313",103144,"Low Risk","Unapproved or unmaintained equipment or utensils"
7480,"20130313",103133,"Moderate Risk","Foods not protected from contamination"
7480,"20140602",103120,"Moderate Risk","Moderate risk food holding temperature "
7480,"20140602",103139,"Low Risk","Improper food storage"
7482,"20141024",103142,"Low Risk","Unclean nonfood contact surfaces"
7482,"20141024",103139,"Low Risk","Improper food storage"
7482,"20141024",103129,"Moderate Risk","Insufficient hot water or running water"
7482,"20141024",103154,"Low Risk","Unclean or degraded floors walls or ceilings"
7482,"20141024",103120,"Moderate Risk","Moderate risk food holding temperature "
7482,"20141024",103114,"High Risk","High risk vermin infestation"
7482,"20141024",103109,"High Risk","Unclean or unsanitary food contact surfaces"
7482,"20130308",103119,"Moderate Risk","Inadequate and inaccessible handwashing facilities"
7482,"20130308",103154,"Low Risk","Unclean or degraded floors walls or ceilings"
7482,"20120822",103154,"Low Risk","Unclean or degraded floors walls or ceilings"
7482,"20120822",103133,"Moderate Risk","Foods not protected from contamination"
7489,"20141125",103139,"Low Risk","Improper food storage"
7489,"20141125",103103,"High Risk","High risk food holding temperature "
7489,"20141125",103112,"High Risk","No hot water or running water"
7489,"20141125",103114,"High Risk","High risk vermin infestation"
7489,"20141125",103118,"Moderate Risk","Employee eating or smoking"
7489,"20141125",103142,"Low Risk","Unclean nonfood contact surfaces"
7489,"20141125",103143,"Low Risk","Inadequate warewashing facilities or equipment"
7489,"20141125",103149,"Low Risk","Wiping cloths not clean or properly stored or inadequate sanitizer"
7489,"20141125",103154,"Low Risk","Unclean or degraded floors walls or ceilings"
7489,"20131226",103154,"Low Risk","Unclean or degraded floors walls or ceilings"
7489,"20131226",103150,"Low Risk","Improper or defective plumbing"
7489,"20131226",103145,"Low Risk","Improper storage of equipment utensils or linens"
7489,"20131226",103142,"Low Risk","Unclean nonfood contact surfaces"
7489,"20131226",103116,"Moderate Risk","Inadequate food safety knowledge or lack of certified food safety manager"
7489,"20131226",103109,"High Risk","Unclean or unsanitary food contact surfaces"
7489,"20131226",103147,"Low Risk","Inadequate ventilation or lighting"
7489,"20131226",103114,"High Risk","High risk vermin infestation"
7489,"20131226",103119,"Moderate Risk","Inadequate and inaccessible handwashing facilities"
7489,"20130219",103154,"Low Risk","Unclean or degraded floors walls or ceilings"
7489,"20130219",103142,"Low Risk","Unclean nonfood contact surfaces"
7489,"20130219",103120,"Moderate Risk","Moderate risk food holding temperature "
7489,"20130219",103149,"Low Risk","Wiping cloths not clean or properly stored or inadequate sanitizer"
7491,"20141021",103143,"Low Risk","Inadequate warewashing facilities or equipment"
7491,"20141021",103112,"High Risk","No hot water or running water"
7491,"20141021",103119,"Moderate Risk","Inadequate and inaccessible handwashing facilities"
7491,"20141021",103109,"High Risk","Unclean or unsanitary food contact surfaces"
7491,"20141021",103148,"Low Risk","No thermometers or uncalibrated thermometers "
7491,"20141021",103120,"Moderate Risk","Moderate risk food holding temperature "
7491,"20141021",103139,"Low Risk","Improper food storage"
7491,"20130917",103112,"High Risk","No hot water or running water"
7491,"20140402",103129,"Moderate Risk","Insufficient hot water or running water"
7491,"20140324",103129,"Moderate Risk","Insufficient hot water or running water"
7491,"20140324",103110,"High Risk","Unapproved food source"
7493,"20140924",103156,"Low Risk","Permit license or inspection report not posted"
7493,"20140924",103103,"High Risk","High risk food holding temperature "
7493,"20140924",103116,"Moderate Risk","Inadequate food safety knowledge or lack of certified food safety manager"
7493,"20140924",103119,"Moderate Risk","Inadequate and inaccessible handwashing facilities"
7493,"20140924",103149,"Low Risk","Wiping cloths not clean or properly stored or inadequate sanitizer"
7493,"20140924",103145,"Low Risk","Improper storage of equipment utensils or linens"
7493,"20140305",103156,"Low Risk","Permit license or inspection report not posted"
7493,"20140305",103116,"Moderate Risk","Inadequate food safety knowledge or lack of certified food safety manager"
7493,"20140305",103133,"Moderate Risk","Foods not protected from contamination"
7493,"20140305",103139,"Low Risk","Improper food storage"
7493,"20120621",103129,"Moderate Risk","Insufficient hot water or running water"
7493,"20120621",103120,"Moderate Risk","Moderate risk food holding temperature "
7493,"20130221",103109,"High Risk","Unclean or unsanitary food contact surfaces"
7496,"20130918",103150,"Low Risk","Improper or defective plumbing"
7496,"20130918",103119,"Moderate Risk","Inadequate and inaccessible handwashing facilities"
7496,"20120824",103133,"Moderate Risk","Foods not protected from contamination"
7501,"20150225",103154,"Low Risk","Unclean or degraded floors walls or ceilings"
7501,"20150225",103129,"Moderate Risk","Insufficient hot water or running water"
7501,"20150225",103131,"Moderate Risk","Moderate risk vermin infestation"
7501,"20130926",103144,"Low Risk","Unapproved or unmaintained equipment or utensils"
7501,"20130926",103129,"Moderate Risk","Insufficient hot water or running water"
7501,"20130926",103142,"Low Risk","Unclean nonfood contact surfaces"
7501,"20130926",103161,"Low Risk","Low risk vermin infestation"
7501,"20140505",103118,"Moderate Risk","Employee eating or smoking"
7501,"20140505",103119,"Moderate Risk","Inadequate and inaccessible handwashing facilities"
7501,"20140505",103154,"Low Risk","Unclean or degraded floors walls or ceilings"
7501,"20140505",103129,"Moderate Risk","Insufficient hot water or running water"
7501,"20120620",103142,"Low Risk","Unclean nonfood contact surfaces"
7501,"20120620",103129,"Moderate Risk","Insufficient hot water or running water"
7501,"20120620",103152,"Low Risk","Unclean unmaintained or improperly constructed toilet facilities"
7501,"20120620",103147,"Low Risk","Inadequate ventilation or lighting"
7503,"20121116",103124,"Moderate Risk","Inadequately cleaned or sanitized food contact surfaces"
7503,"20121116",103118,"Moderate Risk","Employee eating or smoking"
7512,"20140123",103116,"Moderate Risk","Inadequate food safety knowledge or lack of certified food safety manager"
7512,"20140123",103102,"High Risk","Unclean hands or improper use of gloves"
7512,"20140123",103124,"Moderate Risk","Inadequately cleaned or sanitized food contact surfaces"
7512,"20140123",103144,"Low Risk","Unapproved or unmaintained equipment or utensils"
7512,"20140123",103139,"Low Risk","Improper food storage"
7512,"20130430",103102,"High Risk","Unclean hands or improper use of gloves"
7512,"20130430",103103,"High Risk","High risk food holding temperature "
7512,"20130430",103116,"Moderate Risk","Inadequate food safety knowledge or lack of certified food safety manager"
7512,"20130430",103131,"Moderate Risk","Moderate risk vermin infestation"
7512,"20130430",103132,"Moderate Risk","Improper thawing methods "
7512,"20130430",103139,"Low Risk","Improper food storage"
7512,"20130430",103142,"Low Risk","Unclean nonfood contact surfaces"
7512,"20130430",103149,"Low Risk","Wiping cloths not clean or properly stored or inadequate sanitizer"
7512,"20130430",103152,"Low Risk","Unclean unmaintained or improperly constructed toilet facilities"
7512,"20130430",103154,"Low Risk","Unclean or degraded floors walls or ceilings"
7512,"20130430",103109,"High Risk","Unclean or unsanitary food contact surfaces"
7512,"20120711",103139,"Low Risk","Improper food storage"
7512,"20120711",103124,"Moderate Risk","Inadequately cleaned or sanitized food contact surfaces"
7512,"20120711",103154,"Low Risk","Unclean or degraded floors walls or ceilings"
7512,"20120711",103119,"Moderate Risk","Inadequate and inaccessible handwashing facilities"
7512,"20140711",103131,"Moderate Risk","Moderate risk vermin infestation"
7512,"20140711",103144,"Low Risk","Unapproved or unmaintained equipment or utensils"
7512,"20140711",103154,"Low Risk","Unclean or degraded floors walls or ceilings"
7512,"20140711",103133,"Moderate Risk","Foods not protected from contamination"
7517,"20130319",103156,"Low Risk","Permit license or inspection report not posted"
7517,"20130319",103120,"Moderate Risk","Moderate risk food holding temperature "
7519,"20130426",103139,"Low Risk","Improper food storage"
7519,"20130426",103131,"Moderate Risk","Moderate risk vermin infestation"
7519,"20130426",103144,"Low Risk","Unapproved or unmaintained equipment or utensils"
7519,"20130426",103119,"Moderate Risk","Inadequate and inaccessible handwashing facilities"
7519,"20130426",103154,"Low Risk","Unclean or degraded floors walls or ceilings"
7519,"20120717",103119,"Moderate Risk","Inadequate and inaccessible handwashing facilities"
7519,"20140805",103144,"Low Risk","Unapproved or unmaintained equipment or utensils"
7519,"20140805",103138,"Low Risk","Improper storage use or identification of toxic substances"
7525,"20140916",103157,"Low Risk","Food safety certificate or food handler card not available"
7525,"20140305",103119,"Moderate Risk","Inadequate and inaccessible handwashing facilities"
7527,"20120622",103103,"High Risk","High risk food holding temperature "
7527,"20130212",103144,"Low Risk","Unapproved or unmaintained equipment or utensils"
7528,"20130912",103156,"Low Risk","Permit license or inspection report not posted"
7528,"20130912",103139,"Low Risk","Improper food storage"
7528,"20140418",103120,"Moderate Risk","Moderate risk food holding temperature "
7529,"20131119",103143,"Low Risk","Inadequate warewashing facilities or equipment"
7529,"20130204",103157,"Low Risk","Food safety certificate or food handler card not available"
7529,"20140529",103144,"Low Risk","Unapproved or unmaintained equipment or utensils"
7530,"20131029",103119,"Moderate Risk","Inadequate and inaccessible handwashing facilities"
7530,"20140603",103157,"Low Risk","Food safety certificate or food handler card not available"
7534,"20141002",103148,"Low Risk","No thermometers or uncalibrated thermometers "
7534,"20141002",103116,"Moderate Risk","Inadequate food safety knowledge or lack of certified food safety manager"
7534,"20141002",103120,"Moderate Risk","Moderate risk food holding temperature "
7537,"20150304",103119,"Moderate Risk","Inadequate and inaccessible handwashing facilities"
7537,"20150304",103120,"Moderate Risk","Moderate risk food holding temperature "
7537,"20150304",103131,"Moderate Risk","Moderate risk vermin infestation"
7537,"20150304",103154,"Low Risk","Unclean or degraded floors walls or ceilings"
7537,"20150304",103161,"Low Risk","Low risk vermin infestation"
7537,"20140319",103149,"Low Risk","Wiping cloths not clean or properly stored or inadequate sanitizer"
7537,"20140319",103120,"Moderate Risk","Moderate risk food holding temperature "
7537,"20140319",103119,"Moderate Risk","Inadequate and inaccessible handwashing facilities"
7537,"20140319",103178,"Low Risk","Noncompliance with Cottage Food Operation"
7537,"20140319",103152,"Low Risk","Unclean unmaintained or improperly constructed toilet facilities"
7537,"20130114",103138,"Low Risk","Improper storage use or identification of toxic substances"
7537,"20130114",103149,"Low Risk","Wiping cloths not clean or properly stored or inadequate sanitizer"
7537,"20130114",103157,"Low Risk","Food safety certificate or food handler card not available"
7538,"20131226",103120,"Moderate Risk","Moderate risk food holding temperature "
7538,"20130607",103154,"Low Risk","Unclean or degraded floors walls or ceilings"
7538,"20130607",103142,"Low Risk","Unclean nonfood contact surfaces"
7538,"20130607",103143,"Low Risk","Inadequate warewashing facilities or equipment"
7538,"20130607",103157,"Low Risk","Food safety certificate or food handler card not available"
7538,"20121107",103120,"Moderate Risk","Moderate risk food holding temperature "
7538,"20121107",103109,"High Risk","Unclean or unsanitary food contact surfaces"
7541,"20130610",103139,"Low Risk","Improper food storage"
7547,"20130116",103157,"Low Risk","Food safety certificate or food handler card not available"
7547,"20130116",103142,"Low Risk","Unclean nonfood contact surfaces"
7558,"20140501",103142,"Low Risk","Unclean nonfood contact surfaces"
7558,"20140501",103143,"Low Risk","Inadequate warewashing facilities or equipment"
7558,"20121211",103157,"Low Risk","Food safety certificate or food handler card not available"
7558,"20121211",103119,"Moderate Risk","Inadequate and inaccessible handwashing facilities"
7558,"20121211",103149,"Low Risk","Wiping cloths not clean or properly stored or inadequate sanitizer"
7561,"20131224",103143,"Low Risk","Inadequate warewashing facilities or equipment"
7561,"20131224",103141,"Low Risk","Improper food labeling or menu misrepresentation"
7561,"20131224",103116,"Moderate Risk","Inadequate food safety knowledge or lack of certified food safety manager"
7561,"20130613",103142,"Low Risk","Unclean nonfood contact surfaces"
7561,"20130613",103144,"Low Risk","Unapproved or unmaintained equipment or utensils"
7561,"20130613",103116,"Moderate Risk","Inadequate food safety knowledge or lack of certified food safety manager"
7561,"20120613",103142,"Low Risk","Unclean nonfood contact surfaces"
7561,"20120613",103150,"Low Risk","Improper or defective plumbing"
7561,"20120613",103139,"Low Risk","Improper food storage"
7561,"20120613",103105,"High Risk","Improper cooling methods"
7561,"20120613",103144,"Low Risk","Unapproved or unmaintained equipment or utensils"
7561,"20120613",103129,"Moderate Risk","Insufficient hot water or running water"
7561,"20121219",103105,"High Risk","Improper cooling methods"
7561,"20121219",103154,"Low Risk","Unclean or degraded floors walls or ceilings"
7561,"20121219",103144,"Low Risk","Unapproved or unmaintained equipment or utensils"
7561,"20121219",103114,"High Risk","High risk vermin infestation"
7561,"20121219",103116,"Moderate Risk","Inadequate food safety knowledge or lack of certified food safety manager"
7561,"20121219",103143,"Low Risk","Inadequate warewashing facilities or equipment"
7561,"20140825",103142,"Low Risk","Unclean nonfood contact surfaces"
7561,"20140825",103143,"Low Risk","Inadequate warewashing facilities or equipment"
7561,"20140825",103119,"Moderate Risk","Inadequate and inaccessible handwashing facilities"
7561,"20140825",103153,"Low Risk","Inadequate dressing rooms or improper storage of personal items"
7562,"20140909",103144,"Low Risk","Unapproved or unmaintained equipment or utensils"
7562,"20120822",103120,"Moderate Risk","Moderate risk food holding temperature "
7562,"20140602",103133,"Moderate Risk","Foods not protected from contamination"
7571,"20130822",103152,"Low Risk","Unclean unmaintained or improperly constructed toilet facilities"
7571,"20140228",103131,"Moderate Risk","Moderate risk vermin infestation"
7573,"20131010",103120,"Moderate Risk","Moderate risk food holding temperature "
7573,"20140530",103120,"Moderate Risk","Moderate risk food holding temperature "
7575,"20131010",103139,"Low Risk","Improper food storage"
7575,"20131010",103149,"Low Risk","Wiping cloths not clean or properly stored or inadequate sanitizer"
7575,"20131010",103120,"Moderate Risk","Moderate risk food holding temperature "
7575,"20131010",103154,"Low Risk","Unclean or degraded floors walls or ceilings"
7575,"20131010",103144,"Low Risk","Unapproved or unmaintained equipment or utensils"
7575,"20130517",103149,"Low Risk","Wiping cloths not clean or properly stored or inadequate sanitizer"
7575,"20130517",103144,"Low Risk","Unapproved or unmaintained equipment or utensils"
7575,"20130517",103139,"Low Risk","Improper food storage"
7575,"20130517",103103,"High Risk","High risk food holding temperature "
7575,"20140505",103141,"Low Risk","Improper food labeling or menu misrepresentation"
7575,"20140505",103144,"Low Risk","Unapproved or unmaintained equipment or utensils"
7575,"20140505",103139,"Low Risk","Improper food storage"
7576,"20130926",103139,"Low Risk","Improper food storage"
7576,"20140306",103154,"Low Risk","Unclean or degraded floors walls or ceilings"
7576,"20120914",103154,"Low Risk","Unclean or degraded floors walls or ceilings"
7589,"20150327",103152,"Low Risk","Unclean unmaintained or improperly constructed toilet facilities"
7589,"20150327",103115,"High Risk","Other high risk violation"
7589,"20150327",103124,"Moderate Risk","Inadequately cleaned or sanitized food contact surfaces"
7589,"20150327",103139,"Low Risk","Improper food storage"
7589,"20150327",103145,"Low Risk","Improper storage of equipment utensils or linens"
7589,"20150327",103157,"Low Risk","Food safety certificate or food handler card not available"
7589,"20150327",103147,"Low Risk","Inadequate ventilation or lighting"
7589,"20150327",103113,"High Risk","Sewage or wastewater contamination"
7589,"20150327",103114,"High Risk","High risk vermin infestation"
7589,"20131106",103154,"Low Risk","Unclean or degraded floors walls or ceilings"
7589,"20131106",103116,"Moderate Risk","Inadequate food safety knowledge or lack of certified food safety manager"
7589,"20130416",103113,"High Risk","Sewage or wastewater contamination"
7598,"20150417",103152,"Low Risk","Unclean unmaintained or improperly constructed toilet facilities"
7598,"20130822",103157,"Low Risk","Food safety certificate or food handler card not available"
7598,"20140319",103152,"Low Risk","Unclean unmaintained or improperly constructed toilet facilities"
7598,"20140319",103120,"Moderate Risk","Moderate risk food holding temperature "
7598,"20121108",103109,"High Risk","Unclean or unsanitary food contact surfaces"
7599,"20131106",103158,"Low Risk","Unpermitted food facility"
7600,"20120922",103133,"Moderate Risk","Foods not protected from contamination"
7601,"20131106",103124,"Moderate Risk","Inadequately cleaned or sanitized food contact surfaces"
7602,"20130912",103144,"Low Risk","Unapproved or unmaintained equipment or utensils"
7602,"20130912",103156,"Low Risk","Permit license or inspection report not posted"
7602,"20140418",103103,"High Risk","High risk food holding temperature "
7602,"20140418",103144,"Low Risk","Unapproved or unmaintained equipment or utensils"
7603,"20150429",103119,"Moderate Risk","Inadequate and inaccessible handwashing facilities"
7603,"20150429",103154,"Low Risk","Unclean or degraded floors walls or ceilings"
7603,"20140426",103144,"Low Risk","Unapproved or unmaintained equipment or utensils"
7605,"20131226",103143,"Low Risk","Inadequate warewashing facilities or equipment"
7605,"20131226",103154,"Low Risk","Unclean or degraded floors walls or ceilings"
7605,"20131226",103116,"Moderate Risk","Inadequate food safety knowledge or lack of certified food safety manager"
7605,"20131226",103147,"Low Risk","Inadequate ventilation or lighting"
7605,"20130607",103154,"Low Risk","Unclean or degraded floors walls or ceilings"
7605,"20130607",103144,"Low Risk","Unapproved or unmaintained equipment or utensils"
7605,"20130607",103129,"Moderate Risk","Insufficient hot water or running water"
7605,"20130607",103142,"Low Risk","Unclean nonfood contact surfaces"
7605,"20121017",103142,"Low Risk","Unclean nonfood contact surfaces"
7605,"20121017",103154,"Low Risk","Unclean or degraded floors walls or ceilings"
7605,"20121017",103119,"Moderate Risk","Inadequate and inaccessible handwashing facilities"
7605,"20121017",103116,"Moderate Risk","Inadequate food safety knowledge or lack of certified food safety manager"
7605,"20121017",103144,"Low Risk","Unapproved or unmaintained equipment or utensils"
7608,"20120928",103139,"Low Risk","Improper food storage"
7610,"20131224",103141,"Low Risk","Improper food labeling or menu misrepresentation"
7610,"20130619",103141,"Low Risk","Improper food labeling or menu misrepresentation"
7610,"20130619",103120,"Moderate Risk","Moderate risk food holding temperature "
7610,"20130619",103116,"Moderate Risk","Inadequate food safety knowledge or lack of certified food safety manager"
7610,"20121214",103138,"Low Risk","Improper storage use or identification of toxic substances"
7610,"20121214",103120,"Moderate Risk","Moderate risk food holding temperature "
7610,"20121214",103144,"Low Risk","Unapproved or unmaintained equipment or utensils"
7617,"20131114",103138,"Low Risk","Improper storage use or identification of toxic substances"
7617,"20130322",103120,"Moderate Risk","Moderate risk food holding temperature "
7617,"20140605",103139,"Low Risk","Improper food storage"
7617,"20140605",103129,"Moderate Risk","Insufficient hot water or running water"
7617,"20140605",103144,"Low Risk","Unapproved or unmaintained equipment or utensils"
7618,"20131016",103161,"Low Risk","Low risk vermin infestation"
7618,"20131016",103133,"Moderate Risk","Foods not protected from contamination"
7618,"20131016",103139,"Low Risk","Improper food storage"
7618,"20131016",103142,"Low Risk","Unclean nonfood contact surfaces"
7618,"20130206",103142,"Low Risk","Unclean nonfood contact surfaces"
7618,"20130206",103139,"Low Risk","Improper food storage"
7618,"20140602",103120,"Moderate Risk","Moderate risk food holding temperature "
7634,"20130828",103145,"Low Risk","Improper storage of equipment utensils or linens"
7634,"20130828",103119,"Moderate Risk","Inadequate and inaccessible handwashing facilities"
7634,"20130828",103139,"Low Risk","Improper food storage"
7635,"20150429",103119,"Moderate Risk","Inadequate and inaccessible handwashing facilities"
7635,"20150429",103139,"Low Risk","Improper food storage"
7635,"20150429",103120,"Moderate Risk","Moderate risk food holding temperature "
7635,"20130828",103114,"High Risk","High risk vermin infestation"
7635,"20130828",103119,"Moderate Risk","Inadequate and inaccessible handwashing facilities"
7635,"20130828",103154,"Low Risk","Unclean or degraded floors walls or ceilings"
7635,"20130828",103151,"Low Risk","Inadequate or unsanitary refuse containers or area or no garbage service"
7635,"20130828",103145,"Low Risk","Improper storage of equipment utensils or linens"
7635,"20140416",103139,"Low Risk","Improper food storage"
7635,"20140416",103144,"Low Risk","Unapproved or unmaintained equipment or utensils"
7635,"20140416",103157,"Low Risk","Food safety certificate or food handler card not available"
7635,"20140416",103156,"Low Risk","Permit license or inspection report not posted"
7635,"20140416",103154,"Low Risk","Unclean or degraded floors walls or ceilings"
7635,"20130102",103150,"Low Risk","Improper or defective plumbing"
7635,"20130102",103145,"Low Risk","Improper storage of equipment utensils or linens"
7635,"20130102",103129,"Moderate Risk","Insufficient hot water or running water"
7635,"20130102",103116,"Moderate Risk","Inadequate food safety knowledge or lack of certified food safety manager"
7636,"20150210",103111,"High Risk","Prohibited food served to sensitive population"
7636,"20150210",103109,"High Risk","Unclean or unsanitary food contact surfaces"
7636,"20150210",103154,"Low Risk","Unclean or degraded floors walls or ceilings"
7636,"20131211",103124,"Moderate Risk","Inadequately cleaned or sanitized food contact surfaces"
7636,"20131211",103129,"Moderate Risk","Insufficient hot water or running water"
7636,"20131211",103139,"Low Risk","Improper food storage"
7636,"20131211",103150,"Low Risk","Improper or defective plumbing"
7636,"20131211",103154,"Low Risk","Unclean or degraded floors walls or ceilings"
7636,"20120626",103152,"Low Risk","Unclean unmaintained or improperly constructed toilet facilities"
7636,"20120626",103119,"Moderate Risk","Inadequate and inaccessible handwashing facilities"
7636,"20130114",103119,"Moderate Risk","Inadequate and inaccessible handwashing facilities"
7636,"20130114",103114,"High Risk","High risk vermin infestation"
7636,"20130114",103152,"Low Risk","Unclean unmaintained or improperly constructed toilet facilities"
7636,"20130114",103129,"Moderate Risk","Insufficient hot water or running water"
7636,"20130114",103124,"Moderate Risk","Inadequately cleaned or sanitized food contact surfaces"
7640,"20150112",103131,"Moderate Risk","Moderate risk vermin infestation"
7640,"20140117",103145,"Low Risk","Improper storage of equipment utensils or linens"
7640,"20121204",103119,"Moderate Risk","Inadequate and inaccessible handwashing facilities"
7640,"20121204",103145,"Low Risk","Improper storage of equipment utensils or linens"
7641,"20140908",103154,"Low Risk","Unclean or degraded floors walls or ceilings"
7641,"20140908",103157,"Low Risk","Food safety certificate or food handler card not available"
7641,"20140908",103144,"Low Risk","Unapproved or unmaintained equipment or utensils"
7641,"20131226",103119,"Moderate Risk","Inadequate and inaccessible handwashing facilities"
7641,"20131226",103124,"Moderate Risk","Inadequately cleaned or sanitized food contact surfaces"
7641,"20120907",103161,"Low Risk","Low risk vermin infestation"
7641,"20120907",103133,"Moderate Risk","Foods not protected from contamination"
7641,"20130208",103120,"Moderate Risk","Moderate risk food holding temperature "
7643,"20131028",103142,"Low Risk","Unclean nonfood contact surfaces"
7643,"20131028",103150,"Low Risk","Improper or defective plumbing"
7643,"20131028",103131,"Moderate Risk","Moderate risk vermin infestation"
7643,"20131028",103148,"Low Risk","No thermometers or uncalibrated thermometers "
7643,"20131028",103154,"Low Risk","Unclean or degraded floors walls or ceilings"
7643,"20131028",103103,"High Risk","High risk food holding temperature "
7643,"20120904",103154,"Low Risk","Unclean or degraded floors walls or ceilings"
7643,"20120904",103150,"Low Risk","Improper or defective plumbing"
7643,"20120904",103142,"Low Risk","Unclean nonfood contact surfaces"
7643,"20120904",103103,"High Risk","High risk food holding temperature "
7643,"20120904",103109,"High Risk","Unclean or unsanitary food contact surfaces"
7643,"20130131",103103,"High Risk","High risk food holding temperature "
7643,"20130131",103112,"High Risk","No hot water or running water"
7643,"20130131",103142,"Low Risk","Unclean nonfood contact surfaces"
7643,"20130131",103162,"Low Risk","Other low risk violation"
7643,"20130131",103150,"Low Risk","Improper or defective plumbing"
7643,"20140702",103142,"Low Risk","Unclean nonfood contact surfaces"
7643,"20140702",103150,"Low Risk","Improper or defective plumbing"
7643,"20140702",103144,"Low Risk","Unapproved or unmaintained equipment or utensils"
7643,"20140702",103103,"High Risk","High risk food holding temperature "
7643,"20140702",103152,"Low Risk","Unclean unmaintained or improperly constructed toilet facilities"
7643,"20140702",103161,"Low Risk","Low risk vermin infestation"
7643,"20140702",103154,"Low Risk","Unclean or degraded floors walls or ceilings"
7643,"20140702",103119,"Moderate Risk","Inadequate and inaccessible handwashing facilities"
7645,"20140108",103133,"Moderate Risk","Foods not protected from contamination"
7645,"20140108",103131,"Moderate Risk","Moderate risk vermin infestation"
7645,"20140108",103141,"Low Risk","Improper food labeling or menu misrepresentation"
7645,"20140108",103144,"Low Risk","Unapproved or unmaintained equipment or utensils"
7645,"20140108",103154,"Low Risk","Unclean or degraded floors walls or ceilings"
7645,"20130603",103119,"Moderate Risk","Inadequate and inaccessible handwashing facilities"
7645,"20130603",103142,"Low Risk","Unclean nonfood contact surfaces"
7645,"20130603",103149,"Low Risk","Wiping cloths not clean or properly stored or inadequate sanitizer"
7645,"20130603",103161,"Low Risk","Low risk vermin infestation"
7645,"20120905",103109,"High Risk","Unclean or unsanitary food contact surfaces"
7645,"20120905",103154,"Low Risk","Unclean or degraded floors walls or ceilings"
7645,"20140702",103149,"Low Risk","Wiping cloths not clean or properly stored or inadequate sanitizer"
7645,"20140702",103156,"Low Risk","Permit license or inspection report not posted"
7645,"20140702",103139,"Low Risk","Improper food storage"
7645,"20140702",103141,"Low Risk","Improper food labeling or menu misrepresentation"
7646,"20140121",103131,"Moderate Risk","Moderate risk vermin infestation"
7646,"20130612",103147,"Low Risk","Inadequate ventilation or lighting"
7646,"20130612",103131,"Moderate Risk","Moderate risk vermin infestation"
7646,"20130612",103139,"Low Risk","Improper food storage"
7646,"20130612",103154,"Low Risk","Unclean or degraded floors walls or ceilings"
7646,"20140813",103161,"Low Risk","Low risk vermin infestation"
7649,"20131227",103129,"Moderate Risk","Insufficient hot water or running water"
7649,"20131227",103120,"Moderate Risk","Moderate risk food holding temperature "
7649,"20131227",103154,"Low Risk","Unclean or degraded floors walls or ceilings"
7649,"20130610",103144,"Low Risk","Unapproved or unmaintained equipment or utensils"
7649,"20121210",103139,"Low Risk","Improper food storage"
7649,"20121210",103161,"Low Risk","Low risk vermin infestation"
7649,"20121210",103142,"Low Risk","Unclean nonfood contact surfaces"
7649,"20140722",103154,"Low Risk","Unclean or degraded floors walls or ceilings"
7649,"20140722",103139,"Low Risk","Improper food storage"
7652,"20140903",103109,"High Risk","Unclean or unsanitary food contact surfaces"
7652,"20140903",103165,"Low Risk","No plan review or Building Permit"
7652,"20140903",103120,"Moderate Risk","Moderate risk food holding temperature "
7652,"20130402",103116,"Moderate Risk","Inadequate food safety knowledge or lack of certified food safety manager"
7652,"20130402",103119,"Moderate Risk","Inadequate and inaccessible handwashing facilities"
7652,"20130402",103129,"Moderate Risk","Insufficient hot water or running water"
7653,"20130722",103154,"Low Risk","Unclean or degraded floors walls or ceilings"
7653,"20130722",103139,"Low Risk","Improper food storage"
7653,"20140114",103120,"Moderate Risk","Moderate risk food holding temperature "
7653,"20140114",103157,"Low Risk","Food safety certificate or food handler card not available"
7653,"20140114",103149,"Low Risk","Wiping cloths not clean or properly stored or inadequate sanitizer"
7653,"20140114",103143,"Low Risk","Inadequate warewashing facilities or equipment"
7653,"20120725",103154,"Low Risk","Unclean or degraded floors walls or ceilings"
7653,"20120725",103120,"Moderate Risk","Moderate risk food holding temperature "
7653,"20130122",103154,"Low Risk","Unclean or degraded floors walls or ceilings"
7653,"20130122",103120,"Moderate Risk","Moderate risk food holding temperature "
7653,"20140507",103120,"Moderate Risk","Moderate risk food holding temperature "
7653,"20140507",103116,"Moderate Risk","Inadequate food safety knowledge or lack of certified food safety manager"
7653,"20140507",103154,"Low Risk","Unclean or degraded floors walls or ceilings"
7655,"20130802",103145,"Low Risk","Improper storage of equipment utensils or linens"
7655,"20140123",103157,"Low Risk","Food safety certificate or food handler card not available"
7655,"20130211",103144,"Low Risk","Unapproved or unmaintained equipment or utensils"
7655,"20140617",103139,"Low Risk","Improper food storage"
7656,"20150605",103139,"Low Risk","Improper food storage"
7656,"20131226",103139,"Low Risk","Improper food storage"
7661,"20130604",103129,"Moderate Risk","Insufficient hot water or running water"
7661,"20130604",103119,"Moderate Risk","Inadequate and inaccessible handwashing facilities"
7661,"20130604",103144,"Low Risk","Unapproved or unmaintained equipment or utensils"
7661,"20130604",103120,"Moderate Risk","Moderate risk food holding temperature "
7661,"20130604",103143,"Low Risk","Inadequate warewashing facilities or equipment"
7661,"20140505",103103,"High Risk","High risk food holding temperature "
7661,"20140505",103119,"Moderate Risk","Inadequate and inaccessible handwashing facilities"
7661,"20121009",103133,"Moderate Risk","Foods not protected from contamination"
7661,"20121010",103161,"Low Risk","Low risk vermin infestation"
7661,"20121009",103114,"High Risk","High risk vermin infestation"
7661,"20121009",103120,"Moderate Risk","Moderate risk food holding temperature "
7661,"20121009",103149,"Low Risk","Wiping cloths not clean or properly stored or inadequate sanitizer"
7661,"20121009",103142,"Low Risk","Unclean nonfood contact surfaces"
7663,"20121115",103144,"Low Risk","Unapproved or unmaintained equipment or utensils"
7663,"20121115",103131,"Moderate Risk","Moderate risk vermin infestation"
7663,"20121115",103119,"Moderate Risk","Inadequate and inaccessible handwashing facilities"
7663,"20121115",103154,"Low Risk","Unclean or degraded floors walls or ceilings"
7663,"20140528",103119,"Moderate Risk","Inadequate and inaccessible handwashing facilities"
7663,"20140528",103161,"Low Risk","Low risk vermin infestation"
7664,"20130906",103150,"Low Risk","Improper or defective plumbing"
7664,"20120619",103161,"Low Risk","Low risk vermin infestation"
7664,"20120619",103109,"High Risk","Unclean or unsanitary food contact surfaces"
7664,"20120619",103119,"Moderate Risk","Inadequate and inaccessible handwashing facilities"
7675,"20130328",103144,"Low Risk","Unapproved or unmaintained equipment or utensils"
7675,"20130328",103154,"Low Risk","Unclean or degraded floors walls or ceilings"
7675,"20130328",103156,"Low Risk","Permit license or inspection report not posted"
7675,"20130328",103119,"Moderate Risk","Inadequate and inaccessible handwashing facilities"
7678,"20131105",103103,"High Risk","High risk food holding temperature "
7678,"20131105",103119,"Moderate Risk","Inadequate and inaccessible handwashing facilities"
7678,"20131105",103161,"Low Risk","Low risk vermin infestation"
7678,"20131105",103149,"Low Risk","Wiping cloths not clean or properly stored or inadequate sanitizer"
7678,"20130520",103149,"Low Risk","Wiping cloths not clean or properly stored or inadequate sanitizer"
7678,"20130520",103144,"Low Risk","Unapproved or unmaintained equipment or utensils"
7678,"20130520",103131,"Moderate Risk","Moderate risk vermin infestation"
7678,"20140424",103150,"Low Risk","Improper or defective plumbing"
7678,"20140424",103114,"High Risk","High risk vermin infestation"
7678,"20140424",103145,"Low Risk","Improper storage of equipment utensils or linens"
7678,"20121120",103149,"Low Risk","Wiping cloths not clean or properly stored or inadequate sanitizer"
7678,"20121120",103119,"Moderate Risk","Inadequate and inaccessible handwashing facilities"
7678,"20121120",103124,"Moderate Risk","Inadequately cleaned or sanitized food contact surfaces"
7678,"20121120",103161,"Low Risk","Low risk vermin infestation"
7689,"20141113",103103,"High Risk","High risk food holding temperature "
7689,"20120628",103120,"Moderate Risk","Moderate risk food holding temperature "
7689,"20120628",103139,"Low Risk","Improper food storage"
7689,"20140514",103139,"Low Risk","Improper food storage"
7689,"20140514",103120,"Moderate Risk","Moderate risk food holding temperature "
7691,"20150429",103124,"Moderate Risk","Inadequately cleaned or sanitized food contact surfaces"
7691,"20150429",103144,"Low Risk","Unapproved or unmaintained equipment or utensils"
7691,"20130912",103154,"Low Risk","Unclean or degraded floors walls or ceilings"
7691,"20140418",103144,"Low Risk","Unapproved or unmaintained equipment or utensils"
7691,"20120824",103133,"Moderate Risk","Foods not protected from contamination"
7696,"20130628",103103,"High Risk","High risk food holding temperature "
7696,"20130628",103152,"Low Risk","Unclean unmaintained or improperly constructed toilet facilities"
7696,"20121120",103142,"Low Risk","Unclean nonfood contact surfaces"
7696,"20140819",103103,"High Risk","High risk food holding temperature "
7702,"20130709",103139,"Low Risk","Improper food storage"
7702,"20130709",103161,"Low Risk","Low risk vermin infestation"
7702,"20140203",103161,"Low Risk","Low risk vermin infestation"
7702,"20120723",103154,"Low Risk","Unclean or degraded floors walls or ceilings"
7702,"20120723",103150,"Low Risk","Improper or defective plumbing"
7708,"20140903",103139,"Low Risk","Improper food storage"
7708,"20130812",103139,"Low Risk","Improper food storage"
7708,"20140212",103139,"Low Risk","Improper food storage"
7708,"20120627",103139,"Low Risk","Improper food storage"
7711,"20141103",103154,"Low Risk","Unclean or degraded floors walls or ceilings"
7711,"20141103",103144,"Low Risk","Unapproved or unmaintained equipment or utensils"
7711,"20141103",103149,"Low Risk","Wiping cloths not clean or properly stored or inadequate sanitizer"
7711,"20141103",103152,"Low Risk","Unclean unmaintained or improperly constructed toilet facilities"
7711,"20141103",103162,"Low Risk","Other low risk violation"
7711,"20140321",103119,"Moderate Risk","Inadequate and inaccessible handwashing facilities"
7711,"20140321",103151,"Low Risk","Inadequate or unsanitary refuse containers or area or no garbage service"
7711,"20140321",103161,"Low Risk","Low risk vermin infestation"
7711,"20121129",103154,"Low Risk","Unclean or degraded floors walls or ceilings"
7711,"20121129",103149,"Low Risk","Wiping cloths not clean or properly stored or inadequate sanitizer"
7711,"20121129",103133,"Moderate Risk","Foods not protected from contamination"
7711,"20121129",103157,"Low Risk","Food safety certificate or food handler card not available"
7722,"20150603",103124,"Moderate Risk","Inadequately cleaned or sanitized food contact surfaces"
7722,"20130912",103156,"Low Risk","Permit license or inspection report not posted"
7722,"20130912",103154,"Low Risk","Unclean or degraded floors walls or ceilings"
7722,"20140418",103124,"Moderate Risk","Inadequately cleaned or sanitized food contact surfaces"
7736,"20130624",103144,"Low Risk","Unapproved or unmaintained equipment or utensils"
7736,"20130624",103133,"Moderate Risk","Foods not protected from contamination"
7736,"20130624",103114,"High Risk","High risk vermin infestation"
7736,"20130624",103154,"Low Risk","Unclean or degraded floors walls or ceilings"
7736,"20130624",103120,"Moderate Risk","Moderate risk food holding temperature "
7736,"20130624",103107,"High Risk","Improper reheating of food"
7736,"20140113",103145,"Low Risk","Improper storage of equipment utensils or linens"
7736,"20140113",103141,"Low Risk","Improper food labeling or menu misrepresentation"
7736,"20140113",103139,"Low Risk","Improper food storage"
7736,"20140113",103138,"Low Risk","Improper storage use or identification of toxic substances"
7736,"20140113",103131,"Moderate Risk","Moderate risk vermin infestation"
7736,"20140113",103124,"Moderate Risk","Inadequately cleaned or sanitized food contact surfaces"
7736,"20140113",103154,"Low Risk","Unclean or degraded floors walls or ceilings"
7736,"20120824",103114,"High Risk","High risk vermin infestation"
7736,"20120824",103103,"High Risk","High risk food holding temperature "
7736,"20120824",103162,"Low Risk","Other low risk violation"
7736,"20140714",103145,"Low Risk","Improper storage of equipment utensils or linens"
7736,"20140714",103133,"Moderate Risk","Foods not protected from contamination"
7736,"20140714",103120,"Moderate Risk","Moderate risk food holding temperature "
7738,"20130610",103120,"Moderate Risk","Moderate risk food holding temperature "
7738,"20130610",103142,"Low Risk","Unclean nonfood contact surfaces"
7738,"20130610",103131,"Moderate Risk","Moderate risk vermin infestation"
7738,"20130610",103132,"Moderate Risk","Improper thawing methods "
7738,"20130610",103109,"High Risk","Unclean or unsanitary food contact surfaces"
7738,"20130610",103144,"Low Risk","Unapproved or unmaintained equipment or utensils"
7738,"20140528",103138,"Low Risk","Improper storage use or identification of toxic substances"
7738,"20140709",103161,"Low Risk","Low risk vermin infestation"
7738,"20140528",103142,"Low Risk","Unclean nonfood contact surfaces"
7738,"20140528",103144,"Low Risk","Unapproved or unmaintained equipment or utensils"
7738,"20140528",103109,"High Risk","Unclean or unsanitary food contact surfaces"
7738,"20140528",103108,"High Risk","Contaminated or adulterated food"
7738,"20140528",103116,"Moderate Risk","Inadequate food safety knowledge or lack of certified food safety manager"
7738,"20140528",103103,"High Risk","High risk food holding temperature "
7738,"20140528",103102,"High Risk","Unclean hands or improper use of gloves"
7738,"20140528",103131,"Moderate Risk","Moderate risk vermin infestation"
7744,"20141112",103149,"Low Risk","Wiping cloths not clean or properly stored or inadequate sanitizer"
7744,"20130903",103148,"Low Risk","No thermometers or uncalibrated thermometers "
7744,"20140404",103144,"Low Risk","Unapproved or unmaintained equipment or utensils"
7744,"20140404",103119,"Moderate Risk","Inadequate and inaccessible handwashing facilities"
7744,"20140404",103133,"Moderate Risk","Foods not protected from contamination"
7744,"20140404",103139,"Low Risk","Improper food storage"
7744,"20140404",103137,"Low Risk","Improperly washed fruits and vegetables"
7744,"20121211",103154,"Low Risk","Unclean or degraded floors walls or ceilings"
7745,"20150223",103144,"Low Risk","Unapproved or unmaintained equipment or utensils"
7745,"20150223",103119,"Moderate Risk","Inadequate and inaccessible handwashing facilities"
7745,"20150223",103145,"Low Risk","Improper storage of equipment utensils or linens"
7745,"20130613",103103,"High Risk","High risk food holding temperature "
7747,"20141023",103120,"Moderate Risk","Moderate risk food holding temperature "
7747,"20130418",103103,"High Risk","High risk food holding temperature "
7747,"20130418",103150,"Low Risk","Improper or defective plumbing"
7747,"20140312",103103,"High Risk","High risk food holding temperature "
7747,"20140312",103147,"Low Risk","Inadequate ventilation or lighting"
7747,"20140312",103109,"High Risk","Unclean or unsanitary food contact surfaces"
7748,"20140828",103149,"Low Risk","Wiping cloths not clean or properly stored or inadequate sanitizer"
7748,"20140828",103119,"Moderate Risk","Inadequate and inaccessible handwashing facilities"
7748,"20130716",103145,"Low Risk","Improper storage of equipment utensils or linens"
7748,"20130716",103150,"Low Risk","Improper or defective plumbing"
7748,"20130716",103144,"Low Risk","Unapproved or unmaintained equipment or utensils"
7748,"20140225",103154,"Low Risk","Unclean or degraded floors walls or ceilings"
7748,"20140225",103148,"Low Risk","No thermometers or uncalibrated thermometers "
7748,"20121012",103124,"Moderate Risk","Inadequately cleaned or sanitized food contact surfaces"
7748,"20121012",103119,"Moderate Risk","Inadequate and inaccessible handwashing facilities"
7748,"20121012",103123,"Moderate Risk","Food in poor condition"
7748,"20121012",103114,"High Risk","High risk vermin infestation"
7755,"20140828",103133,"Moderate Risk","Foods not protected from contamination"
7755,"20140828",103124,"Moderate Risk","Inadequately cleaned or sanitized food contact surfaces"
7755,"20140828",103121,"Moderate Risk","Inadequate procedures or records for time as a public health control "
7755,"20140828",103102,"High Risk","Unclean hands or improper use of gloves"
7755,"20140828",103120,"Moderate Risk","Moderate risk food holding temperature "
7755,"20140828",103142,"Low Risk","Unclean nonfood contact surfaces"
7755,"20140828",103161,"Low Risk","Low risk vermin infestation"
7755,"20140122",103121,"Moderate Risk","Inadequate procedures or records for time as a public health control "
7755,"20140122",103120,"Moderate Risk","Moderate risk food holding temperature "
7755,"20140122",103124,"Moderate Risk","Inadequately cleaned or sanitized food contact surfaces"
7755,"20140122",103142,"Low Risk","Unclean nonfood contact surfaces"
7755,"20140122",103144,"Low Risk","Unapproved or unmaintained equipment or utensils"
7755,"20130605",103102,"High Risk","Unclean hands or improper use of gloves"
7755,"20130605",103139,"Low Risk","Improper food storage"
7755,"20130605",103142,"Low Risk","Unclean nonfood contact surfaces"
7755,"20130605",103104,"High Risk","Unauthorized or unsafe use of time as a public health control measure"
7755,"20130605",103109,"High Risk","Unclean or unsanitary food contact surfaces"
7757,"20140909",103154,"Low Risk","Unclean or degraded floors walls or ceilings"
7757,"20140909",103119,"Moderate Risk","Inadequate and inaccessible handwashing facilities"
7757,"20140909",103114,"High Risk","High risk vermin infestation"
7757,"20140909",103124,"Moderate Risk","Inadequately cleaned or sanitized food contact surfaces"
7757,"20140909",103120,"Moderate Risk","Moderate risk food holding temperature "
7757,"20131227",103161,"Low Risk","Low risk vermin infestation"
7757,"20131227",103139,"Low Risk","Improper food storage"
7757,"20131227",103142,"Low Risk","Unclean nonfood contact surfaces"
7757,"20131227",103145,"Low Risk","Improper storage of equipment utensils or linens"
7757,"20131227",103159,"Low Risk","Worker safety hazards"
7757,"20121127",103149,"Low Risk","Wiping cloths not clean or properly stored or inadequate sanitizer"
7757,"20121127",103131,"Moderate Risk","Moderate risk vermin infestation"
7757,"20121127",103150,"Low Risk","Improper or defective plumbing"
7757,"20121127",103154,"Low Risk","Unclean or degraded floors walls or ceilings"
7757,"20121127",103157,"Low Risk","Food safety certificate or food handler card not available"
7759,"20130730",103129,"Moderate Risk","Insufficient hot water or running water"
7761,"20141006",103154,"Low Risk","Unclean or degraded floors walls or ceilings"
7761,"20130514",103162,"Low Risk","Other low risk violation"
7761,"20130514",103150,"Low Risk","Improper or defective plumbing"
7761,"20130514",103145,"Low Risk","Improper storage of equipment utensils or linens"
7761,"20130514",103144,"Low Risk","Unapproved or unmaintained equipment or utensils"
7761,"20130514",103103,"High Risk","High risk food holding temperature "
7761,"20120816",103152,"Low Risk","Unclean unmaintained or improperly constructed toilet facilities"
7762,"20130910",103114,"High Risk","High risk vermin infestation"
7762,"20130910",103156,"Low Risk","Permit license or inspection report not posted"
7762,"20130910",103154,"Low Risk","Unclean or degraded floors walls or ceilings"
7762,"20130910",103133,"Moderate Risk","Foods not protected from contamination"
7762,"20130910",103144,"Low Risk","Unapproved or unmaintained equipment or utensils"
7762,"20130910",103109,"High Risk","Unclean or unsanitary food contact surfaces"
7762,"20140401",103120,"Moderate Risk","Moderate risk food holding temperature "
7764,"20131010",103154,"Low Risk","Unclean or degraded floors walls or ceilings"
7764,"20130517",103154,"Low Risk","Unclean or degraded floors walls or ceilings"
7764,"20140521",103154,"Low Risk","Unclean or degraded floors walls or ceilings"
7765,"20131220",103157,"Low Risk","Food safety certificate or food handler card not available"
7765,"20130430",103142,"Low Risk","Unclean nonfood contact surfaces"
7765,"20130430",103157,"Low Risk","Food safety certificate or food handler card not available"
7765,"20120712",103157,"Low Risk","Food safety certificate or food handler card not available"
7765,"20140611",103157,"Low Risk","Food safety certificate or food handler card not available"
7765,"20140611",103116,"Moderate Risk","Inadequate food safety knowledge or lack of certified food safety manager"
7770,"20130620",103139,"Low Risk","Improper food storage"
7770,"20130620",103142,"Low Risk","Unclean nonfood contact surfaces"
7770,"20130620",103114,"High Risk","High risk vermin infestation"
7770,"20130620",103109,"High Risk","Unclean or unsanitary food contact surfaces"
7770,"20130620",103108,"High Risk","Contaminated or adulterated food"
7771,"20150428",103154,"Low Risk","Unclean or degraded floors walls or ceilings"
7771,"20150428",103120,"Moderate Risk","Moderate risk food holding temperature "
7771,"20150428",103119,"Moderate Risk","Inadequate and inaccessible handwashing facilities"
7771,"20130624",103109,"High Risk","Unclean or unsanitary food contact surfaces"
7771,"20130624",103139,"Low Risk","Improper food storage"
7771,"20130624",103120,"Moderate Risk","Moderate risk food holding temperature "
7771,"20130624",103119,"Moderate Risk","Inadequate and inaccessible handwashing facilities"
7771,"20130624",103144,"Low Risk","Unapproved or unmaintained equipment or utensils"
7771,"20130624",103114,"High Risk","High risk vermin infestation"
7771,"20131126",103131,"Moderate Risk","Moderate risk vermin infestation"
7771,"20131126",103157,"Low Risk","Food safety certificate or food handler card not available"
7771,"20131126",103119,"Moderate Risk","Inadequate and inaccessible handwashing facilities"
7771,"20131126",103133,"Moderate Risk","Foods not protected from contamination"
7771,"20131126",103139,"Low Risk","Improper food storage"
7771,"20131126",103142,"Low Risk","Unclean nonfood contact surfaces"
7771,"20131126",103144,"Low Risk","Unapproved or unmaintained equipment or utensils"
7771,"20131126",103145,"Low Risk","Improper storage of equipment utensils or linens"
7771,"20131126",103153,"Low Risk","Inadequate dressing rooms or improper storage of personal items"
7772,"20130620",103114,"High Risk","High risk vermin infestation"
7772,"20130625",103109,"High Risk","Unclean or unsanitary food contact surfaces"
7772,"20130620",103116,"Moderate Risk","Inadequate food safety knowledge or lack of certified food safety manager"
7772,"20130620",103133,"Moderate Risk","Foods not protected from contamination"
7772,"20130620",103129,"Moderate Risk","Insufficient hot water or running water"
7772,"20130620",103153,"Low Risk","Inadequate dressing rooms or improper storage of personal items"
7772,"20131209",103157,"Low Risk","Food safety certificate or food handler card not available"
7772,"20131209",103119,"Moderate Risk","Inadequate and inaccessible handwashing facilities"
7772,"20131209",103133,"Moderate Risk","Foods not protected from contamination"
7772,"20131209",103139,"Low Risk","Improper food storage"
7772,"20131209",103142,"Low Risk","Unclean nonfood contact surfaces"
7772,"20131209",103144,"Low Risk","Unapproved or unmaintained equipment or utensils"
7772,"20131209",103156,"Low Risk","Permit license or inspection report not posted"
7772,"20140129",103109,"High Risk","Unclean or unsanitary food contact surfaces"
7772,"20140129",103119,"Moderate Risk","Inadequate and inaccessible handwashing facilities"
7772,"20140129",103143,"Low Risk","Inadequate warewashing facilities or equipment"
7772,"20131209",103131,"Moderate Risk","Moderate risk vermin infestation"
7772,"20131209",103153,"Low Risk","Inadequate dressing rooms or improper storage of personal items"
7772,"20140611",103133,"Moderate Risk","Foods not protected from contamination"
7772,"20140611",103114,"High Risk","High risk vermin infestation"
7772,"20140611",103119,"Moderate Risk","Inadequate and inaccessible handwashing facilities"
7772,"20140611",103144,"Low Risk","Unapproved or unmaintained equipment or utensils"
7772,"20140611",103131,"Moderate Risk","Moderate risk vermin infestation"
7772,"20140611",103109,"High Risk","Unclean or unsanitary food contact surfaces"
7772,"20140611",103142,"Low Risk","Unclean nonfood contact surfaces"
7778,"20131001",103143,"Low Risk","Inadequate warewashing facilities or equipment"
7778,"20131001",103120,"Moderate Risk","Moderate risk food holding temperature "
7778,"20130117",103131,"Moderate Risk","Moderate risk vermin infestation"
7778,"20130117",103157,"Low Risk","Food safety certificate or food handler card not available"
7778,"20130117",103162,"Low Risk","Other low risk violation"
7778,"20140509",103162,"Low Risk","Other low risk violation"
7778,"20140509",103120,"Moderate Risk","Moderate risk food holding temperature "
7779,"20140825",103120,"Moderate Risk","Moderate risk food holding temperature "
7779,"20130620",103147,"Low Risk","Inadequate ventilation or lighting"
7779,"20130620",103142,"Low Risk","Unclean nonfood contact surfaces"
7779,"20130620",103133,"Moderate Risk","Foods not protected from contamination"
7779,"20130620",103144,"Low Risk","Unapproved or unmaintained equipment or utensils"
7779,"20140129",103149,"Low Risk","Wiping cloths not clean or properly stored or inadequate sanitizer"
7779,"20140129",103120,"Moderate Risk","Moderate risk food holding temperature "
7779,"20140129",103144,"Low Risk","Unapproved or unmaintained equipment or utensils"
7783,"20140919",103105,"High Risk","Improper cooling methods"
7783,"20131205",103124,"Moderate Risk","Inadequately cleaned or sanitized food contact surfaces"
7783,"20130424",103139,"Low Risk","Improper food storage"
7786,"20130624",103149,"Low Risk","Wiping cloths not clean or properly stored or inadequate sanitizer"
7786,"20130624",103161,"Low Risk","Low risk vermin infestation"
7786,"20140116",103161,"Low Risk","Low risk vermin infestation"
7786,"20140116",103139,"Low Risk","Improper food storage"
7786,"20140116",103145,"Low Risk","Improper storage of equipment utensils or linens"
7786,"20140730",103143,"Low Risk","Inadequate warewashing facilities or equipment"
7786,"20140730",103131,"Moderate Risk","Moderate risk vermin infestation"
7791,"20140804",103150,"Low Risk","Improper or defective plumbing"
7796,"20150128",103150,"Low Risk","Improper or defective plumbing"
7796,"20150128",103149,"Low Risk","Wiping cloths not clean or properly stored or inadequate sanitizer"
7796,"20150128",103143,"Low Risk","Inadequate warewashing facilities or equipment"
7796,"20150128",103142,"Low Risk","Unclean nonfood contact surfaces"
7796,"20150128",103116,"Moderate Risk","Inadequate food safety knowledge or lack of certified food safety manager"
7796,"20150128",103119,"Moderate Risk","Inadequate and inaccessible handwashing facilities"
7796,"20150128",103124,"Moderate Risk","Inadequately cleaned or sanitized food contact surfaces"
7796,"20131015",103139,"Low Risk","Improper food storage"
7796,"20131015",103131,"Moderate Risk","Moderate risk vermin infestation"
7796,"20131015",103124,"Moderate Risk","Inadequately cleaned or sanitized food contact surfaces"
7796,"20131015",103119,"Moderate Risk","Inadequate and inaccessible handwashing facilities"
7796,"20131015",103142,"Low Risk","Unclean nonfood contact surfaces"
7796,"20121126",103150,"Low Risk","Improper or defective plumbing"
7796,"20121126",103149,"Low Risk","Wiping cloths not clean or properly stored or inadequate sanitizer"
7796,"20121126",103142,"Low Risk","Unclean nonfood contact surfaces"
7796,"20121126",103119,"Moderate Risk","Inadequate and inaccessible handwashing facilities"
7796,"20121126",103109,"High Risk","Unclean or unsanitary food contact surfaces"
7796,"20140515",103119,"Moderate Risk","Inadequate and inaccessible handwashing facilities"
7796,"20140515",103142,"Low Risk","Unclean nonfood contact surfaces"
7796,"20140515",103139,"Low Risk","Improper food storage"
7796,"20140515",103108,"High Risk","Contaminated or adulterated food"
7796,"20140515",103103,"High Risk","High risk food holding temperature "
7796,"20140515",103109,"High Risk","Unclean or unsanitary food contact surfaces"
7856,"20140924",103124,"Moderate Risk","Inadequately cleaned or sanitized food contact surfaces"
7856,"20140924",103138,"Low Risk","Improper storage use or identification of toxic substances"
7856,"20140924",103139,"Low Risk","Improper food storage"
7856,"20140924",103154,"Low Risk","Unclean or degraded floors walls or ceilings"
7856,"20140924",103144,"Low Risk","Unapproved or unmaintained equipment or utensils"
7856,"20140924",103119,"Moderate Risk","Inadequate and inaccessible handwashing facilities"
7856,"20130903",103109,"High Risk","Unclean or unsanitary food contact surfaces"
7856,"20130903",103131,"Moderate Risk","Moderate risk vermin infestation"
7856,"20130903",103139,"Low Risk","Improper food storage"
7856,"20130903",103154,"Low Risk","Unclean or degraded floors walls or ceilings"
7856,"20131001",103114,"High Risk","High risk vermin infestation"
7856,"20130903",103145,"Low Risk","Improper storage of equipment utensils or linens"
7856,"20130903",103119,"Moderate Risk","Inadequate and inaccessible handwashing facilities"
7856,"20140410",103154,"Low Risk","Unclean or degraded floors walls or ceilings"
7856,"20140410",103144,"Low Risk","Unapproved or unmaintained equipment or utensils"
7856,"20140410",103142,"Low Risk","Unclean nonfood contact surfaces"
7856,"20140410",103139,"Low Risk","Improper food storage"
7856,"20140410",103124,"Moderate Risk","Inadequately cleaned or sanitized food contact surfaces"
7856,"20140410",103165,"Low Risk","No plan review or Building Permit"
7856,"20140410",103114,"High Risk","High risk vermin infestation"
7856,"20140410",103103,"High Risk","High risk food holding temperature "
7856,"20140410",103119,"Moderate Risk","Inadequate and inaccessible handwashing facilities"
7857,"20131008",103124,"Moderate Risk","Inadequately cleaned or sanitized food contact surfaces"
7857,"20140512",103129,"Moderate Risk","Insufficient hot water or running water"
7880,"20140625",103131,"Moderate Risk","Moderate risk vermin infestation"
7923,"20150408",103133,"Moderate Risk","Foods not protected from contamination"
7923,"20130905",103124,"Moderate Risk","Inadequately cleaned or sanitized food contact surfaces"
7923,"20130905",103133,"Moderate Risk","Foods not protected from contamination"
7923,"20130905",103145,"Low Risk","Improper storage of equipment utensils or linens"
7923,"20130905",103156,"Low Risk","Permit license or inspection report not posted"
7923,"20140311",103154,"Low Risk","Unclean or degraded floors walls or ceilings"
7923,"20140311",103105,"High Risk","Improper cooling methods"
7997,"20140408",103119,"Moderate Risk","Inadequate and inaccessible handwashing facilities"
8005,"20131118",103150,"Low Risk","Improper or defective plumbing"
8005,"20131118",103119,"Moderate Risk","Inadequate and inaccessible handwashing facilities"
8005,"20130528",103109,"High Risk","Unclean or unsanitary food contact surfaces"
8005,"20130528",103120,"Moderate Risk","Moderate risk food holding temperature "
8005,"20130528",103144,"Low Risk","Unapproved or unmaintained equipment or utensils"
8005,"20130528",103102,"High Risk","Unclean hands or improper use of gloves"
8005,"20121120",103119,"Moderate Risk","Inadequate and inaccessible handwashing facilities"
8005,"20121120",103120,"Moderate Risk","Moderate risk food holding temperature "
8005,"20121120",103143,"Low Risk","Inadequate warewashing facilities or equipment"
8005,"20121120",103138,"Low Risk","Improper storage use or identification of toxic substances"
8005,"20140520",103119,"Moderate Risk","Inadequate and inaccessible handwashing facilities"
8005,"20140520",103133,"Moderate Risk","Foods not protected from contamination"
8005,"20140520",103157,"Low Risk","Food safety certificate or food handler card not available"
8122,"20131011",103119,"Moderate Risk","Inadequate and inaccessible handwashing facilities"
8202,"20130522",103144,"Low Risk","Unapproved or unmaintained equipment or utensils"
8202,"20130522",103124,"Moderate Risk","Inadequately cleaned or sanitized food contact surfaces"
8202,"20130522",103102,"High Risk","Unclean hands or improper use of gloves"
8202,"20130522",103142,"Low Risk","Unclean nonfood contact surfaces"
8202,"20130522",103133,"Moderate Risk","Foods not protected from contamination"
8202,"20140320",103120,"Moderate Risk","Moderate risk food holding temperature "
8202,"20140320",103149,"Low Risk","Wiping cloths not clean or properly stored or inadequate sanitizer"
8202,"20140320",103139,"Low Risk","Improper food storage"
8202,"20140320",103119,"Moderate Risk","Inadequate and inaccessible handwashing facilities"
8202,"20140320",103145,"Low Risk","Improper storage of equipment utensils or linens"
8202,"20120726",103145,"Low Risk","Improper storage of equipment utensils or linens"
8202,"20120726",103133,"Moderate Risk","Foods not protected from contamination"
8202,"20120726",103139,"Low Risk","Improper food storage"
8202,"20120726",103142,"Low Risk","Unclean nonfood contact surfaces"
8202,"20120726",103144,"Low Risk","Unapproved or unmaintained equipment or utensils"
8202,"20120726",103156,"Low Risk","Permit license or inspection report not posted"
8202,"20120726",103149,"Low Risk","Wiping cloths not clean or properly stored or inadequate sanitizer"
8202,"20120726",103119,"Moderate Risk","Inadequate and inaccessible handwashing facilities"
8249,"20150227",103142,"Low Risk","Unclean nonfood contact surfaces"
8249,"20150227",103120,"Moderate Risk","Moderate risk food holding temperature "
8249,"20130925",103157,"Low Risk","Food safety certificate or food handler card not available"
8249,"20130925",103142,"Low Risk","Unclean nonfood contact surfaces"
8249,"20130925",103119,"Moderate Risk","Inadequate and inaccessible handwashing facilities"
8249,"20130111",103142,"Low Risk","Unclean nonfood contact surfaces"
8249,"20130111",103143,"Low Risk","Inadequate warewashing facilities or equipment"
8249,"20130111",103149,"Low Risk","Wiping cloths not clean or properly stored or inadequate sanitizer"
8249,"20130111",103157,"Low Risk","Food safety certificate or food handler card not available"
8249,"20140514",103148,"Low Risk","No thermometers or uncalibrated thermometers "
8249,"20140514",103149,"Low Risk","Wiping cloths not clean or properly stored or inadequate sanitizer"
8249,"20140514",103150,"Low Risk","Improper or defective plumbing"
8251,"20130918",103153,"Low Risk","Inadequate dressing rooms or improper storage of personal items"
8251,"20120810",103118,"Moderate Risk","Employee eating or smoking"
8251,"20120810",103147,"Low Risk","Inadequate ventilation or lighting"
8251,"20120810",103142,"Low Risk","Unclean nonfood contact surfaces"
8750,"20121030",103154,"Low Risk","Unclean or degraded floors walls or ceilings"
8750,"20121030",103114,"High Risk","High risk vermin infestation"
8750,"20140521",103161,"Low Risk","Low risk vermin infestation"
8821,"20150122",103157,"Low Risk","Food safety certificate or food handler card not available"
8821,"20150122",103156,"Low Risk","Permit license or inspection report not posted"
8821,"20130729",103164,"N/A",
8821,"20130729",103109,"High Risk","Unclean or unsanitary food contact surfaces"
8821,"20130729",103116,"Moderate Risk","Inadequate food safety knowledge or lack of certified food safety manager"
8821,"20130729",103112,"High Risk","No hot water or running water"
8821,"20140219",103120,"Moderate Risk","Moderate risk food holding temperature "
8821,"20140219",103133,"Moderate Risk","Foods not protected from contamination"
8821,"20140219",103144,"Low Risk","Unapproved or unmaintained equipment or utensils"
8821,"20140219",103165,"Low Risk","No plan review or Building Permit"
8821,"20140219",103124,"Moderate Risk","Inadequately cleaned or sanitized food contact surfaces"
8821,"20130110",103116,"Moderate Risk","Inadequate food safety knowledge or lack of certified food safety manager"
8821,"20130110",103156,"Low Risk","Permit license or inspection report not posted"
8821,"20130110",103154,"Low Risk","Unclean or degraded floors walls or ceilings"
8821,"20130110",103142,"Low Risk","Unclean nonfood contact surfaces"
8821,"20130110",103119,"Moderate Risk","Inadequate and inaccessible handwashing facilities"
8823,"20120907",103135,"Low Risk","No person in charge of food facility"
8823,"20120907",103157,"Low Risk","Food safety certificate or food handler card not available"
8823,"20120907",103149,"Low Risk","Wiping cloths not clean or properly stored or inadequate sanitizer"
8823,"20120907",103156,"Low Risk","Permit license or inspection report not posted"
8847,"20140916",103120,"Moderate Risk","Moderate risk food holding temperature "
8847,"20140916",103142,"Low Risk","Unclean nonfood contact surfaces"
8847,"20140224",103162,"Low Risk","Other low risk violation"
8847,"20130111",103119,"Moderate Risk","Inadequate and inaccessible handwashing facilities"
8847,"20130111",103154,"Low Risk","Unclean or degraded floors walls or ceilings"
8847,"20130111",103156,"Low Risk","Permit license or inspection report not posted"
8847,"20130111",103157,"Low Risk","Food safety certificate or food handler card not available"
8882,"20150213",103102,"High Risk","Unclean hands or improper use of gloves"
8882,"20140127",103153,"Low Risk","Inadequate dressing rooms or improper storage of personal items"
8882,"20140127",103154,"Low Risk","Unclean or degraded floors walls or ceilings"
8882,"20130109",103149,"Low Risk","Wiping cloths not clean or properly stored or inadequate sanitizer"
8882,"20130109",103154,"Low Risk","Unclean or degraded floors walls or ceilings"
8882,"20130109",103144,"Low Risk","Unapproved or unmaintained equipment or utensils"
8882,"20130109",103156,"Low Risk","Permit license or inspection report not posted"
8882,"20140508",103108,"High Risk","Contaminated or adulterated food"
8948,"20131231",103116,"Moderate Risk","Inadequate food safety knowledge or lack of certified food safety manager"
8948,"20131231",103142,"Low Risk","Unclean nonfood contact surfaces"
8948,"20130418",103119,"Moderate Risk","Inadequate and inaccessible handwashing facilities"
8948,"20130418",103145,"Low Risk","Improper storage of equipment utensils or linens"
8948,"20140619",103116,"Moderate Risk","Inadequate food safety knowledge or lack of certified food safety manager"
8948,"20140619",103133,"Moderate Risk","Foods not protected from contamination"
8948,"20140619",103120,"Moderate Risk","Moderate risk food holding temperature "
9103,"20130924",103142,"Low Risk","Unclean nonfood contact surfaces"
9103,"20130924",103143,"Low Risk","Inadequate warewashing facilities or equipment"
9103,"20130109",103119,"Moderate Risk","Inadequate and inaccessible handwashing facilities"
9103,"20130109",103142,"Low Risk","Unclean nonfood contact surfaces"
9103,"20130109",103150,"Low Risk","Improper or defective plumbing"
9103,"20130109",103157,"Low Risk","Food safety certificate or food handler card not available"
9103,"20130109",103144,"Low Risk","Unapproved or unmaintained equipment or utensils"
9103,"20130109",103147,"Low Risk","Inadequate ventilation or lighting"
9103,"20140806",103119,"Moderate Risk","Inadequate and inaccessible handwashing facilities"
9103,"20140806",103120,"Moderate Risk","Moderate risk food holding temperature "
9103,"20140806",103142,"Low Risk","Unclean nonfood contact surfaces"
9154,"20131016",103154,"Low Risk","Unclean or degraded floors walls or ceilings"
9154,"20131016",103124,"Moderate Risk","Inadequately cleaned or sanitized food contact surfaces"
9154,"20140429",103103,"High Risk","High risk food holding temperature "
9154,"20140429",103157,"Low Risk","Food safety certificate or food handler card not available"
9154,"20140429",103142,"Low Risk","Unclean nonfood contact surfaces"
9154,"20130124",103142,"Low Risk","Unclean nonfood contact surfaces"
9154,"20130124",103149,"Low Risk","Wiping cloths not clean or properly stored or inadequate sanitizer"
9154,"20130124",103120,"Moderate Risk","Moderate risk food holding temperature "
9155,"20141015",103154,"Low Risk","Unclean or degraded floors walls or ceilings"
9155,"20141015",103149,"Low Risk","Wiping cloths not clean or properly stored or inadequate sanitizer"
9155,"20140319",103156,"Low Risk","Permit license or inspection report not posted"
9155,"20140319",103154,"Low Risk","Unclean or degraded floors walls or ceilings"
9155,"20140319",103112,"High Risk","No hot water or running water"
9156,"20130618",103103,"High Risk","High risk food holding temperature "
9156,"20130618",103154,"Low Risk","Unclean or degraded floors walls or ceilings"
9156,"20130618",103144,"Low Risk","Unapproved or unmaintained equipment or utensils"
9156,"20130618",103107,"High Risk","Improper reheating of food"
9156,"20140430",103148,"Low Risk","No thermometers or uncalibrated thermometers "
9156,"20140430",103154,"Low Risk","Unclean or degraded floors walls or ceilings"
9156,"20120928",103142,"Low Risk","Unclean nonfood contact surfaces"
9156,"20120928",103148,"Low Risk","No thermometers or uncalibrated thermometers "
9156,"20120928",103133,"Moderate Risk","Foods not protected from contamination"
9163,"20150116",103107,"High Risk","Improper reheating of food"
9163,"20150116",103109,"High Risk","Unclean or unsanitary food contact surfaces"
9163,"20131203",103124,"Moderate Risk","Inadequately cleaned or sanitized food contact surfaces"
9163,"20131203",103139,"Low Risk","Improper food storage"
9163,"20131203",103102,"High Risk","Unclean hands or improper use of gloves"
9163,"20131203",103103,"High Risk","High risk food holding temperature "
9163,"20140627",103120,"Moderate Risk","Moderate risk food holding temperature "
9163,"20140627",103148,"Low Risk","No thermometers or uncalibrated thermometers "
9164,"20140922",103103,"High Risk","High risk food holding temperature "
9164,"20140922",103148,"Low Risk","No thermometers or uncalibrated thermometers "
9164,"20140922",103116,"Moderate Risk","Inadequate food safety knowledge or lack of certified food safety manager"
9164,"20130826",103102,"High Risk","Unclean hands or improper use of gloves"
9164,"20130826",103103,"High Risk","High risk food holding temperature "
9164,"20130826",103148,"Low Risk","No thermometers or uncalibrated thermometers "
9165,"20140221",103148,"Low Risk","No thermometers or uncalibrated thermometers "
9165,"20140221",103116,"Moderate Risk","Inadequate food safety knowledge or lack of certified food safety manager"
9165,"20130103",103119,"Moderate Risk","Inadequate and inaccessible handwashing facilities"
9183,"20150331",103148,"Low Risk","No thermometers or uncalibrated thermometers "
9183,"20150331",103120,"Moderate Risk","Moderate risk food holding temperature "
9183,"20150331",103105,"High Risk","Improper cooling methods"
9183,"20130918",103142,"Low Risk","Unclean nonfood contact surfaces"
9183,"20130918",103133,"Moderate Risk","Foods not protected from contamination"
9183,"20130918",103120,"Moderate Risk","Moderate risk food holding temperature "
9183,"20121217",103120,"Moderate Risk","Moderate risk food holding temperature "
9183,"20121217",103131,"Moderate Risk","Moderate risk vermin infestation"
9183,"20121217",103132,"Moderate Risk","Improper thawing methods "
9183,"20121217",103124,"Moderate Risk","Inadequately cleaned or sanitized food contact surfaces"
9183,"20121217",103108,"High Risk","Contaminated or adulterated food"
9183,"20121217",103133,"Moderate Risk","Foods not protected from contamination"
9183,"20121217",103145,"Low Risk","Improper storage of equipment utensils or linens"
9183,"20140522",103120,"Moderate Risk","Moderate risk food holding temperature "
9183,"20140522",103105,"High Risk","Improper cooling methods"
9183,"20140522",103109,"High Risk","Unclean or unsanitary food contact surfaces"
9208,"20140902",103149,"Low Risk","Wiping cloths not clean or properly stored or inadequate sanitizer"
9208,"20140902",103157,"Low Risk","Food safety certificate or food handler card not available"
9208,"20150304",103156,"Low Risk","Permit license or inspection report not posted"
9208,"20150304",103149,"Low Risk","Wiping cloths not clean or properly stored or inadequate sanitizer"
9208,"20140305",103149,"Low Risk","Wiping cloths not clean or properly stored or inadequate sanitizer"
9208,"20120615",103156,"Low Risk","Permit license or inspection report not posted"
9208,"20120615",103157,"Low Risk","Food safety certificate or food handler card not available"
9208,"20121226",103144,"Low Risk","Unapproved or unmaintained equipment or utensils"
9232,"20131113",103149,"Low Risk","Wiping cloths not clean or properly stored or inadequate sanitizer"
9232,"20131113",103120,"Moderate Risk","Moderate risk food holding temperature "
9232,"20131113",103116,"Moderate Risk","Inadequate food safety knowledge or lack of certified food safety manager"
9232,"20130529",103154,"Low Risk","Unclean or degraded floors walls or ceilings"
9232,"20130529",103142,"Low Risk","Unclean nonfood contact surfaces"
9232,"20140505",103154,"Low Risk","Unclean or degraded floors walls or ceilings"
9232,"20140505",103103,"High Risk","High risk food holding temperature "
9232,"20121113",103116,"Moderate Risk","Inadequate food safety knowledge or lack of certified food safety manager"
9232,"20121113",103154,"Low Risk","Unclean or degraded floors walls or ceilings"
9248,"20150210",103124,"Moderate Risk","Inadequately cleaned or sanitized food contact surfaces"
9248,"20150210",103119,"Moderate Risk","Inadequate and inaccessible handwashing facilities"
9248,"20150210",103139,"Low Risk","Improper food storage"
9248,"20150210",103114,"High Risk","High risk vermin infestation"
9248,"20130319",103131,"Moderate Risk","Moderate risk vermin infestation"
9248,"20140312",103114,"High Risk","High risk vermin infestation"
9248,"20120912",103131,"Moderate Risk","Moderate risk vermin infestation"
9273,"20130702",103139,"Low Risk","Improper food storage"
9273,"20130702",103124,"Moderate Risk","Inadequately cleaned or sanitized food contact surfaces"
9273,"20130702",103142,"Low Risk","Unclean nonfood contact surfaces"
9273,"20130702",103154,"Low Risk","Unclean or degraded floors walls or ceilings"
9273,"20130702",103120,"Moderate Risk","Moderate risk food holding temperature "
9273,"20130702",103156,"Low Risk","Permit license or inspection report not posted"
9273,"20130702",103118,"Moderate Risk","Employee eating or smoking"
9273,"20130702",103119,"Moderate Risk","Inadequate and inaccessible handwashing facilities"
9273,"20140206",103132,"Moderate Risk","Improper thawing methods "
9273,"20140206",103142,"Low Risk","Unclean nonfood contact surfaces"
9273,"20140206",103144,"Low Risk","Unapproved or unmaintained equipment or utensils"
9273,"20140206",103154,"Low Risk","Unclean or degraded floors walls or ceilings"
9273,"20140206",103131,"Moderate Risk","Moderate risk vermin infestation"
9273,"20140206",103119,"Moderate Risk","Inadequate and inaccessible handwashing facilities"
9273,"20130315",103124,"Moderate Risk","Inadequately cleaned or sanitized food contact surfaces"
9273,"20130315",103139,"Low Risk","Improper food storage"
9273,"20130315",103142,"Low Risk","Unclean nonfood contact surfaces"
9273,"20130315",103149,"Low Risk","Wiping cloths not clean or properly stored or inadequate sanitizer"
9273,"20130315",103154,"Low Risk","Unclean or degraded floors walls or ceilings"
9273,"20130315",103161,"Low Risk","Low risk vermin infestation"
9273,"20130315",103119,"Moderate Risk","Inadequate and inaccessible handwashing facilities"
9273,"20120824",103119,"Moderate Risk","Inadequate and inaccessible handwashing facilities"
9273,"20120824",103124,"Moderate Risk","Inadequately cleaned or sanitized food contact surfaces"
9273,"20120824",103133,"Moderate Risk","Foods not protected from contamination"
9273,"20120824",103154,"Low Risk","Unclean or degraded floors walls or ceilings"
9273,"20120824",103120,"Moderate Risk","Moderate risk food holding temperature "
9273,"20120824",103139,"Low Risk","Improper food storage"
9273,"20140819",103157,"Low Risk","Food safety certificate or food handler card not available"
9273,"20140819",103144,"Low Risk","Unapproved or unmaintained equipment or utensils"
9273,"20140819",103145,"Low Risk","Improper storage of equipment utensils or linens"
9273,"20140819",103131,"Moderate Risk","Moderate risk vermin infestation"
9273,"20140819",103105,"High Risk","Improper cooling methods"
9273,"20140819",103124,"Moderate Risk","Inadequately cleaned or sanitized food contact surfaces"
9275,"20130710",103109,"High Risk","Unclean or unsanitary food contact surfaces"
9275,"20130710",103145,"Low Risk","Improper storage of equipment utensils or linens"
9275,"20130710",103154,"Low Risk","Unclean or degraded floors walls or ceilings"
9283,"20131112",103103,"High Risk","High risk food holding temperature "
9283,"20131112",103142,"Low Risk","Unclean nonfood contact surfaces"
9283,"20131112",103124,"Moderate Risk","Inadequately cleaned or sanitized food contact surfaces"
9283,"20131112",103144,"Low Risk","Unapproved or unmaintained equipment or utensils"
9283,"20130319",103103,"High Risk","High risk food holding temperature "
9283,"20130319",103109,"High Risk","Unclean or unsanitary food contact surfaces"
9283,"20130319",103154,"Low Risk","Unclean or degraded floors walls or ceilings"
9283,"20130509",103120,"Moderate Risk","Moderate risk food holding temperature "
9283,"20130509",103149,"Low Risk","Wiping cloths not clean or properly stored or inadequate sanitizer"
9283,"20130319",103131,"Moderate Risk","Moderate risk vermin infestation"
9283,"20140612",103124,"Moderate Risk","Inadequately cleaned or sanitized food contact surfaces"
9283,"20140612",103161,"Low Risk","Low risk vermin infestation"
9283,"20140612",103120,"Moderate Risk","Moderate risk food holding temperature "
9283,"20140612",103133,"Moderate Risk","Foods not protected from contamination"
9289,"20120828",103118,"Moderate Risk","Employee eating or smoking"
9298,"20130605",103144,"Low Risk","Unapproved or unmaintained equipment or utensils"
9298,"20130605",103149,"Low Risk","Wiping cloths not clean or properly stored or inadequate sanitizer"
9298,"20130605",103154,"Low Risk","Unclean or degraded floors walls or ceilings"
9298,"20140621",103157,"Low Risk","Food safety certificate or food handler card not available"
9298,"20140621",103119,"Moderate Risk","Inadequate and inaccessible handwashing facilities"
9310,"20141103",103161,"Low Risk","Low risk vermin infestation"
9310,"20141103",103133,"Moderate Risk","Foods not protected from contamination"
9310,"20140121",103119,"Moderate Risk","Inadequate and inaccessible handwashing facilities"
9310,"20140121",103109,"High Risk","Unclean or unsanitary food contact surfaces"
9310,"20140121",103154,"Low Risk","Unclean or degraded floors walls or ceilings"
9310,"20130503",103144,"Low Risk","Unapproved or unmaintained equipment or utensils"
9310,"20130503",103132,"Moderate Risk","Improper thawing methods "
9310,"20130503",103119,"Moderate Risk","Inadequate and inaccessible handwashing facilities"
9310,"20120620",103132,"Moderate Risk","Improper thawing methods "
9310,"20120620",103102,"High Risk","Unclean hands or improper use of gloves"
9310,"20120620",103124,"Moderate Risk","Inadequately cleaned or sanitized food contact surfaces"
9310,"20121126",103149,"Low Risk","Wiping cloths not clean or properly stored or inadequate sanitizer"
9310,"20140507",103119,"Moderate Risk","Inadequate and inaccessible handwashing facilities"
9328,"20130808",103148,"Low Risk","No thermometers or uncalibrated thermometers "
9328,"20130808",103159,"Low Risk","Worker safety hazards"
9328,"20130808",103129,"Moderate Risk","Insufficient hot water or running water"
9328,"20130110",103157,"Low Risk","Food safety certificate or food handler card not available"
9328,"20130110",103143,"Low Risk","Inadequate warewashing facilities or equipment"
9328,"20140513",103131,"Moderate Risk","Moderate risk vermin infestation"
9328,"20140513",103154,"Low Risk","Unclean or degraded floors walls or ceilings"
9358,"20130208",103120,"Moderate Risk","Moderate risk food holding temperature "
9358,"20130208",103161,"Low Risk","Low risk vermin infestation"
9359,"20150116",103124,"Moderate Risk","Inadequately cleaned or sanitized food contact surfaces"
9359,"20150116",103116,"Moderate Risk","Inadequate food safety knowledge or lack of certified food safety manager"
9359,"20130620",103119,"Moderate Risk","Inadequate and inaccessible handwashing facilities"
9359,"20130419",103157,"Low Risk","Food safety certificate or food handler card not available"
9359,"20130620",103157,"Low Risk","Food safety certificate or food handler card not available"
9359,"20130620",103145,"Low Risk","Improper storage of equipment utensils or linens"
9359,"20140820",103157,"Low Risk","Food safety certificate or food handler card not available"
9444,"20141202",103149,"Low Risk","Wiping cloths not clean or properly stored or inadequate sanitizer"
9444,"20141202",103120,"Moderate Risk","Moderate risk food holding temperature "
9444,"20141202",103116,"Moderate Risk","Inadequate food safety knowledge or lack of certified food safety manager"
9444,"20130807",103116,"Moderate Risk","Inadequate food safety knowledge or lack of certified food safety manager"
9444,"20130807",103121,"Moderate Risk","Inadequate procedures or records for time as a public health control "
9444,"20130807",103152,"Low Risk","Unclean unmaintained or improperly constructed toilet facilities"
9444,"20130807",103150,"Low Risk","Improper or defective plumbing"
9444,"20130807",103124,"Moderate Risk","Inadequately cleaned or sanitized food contact surfaces"
9444,"20130807",103131,"Moderate Risk","Moderate risk vermin infestation"
9444,"20140428",103119,"Moderate Risk","Inadequate and inaccessible handwashing facilities"
9444,"20140428",103149,"Low Risk","Wiping cloths not clean or properly stored or inadequate sanitizer"
9444,"20140428",103142,"Low Risk","Unclean nonfood contact surfaces"
9444,"20121205",103120,"Moderate Risk","Moderate risk food holding temperature "
9444,"20121205",103133,"Moderate Risk","Foods not protected from contamination"
9444,"20121205",103144,"Low Risk","Unapproved or unmaintained equipment or utensils"
9444,"20121205",103139,"Low Risk","Improper food storage"
9456,"20130508",103144,"Low Risk","Unapproved or unmaintained equipment or utensils"
9456,"20130508",103102,"High Risk","Unclean hands or improper use of gloves"
9456,"20130508",103109,"High Risk","Unclean or unsanitary food contact surfaces"
9456,"20130508",103133,"Moderate Risk","Foods not protected from contamination"
9456,"20130508",103120,"Moderate Risk","Moderate risk food holding temperature "
9456,"20130508",103143,"Low Risk","Inadequate warewashing facilities or equipment"
9456,"20130508",103131,"Moderate Risk","Moderate risk vermin infestation"
9456,"20130509",103105,"High Risk","Improper cooling methods"
9456,"20140505",103133,"Moderate Risk","Foods not protected from contamination"
9456,"20140505",103105,"High Risk","Improper cooling methods"
9456,"20140505",103102,"High Risk","Unclean hands or improper use of gloves"
9456,"20140505",103150,"Low Risk","Improper or defective plumbing"
9456,"20120716",103133,"Moderate Risk","Foods not protected from contamination"
9456,"20120716",103131,"Moderate Risk","Moderate risk vermin infestation"
9456,"20120716",103132,"Moderate Risk","Improper thawing methods "
9456,"20120716",103105,"High Risk","Improper cooling methods"
9456,"20120716",103142,"Low Risk","Unclean nonfood contact surfaces"
9456,"20120716",103109,"High Risk","Unclean or unsanitary food contact surfaces"
9456,"20140815",103147,"Low Risk","Inadequate ventilation or lighting"
9456,"20140815",103149,"Low Risk","Wiping cloths not clean or properly stored or inadequate sanitizer"
9456,"20140815",103103,"High Risk","High risk food holding temperature "
9463,"20130402",103139,"Low Risk","Improper food storage"
9463,"20130402",103119,"Moderate Risk","Inadequate and inaccessible handwashing facilities"
9463,"20130402",103143,"Low Risk","Inadequate warewashing facilities or equipment"
9463,"20130402",103123,"Moderate Risk","Food in poor condition"
9553,"20131022",103133,"Moderate Risk","Foods not protected from contamination"
9553,"20131022",103139,"Low Risk","Improper food storage"
9553,"20130520",103149,"Low Risk","Wiping cloths not clean or properly stored or inadequate sanitizer"
9553,"20130520",103102,"High Risk","Unclean hands or improper use of gloves"
9553,"20130520",103142,"Low Risk","Unclean nonfood contact surfaces"
9553,"20130520",103120,"Moderate Risk","Moderate risk food holding temperature "
9553,"20140506",103139,"Low Risk","Improper food storage"
9553,"20140506",103154,"Low Risk","Unclean or degraded floors walls or ceilings"
9553,"20140506",103105,"High Risk","Improper cooling methods"
9553,"20120904",103142,"Low Risk","Unclean nonfood contact surfaces"
9553,"20120904",103120,"Moderate Risk","Moderate risk food holding temperature "
9553,"20120904",103154,"Low Risk","Unclean or degraded floors walls or ceilings"
9582,"20140311",103145,"Low Risk","Improper storage of equipment utensils or linens"
9582,"20140311",103114,"High Risk","High risk vermin infestation"
9582,"20120629",103124,"Moderate Risk","Inadequately cleaned or sanitized food contact surfaces"
9582,"20120629",103131,"Moderate Risk","Moderate risk vermin infestation"
9582,"20120629",103154,"Low Risk","Unclean or degraded floors walls or ceilings"
9599,"20140916",103120,"Moderate Risk","Moderate risk food holding temperature "
9599,"20140227",103120,"Moderate Risk","Moderate risk food holding temperature "
9599,"20140227",103149,"Low Risk","Wiping cloths not clean or properly stored or inadequate sanitizer"
9599,"20140227",103139,"Low Risk","Improper food storage"
9631,"20141022",103154,"Low Risk","Unclean or degraded floors walls or ceilings"
9631,"20141022",103156,"Low Risk","Permit license or inspection report not posted"
9631,"20131011",103148,"Low Risk","No thermometers or uncalibrated thermometers "
9631,"20131011",103139,"Low Risk","Improper food storage"
9631,"20131011",103124,"Moderate Risk","Inadequately cleaned or sanitized food contact surfaces"
9631,"20131011",103119,"Moderate Risk","Inadequate and inaccessible handwashing facilities"
9631,"20131011",103154,"Low Risk","Unclean or degraded floors walls or ceilings"
9631,"20140425",103108,"High Risk","Contaminated or adulterated food"
9631,"20140425",103109,"High Risk","Unclean or unsanitary food contact surfaces"
9631,"20140425",103114,"High Risk","High risk vermin infestation"
9652,"20140304",103104,"High Risk","Unauthorized or unsafe use of time as a public health control measure"
9652,"20130205",103103,"High Risk","High risk food holding temperature "
9652,"20130205",103164,"N/A",
9652,"20130205",103102,"High Risk","Unclean hands or improper use of gloves"
9652,"20130205",103105,"High Risk","Improper cooling methods"
9652,"20130205",103148,"Low Risk","No thermometers or uncalibrated thermometers "
9652,"20130205",103120,"Moderate Risk","Moderate risk food holding temperature "
9652,"20130205",103116,"Moderate Risk","Inadequate food safety knowledge or lack of certified food safety manager"
9672,"20141023",103157,"Low Risk","Food safety certificate or food handler card not available"
9672,"20141023",103139,"Low Risk","Improper food storage"
9672,"20130918",103144,"Low Risk","Unapproved or unmaintained equipment or utensils"
9672,"20121130",103157,"Low Risk","Food safety certificate or food handler card not available"
9672,"20121130",103156,"Low Risk","Permit license or inspection report not posted"
9672,"20121130",103139,"Low Risk","Improper food storage"
9672,"20121130",103142,"Low Risk","Unclean nonfood contact surfaces"
9672,"20121130",103144,"Low Risk","Unapproved or unmaintained equipment or utensils"
9677,"20150304",103120,"Moderate Risk","Moderate risk food holding temperature "
9677,"20150304",103105,"High Risk","Improper cooling methods"
9677,"20150304",103143,"Low Risk","Inadequate warewashing facilities or equipment"
9677,"20150304",103154,"Low Risk","Unclean or degraded floors walls or ceilings"
9677,"20150304",103161,"Low Risk","Low risk vermin infestation"
9677,"20131203",103103,"High Risk","High risk food holding temperature "
9677,"20131203",103149,"Low Risk","Wiping cloths not clean or properly stored or inadequate sanitizer"
9677,"20130617",103120,"Moderate Risk","Moderate risk food holding temperature "
9677,"20130617",103119,"Moderate Risk","Inadequate and inaccessible handwashing facilities"
9677,"20130617",103161,"Low Risk","Low risk vermin infestation"
9677,"20121206",103124,"Moderate Risk","Inadequately cleaned or sanitized food contact surfaces"
9677,"20121206",103154,"Low Risk","Unclean or degraded floors walls or ceilings"
9679,"20150422",103142,"Low Risk","Unclean nonfood contact surfaces"
9679,"20150422",103139,"Low Risk","Improper food storage"
9679,"20150422",103145,"Low Risk","Improper storage of equipment utensils or linens"
9679,"20150422",103124,"Moderate Risk","Inadequately cleaned or sanitized food contact surfaces"
9679,"20150422",103131,"Moderate Risk","Moderate risk vermin infestation"
9679,"20150422",103161,"Low Risk","Low risk vermin infestation"
9679,"20150422",103144,"Low Risk","Unapproved or unmaintained equipment or utensils"
9679,"20140110",103119,"Moderate Risk","Inadequate and inaccessible handwashing facilities"
9679,"20140110",103120,"Moderate Risk","Moderate risk food holding temperature "
9679,"20140110",103149,"Low Risk","Wiping cloths not clean or properly stored or inadequate sanitizer"
9679,"20140110",103142,"Low Risk","Unclean nonfood contact surfaces"
9679,"20140110",103162,"Low Risk","Other low risk violation"
9679,"20140110",103139,"Low Risk","Improper food storage"
9679,"20140110",103153,"Low Risk","Inadequate dressing rooms or improper storage of personal items"
9679,"20140110",103109,"High Risk","Unclean or unsanitary food contact surfaces"
9679,"20120725",103150,"Low Risk","Improper or defective plumbing"
9679,"20120725",103144,"Low Risk","Unapproved or unmaintained equipment or utensils"
9679,"20120725",103142,"Low Risk","Unclean nonfood contact surfaces"
9679,"20120725",103139,"Low Risk","Improper food storage"
9679,"20120725",103133,"Moderate Risk","Foods not protected from contamination"
9679,"20120725",103120,"Moderate Risk","Moderate risk food holding temperature "
9679,"20120725",103145,"Low Risk","Improper storage of equipment utensils or linens"
9679,"20120725",103159,"Low Risk","Worker safety hazards"
9679,"20120725",103161,"Low Risk","Low risk vermin infestation"
9679,"20120725",103156,"Low Risk","Permit license or inspection report not posted"
9679,"20120725",103152,"Low Risk","Unclean unmaintained or improperly constructed toilet facilities"
9710,"20141009",103119,"Moderate Risk","Inadequate and inaccessible handwashing facilities"
9710,"20141009",103139,"Low Risk","Improper food storage"
9710,"20141009",103116,"Moderate Risk","Inadequate food safety knowledge or lack of certified food safety manager"
9710,"20130417",103147,"Low Risk","Inadequate ventilation or lighting"
9710,"20130417",103131,"Moderate Risk","Moderate risk vermin infestation"
9710,"20130417",103116,"Moderate Risk","Inadequate food safety knowledge or lack of certified food safety manager"
9727,"20140919",103119,"Moderate Risk","Inadequate and inaccessible handwashing facilities"
9727,"20140919",103148,"Low Risk","No thermometers or uncalibrated thermometers "
9727,"20140919",103109,"High Risk","Unclean or unsanitary food contact surfaces"
9727,"20140919",103154,"Low Risk","Unclean or degraded floors walls or ceilings"
9727,"20140919",103116,"Moderate Risk","Inadequate food safety knowledge or lack of certified food safety manager"
9727,"20130516",103161,"Low Risk","Low risk vermin infestation"
9727,"20130516",103145,"Low Risk","Improper storage of equipment utensils or linens"
9727,"20130516",103129,"Moderate Risk","Insufficient hot water or running water"
9727,"20130516",103109,"High Risk","Unclean or unsanitary food contact surfaces"
9727,"20130516",103116,"Moderate Risk","Inadequate food safety knowledge or lack of certified food safety manager"
9745,"20131015",103120,"Moderate Risk","Moderate risk food holding temperature "
9745,"20130422",103131,"Moderate Risk","Moderate risk vermin infestation"
9745,"20140305",103154,"Low Risk","Unclean or degraded floors walls or ceilings"
9745,"20120927",103120,"Moderate Risk","Moderate risk food holding temperature "
9765,"20140207",103124,"Moderate Risk","Inadequately cleaned or sanitized food contact surfaces"
9796,"20140903",103138,"Low Risk","Improper storage use or identification of toxic substances"
9796,"20140903",103102,"High Risk","Unclean hands or improper use of gloves"
9796,"20140903",103109,"High Risk","Unclean or unsanitary food contact surfaces"
9796,"20140903",103153,"Low Risk","Inadequate dressing rooms or improper storage of personal items"
9796,"20140903",103155,"Low Risk","Unapproved  living quarters in food facility"
9796,"20140903",103133,"Moderate Risk","Foods not protected from contamination"
9796,"20140903",103147,"Low Risk","Inadequate ventilation or lighting"
9796,"20140903",103149,"Low Risk","Wiping cloths not clean or properly stored or inadequate sanitizer"
9796,"20140903",103120,"Moderate Risk","Moderate risk food holding temperature "
9796,"20150608",103102,"High Risk","Unclean hands or improper use of gloves"
9796,"20150608",103158,"Low Risk","Unpermitted food facility"
9796,"20150608",103149,"Low Risk","Wiping cloths not clean or properly stored or inadequate sanitizer"
9796,"20150608",103148,"Low Risk","No thermometers or uncalibrated thermometers "
9796,"20150608",103103,"High Risk","High risk food holding temperature "
9796,"20150608",103143,"Low Risk","Inadequate warewashing facilities or equipment"
9796,"20140204",103147,"Low Risk","Inadequate ventilation or lighting"
9796,"20140204",103119,"Moderate Risk","Inadequate and inaccessible handwashing facilities"
9796,"20140204",103103,"High Risk","High risk food holding temperature "
9796,"20140204",103133,"Moderate Risk","Foods not protected from contamination"
9796,"20140204",103124,"Moderate Risk","Inadequately cleaned or sanitized food contact surfaces"
9796,"20140204",103105,"High Risk","Improper cooling methods"
9796,"20130325",103132,"Moderate Risk","Improper thawing methods "
9796,"20130325",103116,"Moderate Risk","Inadequate food safety knowledge or lack of certified food safety manager"
9796,"20130325",103154,"Low Risk","Unclean or degraded floors walls or ceilings"
9796,"20130325",103133,"Moderate Risk","Foods not protected from contamination"
9796,"20130325",103131,"Moderate Risk","Moderate risk vermin infestation"
9796,"20130325",103108,"High Risk","Contaminated or adulterated food"
9796,"20130325",103105,"High Risk","Improper cooling methods"
9796,"20130325",103102,"High Risk","Unclean hands or improper use of gloves"
9797,"20121004",103116,"Moderate Risk","Inadequate food safety knowledge or lack of certified food safety manager"
9869,"20131211",103131,"Moderate Risk","Moderate risk vermin infestation"
9869,"20140122",103161,"Low Risk","Low risk vermin infestation"
9869,"20131211",103124,"Moderate Risk","Inadequately cleaned or sanitized food contact surfaces"
9869,"20131211",103144,"Low Risk","Unapproved or unmaintained equipment or utensils"
9869,"20131211",103154,"Low Risk","Unclean or degraded floors walls or ceilings"
9869,"20130424",103147,"Low Risk","Inadequate ventilation or lighting"
9869,"20130424",103131,"Moderate Risk","Moderate risk vermin infestation"
9869,"20130424",103124,"Moderate Risk","Inadequately cleaned or sanitized food contact surfaces"
9869,"20130424",103142,"Low Risk","Unclean nonfood contact surfaces"
9869,"20140603",103124,"Moderate Risk","Inadequately cleaned or sanitized food contact surfaces"
9869,"20140603",103133,"Moderate Risk","Foods not protected from contamination"
9948,"20141124",103139,"Low Risk","Improper food storage"
9948,"20141124",103120,"Moderate Risk","Moderate risk food holding temperature "
9948,"20141124",103129,"Moderate Risk","Insufficient hot water or running water"
9948,"20140318",103124,"Moderate Risk","Inadequately cleaned or sanitized food contact surfaces"
9948,"20140318",103121,"Moderate Risk","Inadequate procedures or records for time as a public health control "
9948,"20140310",103109,"High Risk","Unclean or unsanitary food contact surfaces"
9948,"20140310",103139,"Low Risk","Improper food storage"
9948,"20140318",103147,"Low Risk","Inadequate ventilation or lighting"
9948,"20140310",103149,"Low Risk","Wiping cloths not clean or properly stored or inadequate sanitizer"
9948,"20140310",103144,"Low Risk","Unapproved or unmaintained equipment or utensils"
9948,"20140310",103145,"Low Risk","Improper storage of equipment utensils or linens"
9948,"20130305",103121,"Moderate Risk","Inadequate procedures or records for time as a public health control "
9948,"20130305",103154,"Low Risk","Unclean or degraded floors walls or ceilings"
10011,"20150602",103154,"Low Risk","Unclean or degraded floors walls or ceilings"
10011,"20150602",103134,"Moderate Risk","Other moderate risk violation"
10011,"20150602",103133,"Moderate Risk","Foods not protected from contamination"
10011,"20150602",103114,"High Risk","High risk vermin infestation"
10011,"20131011",103132,"Moderate Risk","Improper thawing methods "
10011,"20131011",103120,"Moderate Risk","Moderate risk food holding temperature "
10011,"20130415",103103,"High Risk","High risk food holding temperature "
10011,"20140414",103133,"Moderate Risk","Foods not protected from contamination"
10011,"20121023",103119,"Moderate Risk","Inadequate and inaccessible handwashing facilities"
10011,"20121023",103103,"High Risk","High risk food holding temperature "
10030,"20150212",103124,"Moderate Risk","Inadequately cleaned or sanitized food contact surfaces"
10030,"20120823",103116,"Moderate Risk","Inadequate food safety knowledge or lack of certified food safety manager"
10030,"20120823",103112,"High Risk","No hot water or running water"
10030,"20120823",103161,"Low Risk","Low risk vermin infestation"
10065,"20150325",103157,"Low Risk","Food safety certificate or food handler card not available"
10065,"20130725",103172,"High Risk","Mobile food facility with unapproved operating conditions"
10065,"20130312",103119,"Moderate Risk","Inadequate and inaccessible handwashing facilities"
10083,"20150106",103154,"Low Risk","Unclean or degraded floors walls or ceilings"
10083,"20130731",103154,"Low Risk","Unclean or degraded floors walls or ceilings"
10083,"20130731",103157,"Low Risk","Food safety certificate or food handler card not available"
10083,"20130731",103139,"Low Risk","Improper food storage"
10083,"20130731",103142,"Low Risk","Unclean nonfood contact surfaces"
10083,"20140408",103149,"Low Risk","Wiping cloths not clean or properly stored or inadequate sanitizer"
10083,"20121128",103154,"Low Risk","Unclean or degraded floors walls or ceilings"
10083,"20121128",103124,"Moderate Risk","Inadequately cleaned or sanitized food contact surfaces"
10083,"20121128",103142,"Low Risk","Unclean nonfood contact surfaces"
10083,"20121128",103144,"Low Risk","Unapproved or unmaintained equipment or utensils"
10083,"20121128",103118,"Moderate Risk","Employee eating or smoking"
10099,"20150408",103154,"Low Risk","Unclean or degraded floors walls or ceilings"
10099,"20130122",103138,"Low Risk","Improper storage use or identification of toxic substances"
10099,"20130122",103144,"Low Risk","Unapproved or unmaintained equipment or utensils"
10099,"20130122",103132,"Moderate Risk","Improper thawing methods "
10102,"20130416",103119,"Moderate Risk","Inadequate and inaccessible handwashing facilities"
10102,"20130416",103133,"Moderate Risk","Foods not protected from contamination"
10102,"20130416",103139,"Low Risk","Improper food storage"
10102,"20130416",103103,"High Risk","High risk food holding temperature "
10102,"20130416",103142,"Low Risk","Unclean nonfood contact surfaces"
10102,"20130416",103154,"Low Risk","Unclean or degraded floors walls or ceilings"
10102,"20130416",103109,"High Risk","Unclean or unsanitary food contact surfaces"
10102,"20130416",103116,"Moderate Risk","Inadequate food safety knowledge or lack of certified food safety manager"
10102,"20140722",103147,"Low Risk","Inadequate ventilation or lighting"
10102,"20140722",103103,"High Risk","High risk food holding temperature "
10102,"20140722",103109,"High Risk","Unclean or unsanitary food contact surfaces"
10102,"20140722",103154,"Low Risk","Unclean or degraded floors walls or ceilings"
10102,"20140722",103133,"Moderate Risk","Foods not protected from contamination"
10102,"20140722",103114,"High Risk","High risk vermin infestation"
10127,"20141015",103119,"Moderate Risk","Inadequate and inaccessible handwashing facilities"
10129,"20140723",103120,"Moderate Risk","Moderate risk food holding temperature "
10129,"20140723",103156,"Low Risk","Permit license or inspection report not posted"
10131,"20130906",103103,"High Risk","High risk food holding temperature "
10131,"20130906",103116,"Moderate Risk","Inadequate food safety knowledge or lack of certified food safety manager"
10131,"20130906",103123,"Moderate Risk","Food in poor condition"
10131,"20130906",103109,"High Risk","Unclean or unsanitary food contact surfaces"
10131,"20130906",103105,"High Risk","Improper cooling methods"
10131,"20130906",103114,"High Risk","High risk vermin infestation"
10131,"20130321",103151,"Low Risk","Inadequate or unsanitary refuse containers or area or no garbage service"
10131,"20130321",103161,"Low Risk","Low risk vermin infestation"
10131,"20130321",103154,"Low Risk","Unclean or degraded floors walls or ceilings"
10131,"20130321",103150,"Low Risk","Improper or defective plumbing"
10131,"20130321",103144,"Low Risk","Unapproved or unmaintained equipment or utensils"
10131,"20140415",103124,"Moderate Risk","Inadequately cleaned or sanitized food contact surfaces"
10170,"20140108",103150,"Low Risk","Improper or defective plumbing"
10170,"20140108",103156,"Low Risk","Permit license or inspection report not posted"
10170,"20140108",103149,"Low Risk","Wiping cloths not clean or properly stored or inadequate sanitizer"
10170,"20140108",103120,"Moderate Risk","Moderate risk food holding temperature "
10170,"20140108",103139,"Low Risk","Improper food storage"
10170,"20140108",103131,"Moderate Risk","Moderate risk vermin infestation"
10170,"20140108",103133,"Moderate Risk","Foods not protected from contamination"
10170,"20140108",103142,"Low Risk","Unclean nonfood contact surfaces"
10170,"20130321",103120,"Moderate Risk","Moderate risk food holding temperature "
10170,"20130321",103142,"Low Risk","Unclean nonfood contact surfaces"
10170,"20130321",103114,"High Risk","High risk vermin infestation"
10170,"20130321",103119,"Moderate Risk","Inadequate and inaccessible handwashing facilities"
10170,"20130321",103124,"Moderate Risk","Inadequately cleaned or sanitized food contact surfaces"
10170,"20130321",103154,"Low Risk","Unclean or degraded floors walls or ceilings"
10170,"20130321",103144,"Low Risk","Unapproved or unmaintained equipment or utensils"
10170,"20120718",103154,"Low Risk","Unclean or degraded floors walls or ceilings"
10170,"20120718",103144,"Low Risk","Unapproved or unmaintained equipment or utensils"
10170,"20120718",103142,"Low Risk","Unclean nonfood contact surfaces"
10170,"20120718",103139,"Low Risk","Improper food storage"
10170,"20120718",103124,"Moderate Risk","Inadequately cleaned or sanitized food contact surfaces"
10170,"20120718",103103,"High Risk","High risk food holding temperature "
10170,"20140626",103150,"Low Risk","Improper or defective plumbing"
10170,"20140626",103144,"Low Risk","Unapproved or unmaintained equipment or utensils"
10170,"20140626",103142,"Low Risk","Unclean nonfood contact surfaces"
10170,"20140626",103139,"Low Risk","Improper food storage"
10170,"20140626",103124,"Moderate Risk","Inadequately cleaned or sanitized food contact surfaces"
10170,"20140626",103154,"Low Risk","Unclean or degraded floors walls or ceilings"
10170,"20140626",103114,"High Risk","High risk vermin infestation"
10213,"20141208",103116,"Moderate Risk","Inadequate food safety knowledge or lack of certified food safety manager"
10213,"20141208",103133,"Moderate Risk","Foods not protected from contamination"
10213,"20141208",103138,"Low Risk","Improper storage use or identification of toxic substances"
10213,"20141208",103150,"Low Risk","Improper or defective plumbing"
10213,"20130801",103156,"Low Risk","Permit license or inspection report not posted"
10213,"20130801",103116,"Moderate Risk","Inadequate food safety knowledge or lack of certified food safety manager"
10213,"20130801",103113,"High Risk","Sewage or wastewater contamination"
10227,"20141020",103130,"Moderate Risk","Inadequate sewage or wastewater disposal"
10227,"20141020",103131,"Moderate Risk","Moderate risk vermin infestation"
10227,"20141020",103144,"Low Risk","Unapproved or unmaintained equipment or utensils"
10227,"20141020",103153,"Low Risk","Inadequate dressing rooms or improper storage of personal items"
10227,"20141020",103154,"Low Risk","Unclean or degraded floors walls or ceilings"
10227,"20141020",103119,"Moderate Risk","Inadequate and inaccessible handwashing facilities"
10227,"20130813",103120,"Moderate Risk","Moderate risk food holding temperature "
10227,"20130813",103139,"Low Risk","Improper food storage"
10227,"20130813",103144,"Low Risk","Unapproved or unmaintained equipment or utensils"
10227,"20130813",103124,"Moderate Risk","Inadequately cleaned or sanitized food contact surfaces"
10227,"20130813",103150,"Low Risk","Improper or defective plumbing"
10227,"20130813",103154,"Low Risk","Unclean or degraded floors walls or ceilings"
10227,"20140325",103161,"Low Risk","Low risk vermin infestation"
10227,"20140325",103103,"High Risk","High risk food holding temperature "
10227,"20140325",103154,"Low Risk","Unclean or degraded floors walls or ceilings"
10227,"20121016",103109,"High Risk","Unclean or unsanitary food contact surfaces"
10227,"20121016",103156,"Low Risk","Permit license or inspection report not posted"
10227,"20121016",103157,"Low Risk","Food safety certificate or food handler card not available"
10227,"20121016",103144,"Low Risk","Unapproved or unmaintained equipment or utensils"
10235,"20131105",103154,"Low Risk","Unclean or degraded floors walls or ceilings"
10235,"20131105",103149,"Low Risk","Wiping cloths not clean or properly stored or inadequate sanitizer"
10235,"20131105",103139,"Low Risk","Improper food storage"
10235,"20130319",103133,"Moderate Risk","Foods not protected from contamination"
10235,"20130319",103131,"Moderate Risk","Moderate risk vermin infestation"
10235,"20130319",103119,"Moderate Risk","Inadequate and inaccessible handwashing facilities"
10235,"20140806",103114,"High Risk","High risk vermin infestation"
10235,"20140806",103144,"Low Risk","Unapproved or unmaintained equipment or utensils"
10235,"20140806",103154,"Low Risk","Unclean or degraded floors walls or ceilings"
10235,"20140806",103120,"Moderate Risk","Moderate risk food holding temperature "
10235,"20140806",103139,"Low Risk","Improper food storage"
10235,"20140806",103124,"Moderate Risk","Inadequately cleaned or sanitized food contact surfaces"
10235,"20140806",103119,"Moderate Risk","Inadequate and inaccessible handwashing facilities"
10238,"20130712",103133,"Moderate Risk","Foods not protected from contamination"
10238,"20130712",103142,"Low Risk","Unclean nonfood contact surfaces"
10238,"20130712",103119,"Moderate Risk","Inadequate and inaccessible handwashing facilities"
10238,"20130712",103103,"High Risk","High risk food holding temperature "
10238,"20130712",103154,"Low Risk","Unclean or degraded floors walls or ceilings"
10238,"20131106",103120,"Moderate Risk","Moderate risk food holding temperature "
10238,"20131106",103154,"Low Risk","Unclean or degraded floors walls or ceilings"
10238,"20131106",103151,"Low Risk","Inadequate or unsanitary refuse containers or area or no garbage service"
10238,"20131106",103131,"Moderate Risk","Moderate risk vermin infestation"
10238,"20131106",103142,"Low Risk","Unclean nonfood contact surfaces"
10238,"20131106",103139,"Low Risk","Improper food storage"
10238,"20131106",103105,"High Risk","Improper cooling methods"
10238,"20120904",103131,"Moderate Risk","Moderate risk vermin infestation"
10238,"20120904",103151,"Low Risk","Inadequate or unsanitary refuse containers or area or no garbage service"
10238,"20120904",103154,"Low Risk","Unclean or degraded floors walls or ceilings"
10238,"20120904",103139,"Low Risk","Improper food storage"
10238,"20120904",103103,"High Risk","High risk food holding temperature "
10238,"20120904",103142,"Low Risk","Unclean nonfood contact surfaces"
10238,"20140611",103142,"Low Risk","Unclean nonfood contact surfaces"
10238,"20140611",103154,"Low Risk","Unclean or degraded floors walls or ceilings"
10238,"20140611",103144,"Low Risk","Unapproved or unmaintained equipment or utensils"
10238,"20140611",103124,"Moderate Risk","Inadequately cleaned or sanitized food contact surfaces"
10238,"20140611",103120,"Moderate Risk","Moderate risk food holding temperature "
10238,"20140611",103151,"Low Risk","Inadequate or unsanitary refuse containers or area or no garbage service"
10280,"20140905",103109,"High Risk","Unclean or unsanitary food contact surfaces"
10280,"20140905",103144,"Low Risk","Unapproved or unmaintained equipment or utensils"
10280,"20140905",103143,"Low Risk","Inadequate warewashing facilities or equipment"
10280,"20140905",103127,"Moderate Risk","Noncompliance with HAACP plan or variance"
10280,"20130926",103150,"Low Risk","Improper or defective plumbing"
10282,"20150211",103114,"High Risk","High risk vermin infestation"
10282,"20150211",103139,"Low Risk","Improper food storage"
10282,"20150211",103143,"Low Risk","Inadequate warewashing facilities or equipment"
10282,"20131112",103109,"High Risk","Unclean or unsanitary food contact surfaces"
10282,"20131112",103150,"Low Risk","Improper or defective plumbing"
10282,"20130215",103124,"Moderate Risk","Inadequately cleaned or sanitized food contact surfaces"
10332,"20131101",103105,"High Risk","Improper cooling methods"
10332,"20131101",103109,"High Risk","Unclean or unsanitary food contact surfaces"
10332,"20131101",103120,"Moderate Risk","Moderate risk food holding temperature "
10332,"20131101",103131,"Moderate Risk","Moderate risk vermin infestation"
10332,"20131101",103133,"Moderate Risk","Foods not protected from contamination"
10332,"20131101",103144,"Low Risk","Unapproved or unmaintained equipment or utensils"
10332,"20131101",103156,"Low Risk","Permit license or inspection report not posted"
10332,"20131101",103154,"Low Risk","Unclean or degraded floors walls or ceilings"
10332,"20131101",103150,"Low Risk","Improper or defective plumbing"
10332,"20130319",103144,"Low Risk","Unapproved or unmaintained equipment or utensils"
10332,"20130319",103151,"Low Risk","Inadequate or unsanitary refuse containers or area or no garbage service"
10332,"20130319",103103,"High Risk","High risk food holding temperature "
10332,"20130319",103161,"Low Risk","Low risk vermin infestation"
10332,"20130319",103119,"Moderate Risk","Inadequate and inaccessible handwashing facilities"
10332,"20120626",103109,"High Risk","Unclean or unsanitary food contact surfaces"
10332,"20120626",103105,"High Risk","Improper cooling methods"
10332,"20120626",103103,"High Risk","High risk food holding temperature "
10332,"20120626",103142,"Low Risk","Unclean nonfood contact surfaces"
10332,"20121213",103147,"Low Risk","Inadequate ventilation or lighting"
10332,"20121213",103133,"Moderate Risk","Foods not protected from contamination"
10332,"20121213",103154,"Low Risk","Unclean or degraded floors walls or ceilings"
10332,"20121213",103142,"Low Risk","Unclean nonfood contact surfaces"
10332,"20121213",103120,"Moderate Risk","Moderate risk food holding temperature "
10332,"20121213",103116,"Moderate Risk","Inadequate food safety knowledge or lack of certified food safety manager"
10332,"20121213",103102,"High Risk","Unclean hands or improper use of gloves"
10332,"20121213",103149,"Low Risk","Wiping cloths not clean or properly stored or inadequate sanitizer"
10332,"20121213",103127,"Moderate Risk","Noncompliance with HAACP plan or variance"
10362,"20131204",103120,"Moderate Risk","Moderate risk food holding temperature "
10362,"20130417",103119,"Moderate Risk","Inadequate and inaccessible handwashing facilities"
10362,"20130417",103124,"Moderate Risk","Inadequately cleaned or sanitized food contact surfaces"
10362,"20121114",103131,"Moderate Risk","Moderate risk vermin infestation"
10362,"20121114",103120,"Moderate Risk","Moderate risk food holding temperature "
10362,"20121114",103157,"Low Risk","Food safety certificate or food handler card not available"
10363,"20140114",103131,"Moderate Risk","Moderate risk vermin infestation"
10363,"20140114",103150,"Low Risk","Improper or defective plumbing"
10363,"20140114",103148,"Low Risk","No thermometers or uncalibrated thermometers "
10363,"20140114",103129,"Moderate Risk","Insufficient hot water or running water"
10363,"20140114",103156,"Low Risk","Permit license or inspection report not posted"
10363,"20140114",103133,"Moderate Risk","Foods not protected from contamination"
10363,"20140729",103119,"Moderate Risk","Inadequate and inaccessible handwashing facilities"
10363,"20140729",103150,"Low Risk","Improper or defective plumbing"
10373,"20130910",103143,"Low Risk","Inadequate warewashing facilities or equipment"
10373,"20130910",103119,"Moderate Risk","Inadequate and inaccessible handwashing facilities"
10373,"20130910",103176,"Moderate Risk","Unsanitary mobile food facility"
10373,"20130910",103114,"High Risk","High risk vermin infestation"
10373,"20130910",103124,"Moderate Risk","Inadequately cleaned or sanitized food contact surfaces"
10373,"20130318",103162,"Low Risk","Other low risk violation"
10373,"20130318",103124,"Moderate Risk","Inadequately cleaned or sanitized food contact surfaces"
10373,"20140416",103112,"High Risk","No hot water or running water"
10373,"20140416",103102,"High Risk","Unclean hands or improper use of gloves"
10376,"20140827",103139,"Low Risk","Improper food storage"
10376,"20140827",103120,"Moderate Risk","Moderate risk food holding temperature "
10376,"20140203",103149,"Low Risk","Wiping cloths not clean or properly stored or inadequate sanitizer"
10376,"20140203",103120,"Moderate Risk","Moderate risk food holding temperature "
10376,"20130604",103144,"Low Risk","Unapproved or unmaintained equipment or utensils"
10376,"20130604",103124,"Moderate Risk","Inadequately cleaned or sanitized food contact surfaces"
10376,"20121030",103133,"Moderate Risk","Foods not protected from contamination"
10376,"20121030",103120,"Moderate Risk","Moderate risk food holding temperature "
10377,"20140914",103124,"Moderate Risk","Inadequately cleaned or sanitized food contact surfaces"
10377,"20130824",103142,"Low Risk","Unclean nonfood contact surfaces"
10377,"20130405",103129,"Moderate Risk","Insufficient hot water or running water"
10377,"20140408",103149,"Low Risk","Wiping cloths not clean or properly stored or inadequate sanitizer"
10377,"20120920",103142,"Low Risk","Unclean nonfood contact surfaces"
10377,"20121015",103119,"Moderate Risk","Inadequate and inaccessible handwashing facilities"
10433,"20131018",103154,"Low Risk","Unclean or degraded floors walls or ceilings"
10433,"20131018",103105,"High Risk","Improper cooling methods"
10433,"20131018",103142,"Low Risk","Unclean nonfood contact surfaces"
10433,"20130308",103144,"Low Risk","Unapproved or unmaintained equipment or utensils"
10433,"20130308",103161,"Low Risk","Low risk vermin infestation"
10433,"20130308",103154,"Low Risk","Unclean or degraded floors walls or ceilings"
10433,"20130308",103124,"Moderate Risk","Inadequately cleaned or sanitized food contact surfaces"
10433,"20120817",103113,"High Risk","Sewage or wastewater contamination"
10433,"20120817",103119,"Moderate Risk","Inadequate and inaccessible handwashing facilities"
10433,"20120817",103139,"Low Risk","Improper food storage"
10433,"20140805",103139,"Low Risk","Improper food storage"
10433,"20140805",103124,"Moderate Risk","Inadequately cleaned or sanitized food contact surfaces"
10438,"20141017",103103,"High Risk","High risk food holding temperature "
10438,"20141017",103133,"Moderate Risk","Foods not protected from contamination"
10438,"20141208",103103,"High Risk","High risk food holding temperature "
10438,"20141017",103139,"Low Risk","Improper food storage"
10438,"20141017",103142,"Low Risk","Unclean nonfood contact surfaces"
10438,"20141017",103116,"Moderate Risk","Inadequate food safety knowledge or lack of certified food safety manager"
10438,"20141017",103119,"Moderate Risk","Inadequate and inaccessible handwashing facilities"
10438,"20141017",103104,"High Risk","Unauthorized or unsafe use of time as a public health control measure"
10438,"20131218",103139,"Low Risk","Improper food storage"
10438,"20131218",103149,"Low Risk","Wiping cloths not clean or properly stored or inadequate sanitizer"
10438,"20131218",103142,"Low Risk","Unclean nonfood contact surfaces"
10438,"20131218",103150,"Low Risk","Improper or defective plumbing"
10438,"20130522",103116,"Moderate Risk","Inadequate food safety knowledge or lack of certified food safety manager"
10438,"20121022",103154,"Low Risk","Unclean or degraded floors walls or ceilings"
10438,"20121022",103144,"Low Risk","Unapproved or unmaintained equipment or utensils"
10470,"20141107",103143,"Low Risk","Inadequate warewashing facilities or equipment"
10470,"20141107",103145,"Low Risk","Improper storage of equipment utensils or linens"
10470,"20141107",103156,"Low Risk","Permit license or inspection report not posted"
10470,"20141107",103154,"Low Risk","Unclean or degraded floors walls or ceilings"
10470,"20141107",103139,"Low Risk","Improper food storage"
10470,"20130725",103144,"Low Risk","Unapproved or unmaintained equipment or utensils"
10470,"20130725",103154,"Low Risk","Unclean or degraded floors walls or ceilings"
10470,"20130725",103142,"Low Risk","Unclean nonfood contact surfaces"
10470,"20120807",103133,"Moderate Risk","Foods not protected from contamination"
10470,"20120807",103142,"Low Risk","Unclean nonfood contact surfaces"
10470,"20120807",103148,"Low Risk","No thermometers or uncalibrated thermometers "
10470,"20120807",103138,"Low Risk","Improper storage use or identification of toxic substances"
10470,"20120807",103116,"Moderate Risk","Inadequate food safety knowledge or lack of certified food safety manager"
10470,"20120807",103131,"Moderate Risk","Moderate risk vermin infestation"
10470,"20140610",103151,"Low Risk","Inadequate or unsanitary refuse containers or area or no garbage service"
10470,"20140610",103144,"Low Risk","Unapproved or unmaintained equipment or utensils"
10470,"20140610",103123,"Moderate Risk","Food in poor condition"
10470,"20140610",103157,"Low Risk","Food safety certificate or food handler card not available"
10470,"20140610",103154,"Low Risk","Unclean or degraded floors walls or ceilings"
10470,"20140610",103109,"High Risk","Unclean or unsanitary food contact surfaces"
10540,"20140917",103150,"Low Risk","Improper or defective plumbing"
10540,"20140917",103119,"Moderate Risk","Inadequate and inaccessible handwashing facilities"
10540,"20150324",103142,"Low Risk","Unclean nonfood contact surfaces"
10540,"20150324",103102,"High Risk","Unclean hands or improper use of gloves"
10540,"20130926",103119,"Moderate Risk","Inadequate and inaccessible handwashing facilities"
10540,"20130926",103142,"Low Risk","Unclean nonfood contact surfaces"
10540,"20130926",103144,"Low Risk","Unapproved or unmaintained equipment or utensils"
10540,"20130926",103148,"Low Risk","No thermometers or uncalibrated thermometers "
10540,"20130926",103157,"Low Risk","Food safety certificate or food handler card not available"
10540,"20120809",103156,"Low Risk","Permit license or inspection report not posted"
10540,"20120809",103149,"Low Risk","Wiping cloths not clean or properly stored or inadequate sanitizer"
10540,"20120809",103120,"Moderate Risk","Moderate risk food holding temperature "
10540,"20120809",103144,"Low Risk","Unapproved or unmaintained equipment or utensils"
10540,"20120809",103145,"Low Risk","Improper storage of equipment utensils or linens"
10540,"20120809",103109,"High Risk","Unclean or unsanitary food contact surfaces"
10540,"20140805",103143,"Low Risk","Inadequate warewashing facilities or equipment"
10540,"20140805",103142,"Low Risk","Unclean nonfood contact surfaces"
10540,"20140805",103102,"High Risk","Unclean hands or improper use of gloves"
10572,"20141215",103124,"Moderate Risk","Inadequately cleaned or sanitized food contact surfaces"
10572,"20141215",103119,"Moderate Risk","Inadequate and inaccessible handwashing facilities"
10615,"20150205",103161,"Low Risk","Low risk vermin infestation"
10615,"20150205",103102,"High Risk","Unclean hands or improper use of gloves"
10615,"20150205",103118,"Moderate Risk","Employee eating or smoking"
10615,"20150205",103123,"Moderate Risk","Food in poor condition"
10615,"20150205",103124,"Moderate Risk","Inadequately cleaned or sanitized food contact surfaces"
10615,"20150205",103149,"Low Risk","Wiping cloths not clean or properly stored or inadequate sanitizer"
10615,"20150205",103139,"Low Risk","Improper food storage"
10615,"20130716",103161,"Low Risk","Low risk vermin infestation"
10615,"20130716",103154,"Low Risk","Unclean or degraded floors walls or ceilings"
10615,"20130716",103149,"Low Risk","Wiping cloths not clean or properly stored or inadequate sanitizer"
10615,"20140306",103119,"Moderate Risk","Inadequate and inaccessible handwashing facilities"
10615,"20140306",103144,"Low Risk","Unapproved or unmaintained equipment or utensils"
10615,"20140306",103154,"Low Risk","Unclean or degraded floors walls or ceilings"
10615,"20120823",103124,"Moderate Risk","Inadequately cleaned or sanitized food contact surfaces"
10615,"20120823",103131,"Moderate Risk","Moderate risk vermin infestation"
10625,"20150121",103120,"Moderate Risk","Moderate risk food holding temperature "
10625,"20150121",103131,"Moderate Risk","Moderate risk vermin infestation"
10625,"20150121",103157,"Low Risk","Food safety certificate or food handler card not available"
10625,"20150121",103154,"Low Risk","Unclean or degraded floors walls or ceilings"
10625,"20130913",103147,"Low Risk","Inadequate ventilation or lighting"
10625,"20130913",103154,"Low Risk","Unclean or degraded floors walls or ceilings"
10625,"20130913",103157,"Low Risk","Food safety certificate or food handler card not available"
10625,"20130913",103114,"High Risk","High risk vermin infestation"
10625,"20130913",103145,"Low Risk","Improper storage of equipment utensils or linens"
10625,"20120926",103129,"Moderate Risk","Insufficient hot water or running water"
10625,"20120926",103144,"Low Risk","Unapproved or unmaintained equipment or utensils"
10625,"20120926",103147,"Low Risk","Inadequate ventilation or lighting"
10625,"20140529",103131,"Moderate Risk","Moderate risk vermin infestation"
10625,"20140529",103154,"Low Risk","Unclean or degraded floors walls or ceilings"
10625,"20140529",103118,"Moderate Risk","Employee eating or smoking"
10625,"20140529",103149,"Low Risk","Wiping cloths not clean or properly stored or inadequate sanitizer"
10625,"20140529",103120,"Moderate Risk","Moderate risk food holding temperature "
10668,"20150126",103121,"Moderate Risk","Inadequate procedures or records for time as a public health control "
10668,"20150126",103120,"Moderate Risk","Moderate risk food holding temperature "
10668,"20130716",103109,"High Risk","Unclean or unsanitary food contact surfaces"
10668,"20140130",103139,"Low Risk","Improper food storage"
10668,"20140130",103120,"Moderate Risk","Moderate risk food holding temperature "
10668,"20140130",103131,"Moderate Risk","Moderate risk vermin infestation"
10668,"20120731",103145,"Low Risk","Improper storage of equipment utensils or linens"
10668,"20120731",103120,"Moderate Risk","Moderate risk food holding temperature "
10875,"20150420",103132,"Moderate Risk","Improper thawing methods "
10875,"20150420",103103,"High Risk","High risk food holding temperature "
10875,"20150420",103105,"High Risk","Improper cooling methods"
10875,"20150420",103148,"Low Risk","No thermometers or uncalibrated thermometers "
10875,"20150420",103149,"Low Risk","Wiping cloths not clean or properly stored or inadequate sanitizer"
10875,"20140206",103103,"High Risk","High risk food holding temperature "
10875,"20140206",103116,"Moderate Risk","Inadequate food safety knowledge or lack of certified food safety manager"
10875,"20140206",103131,"Moderate Risk","Moderate risk vermin infestation"
10875,"20140206",103154,"Low Risk","Unclean or degraded floors walls or ceilings"
10875,"20140206",103109,"High Risk","Unclean or unsanitary food contact surfaces"
10875,"20140206",103156,"Low Risk","Permit license or inspection report not posted"
10875,"20140206",103132,"Moderate Risk","Improper thawing methods "
10875,"20130607",103154,"Low Risk","Unclean or degraded floors walls or ceilings"
10876,"20141113",103144,"Low Risk","Unapproved or unmaintained equipment or utensils"
10876,"20141113",103145,"Low Risk","Improper storage of equipment utensils or linens"
10876,"20130523",103124,"Moderate Risk","Inadequately cleaned or sanitized food contact surfaces"
10876,"20130523",103149,"Low Risk","Wiping cloths not clean or properly stored or inadequate sanitizer"
10876,"20130523",103139,"Low Risk","Improper food storage"
10876,"20130523",103154,"Low Risk","Unclean or degraded floors walls or ceilings"
10876,"20140424",103149,"Low Risk","Wiping cloths not clean or properly stored or inadequate sanitizer"
10876,"20140424",103148,"Low Risk","No thermometers or uncalibrated thermometers "
10876,"20140424",103157,"Low Risk","Food safety certificate or food handler card not available"
10876,"20121025",103138,"Low Risk","Improper storage use or identification of toxic substances"
10876,"20121025",103157,"Low Risk","Food safety certificate or food handler card not available"
10876,"20121025",103149,"Low Risk","Wiping cloths not clean or properly stored or inadequate sanitizer"
10877,"20150319",103142,"Low Risk","Unclean nonfood contact surfaces"
10877,"20150319",103147,"Low Risk","Inadequate ventilation or lighting"
10877,"20150319",103154,"Low Risk","Unclean or degraded floors walls or ceilings"
10877,"20150319",103152,"Low Risk","Unclean unmaintained or improperly constructed toilet facilities"
10877,"20150319",103150,"Low Risk","Improper or defective plumbing"
10877,"20130520",103147,"Low Risk","Inadequate ventilation or lighting"
10877,"20130520",103145,"Low Risk","Improper storage of equipment utensils or linens"
10877,"20130520",103150,"Low Risk","Improper or defective plumbing"
10877,"20130520",103149,"Low Risk","Wiping cloths not clean or properly stored or inadequate sanitizer"
10877,"20130520",103142,"Low Risk","Unclean nonfood contact surfaces"
10877,"20130520",103120,"Moderate Risk","Moderate risk food holding temperature "
10877,"20120918",103154,"Low Risk","Unclean or degraded floors walls or ceilings"
10877,"20120918",103142,"Low Risk","Unclean nonfood contact surfaces"
10877,"20120918",103147,"Low Risk","Inadequate ventilation or lighting"
10877,"20140515",103149,"Low Risk","Wiping cloths not clean or properly stored or inadequate sanitizer"
10877,"20140515",103120,"Moderate Risk","Moderate risk food holding temperature "
10877,"20140515",103150,"Low Risk","Improper or defective plumbing"
10877,"20140515",103142,"Low Risk","Unclean nonfood contact surfaces"
10886,"20141124",103161,"Low Risk","Low risk vermin infestation"
10886,"20141124",103124,"Moderate Risk","Inadequately cleaned or sanitized food contact surfaces"
10886,"20141124",103145,"Low Risk","Improper storage of equipment utensils or linens"
10886,"20140309",103142,"Low Risk","Unclean nonfood contact surfaces"
10886,"20140309",103149,"Low Risk","Wiping cloths not clean or properly stored or inadequate sanitizer"
10886,"20140309",103133,"Moderate Risk","Foods not protected from contamination"
10886,"20140309",103109,"High Risk","Unclean or unsanitary food contact surfaces"
10886,"20140309",103161,"Low Risk","Low risk vermin infestation"
10886,"20130114",103161,"Low Risk","Low risk vermin infestation"
10886,"20130114",103139,"Low Risk","Improper food storage"
10886,"20130114",103157,"Low Risk","Food safety certificate or food handler card not available"
10886,"20130114",103127,"Moderate Risk","Noncompliance with HAACP plan or variance"
10886,"20130114",103145,"Low Risk","Improper storage of equipment utensils or linens"
10886,"20130114",103149,"Low Risk","Wiping cloths not clean or properly stored or inadequate sanitizer"
10931,"20150331",103124,"Moderate Risk","Inadequately cleaned or sanitized food contact surfaces"
10931,"20121113",103124,"Moderate Risk","Inadequately cleaned or sanitized food contact surfaces"
10960,"20150429",103144,"Low Risk","Unapproved or unmaintained equipment or utensils"
10960,"20150429",103120,"Moderate Risk","Moderate risk food holding temperature "
10960,"20130730",103133,"Moderate Risk","Foods not protected from contamination"
10960,"20130124",103119,"Moderate Risk","Inadequate and inaccessible handwashing facilities"
10960,"20130124",103120,"Moderate Risk","Moderate risk food holding temperature "
10986,"20131227",103119,"Moderate Risk","Inadequate and inaccessible handwashing facilities"
10986,"20140627",103150,"Low Risk","Improper or defective plumbing"
10986,"20140627",103153,"Low Risk","Inadequate dressing rooms or improper storage of personal items"
10986,"20140627",103154,"Low Risk","Unclean or degraded floors walls or ceilings"
10990,"20130717",103119,"Moderate Risk","Inadequate and inaccessible handwashing facilities"
10990,"20130717",103133,"Moderate Risk","Foods not protected from contamination"
10990,"20130717",103139,"Low Risk","Improper food storage"
10990,"20130717",103142,"Low Risk","Unclean nonfood contact surfaces"
10990,"20130717",103144,"Low Risk","Unapproved or unmaintained equipment or utensils"
10990,"20140115",103142,"Low Risk","Unclean nonfood contact surfaces"
10990,"20140115",103120,"Moderate Risk","Moderate risk food holding temperature "
10990,"20140115",103102,"High Risk","Unclean hands or improper use of gloves"
10990,"20140115",103124,"Moderate Risk","Inadequately cleaned or sanitized food contact surfaces"
10990,"20140115",103144,"Low Risk","Unapproved or unmaintained equipment or utensils"
10990,"20120612",103145,"Low Risk","Improper storage of equipment utensils or linens"
10990,"20120612",103132,"Moderate Risk","Improper thawing methods "
10990,"20120612",103139,"Low Risk","Improper food storage"
10990,"20130116",103102,"High Risk","Unclean hands or improper use of gloves"
10990,"20130116",103142,"Low Risk","Unclean nonfood contact surfaces"
10990,"20140610",103139,"Low Risk","Improper food storage"
11018,"20150511",103109,"High Risk","Unclean or unsanitary food contact surfaces"
11018,"20150511",103119,"Moderate Risk","Inadequate and inaccessible handwashing facilities"
11018,"20150511",103154,"Low Risk","Unclean or degraded floors walls or ceilings"
11018,"20131017",103119,"Moderate Risk","Inadequate and inaccessible handwashing facilities"
11018,"20131017",103142,"Low Risk","Unclean nonfood contact surfaces"
11018,"20131017",103151,"Low Risk","Inadequate or unsanitary refuse containers or area or no garbage service"
11018,"20131017",103157,"Low Risk","Food safety certificate or food handler card not available"
11018,"20130108",103129,"Moderate Risk","Insufficient hot water or running water"
11018,"20130108",103143,"Low Risk","Inadequate warewashing facilities or equipment"
11018,"20130108",103150,"Low Risk","Improper or defective plumbing"
11018,"20130108",103151,"Low Risk","Inadequate or unsanitary refuse containers or area or no garbage service"
11018,"20140514",103151,"Low Risk","Inadequate or unsanitary refuse containers or area or no garbage service"
11018,"20140514",103124,"Moderate Risk","Inadequately cleaned or sanitized food contact surfaces"
11019,"20140904",103133,"Moderate Risk","Foods not protected from contamination"
11019,"20140904",103105,"High Risk","Improper cooling methods"
11019,"20140904",103149,"Low Risk","Wiping cloths not clean or properly stored or inadequate sanitizer"
11019,"20140904",103145,"Low Risk","Improper storage of equipment utensils or linens"
11019,"20140904",103157,"Low Risk","Food safety certificate or food handler card not available"
11019,"20140904",103114,"High Risk","High risk vermin infestation"
11019,"20140904",103156,"Low Risk","Permit license or inspection report not posted"
11019,"20140904",103137,"Low Risk","Improperly washed fruits and vegetables"
11019,"20130912",103147,"Low Risk","Inadequate ventilation or lighting"
11019,"20130912",103142,"Low Risk","Unclean nonfood contact surfaces"
11019,"20130912",103133,"Moderate Risk","Foods not protected from contamination"
11019,"20130912",103131,"Moderate Risk","Moderate risk vermin infestation"
11019,"20130912",103119,"Moderate Risk","Inadequate and inaccessible handwashing facilities"
11019,"20130912",103109,"High Risk","Unclean or unsanitary food contact surfaces"
11019,"20130912",103103,"High Risk","High risk food holding temperature "
11019,"20130912",103154,"Low Risk","Unclean or degraded floors walls or ceilings"
11034,"20150131",103149,"Low Risk","Wiping cloths not clean or properly stored or inadequate sanitizer"
11034,"20150131",103144,"Low Risk","Unapproved or unmaintained equipment or utensils"
11034,"20150131",103133,"Moderate Risk","Foods not protected from contamination"
11034,"20150131",103124,"Moderate Risk","Inadequately cleaned or sanitized food contact surfaces"
11034,"20150131",103147,"Low Risk","Inadequate ventilation or lighting"
11034,"20130518",103133,"Moderate Risk","Foods not protected from contamination"
11034,"20130518",103120,"Moderate Risk","Moderate risk food holding temperature "
11034,"20130518",103147,"Low Risk","Inadequate ventilation or lighting"
11034,"20140325",103103,"High Risk","High risk food holding temperature "
11034,"20140325",103124,"Moderate Risk","Inadequately cleaned or sanitized food contact surfaces"
11034,"20140325",103132,"Moderate Risk","Improper thawing methods "
11034,"20140325",103139,"Low Risk","Improper food storage"
11034,"20140325",103156,"Low Risk","Permit license or inspection report not posted"
11034,"20120811",103103,"High Risk","High risk food holding temperature "
11034,"20120811",103172,"High Risk","Mobile food facility with unapproved operating conditions"
11034,"20120811",103139,"Low Risk","Improper food storage"
11079,"20150210",103149,"Low Risk","Wiping cloths not clean or properly stored or inadequate sanitizer"
11079,"20150210",103139,"Low Risk","Improper food storage"
11079,"20140207",103142,"Low Risk","Unclean nonfood contact surfaces"
11079,"20120619",103142,"Low Risk","Unclean nonfood contact surfaces"
11079,"20120619",103157,"Low Risk","Food safety certificate or food handler card not available"
11079,"20120619",103156,"Low Risk","Permit license or inspection report not posted"
11079,"20120619",103150,"Low Risk","Improper or defective plumbing"
11079,"20130102",103120,"Moderate Risk","Moderate risk food holding temperature "
11079,"20130102",103157,"Low Risk","Food safety certificate or food handler card not available"
11079,"20130102",103142,"Low Risk","Unclean nonfood contact surfaces"
11195,"20140614",103158,"Low Risk","Unpermitted food facility"
11289,"20150212",103150,"Low Risk","Improper or defective plumbing"
11289,"20150212",103119,"Moderate Risk","Inadequate and inaccessible handwashing facilities"
11289,"20150212",103153,"Low Risk","Inadequate dressing rooms or improper storage of personal items"
11289,"20130606",103116,"Moderate Risk","Inadequate food safety knowledge or lack of certified food safety manager"
11289,"20120918",103120,"Moderate Risk","Moderate risk food holding temperature "
11289,"20120918",103157,"Low Risk","Food safety certificate or food handler card not available"
11304,"20130906",103119,"Moderate Risk","Inadequate and inaccessible handwashing facilities"
11304,"20130906",103132,"Moderate Risk","Improper thawing methods "
11304,"20130906",103149,"Low Risk","Wiping cloths not clean or properly stored or inadequate sanitizer"
11304,"20130906",103154,"Low Risk","Unclean or degraded floors walls or ceilings"
11304,"20121114",103120,"Moderate Risk","Moderate risk food holding temperature "
11304,"20121114",103142,"Low Risk","Unclean nonfood contact surfaces"
11304,"20121114",103150,"Low Risk","Improper or defective plumbing"
11304,"20121114",103154,"Low Risk","Unclean or degraded floors walls or ceilings"
11304,"20140520",103149,"Low Risk","Wiping cloths not clean or properly stored or inadequate sanitizer"
11304,"20140520",103132,"Moderate Risk","Improper thawing methods "
11304,"20140520",103142,"Low Risk","Unclean nonfood contact surfaces"
11304,"20140520",103154,"Low Risk","Unclean or degraded floors walls or ceilings"
11365,"20130503",103147,"Low Risk","Inadequate ventilation or lighting"
11365,"20130503",103142,"Low Risk","Unclean nonfood contact surfaces"
11365,"20130503",103156,"Low Risk","Permit license or inspection report not posted"
11365,"20130503",103103,"High Risk","High risk food holding temperature "
11379,"20150316",103143,"Low Risk","Inadequate warewashing facilities or equipment"
11379,"20150316",103114,"High Risk","High risk vermin infestation"
11379,"20150316",103103,"High Risk","High risk food holding temperature "
11379,"20130917",103154,"Low Risk","Unclean or degraded floors walls or ceilings"
11379,"20130917",103149,"Low Risk","Wiping cloths not clean or properly stored or inadequate sanitizer"
11416,"20140908",103134,"Moderate Risk","Other moderate risk violation"
11416,"20140908",103157,"Low Risk","Food safety certificate or food handler card not available"
11416,"20150210",103116,"Moderate Risk","Inadequate food safety knowledge or lack of certified food safety manager"
11416,"20140128",103109,"High Risk","Unclean or unsanitary food contact surfaces"
11416,"20140128",103116,"Moderate Risk","Inadequate food safety knowledge or lack of certified food safety manager"
11416,"20120907",103156,"Low Risk","Permit license or inspection report not posted"
11416,"20120907",103149,"Low Risk","Wiping cloths not clean or properly stored or inadequate sanitizer"
11416,"20130208",103149,"Low Risk","Wiping cloths not clean or properly stored or inadequate sanitizer"
11416,"20130208",103120,"Moderate Risk","Moderate risk food holding temperature "
11416,"20140522",103116,"Moderate Risk","Inadequate food safety knowledge or lack of certified food safety manager"
11487,"20130405",103102,"High Risk","Unclean hands or improper use of gloves"
11487,"20140408",103102,"High Risk","Unclean hands or improper use of gloves"
11487,"20140408",103133,"Moderate Risk","Foods not protected from contamination"
11487,"20120920",103119,"Moderate Risk","Inadequate and inaccessible handwashing facilities"
11487,"20121015",103119,"Moderate Risk","Inadequate and inaccessible handwashing facilities"
11488,"20130824",103129,"Moderate Risk","Insufficient hot water or running water"
11488,"20130405",103144,"Low Risk","Unapproved or unmaintained equipment or utensils"
11488,"20130405",103129,"Moderate Risk","Insufficient hot water or running water"
11488,"20140408",103150,"Low Risk","Improper or defective plumbing"
11491,"20120803",103148,"Low Risk","No thermometers or uncalibrated thermometers "
11491,"20120803",103139,"Low Risk","Improper food storage"
11491,"20120803",103133,"Moderate Risk","Foods not protected from contamination"
11492,"20150219",103161,"Low Risk","Low risk vermin infestation"
11492,"20150219",103151,"Low Risk","Inadequate or unsanitary refuse containers or area or no garbage service"
11492,"20150219",103116,"Moderate Risk","Inadequate food safety knowledge or lack of certified food safety manager"
11492,"20150219",103145,"Low Risk","Improper storage of equipment utensils or linens"
11492,"20150219",103154,"Low Risk","Unclean or degraded floors walls or ceilings"
11492,"20131114",103150,"Low Risk","Improper or defective plumbing"
11492,"20131114",103154,"Low Risk","Unclean or degraded floors walls or ceilings"
11492,"20131114",103124,"Moderate Risk","Inadequately cleaned or sanitized food contact surfaces"
11492,"20131114",103133,"Moderate Risk","Foods not protected from contamination"
11492,"20131114",103119,"Moderate Risk","Inadequate and inaccessible handwashing facilities"
11492,"20131114",103120,"Moderate Risk","Moderate risk food holding temperature "
11492,"20130207",103142,"Low Risk","Unclean nonfood contact surfaces"
11492,"20130207",103149,"Low Risk","Wiping cloths not clean or properly stored or inadequate sanitizer"
11492,"20130207",103154,"Low Risk","Unclean or degraded floors walls or ceilings"
11492,"20130207",103112,"High Risk","No hot water or running water"
11492,"20130207",103124,"Moderate Risk","Inadequately cleaned or sanitized food contact surfaces"
11492,"20130207",103120,"Moderate Risk","Moderate risk food holding temperature "
11492,"20140604",103139,"Low Risk","Improper food storage"
11492,"20140604",103142,"Low Risk","Unclean nonfood contact surfaces"
11492,"20140604",103109,"High Risk","Unclean or unsanitary food contact surfaces"
11492,"20140604",103144,"Low Risk","Unapproved or unmaintained equipment or utensils"
11492,"20140604",103154,"Low Risk","Unclean or degraded floors walls or ceilings"
11568,"20150227",103150,"Low Risk","Improper or defective plumbing"
11568,"20150227",103154,"Low Risk","Unclean or degraded floors walls or ceilings"
11568,"20150227",103142,"Low Risk","Unclean nonfood contact surfaces"
11568,"20140205",103153,"Low Risk","Inadequate dressing rooms or improper storage of personal items"
11568,"20140205",103148,"Low Risk","No thermometers or uncalibrated thermometers "
11568,"20130104",103109,"High Risk","Unclean or unsanitary food contact surfaces"
11568,"20130104",103144,"Low Risk","Unapproved or unmaintained equipment or utensils"
11568,"20130104",103121,"Moderate Risk","Inadequate procedures or records for time as a public health control "
11568,"20130104",103120,"Moderate Risk","Moderate risk food holding temperature "
11568,"20140529",103108,"High Risk","Contaminated or adulterated food"
11572,"20150502",103119,"Moderate Risk","Inadequate and inaccessible handwashing facilities"
11572,"20150502",103124,"Moderate Risk","Inadequately cleaned or sanitized food contact surfaces"
11594,"20140313",103162,"Low Risk","Other low risk violation"
11594,"20140313",103154,"Low Risk","Unclean or degraded floors walls or ceilings"
11633,"20141028",103124,"Moderate Risk","Inadequately cleaned or sanitized food contact surfaces"
11633,"20140210",103144,"Low Risk","Unapproved or unmaintained equipment or utensils"
11633,"20140210",103124,"Moderate Risk","Inadequately cleaned or sanitized food contact surfaces"
11633,"20130416",103124,"Moderate Risk","Inadequately cleaned or sanitized food contact surfaces"
11633,"20130416",103159,"Low Risk","Worker safety hazards"
11633,"20130416",103156,"Low Risk","Permit license or inspection report not posted"
11633,"20130416",103149,"Low Risk","Wiping cloths not clean or properly stored or inadequate sanitizer"
11633,"20130416",103132,"Moderate Risk","Improper thawing methods "
11633,"20130416",103103,"High Risk","High risk food holding temperature "
11633,"20130416",103133,"Moderate Risk","Foods not protected from contamination"
11633,"20130102",103161,"Low Risk","Low risk vermin infestation"
11633,"20130102",103120,"Moderate Risk","Moderate risk food holding temperature "
11835,"20141103",103124,"Moderate Risk","Inadequately cleaned or sanitized food contact surfaces"
11835,"20130429",103161,"Low Risk","Low risk vermin infestation"
11835,"20140429",103124,"Moderate Risk","Inadequately cleaned or sanitized food contact surfaces"
11835,"20120917",103161,"Low Risk","Low risk vermin infestation"
11835,"20120917",103139,"Low Risk","Improper food storage"
11860,"20130530",103154,"Low Risk","Unclean or degraded floors walls or ceilings"
11860,"20130530",103142,"Low Risk","Unclean nonfood contact surfaces"
11860,"20130530",103105,"High Risk","Improper cooling methods"
11860,"20121022",103154,"Low Risk","Unclean or degraded floors walls or ceilings"
11860,"20121022",103119,"Moderate Risk","Inadequate and inaccessible handwashing facilities"
11860,"20121022",103124,"Moderate Risk","Inadequately cleaned or sanitized food contact surfaces"
11860,"20140602",103150,"Low Risk","Improper or defective plumbing"
11860,"20140602",103124,"Moderate Risk","Inadequately cleaned or sanitized food contact surfaces"
11860,"20140602",103133,"Moderate Risk","Foods not protected from contamination"
12029,"20150122",103144,"Low Risk","Unapproved or unmaintained equipment or utensils"
12029,"20150122",103131,"Moderate Risk","Moderate risk vermin infestation"
12029,"20150122",103120,"Moderate Risk","Moderate risk food holding temperature "
12029,"20131209",103119,"Moderate Risk","Inadequate and inaccessible handwashing facilities"
12029,"20130322",103157,"Low Risk","Food safety certificate or food handler card not available"
12029,"20130322",103123,"Moderate Risk","Food in poor condition"
12029,"20120821",103152,"Low Risk","Unclean unmaintained or improperly constructed toilet facilities"
12083,"20150223",103149,"Low Risk","Wiping cloths not clean or properly stored or inadequate sanitizer"
12083,"20150223",103133,"Moderate Risk","Foods not protected from contamination"
12083,"20150223",103139,"Low Risk","Improper food storage"
12083,"20131017",103102,"High Risk","Unclean hands or improper use of gloves"
12083,"20131017",103145,"Low Risk","Improper storage of equipment utensils or linens"
12083,"20131017",103158,"Low Risk","Unpermitted food facility"
12083,"20131017",103105,"High Risk","Improper cooling methods"
12083,"20140528",103119,"Moderate Risk","Inadequate and inaccessible handwashing facilities"
12083,"20140528",103149,"Low Risk","Wiping cloths not clean or properly stored or inadequate sanitizer"
12083,"20140528",103147,"Low Risk","Inadequate ventilation or lighting"
12083,"20140528",103144,"Low Risk","Unapproved or unmaintained equipment or utensils"
12083,"20140528",103133,"Moderate Risk","Foods not protected from contamination"
12168,"20140902",103152,"Low Risk","Unclean unmaintained or improperly constructed toilet facilities"
12168,"20140902",103149,"Low Risk","Wiping cloths not clean or properly stored or inadequate sanitizer"
12168,"20140902",103142,"Low Risk","Unclean nonfood contact surfaces"
12168,"20140902",103154,"Low Risk","Unclean or degraded floors walls or ceilings"
12168,"20140309",103120,"Moderate Risk","Moderate risk food holding temperature "
12168,"20140309",103139,"Low Risk","Improper food storage"
12168,"20140309",103145,"Low Risk","Improper storage of equipment utensils or linens"
12168,"20121228",103154,"Low Risk","Unclean or degraded floors walls or ceilings"
12168,"20121228",103145,"Low Risk","Improper storage of equipment utensils or linens"
12168,"20121228",103139,"Low Risk","Improper food storage"
12168,"20121228",103138,"Low Risk","Improper storage use or identification of toxic substances"
12168,"20140609",103135,"Low Risk","No person in charge of food facility"
12168,"20140609",103149,"Low Risk","Wiping cloths not clean or properly stored or inadequate sanitizer"
12168,"20140609",103152,"Low Risk","Unclean unmaintained or improperly constructed toilet facilities"
12168,"20140609",103159,"Low Risk","Worker safety hazards"
12168,"20140609",103150,"Low Risk","Improper or defective plumbing"
12199,"20130910",103103,"High Risk","High risk food holding temperature "
12199,"20130910",103132,"Moderate Risk","Improper thawing methods "
12199,"20130311",103133,"Moderate Risk","Foods not protected from contamination"
12199,"20130311",103105,"High Risk","Improper cooling methods"
12199,"20140422",103120,"Moderate Risk","Moderate risk food holding temperature "
12199,"20140422",103147,"Low Risk","Inadequate ventilation or lighting"
12199,"20120917",103129,"Moderate Risk","Insufficient hot water or running water"
12199,"20120917",103144,"Low Risk","Unapproved or unmaintained equipment or utensils"
12199,"20120917",103147,"Low Risk","Inadequate ventilation or lighting"
12285,"20130605",103144,"Low Risk","Unapproved or unmaintained equipment or utensils"
12285,"20140630",103129,"Moderate Risk","Insufficient hot water or running water"
12285,"20140630",103144,"Low Risk","Unapproved or unmaintained equipment or utensils"
12285,"20140630",103119,"Moderate Risk","Inadequate and inaccessible handwashing facilities"
12285,"20140630",103103,"High Risk","High risk food holding temperature "
12344,"20150312",103120,"Moderate Risk","Moderate risk food holding temperature "
12344,"20140218",103120,"Moderate Risk","Moderate risk food holding temperature "
12344,"20140218",103142,"Low Risk","Unclean nonfood contact surfaces"
12344,"20121031",103103,"High Risk","High risk food holding temperature "
12344,"20121031",103107,"High Risk","Improper reheating of food"
12344,"20121031",103139,"Low Risk","Improper food storage"
12344,"20121031",103142,"Low Risk","Unclean nonfood contact surfaces"
12344,"20121031",103119,"Moderate Risk","Inadequate and inaccessible handwashing facilities"
12768,"20150406",103120,"Moderate Risk","Moderate risk food holding temperature "
12768,"20130529",103139,"Low Risk","Improper food storage"
12768,"20130529",103142,"Low Risk","Unclean nonfood contact surfaces"
12768,"20140303",103116,"Moderate Risk","Inadequate food safety knowledge or lack of certified food safety manager"
12768,"20140303",103139,"Low Risk","Improper food storage"
12768,"20120912",103156,"Low Risk","Permit license or inspection report not posted"
13041,"20150327",103124,"Moderate Risk","Inadequately cleaned or sanitized food contact surfaces"
13041,"20150327",103144,"Low Risk","Unapproved or unmaintained equipment or utensils"
13041,"20150327",103156,"Low Risk","Permit license or inspection report not posted"
13041,"20150327",103154,"Low Risk","Unclean or degraded floors walls or ceilings"
13041,"20120829",103145,"Low Risk","Improper storage of equipment utensils or linens"
13041,"20120829",103156,"Low Risk","Permit license or inspection report not posted"
13041,"20120829",103124,"Moderate Risk","Inadequately cleaned or sanitized food contact surfaces"
13041,"20120829",103120,"Moderate Risk","Moderate risk food holding temperature "
13041,"20130206",103109,"High Risk","Unclean or unsanitary food contact surfaces"
13041,"20140515",103154,"Low Risk","Unclean or degraded floors walls or ceilings"
13041,"20140515",103124,"Moderate Risk","Inadequately cleaned or sanitized food contact surfaces"
13041,"20140515",103157,"Low Risk","Food safety certificate or food handler card not available"
13041,"20140515",103139,"Low Risk","Improper food storage"
13218,"20150603",103121,"Moderate Risk","Inadequate procedures or records for time as a public health control "
13218,"20150603",103139,"Low Risk","Improper food storage"
13218,"20150603",103149,"Low Risk","Wiping cloths not clean or properly stored or inadequate sanitizer"
13218,"20150603",103156,"Low Risk","Permit license or inspection report not posted"
13218,"20150603",103103,"High Risk","High risk food holding temperature "
13218,"20150603",103154,"Low Risk","Unclean or degraded floors walls or ceilings"
13218,"20131106",103103,"High Risk","High risk food holding temperature "
13218,"20131106",103138,"Low Risk","Improper storage use or identification of toxic substances"
13218,"20131106",103116,"Moderate Risk","Inadequate food safety knowledge or lack of certified food safety manager"
13218,"20131106",103154,"Low Risk","Unclean or degraded floors walls or ceilings"
13218,"20131106",103124,"Moderate Risk","Inadequately cleaned or sanitized food contact surfaces"
13218,"20121115",103148,"Low Risk","No thermometers or uncalibrated thermometers "
13218,"20121115",103109,"High Risk","Unclean or unsanitary food contact surfaces"
13218,"20121115",103138,"Low Risk","Improper storage use or identification of toxic substances"
13218,"20121115",103151,"Low Risk","Inadequate or unsanitary refuse containers or area or no garbage service"
13218,"20121115",103120,"Moderate Risk","Moderate risk food holding temperature "
13218,"20121115",103154,"Low Risk","Unclean or degraded floors walls or ceilings"
13226,"20130925",103120,"Moderate Risk","Moderate risk food holding temperature "
13226,"20121213",103150,"Low Risk","Improper or defective plumbing"
13274,"20130626",103149,"Low Risk","Wiping cloths not clean or properly stored or inadequate sanitizer"
13274,"20130626",103142,"Low Risk","Unclean nonfood contact surfaces"
13274,"20130626",103131,"Moderate Risk","Moderate risk vermin infestation"
13274,"20130626",103120,"Moderate Risk","Moderate risk food holding temperature "
13274,"20140320",103105,"High Risk","Improper cooling methods"
13274,"20140320",103116,"Moderate Risk","Inadequate food safety knowledge or lack of certified food safety manager"
13274,"20140320",103124,"Moderate Risk","Inadequately cleaned or sanitized food contact surfaces"
13274,"20140320",103133,"Moderate Risk","Foods not protected from contamination"
13274,"20140320",103139,"Low Risk","Improper food storage"
13274,"20140320",103148,"Low Risk","No thermometers or uncalibrated thermometers "
13274,"20140320",103103,"High Risk","High risk food holding temperature "
13313,"20130918",103156,"Low Risk","Permit license or inspection report not posted"
13374,"20140829",103124,"Moderate Risk","Inadequately cleaned or sanitized food contact surfaces"
13374,"20140829",103120,"Moderate Risk","Moderate risk food holding temperature "
13374,"20140829",103143,"Low Risk","Inadequate warewashing facilities or equipment"
13374,"20150225",103143,"Low Risk","Inadequate warewashing facilities or equipment"
13374,"20150225",103120,"Moderate Risk","Moderate risk food holding temperature "
13374,"20131108",103118,"Moderate Risk","Employee eating or smoking"
13374,"20131108",103139,"Low Risk","Improper food storage"
13374,"20130411",103145,"Low Risk","Improper storage of equipment utensils or linens"
13374,"20130411",103133,"Moderate Risk","Foods not protected from contamination"
13374,"20130411",103154,"Low Risk","Unclean or degraded floors walls or ceilings"
13374,"20140327",103139,"Low Risk","Improper food storage"
13374,"20120928",103129,"Moderate Risk","Insufficient hot water or running water"
13374,"20120928",103124,"Moderate Risk","Inadequately cleaned or sanitized food contact surfaces"
13374,"20120928",103143,"Low Risk","Inadequate warewashing facilities or equipment"
13426,"20140902",103133,"Moderate Risk","Foods not protected from contamination"
13426,"20140902",103114,"High Risk","High risk vermin infestation"
13426,"20140902",103109,"High Risk","Unclean or unsanitary food contact surfaces"
13426,"20140902",103108,"High Risk","Contaminated or adulterated food"
13426,"20130702",103116,"Moderate Risk","Inadequate food safety knowledge or lack of certified food safety manager"
13426,"20130702",103119,"Moderate Risk","Inadequate and inaccessible handwashing facilities"
13426,"20130702",103142,"Low Risk","Unclean nonfood contact surfaces"
13426,"20130702",103144,"Low Risk","Unapproved or unmaintained equipment or utensils"
13426,"20140226",103119,"Moderate Risk","Inadequate and inaccessible handwashing facilities"
13426,"20140226",103131,"Moderate Risk","Moderate risk vermin infestation"
13426,"20140226",103144,"Low Risk","Unapproved or unmaintained equipment or utensils"
13427,"20140221",103120,"Moderate Risk","Moderate risk food holding temperature "
13428,"20141105",103149,"Low Risk","Wiping cloths not clean or properly stored or inadequate sanitizer"
13428,"20141105",103144,"Low Risk","Unapproved or unmaintained equipment or utensils"
13428,"20141105",103119,"Moderate Risk","Inadequate and inaccessible handwashing facilities"
13428,"20130606",103120,"Moderate Risk","Moderate risk food holding temperature "
13428,"20130606",103114,"High Risk","High risk vermin infestation"
13428,"20130606",103154,"Low Risk","Unclean or degraded floors walls or ceilings"
13428,"20130606",103144,"Low Risk","Unapproved or unmaintained equipment or utensils"
13428,"20140327",103156,"Low Risk","Permit license or inspection report not posted"
13428,"20140327",103154,"Low Risk","Unclean or degraded floors walls or ceilings"
13428,"20120918",103103,"High Risk","High risk food holding temperature "
13428,"20120918",103119,"Moderate Risk","Inadequate and inaccessible handwashing facilities"
13428,"20120918",103148,"Low Risk","No thermometers or uncalibrated thermometers "
13623,"20140922",103148,"Low Risk","No thermometers or uncalibrated thermometers "
13623,"20140922",103105,"High Risk","Improper cooling methods"
13623,"20140922",103115,"High Risk","Other high risk violation"
13623,"20130613",103148,"Low Risk","No thermometers or uncalibrated thermometers "
13623,"20130613",103120,"Moderate Risk","Moderate risk food holding temperature "
13623,"20130613",103105,"High Risk","Improper cooling methods"
13623,"20120620",103144,"Low Risk","Unapproved or unmaintained equipment or utensils"
13623,"20120620",103103,"High Risk","High risk food holding temperature "
13753,"20131031",103133,"Moderate Risk","Foods not protected from contamination"
13753,"20131031",103102,"High Risk","Unclean hands or improper use of gloves"
13753,"20131031",103129,"Moderate Risk","Insufficient hot water or running water"
13753,"20131031",103103,"High Risk","High risk food holding temperature "
13753,"20130404",103105,"High Risk","Improper cooling methods"
13753,"20130404",103116,"Moderate Risk","Inadequate food safety knowledge or lack of certified food safety manager"
13753,"20130404",103129,"Moderate Risk","Insufficient hot water or running water"
13753,"20130404",103103,"High Risk","High risk food holding temperature "
13753,"20140529",103157,"Low Risk","Food safety certificate or food handler card not available"
13753,"20140529",103103,"High Risk","High risk food holding temperature "
13753,"20140529",103133,"Moderate Risk","Foods not protected from contamination"
13753,"20140529",103142,"Low Risk","Unclean nonfood contact surfaces"
13814,"20140909",103103,"High Risk","High risk food holding temperature "
13814,"20140909",103142,"Low Risk","Unclean nonfood contact surfaces"
13814,"20140909",103144,"Low Risk","Unapproved or unmaintained equipment or utensils"
13814,"20140909",103138,"Low Risk","Improper storage use or identification of toxic substances"
13814,"20140909",103120,"Moderate Risk","Moderate risk food holding temperature "
13814,"20131113",103144,"Low Risk","Unapproved or unmaintained equipment or utensils"
13814,"20131113",103120,"Moderate Risk","Moderate risk food holding temperature "
13814,"20130603",103147,"Low Risk","Inadequate ventilation or lighting"
13814,"20130603",103149,"Low Risk","Wiping cloths not clean or properly stored or inadequate sanitizer"
13814,"20130603",103119,"Moderate Risk","Inadequate and inaccessible handwashing facilities"
13814,"20130603",103138,"Low Risk","Improper storage use or identification of toxic substances"
13814,"20130603",103120,"Moderate Risk","Moderate risk food holding temperature "
13814,"20130603",103114,"High Risk","High risk vermin infestation"
13814,"20130603",103109,"High Risk","Unclean or unsanitary food contact surfaces"
13814,"20121127",103154,"Low Risk","Unclean or degraded floors walls or ceilings"
13814,"20121127",103119,"Moderate Risk","Inadequate and inaccessible handwashing facilities"
13814,"20121127",103147,"Low Risk","Inadequate ventilation or lighting"
13814,"20121127",103138,"Low Risk","Improper storage use or identification of toxic substances"
13814,"20121127",103120,"Moderate Risk","Moderate risk food holding temperature "
13814,"20121127",103144,"Low Risk","Unapproved or unmaintained equipment or utensils"
13814,"20140519",103120,"Moderate Risk","Moderate risk food holding temperature "
13831,"20141104",103105,"High Risk","Improper cooling methods"
13831,"20141104",103120,"Moderate Risk","Moderate risk food holding temperature "
13831,"20140320",103131,"Moderate Risk","Moderate risk vermin infestation"
13831,"20140320",103149,"Low Risk","Wiping cloths not clean or properly stored or inadequate sanitizer"
13831,"20140320",103120,"Moderate Risk","Moderate risk food holding temperature "
13837,"20150109",103124,"Moderate Risk","Inadequately cleaned or sanitized food contact surfaces"
13837,"20150109",103139,"Low Risk","Improper food storage"
13837,"20150109",103105,"High Risk","Improper cooling methods"
13837,"20130611",103154,"Low Risk","Unclean or degraded floors walls or ceilings"
13837,"20130611",103150,"Low Risk","Improper or defective plumbing"
13837,"20140512",103154,"Low Risk","Unclean or degraded floors walls or ceilings"
13837,"20140512",103144,"Low Risk","Unapproved or unmaintained equipment or utensils"
13838,"20140908",103145,"Low Risk","Improper storage of equipment utensils or linens"
13838,"20140908",103144,"Low Risk","Unapproved or unmaintained equipment or utensils"
13838,"20140106",103124,"Moderate Risk","Inadequately cleaned or sanitized food contact surfaces"
13965,"20141027",103156,"Low Risk","Permit license or inspection report not posted"
13965,"20141027",103154,"Low Risk","Unclean or degraded floors walls or ceilings"
13965,"20150413",103154,"Low Risk","Unclean or degraded floors walls or ceilings"
13965,"20150413",103149,"Low Risk","Wiping cloths not clean or properly stored or inadequate sanitizer"
13965,"20140204",103149,"Low Risk","Wiping cloths not clean or properly stored or inadequate sanitizer"
13965,"20130531",103150,"Low Risk","Improper or defective plumbing"
13965,"20130531",103119,"Moderate Risk","Inadequate and inaccessible handwashing facilities"
13965,"20130531",103124,"Moderate Risk","Inadequately cleaned or sanitized food contact surfaces"
13965,"20130531",103139,"Low Risk","Improper food storage"
14005,"20141217",103102,"High Risk","Unclean hands or improper use of gloves"
14005,"20141217",103156,"Low Risk","Permit license or inspection report not posted"
14005,"20141217",103144,"Low Risk","Unapproved or unmaintained equipment or utensils"
14005,"20141217",103142,"Low Risk","Unclean nonfood contact surfaces"
14005,"20131210",103132,"Moderate Risk","Improper thawing methods "
14005,"20131210",103158,"Low Risk","Unpermitted food facility"
14005,"20130612",103145,"Low Risk","Improper storage of equipment utensils or linens"
14005,"20121127",103116,"Moderate Risk","Inadequate food safety knowledge or lack of certified food safety manager"
14005,"20121127",103131,"Moderate Risk","Moderate risk vermin infestation"
14005,"20121127",103135,"Low Risk","No person in charge of food facility"
14005,"20121127",103145,"Low Risk","Improper storage of equipment utensils or linens"
14005,"20121127",103109,"High Risk","Unclean or unsanitary food contact surfaces"
14005,"20121127",103103,"High Risk","High risk food holding temperature "
14005,"20140521",103133,"Moderate Risk","Foods not protected from contamination"
14005,"20140521",103120,"Moderate Risk","Moderate risk food holding temperature "
14005,"20140521",103145,"Low Risk","Improper storage of equipment utensils or linens"
14027,"20131105",103144,"Low Risk","Unapproved or unmaintained equipment or utensils"
14027,"20131105",103112,"High Risk","No hot water or running water"
14027,"20131105",103109,"High Risk","Unclean or unsanitary food contact surfaces"
14027,"20130423",103157,"Low Risk","Food safety certificate or food handler card not available"
14027,"20130423",103103,"High Risk","High risk food holding temperature "
14027,"20130423",103112,"High Risk","No hot water or running water"
14027,"20121015",103139,"Low Risk","Improper food storage"
14027,"20121015",103148,"Low Risk","No thermometers or uncalibrated thermometers "
14027,"20121015",103157,"Low Risk","Food safety certificate or food handler card not available"
14027,"20140609",103157,"Low Risk","Food safety certificate or food handler card not available"
14027,"20140609",103145,"Low Risk","Improper storage of equipment utensils or linens"
14027,"20140609",103148,"Low Risk","No thermometers or uncalibrated thermometers "
14049,"20130430",103154,"Low Risk","Unclean or degraded floors walls or ceilings"
14049,"20130430",103150,"Low Risk","Improper or defective plumbing"
14071,"20141125",103119,"Moderate Risk","Inadequate and inaccessible handwashing facilities"
14071,"20141125",103145,"Low Risk","Improper storage of equipment utensils or linens"
14071,"20140418",103103,"High Risk","High risk food holding temperature "
14071,"20140418",103116,"Moderate Risk","Inadequate food safety knowledge or lack of certified food safety manager"
14071,"20121211",103120,"Moderate Risk","Moderate risk food holding temperature "
14075,"20130606",103124,"Moderate Risk","Inadequately cleaned or sanitized food contact surfaces"
14075,"20140609",103120,"Moderate Risk","Moderate risk food holding temperature "
14285,"20141105",103121,"Moderate Risk","Inadequate procedures or records for time as a public health control "
14285,"20141105",103105,"High Risk","Improper cooling methods"
14285,"20130808",103158,"Low Risk","Unpermitted food facility"
14285,"20130808",103107,"High Risk","Improper reheating of food"
14285,"20140326",103121,"Moderate Risk","Inadequate procedures or records for time as a public health control "
14285,"20140326",103105,"High Risk","Improper cooling methods"
14303,"20120918",103144,"Low Risk","Unapproved or unmaintained equipment or utensils"
14303,"20120918",103157,"Low Risk","Food safety certificate or food handler card not available"
14303,"20120621",103139,"Low Risk","Improper food storage"
14303,"20120918",103138,"Low Risk","Improper storage use or identification of toxic substances"
14303,"20120621",103119,"Moderate Risk","Inadequate and inaccessible handwashing facilities"
14303,"20120621",103120,"Moderate Risk","Moderate risk food holding temperature "
14303,"20120918",103134,"Moderate Risk","Other moderate risk violation"
14429,"20130826",103124,"Moderate Risk","Inadequately cleaned or sanitized food contact surfaces"
14429,"20140617",103124,"Moderate Risk","Inadequately cleaned or sanitized food contact surfaces"
14429,"20140617",103150,"Low Risk","Improper or defective plumbing"
14429,"20140617",103154,"Low Risk","Unclean or degraded floors walls or ceilings"
14568,"20130107",103149,"Low Risk","Wiping cloths not clean or properly stored or inadequate sanitizer"
14568,"20130107",103145,"Low Risk","Improper storage of equipment utensils or linens"
14568,"20130107",103157,"Low Risk","Food safety certificate or food handler card not available"
14568,"20130107",103154,"Low Risk","Unclean or degraded floors walls or ceilings"
14575,"20131107",103144,"Low Risk","Unapproved or unmaintained equipment or utensils"
14575,"20131107",103142,"Low Risk","Unclean nonfood contact surfaces"
14575,"20131107",103138,"Low Risk","Improper storage use or identification of toxic substances"
14575,"20130507",103120,"Moderate Risk","Moderate risk food holding temperature "
14575,"20130507",103161,"Low Risk","Low risk vermin infestation"
14575,"20130507",103144,"Low Risk","Unapproved or unmaintained equipment or utensils"
14575,"20130507",103139,"Low Risk","Improper food storage"
14575,"20121107",103144,"Low Risk","Unapproved or unmaintained equipment or utensils"
14575,"20121107",103133,"Moderate Risk","Foods not protected from contamination"
14575,"20121107",103131,"Moderate Risk","Moderate risk vermin infestation"
14575,"20121107",103147,"Low Risk","Inadequate ventilation or lighting"
14575,"20121107",103116,"Moderate Risk","Inadequate food safety knowledge or lack of certified food safety manager"
14575,"20140516",103161,"Low Risk","Low risk vermin infestation"
14575,"20140516",103144,"Low Risk","Unapproved or unmaintained equipment or utensils"
14575,"20140516",103142,"Low Risk","Unclean nonfood contact surfaces"
14575,"20140516",103155,"Low Risk","Unapproved  living quarters in food facility"
14575,"20140516",103120,"Moderate Risk","Moderate risk food holding temperature "
14575,"20140516",103138,"Low Risk","Improper storage use or identification of toxic substances"
14577,"20130426",103139,"Low Risk","Improper food storage"
14577,"20130426",103108,"High Risk","Contaminated or adulterated food"
14577,"20130426",103164,"N/A",
14577,"20130426",103109,"High Risk","Unclean or unsanitary food contact surfaces"
14577,"20130426",103119,"Moderate Risk","Inadequate and inaccessible handwashing facilities"
14577,"20130426",103142,"Low Risk","Unclean nonfood contact surfaces"
14577,"20130426",103144,"Low Risk","Unapproved or unmaintained equipment or utensils"
14577,"20130426",103149,"Low Risk","Wiping cloths not clean or properly stored or inadequate sanitizer"
14577,"20130426",103154,"Low Risk","Unclean or degraded floors walls or ceilings"
14577,"20130426",103156,"Low Risk","Permit license or inspection report not posted"
14577,"20130426",103163,"N/A",
14577,"20130426",103103,"High Risk","High risk food holding temperature "
14577,"20130426",103114,"High Risk","High risk vermin infestation"
14577,"20120717",103120,"Moderate Risk","Moderate risk food holding temperature "
14577,"20120717",103142,"Low Risk","Unclean nonfood contact surfaces"
14577,"20120717",103124,"Moderate Risk","Inadequately cleaned or sanitized food contact surfaces"
14577,"20120717",103119,"Moderate Risk","Inadequate and inaccessible handwashing facilities"
14577,"20120717",103131,"Moderate Risk","Moderate risk vermin infestation"
14577,"20140818",103114,"High Risk","High risk vermin infestation"
14577,"20140818",103154,"Low Risk","Unclean or degraded floors walls or ceilings"
14577,"20140818",103130,"Moderate Risk","Inadequate sewage or wastewater disposal"
14577,"20140818",103116,"Moderate Risk","Inadequate food safety knowledge or lack of certified food safety manager"
14577,"20140818",103119,"Moderate Risk","Inadequate and inaccessible handwashing facilities"
14688,"20131212",103124,"Moderate Risk","Inadequately cleaned or sanitized food contact surfaces"
14688,"20131212",103147,"Low Risk","Inadequate ventilation or lighting"
14688,"20131212",103133,"Moderate Risk","Foods not protected from contamination"
14688,"20121107",103157,"Low Risk","Food safety certificate or food handler card not available"
14688,"20140625",103103,"High Risk","High risk food holding temperature "
14688,"20140625",103119,"Moderate Risk","Inadequate and inaccessible handwashing facilities"
14740,"20141029",103143,"Low Risk","Inadequate warewashing facilities or equipment"
14740,"20150331",103109,"High Risk","Unclean or unsanitary food contact surfaces"
14740,"20131030",103144,"Low Risk","Unapproved or unmaintained equipment or utensils"
14740,"20131030",103149,"Low Risk","Wiping cloths not clean or properly stored or inadequate sanitizer"
14740,"20130425",103149,"Low Risk","Wiping cloths not clean or properly stored or inadequate sanitizer"
14740,"20140429",103119,"Moderate Risk","Inadequate and inaccessible handwashing facilities"
14743,"20141029",103129,"Moderate Risk","Insufficient hot water or running water"
14743,"20131030",103149,"Low Risk","Wiping cloths not clean or properly stored or inadequate sanitizer"
14743,"20131030",103129,"Moderate Risk","Insufficient hot water or running water"
14743,"20130425",103157,"Low Risk","Food safety certificate or food handler card not available"
14909,"20130821",103150,"Low Risk","Improper or defective plumbing"
14951,"20130122",103116,"Moderate Risk","Inadequate food safety knowledge or lack of certified food safety manager"
14951,"20130122",103103,"High Risk","High risk food holding temperature "
14951,"20130122",103148,"Low Risk","No thermometers or uncalibrated thermometers "
14951,"20130122",103105,"High Risk","Improper cooling methods"
14971,"20141124",103149,"Low Risk","Wiping cloths not clean or properly stored or inadequate sanitizer"
14971,"20130918",103127,"Moderate Risk","Noncompliance with HAACP plan or variance"
14971,"20130918",103157,"Low Risk","Food safety certificate or food handler card not available"
14971,"20140219",103120,"Moderate Risk","Moderate risk food holding temperature "
14971,"20120928",103144,"Low Risk","Unapproved or unmaintained equipment or utensils"
14971,"20120928",103145,"Low Risk","Improper storage of equipment utensils or linens"
14971,"20120928",103150,"Low Risk","Improper or defective plumbing"
14971,"20120928",103152,"Low Risk","Unclean unmaintained or improperly constructed toilet facilities"
14971,"20130215",103116,"Moderate Risk","Inadequate food safety knowledge or lack of certified food safety manager"
15055,"20141006",103124,"Moderate Risk","Inadequately cleaned or sanitized food contact surfaces"
15055,"20141006",103142,"Low Risk","Unclean nonfood contact surfaces"
15055,"20150428",103154,"Low Risk","Unclean or degraded floors walls or ceilings"
15055,"20150428",103142,"Low Risk","Unclean nonfood contact surfaces"
15055,"20150428",103124,"Moderate Risk","Inadequately cleaned or sanitized food contact surfaces"
15055,"20131029",103102,"High Risk","Unclean hands or improper use of gloves"
15055,"20131029",103149,"Low Risk","Wiping cloths not clean or properly stored or inadequate sanitizer"
15055,"20131029",103142,"Low Risk","Unclean nonfood contact surfaces"
15055,"20130424",103108,"High Risk","Contaminated or adulterated food"
15055,"20130424",103102,"High Risk","Unclean hands or improper use of gloves"
15055,"20130424",103149,"Low Risk","Wiping cloths not clean or properly stored or inadequate sanitizer"
15055,"20140410",103139,"Low Risk","Improper food storage"
15055,"20140410",103119,"Moderate Risk","Inadequate and inaccessible handwashing facilities"
15055,"20120823",103149,"Low Risk","Wiping cloths not clean or properly stored or inadequate sanitizer"
15094,"20150428",103131,"Moderate Risk","Moderate risk vermin infestation"
15094,"20150428",103123,"Moderate Risk","Food in poor condition"
15094,"20140321",103143,"Low Risk","Inadequate warewashing facilities or equipment"
15094,"20140321",103161,"Low Risk","Low risk vermin infestation"
15120,"20131017",103141,"Low Risk","Improper food labeling or menu misrepresentation"
15120,"20131017",103156,"Low Risk","Permit license or inspection report not posted"
15120,"20130409",103116,"Moderate Risk","Inadequate food safety knowledge or lack of certified food safety manager"
15120,"20130409",103149,"Low Risk","Wiping cloths not clean or properly stored or inadequate sanitizer"
15120,"20130409",103119,"Moderate Risk","Inadequate and inaccessible handwashing facilities"
15120,"20130409",103129,"Moderate Risk","Insufficient hot water or running water"
15120,"20140501",103141,"Low Risk","Improper food labeling or menu misrepresentation"
15120,"20140501",103120,"Moderate Risk","Moderate risk food holding temperature "
15120,"20140501",103142,"Low Risk","Unclean nonfood contact surfaces"
15120,"20120924",103129,"Moderate Risk","Insufficient hot water or running water"
15120,"20120924",103157,"Low Risk","Food safety certificate or food handler card not available"
15120,"20120924",103119,"Moderate Risk","Inadequate and inaccessible handwashing facilities"
15184,"20140916",103131,"Moderate Risk","Moderate risk vermin infestation"
15184,"20140916",103124,"Moderate Risk","Inadequately cleaned or sanitized food contact surfaces"
15184,"20140916",103120,"Moderate Risk","Moderate risk food holding temperature "
15184,"20140916",103118,"Moderate Risk","Employee eating or smoking"
15184,"20140916",103105,"High Risk","Improper cooling methods"
15184,"20140916",103133,"Moderate Risk","Foods not protected from contamination"
15184,"20130530",103142,"Low Risk","Unclean nonfood contact surfaces"
15184,"20130530",103102,"High Risk","Unclean hands or improper use of gloves"
15184,"20130530",103149,"Low Risk","Wiping cloths not clean or properly stored or inadequate sanitizer"
15184,"20130530",103147,"Low Risk","Inadequate ventilation or lighting"
15184,"20130530",103131,"Moderate Risk","Moderate risk vermin infestation"
15184,"20130530",103116,"Moderate Risk","Inadequate food safety knowledge or lack of certified food safety manager"
15184,"20140213",103142,"Low Risk","Unclean nonfood contact surfaces"
15184,"20140213",103120,"Moderate Risk","Moderate risk food holding temperature "
15184,"20140213",103131,"Moderate Risk","Moderate risk vermin infestation"
15184,"20140213",103144,"Low Risk","Unapproved or unmaintained equipment or utensils"
15184,"20140213",103149,"Low Risk","Wiping cloths not clean or properly stored or inadequate sanitizer"
15184,"20120823",103144,"Low Risk","Unapproved or unmaintained equipment or utensils"
15184,"20120823",103119,"Moderate Risk","Inadequate and inaccessible handwashing facilities"
15184,"20120823",103145,"Low Risk","Improper storage of equipment utensils or linens"
15184,"20120823",103133,"Moderate Risk","Foods not protected from contamination"
15184,"20120823",103139,"Low Risk","Improper food storage"
15184,"20120823",103103,"High Risk","High risk food holding temperature "
15184,"20120823",103147,"Low Risk","Inadequate ventilation or lighting"
15184,"20120823",103131,"Moderate Risk","Moderate risk vermin infestation"
15184,"20120823",103149,"Low Risk","Wiping cloths not clean or properly stored or inadequate sanitizer"
15184,"20120823",103154,"Low Risk","Unclean or degraded floors walls or ceilings"
15184,"20120823",103124,"Moderate Risk","Inadequately cleaned or sanitized food contact surfaces"
15222,"20130607",103120,"Moderate Risk","Moderate risk food holding temperature "
15222,"20130607",103148,"Low Risk","No thermometers or uncalibrated thermometers "
15279,"20130613",103161,"Low Risk","Low risk vermin infestation"
15279,"20121220",103142,"Low Risk","Unclean nonfood contact surfaces"
15279,"20121220",103152,"Low Risk","Unclean unmaintained or improperly constructed toilet facilities"
15279,"20121220",103157,"Low Risk","Food safety certificate or food handler card not available"
15279,"20121220",103161,"Low Risk","Low risk vermin infestation"
15279,"20140604",103120,"Moderate Risk","Moderate risk food holding temperature "
15279,"20140604",103161,"Low Risk","Low risk vermin infestation"
15279,"20140604",103144,"Low Risk","Unapproved or unmaintained equipment or utensils"
15535,"20130606",103145,"Low Risk","Improper storage of equipment utensils or linens"
15535,"20130606",103147,"Low Risk","Inadequate ventilation or lighting"
15535,"20130606",103156,"Low Risk","Permit license or inspection report not posted"
15535,"20140317",103156,"Low Risk","Permit license or inspection report not posted"
15535,"20121206",103144,"Low Risk","Unapproved or unmaintained equipment or utensils"
15535,"20121206",103154,"Low Risk","Unclean or degraded floors walls or ceilings"
15536,"20141103",103161,"Low Risk","Low risk vermin infestation"
15536,"20120813",103131,"Moderate Risk","Moderate risk vermin infestation"
15536,"20130222",103131,"Moderate Risk","Moderate risk vermin infestation"
15738,"20130913",103105,"High Risk","Improper cooling methods"
15738,"20130913",103117,"Moderate Risk","Discharge from employee nose mouth or eye"
15738,"20130913",103134,"Moderate Risk","Other moderate risk violation"
15738,"20130913",103133,"Moderate Risk","Foods not protected from contamination"
15738,"20130913",103145,"Low Risk","Improper storage of equipment utensils or linens"
15738,"20130913",103103,"High Risk","High risk food holding temperature "
15738,"20130913",103153,"Low Risk","Inadequate dressing rooms or improper storage of personal items"
15752,"20150204",103153,"Low Risk","Inadequate dressing rooms or improper storage of personal items"
15752,"20131122",103154,"Low Risk","Unclean or degraded floors walls or ceilings"
15752,"20131122",103142,"Low Risk","Unclean nonfood contact surfaces"
15752,"20121002",103144,"Low Risk","Unapproved or unmaintained equipment or utensils"
15752,"20121002",103142,"Low Risk","Unclean nonfood contact surfaces"
15752,"20121002",103124,"Moderate Risk","Inadequately cleaned or sanitized food contact surfaces"
15752,"20121002",103156,"Low Risk","Permit license or inspection report not posted"
15752,"20121002",103154,"Low Risk","Unclean or degraded floors walls or ceilings"
15752,"20121002",103119,"Moderate Risk","Inadequate and inaccessible handwashing facilities"
15752,"20140723",103153,"Low Risk","Inadequate dressing rooms or improper storage of personal items"
15806,"20150121",103131,"Moderate Risk","Moderate risk vermin infestation"
15806,"20150121",103124,"Moderate Risk","Inadequately cleaned or sanitized food contact surfaces"
15806,"20120814",103139,"Low Risk","Improper food storage"
15806,"20130225",103157,"Low Risk","Food safety certificate or food handler card not available"
16047,"20130905",103116,"Moderate Risk","Inadequate food safety knowledge or lack of certified food safety manager"
16047,"20140408",103116,"Moderate Risk","Inadequate food safety knowledge or lack of certified food safety manager"
16047,"20140408",103120,"Moderate Risk","Moderate risk food holding temperature "
16083,"20140930",103142,"Low Risk","Unclean nonfood contact surfaces"
16083,"20131227",103131,"Moderate Risk","Moderate risk vermin infestation"
16083,"20131227",103118,"Moderate Risk","Employee eating or smoking"
16083,"20131227",103109,"High Risk","Unclean or unsanitary food contact surfaces"
16083,"20131227",103149,"Low Risk","Wiping cloths not clean or properly stored or inadequate sanitizer"
16083,"20131227",103120,"Moderate Risk","Moderate risk food holding temperature "
16083,"20131227",103154,"Low Risk","Unclean or degraded floors walls or ceilings"
16083,"20131227",103144,"Low Risk","Unapproved or unmaintained equipment or utensils"
16083,"20130610",103139,"Low Risk","Improper food storage"
16083,"20130610",103124,"Moderate Risk","Inadequately cleaned or sanitized food contact surfaces"
16083,"20130610",103145,"Low Risk","Improper storage of equipment utensils or linens"
16083,"20130610",103147,"Low Risk","Inadequate ventilation or lighting"
16083,"20121210",103141,"Low Risk","Improper food labeling or menu misrepresentation"
16083,"20121210",103142,"Low Risk","Unclean nonfood contact surfaces"
16083,"20121210",103144,"Low Risk","Unapproved or unmaintained equipment or utensils"
16083,"20121210",103147,"Low Risk","Inadequate ventilation or lighting"
16083,"20121210",103154,"Low Risk","Unclean or degraded floors walls or ceilings"
16083,"20140610",103141,"Low Risk","Improper food labeling or menu misrepresentation"
16083,"20140610",103144,"Low Risk","Unapproved or unmaintained equipment or utensils"
16083,"20140610",103156,"Low Risk","Permit license or inspection report not posted"
16083,"20140610",103149,"Low Risk","Wiping cloths not clean or properly stored or inadequate sanitizer"
16286,"20130222",103142,"Low Risk","Unclean nonfood contact surfaces"
16286,"20130222",103149,"Low Risk","Wiping cloths not clean or properly stored or inadequate sanitizer"
16329,"20150529",103154,"Low Risk","Unclean or degraded floors walls or ceilings"
16329,"20150529",103119,"Moderate Risk","Inadequate and inaccessible handwashing facilities"
16329,"20150529",103103,"High Risk","High risk food holding temperature "
16329,"20150529",103149,"Low Risk","Wiping cloths not clean or properly stored or inadequate sanitizer"
16329,"20150529",103116,"Moderate Risk","Inadequate food safety knowledge or lack of certified food safety manager"
16329,"20131008",103119,"Moderate Risk","Inadequate and inaccessible handwashing facilities"
16329,"20131008",103139,"Low Risk","Improper food storage"
16329,"20131008",103149,"Low Risk","Wiping cloths not clean or properly stored or inadequate sanitizer"
16329,"20131008",103161,"Low Risk","Low risk vermin infestation"
16329,"20121206",103139,"Low Risk","Improper food storage"
16329,"20121206",103131,"Moderate Risk","Moderate risk vermin infestation"
16329,"20121206",103120,"Moderate Risk","Moderate risk food holding temperature "
16329,"20140604",103121,"Moderate Risk","Inadequate procedures or records for time as a public health control "
16329,"20140604",103149,"Low Risk","Wiping cloths not clean or properly stored or inadequate sanitizer"
16329,"20140604",103142,"Low Risk","Unclean nonfood contact surfaces"
16329,"20140604",103139,"Low Risk","Improper food storage"
16329,"20140604",103161,"Low Risk","Low risk vermin infestation"
16349,"20130605",103133,"Moderate Risk","Foods not protected from contamination"
16349,"20130605",103120,"Moderate Risk","Moderate risk food holding temperature "
16349,"20130605",103144,"Low Risk","Unapproved or unmaintained equipment or utensils"
16349,"20140429",103147,"Low Risk","Inadequate ventilation or lighting"
16349,"20140429",103142,"Low Risk","Unclean nonfood contact surfaces"
16349,"20140429",103145,"Low Risk","Improper storage of equipment utensils or linens"
16349,"20140429",103149,"Low Risk","Wiping cloths not clean or properly stored or inadequate sanitizer"
16349,"20120615",103116,"Moderate Risk","Inadequate food safety knowledge or lack of certified food safety manager"
16349,"20120615",103149,"Low Risk","Wiping cloths not clean or properly stored or inadequate sanitizer"
16349,"20120615",103142,"Low Risk","Unclean nonfood contact surfaces"
16424,"20150417",103153,"Low Risk","Inadequate dressing rooms or improper storage of personal items"
16424,"20150417",103119,"Moderate Risk","Inadequate and inaccessible handwashing facilities"
16424,"20150417",103138,"Low Risk","Improper storage use or identification of toxic substances"
16424,"20130702",103119,"Moderate Risk","Inadequate and inaccessible handwashing facilities"
16424,"20130702",103154,"Low Risk","Unclean or degraded floors walls or ceilings"
16424,"20140605",103116,"Moderate Risk","Inadequate food safety knowledge or lack of certified food safety manager"
16424,"20140605",103154,"Low Risk","Unclean or degraded floors walls or ceilings"
16424,"20140605",103119,"Moderate Risk","Inadequate and inaccessible handwashing facilities"
16432,"20131030",103116,"Moderate Risk","Inadequate food safety knowledge or lack of certified food safety manager"
16432,"20131030",103156,"Low Risk","Permit license or inspection report not posted"
16432,"20131030",103120,"Moderate Risk","Moderate risk food holding temperature "
16432,"20130207",103132,"Moderate Risk","Improper thawing methods "
16432,"20130207",103124,"Moderate Risk","Inadequately cleaned or sanitized food contact surfaces"
16432,"20140528",103145,"Low Risk","Improper storage of equipment utensils or linens"
16432,"20140528",103156,"Low Risk","Permit license or inspection report not posted"
16441,"20141209",103142,"Low Risk","Unclean nonfood contact surfaces"
16441,"20141209",103102,"High Risk","Unclean hands or improper use of gloves"
16441,"20141209",103119,"Moderate Risk","Inadequate and inaccessible handwashing facilities"
16441,"20141209",103109,"High Risk","Unclean or unsanitary food contact surfaces"
16441,"20131118",103119,"Moderate Risk","Inadequate and inaccessible handwashing facilities"
16441,"20131118",103124,"Moderate Risk","Inadequately cleaned or sanitized food contact surfaces"
16441,"20131118",103131,"Moderate Risk","Moderate risk vermin infestation"
16441,"20131118",103143,"Low Risk","Inadequate warewashing facilities or equipment"
16441,"20130424",103119,"Moderate Risk","Inadequate and inaccessible handwashing facilities"
16441,"20130424",103142,"Low Risk","Unclean nonfood contact surfaces"
16441,"20120906",103119,"Moderate Risk","Inadequate and inaccessible handwashing facilities"
16441,"20120906",103131,"Moderate Risk","Moderate risk vermin infestation"
16441,"20120906",103142,"Low Risk","Unclean nonfood contact surfaces"
16441,"20140610",103144,"Low Risk","Unapproved or unmaintained equipment or utensils"
16441,"20140610",103142,"Low Risk","Unclean nonfood contact surfaces"
16441,"20140610",103143,"Low Risk","Inadequate warewashing facilities or equipment"
16441,"20140610",103147,"Low Risk","Inadequate ventilation or lighting"
16513,"20150304",103105,"High Risk","Improper cooling methods"
16513,"20150304",103133,"Moderate Risk","Foods not protected from contamination"
16513,"20150304",103154,"Low Risk","Unclean or degraded floors walls or ceilings"
16513,"20150304",103120,"Moderate Risk","Moderate risk food holding temperature "
16513,"20131007",103133,"Moderate Risk","Foods not protected from contamination"
16513,"20131007",103145,"Low Risk","Improper storage of equipment utensils or linens"
16513,"20131007",103121,"Moderate Risk","Inadequate procedures or records for time as a public health control "
16513,"20131007",103156,"Low Risk","Permit license or inspection report not posted"
16513,"20130103",103144,"Low Risk","Unapproved or unmaintained equipment or utensils"
16513,"20130103",103145,"Low Risk","Improper storage of equipment utensils or linens"
16513,"20130103",103132,"Moderate Risk","Improper thawing methods "
16513,"20130103",103133,"Moderate Risk","Foods not protected from contamination"
16513,"20130103",103103,"High Risk","High risk food holding temperature "
16513,"20130103",103124,"Moderate Risk","Inadequately cleaned or sanitized food contact surfaces"
16513,"20140519",103123,"Moderate Risk","Food in poor condition"
16513,"20140519",103143,"Low Risk","Inadequate warewashing facilities or equipment"
16513,"20140519",103131,"Moderate Risk","Moderate risk vermin infestation"
16513,"20140519",103154,"Low Risk","Unclean or degraded floors walls or ceilings"
16513,"20140519",103103,"High Risk","High risk food holding temperature "
16551,"20140908",103119,"Moderate Risk","Inadequate and inaccessible handwashing facilities"
16551,"20140908",103143,"Low Risk","Inadequate warewashing facilities or equipment"
16551,"20140908",103148,"Low Risk","No thermometers or uncalibrated thermometers "
16551,"20121025",103151,"Low Risk","Inadequate or unsanitary refuse containers or area or no garbage service"
16751,"20150331",103120,"Moderate Risk","Moderate risk food holding temperature "
16751,"20150331",103148,"Low Risk","No thermometers or uncalibrated thermometers "
16751,"20150331",103133,"Moderate Risk","Foods not protected from contamination"
16751,"20150331",103131,"Moderate Risk","Moderate risk vermin infestation"
16751,"20150331",103119,"Moderate Risk","Inadequate and inaccessible handwashing facilities"
16751,"20130924",103119,"Moderate Risk","Inadequate and inaccessible handwashing facilities"
16751,"20130924",103116,"Moderate Risk","Inadequate food safety knowledge or lack of certified food safety manager"
16751,"20130924",103139,"Low Risk","Improper food storage"
16751,"20130924",103124,"Moderate Risk","Inadequately cleaned or sanitized food contact surfaces"
16751,"20140326",103147,"Low Risk","Inadequate ventilation or lighting"
16751,"20140326",103142,"Low Risk","Unclean nonfood contact surfaces"
16751,"20140326",103144,"Low Risk","Unapproved or unmaintained equipment or utensils"
16784,"20130307",103116,"Moderate Risk","Inadequate food safety knowledge or lack of certified food safety manager"
17346,"20130716",103116,"Moderate Risk","Inadequate food safety knowledge or lack of certified food safety manager"
17346,"20120808",103144,"Low Risk","Unapproved or unmaintained equipment or utensils"
17346,"20140507",103103,"High Risk","High risk food holding temperature "
17411,"20140903",103105,"High Risk","Improper cooling methods"
17411,"20140903",103119,"Moderate Risk","Inadequate and inaccessible handwashing facilities"
17411,"20140903",103120,"Moderate Risk","Moderate risk food holding temperature "
17411,"20140102",103119,"Moderate Risk","Inadequate and inaccessible handwashing facilities"
17411,"20140102",103139,"Low Risk","Improper food storage"
17411,"20140102",103156,"Low Risk","Permit license or inspection report not posted"
17411,"20140102",103103,"High Risk","High risk food holding temperature "
17411,"20130430",103120,"Moderate Risk","Moderate risk food holding temperature "
17411,"20130430",103105,"High Risk","Improper cooling methods"
17411,"20130430",103102,"High Risk","Unclean hands or improper use of gloves"
17411,"20130430",103124,"Moderate Risk","Inadequately cleaned or sanitized food contact surfaces"
17411,"20130430",103139,"Low Risk","Improper food storage"
17411,"20130430",103148,"Low Risk","No thermometers or uncalibrated thermometers "
17411,"20120822",103144,"Low Risk","Unapproved or unmaintained equipment or utensils"
17411,"20120822",103119,"Moderate Risk","Inadequate and inaccessible handwashing facilities"
17411,"20120822",103114,"High Risk","High risk vermin infestation"
17508,"20121113",103156,"Low Risk","Permit license or inspection report not posted"
17522,"20121206",103119,"Moderate Risk","Inadequate and inaccessible handwashing facilities"
17522,"20121206",103148,"Low Risk","No thermometers or uncalibrated thermometers "
17523,"20130604",103119,"Moderate Risk","Inadequate and inaccessible handwashing facilities"
17523,"20130604",103144,"Low Risk","Unapproved or unmaintained equipment or utensils"
17523,"20121128",103119,"Moderate Risk","Inadequate and inaccessible handwashing facilities"
17523,"20121128",103118,"Moderate Risk","Employee eating or smoking"
17523,"20140611",103107,"High Risk","Improper reheating of food"
17524,"20130604",103148,"Low Risk","No thermometers or uncalibrated thermometers "
17524,"20130604",103154,"Low Risk","Unclean or degraded floors walls or ceilings"
17524,"20130604",103143,"Low Risk","Inadequate warewashing facilities or equipment"
17524,"20121128",103118,"Moderate Risk","Employee eating or smoking"
17524,"20140604",103119,"Moderate Risk","Inadequate and inaccessible handwashing facilities"
17570,"20150311",103142,"Low Risk","Unclean nonfood contact surfaces"
17570,"20150427",103105,"High Risk","Improper cooling methods"
17570,"20150311",103145,"Low Risk","Improper storage of equipment utensils or linens"
17570,"20150427",103114,"High Risk","High risk vermin infestation"
17570,"20150311",103154,"Low Risk","Unclean or degraded floors walls or ceilings"
17570,"20150311",103103,"High Risk","High risk food holding temperature "
17570,"20150311",103124,"Moderate Risk","Inadequately cleaned or sanitized food contact surfaces"
17570,"20131206",103142,"Low Risk","Unclean nonfood contact surfaces"
17570,"20131206",103154,"Low Risk","Unclean or degraded floors walls or ceilings"
17570,"20131206",103149,"Low Risk","Wiping cloths not clean or properly stored or inadequate sanitizer"
17570,"20131206",103139,"Low Risk","Improper food storage"
17570,"20130311",103103,"High Risk","High risk food holding temperature "
17570,"20130311",103139,"Low Risk","Improper food storage"
17570,"20120622",103144,"Low Risk","Unapproved or unmaintained equipment or utensils"
17570,"20120622",103132,"Moderate Risk","Improper thawing methods "
17570,"20120622",103154,"Low Risk","Unclean or degraded floors walls or ceilings"
17570,"20120622",103120,"Moderate Risk","Moderate risk food holding temperature "
17570,"20120622",103105,"High Risk","Improper cooling methods"
17570,"20140620",103105,"High Risk","Improper cooling methods"
17570,"20140620",103124,"Moderate Risk","Inadequately cleaned or sanitized food contact surfaces"
17570,"20140620",103142,"Low Risk","Unclean nonfood contact surfaces"
17570,"20140620",103103,"High Risk","High risk food holding temperature "
17570,"20140620",103149,"Low Risk","Wiping cloths not clean or properly stored or inadequate sanitizer"
17570,"20140620",103150,"Low Risk","Improper or defective plumbing"
17570,"20140620",103154,"Low Risk","Unclean or degraded floors walls or ceilings"
17570,"20140620",103139,"Low Risk","Improper food storage"
17570,"20140620",103119,"Moderate Risk","Inadequate and inaccessible handwashing facilities"
17616,"20140908",103133,"Moderate Risk","Foods not protected from contamination"
17616,"20140908",103165,"Low Risk","No plan review or Building Permit"
17616,"20140908",103119,"Moderate Risk","Inadequate and inaccessible handwashing facilities"
17616,"20140908",103131,"Moderate Risk","Moderate risk vermin infestation"
17616,"20130613",103124,"Moderate Risk","Inadequately cleaned or sanitized food contact surfaces"
17616,"20130613",103131,"Moderate Risk","Moderate risk vermin infestation"
17647,"20130703",103102,"High Risk","Unclean hands or improper use of gloves"
17647,"20130703",103114,"High Risk","High risk vermin infestation"
17647,"20130703",103109,"High Risk","Unclean or unsanitary food contact surfaces"
17647,"20130703",103120,"Moderate Risk","Moderate risk food holding temperature "
17647,"20130703",103144,"Low Risk","Unapproved or unmaintained equipment or utensils"
17647,"20130703",103138,"Low Risk","Improper storage use or identification of toxic substances"
17647,"20140325",103139,"Low Risk","Improper food storage"
17647,"20140325",103118,"Moderate Risk","Employee eating or smoking"
17647,"20140325",103120,"Moderate Risk","Moderate risk food holding temperature "
17647,"20140325",103124,"Moderate Risk","Inadequately cleaned or sanitized food contact surfaces"
17647,"20121023",103133,"Moderate Risk","Foods not protected from contamination"
17647,"20121023",103145,"Low Risk","Improper storage of equipment utensils or linens"
17647,"20121023",103144,"Low Risk","Unapproved or unmaintained equipment or utensils"
17647,"20121204",103120,"Moderate Risk","Moderate risk food holding temperature "
17656,"20130614",103139,"Low Risk","Improper food storage"
17689,"20150429",103108,"High Risk","Contaminated or adulterated food"
17689,"20150429",103153,"Low Risk","Inadequate dressing rooms or improper storage of personal items"
17689,"20130920",103119,"Moderate Risk","Inadequate and inaccessible handwashing facilities"
17689,"20130920",103124,"Moderate Risk","Inadequately cleaned or sanitized food contact surfaces"
17689,"20130920",103149,"Low Risk","Wiping cloths not clean or properly stored or inadequate sanitizer"
17689,"20120625",103119,"Moderate Risk","Inadequate and inaccessible handwashing facilities"
17689,"20120625",103144,"Low Risk","Unapproved or unmaintained equipment or utensils"
17689,"20120625",103149,"Low Risk","Wiping cloths not clean or properly stored or inadequate sanitizer"
17723,"20131203",103144,"Low Risk","Unapproved or unmaintained equipment or utensils"
17723,"20131203",103102,"High Risk","Unclean hands or improper use of gloves"
17723,"20131203",103124,"Moderate Risk","Inadequately cleaned or sanitized food contact surfaces"
17723,"20131203",103133,"Moderate Risk","Foods not protected from contamination"
17723,"20131203",103154,"Low Risk","Unclean or degraded floors walls or ceilings"
17723,"20130314",103133,"Moderate Risk","Foods not protected from contamination"
17723,"20130314",103124,"Moderate Risk","Inadequately cleaned or sanitized food contact surfaces"
17723,"20130314",103139,"Low Risk","Improper food storage"
17723,"20130314",103142,"Low Risk","Unclean nonfood contact surfaces"
17723,"20130314",103144,"Low Risk","Unapproved or unmaintained equipment or utensils"
17723,"20140718",103142,"Low Risk","Unclean nonfood contact surfaces"
17723,"20140718",103108,"High Risk","Contaminated or adulterated food"
17723,"20140718",103116,"Moderate Risk","Inadequate food safety knowledge or lack of certified food safety manager"
17723,"20140718",103124,"Moderate Risk","Inadequately cleaned or sanitized food contact surfaces"
17723,"20140718",103120,"Moderate Risk","Moderate risk food holding temperature "
17736,"20140922",103144,"Low Risk","Unapproved or unmaintained equipment or utensils"
17736,"20130808",103149,"Low Risk","Wiping cloths not clean or properly stored or inadequate sanitizer"
17736,"20140311",103105,"High Risk","Improper cooling methods"
17736,"20140311",103120,"Moderate Risk","Moderate risk food holding temperature "
17736,"20120711",103144,"Low Risk","Unapproved or unmaintained equipment or utensils"
17750,"20130925",103145,"Low Risk","Improper storage of equipment utensils or linens"
17750,"20130925",103120,"Moderate Risk","Moderate risk food holding temperature "
17750,"20120927",103133,"Moderate Risk","Foods not protected from contamination"
17750,"20120927",103149,"Low Risk","Wiping cloths not clean or properly stored or inadequate sanitizer"
17750,"20140606",103120,"Moderate Risk","Moderate risk food holding temperature "
17750,"20140606",103123,"Moderate Risk","Food in poor condition"
17762,"20140902",103154,"Low Risk","Unclean or degraded floors walls or ceilings"
17762,"20140902",103124,"Moderate Risk","Inadequately cleaned or sanitized food contact surfaces"
17762,"20140902",103121,"Moderate Risk","Inadequate procedures or records for time as a public health control "
17762,"20140902",103114,"High Risk","High risk vermin infestation"
17762,"20130509",103131,"Moderate Risk","Moderate risk vermin infestation"
17762,"20130509",103154,"Low Risk","Unclean or degraded floors walls or ceilings"
17763,"20131022",103154,"Low Risk","Unclean or degraded floors walls or ceilings"
17763,"20121030",103150,"Low Risk","Improper or defective plumbing"
17774,"20150507",103156,"Low Risk","Permit license or inspection report not posted"
17774,"20150507",103154,"Low Risk","Unclean or degraded floors walls or ceilings"
17774,"20150507",103142,"Low Risk","Unclean nonfood contact surfaces"
17774,"20131021",103144,"Low Risk","Unapproved or unmaintained equipment or utensils"
17774,"20131021",103133,"Moderate Risk","Foods not protected from contamination"
17774,"20131021",103149,"Low Risk","Wiping cloths not clean or properly stored or inadequate sanitizer"
17774,"20120921",103147,"Low Risk","Inadequate ventilation or lighting"
17774,"20120921",103123,"Moderate Risk","Food in poor condition"
17774,"20120921",103109,"High Risk","Unclean or unsanitary food contact surfaces"
17774,"20120921",103156,"Low Risk","Permit license or inspection report not posted"
17774,"20120921",103149,"Low Risk","Wiping cloths not clean or properly stored or inadequate sanitizer"
17774,"20130222",103124,"Moderate Risk","Inadequately cleaned or sanitized food contact surfaces"
17774,"20130222",103156,"Low Risk","Permit license or inspection report not posted"
17774,"20130222",103145,"Low Risk","Improper storage of equipment utensils or linens"
17774,"20130222",103144,"Low Risk","Unapproved or unmaintained equipment or utensils"
17774,"20130222",103136,"Low Risk","Unsanitary employee garments hair or nails"
17774,"20130222",103142,"Low Risk","Unclean nonfood contact surfaces"
17774,"20140605",103103,"High Risk","High risk food holding temperature "
17779,"20141023",103109,"High Risk","Unclean or unsanitary food contact surfaces"
17779,"20141023",103151,"Low Risk","Inadequate or unsanitary refuse containers or area or no garbage service"
17779,"20140307",103131,"Moderate Risk","Moderate risk vermin infestation"
17779,"20120713",103120,"Moderate Risk","Moderate risk food holding temperature "
17779,"20120713",103157,"Low Risk","Food safety certificate or food handler card not available"
17779,"20120713",103154,"Low Risk","Unclean or degraded floors walls or ceilings"
17779,"20130205",103139,"Low Risk","Improper food storage"
17822,"20141107",103149,"Low Risk","Wiping cloths not clean or properly stored or inadequate sanitizer"
17822,"20141107",103145,"Low Risk","Improper storage of equipment utensils or linens"
17822,"20130802",103154,"Low Risk","Unclean or degraded floors walls or ceilings"
17822,"20130802",103109,"High Risk","Unclean or unsanitary food contact surfaces"
17822,"20140124",103109,"High Risk","Unclean or unsanitary food contact surfaces"
17822,"20140124",103154,"Low Risk","Unclean or degraded floors walls or ceilings"
17822,"20130508",103154,"Low Risk","Unclean or degraded floors walls or ceilings"
17822,"20130508",103142,"Low Risk","Unclean nonfood contact surfaces"
17822,"20120917",103142,"Low Risk","Unclean nonfood contact surfaces"
17822,"20120917",103154,"Low Risk","Unclean or degraded floors walls or ceilings"
17933,"20130925",103154,"Low Risk","Unclean or degraded floors walls or ceilings"
17933,"20130925",103157,"Low Risk","Food safety certificate or food handler card not available"
17933,"20130925",103131,"Moderate Risk","Moderate risk vermin infestation"
17933,"20121127",103154,"Low Risk","Unclean or degraded floors walls or ceilings"
17933,"20121127",103124,"Moderate Risk","Inadequately cleaned or sanitized food contact surfaces"
17946,"20140109",103118,"Moderate Risk","Employee eating or smoking"
17946,"20140109",103154,"Low Risk","Unclean or degraded floors walls or ceilings"
17946,"20130604",103145,"Low Risk","Improper storage of equipment utensils or linens"
17946,"20140729",103121,"Moderate Risk","Inadequate procedures or records for time as a public health control "
17947,"20140327",103152,"Low Risk","Unclean unmaintained or improperly constructed toilet facilities"
17947,"20140327",103149,"Low Risk","Wiping cloths not clean or properly stored or inadequate sanitizer"
17947,"20140327",103156,"Low Risk","Permit license or inspection report not posted"
17947,"20140327",103157,"Low Risk","Food safety certificate or food handler card not available"
17947,"20121016",103157,"Low Risk","Food safety certificate or food handler card not available"
17947,"20121016",103139,"Low Risk","Improper food storage"
17947,"20121016",103142,"Low Risk","Unclean nonfood contact surfaces"
17957,"20120913",103109,"High Risk","Unclean or unsanitary food contact surfaces"
17957,"20120913",103142,"Low Risk","Unclean nonfood contact surfaces"
17957,"20120913",103103,"High Risk","High risk food holding temperature "
17957,"20120913",103114,"High Risk","High risk vermin infestation"
17957,"20120917",103120,"Moderate Risk","Moderate risk food holding temperature "
17992,"20141208",103142,"Low Risk","Unclean nonfood contact surfaces"
17992,"20141208",103120,"Moderate Risk","Moderate risk food holding temperature "
17992,"20141208",103144,"Low Risk","Unapproved or unmaintained equipment or utensils"
17992,"20141208",103149,"Low Risk","Wiping cloths not clean or properly stored or inadequate sanitizer"
17992,"20131115",103138,"Low Risk","Improper storage use or identification of toxic substances"
17992,"20131115",103105,"High Risk","Improper cooling methods"
17992,"20131115",103120,"Moderate Risk","Moderate risk food holding temperature "
17992,"20131115",103124,"Moderate Risk","Inadequately cleaned or sanitized food contact surfaces"
17992,"20130614",103120,"Moderate Risk","Moderate risk food holding temperature "
17992,"20130614",103119,"Moderate Risk","Inadequate and inaccessible handwashing facilities"
17992,"20130614",103105,"High Risk","Improper cooling methods"
17992,"20121129",103124,"Moderate Risk","Inadequately cleaned or sanitized food contact surfaces"
17992,"20121129",103133,"Moderate Risk","Foods not protected from contamination"
17992,"20121129",103139,"Low Risk","Improper food storage"
17992,"20121129",103105,"High Risk","Improper cooling methods"
17992,"20140528",103138,"Low Risk","Improper storage use or identification of toxic substances"
17992,"20140528",103124,"Moderate Risk","Inadequately cleaned or sanitized food contact surfaces"
17992,"20140528",103154,"Low Risk","Unclean or degraded floors walls or ceilings"
17992,"20140528",103105,"High Risk","Improper cooling methods"
18047,"20150429",103144,"Low Risk","Unapproved or unmaintained equipment or utensils"
18047,"20150429",103120,"Moderate Risk","Moderate risk food holding temperature "
18047,"20150429",103154,"Low Risk","Unclean or degraded floors walls or ceilings"
18047,"20130917",103154,"Low Risk","Unclean or degraded floors walls or ceilings"
18047,"20130917",103144,"Low Risk","Unapproved or unmaintained equipment or utensils"
18047,"20130917",103147,"Low Risk","Inadequate ventilation or lighting"
18047,"20130917",103103,"High Risk","High risk food holding temperature "
18047,"20130917",103161,"Low Risk","Low risk vermin infestation"
18047,"20130423",103139,"Low Risk","Improper food storage"
18047,"20130423",103131,"Moderate Risk","Moderate risk vermin infestation"
18047,"20130423",103142,"Low Risk","Unclean nonfood contact surfaces"
18047,"20130423",103145,"Low Risk","Improper storage of equipment utensils or linens"
18047,"20130423",103149,"Low Risk","Wiping cloths not clean or properly stored or inadequate sanitizer"
18047,"20130423",103154,"Low Risk","Unclean or degraded floors walls or ceilings"
18047,"20130423",103105,"High Risk","Improper cooling methods"
18047,"20140421",103131,"Moderate Risk","Moderate risk vermin infestation"
18047,"20140421",103139,"Low Risk","Improper food storage"
18047,"20140421",103154,"Low Risk","Unclean or degraded floors walls or ceilings"
18047,"20140421",103120,"Moderate Risk","Moderate risk food holding temperature "
18047,"20121017",103142,"Low Risk","Unclean nonfood contact surfaces"
18047,"20121017",103144,"Low Risk","Unapproved or unmaintained equipment or utensils"
18047,"20121017",103145,"Low Risk","Improper storage of equipment utensils or linens"
18047,"20121017",103154,"Low Risk","Unclean or degraded floors walls or ceilings"
18047,"20121017",103124,"Moderate Risk","Inadequately cleaned or sanitized food contact surfaces"
18047,"20121017",103120,"Moderate Risk","Moderate risk food holding temperature "
18047,"20121017",103105,"High Risk","Improper cooling methods"
18079,"20141015",103149,"Low Risk","Wiping cloths not clean or properly stored or inadequate sanitizer"
18079,"20141015",103151,"Low Risk","Inadequate or unsanitary refuse containers or area or no garbage service"
18079,"20140322",103149,"Low Risk","Wiping cloths not clean or properly stored or inadequate sanitizer"
18079,"20140322",103154,"Low Risk","Unclean or degraded floors walls or ceilings"
18079,"20140322",103142,"Low Risk","Unclean nonfood contact surfaces"
18079,"20121025",103162,"Low Risk","Other low risk violation"
18079,"20121025",103120,"Moderate Risk","Moderate risk food holding temperature "
18102,"20150109",103144,"Low Risk","Unapproved or unmaintained equipment or utensils"
18102,"20150109",103149,"Low Risk","Wiping cloths not clean or properly stored or inadequate sanitizer"
18102,"20150109",103133,"Moderate Risk","Foods not protected from contamination"
18102,"20140205",103120,"Moderate Risk","Moderate risk food holding temperature "
18102,"20130614",103120,"Moderate Risk","Moderate risk food holding temperature "
18102,"20130614",103105,"High Risk","Improper cooling methods"
18102,"20120611",103120,"Moderate Risk","Moderate risk food holding temperature "
18102,"20120611",103149,"Low Risk","Wiping cloths not clean or properly stored or inadequate sanitizer"
18102,"20120611",103144,"Low Risk","Unapproved or unmaintained equipment or utensils"
18102,"20120611",103105,"High Risk","Improper cooling methods"
18102,"20130116",103105,"High Risk","Improper cooling methods"
18102,"20130116",103120,"Moderate Risk","Moderate risk food holding temperature "
18102,"20140528",103142,"Low Risk","Unclean nonfood contact surfaces"
18102,"20140528",103124,"Moderate Risk","Inadequately cleaned or sanitized food contact surfaces"
18102,"20140528",103120,"Moderate Risk","Moderate risk food holding temperature "
18120,"20130723",103134,"Moderate Risk","Other moderate risk violation"
18120,"20130723",103150,"Low Risk","Improper or defective plumbing"
18120,"20130723",103109,"High Risk","Unclean or unsanitary food contact surfaces"
18120,"20130723",103103,"High Risk","High risk food holding temperature "
18120,"20120625",103124,"Moderate Risk","Inadequately cleaned or sanitized food contact surfaces"
18120,"20120625",103148,"Low Risk","No thermometers or uncalibrated thermometers "
18126,"20150414",103144,"Low Risk","Unapproved or unmaintained equipment or utensils"
18126,"20131209",103143,"Low Risk","Inadequate warewashing facilities or equipment"
18126,"20131209",103124,"Moderate Risk","Inadequately cleaned or sanitized food contact surfaces"
18126,"20131209",103119,"Moderate Risk","Inadequate and inaccessible handwashing facilities"
18126,"20130424",103120,"Moderate Risk","Moderate risk food holding temperature "
18126,"20140226",103138,"Low Risk","Improper storage use or identification of toxic substances"
18126,"20140226",103149,"Low Risk","Wiping cloths not clean or properly stored or inadequate sanitizer"
18126,"20140226",103124,"Moderate Risk","Inadequately cleaned or sanitized food contact surfaces"
18126,"20120828",103119,"Moderate Risk","Inadequate and inaccessible handwashing facilities"
18126,"20120828",103124,"Moderate Risk","Inadequately cleaned or sanitized food contact surfaces"
18127,"20150127",103142,"Low Risk","Unclean nonfood contact surfaces"
18127,"20140325",103116,"Moderate Risk","Inadequate food safety knowledge or lack of certified food safety manager"
18127,"20140325",103161,"Low Risk","Low risk vermin infestation"
18127,"20121206",103154,"Low Risk","Unclean or degraded floors walls or ceilings"
18127,"20121206",103157,"Low Risk","Food safety certificate or food handler card not available"
18148,"20140923",103139,"Low Risk","Improper food storage"
18148,"20140923",103109,"High Risk","Unclean or unsanitary food contact surfaces"
18148,"20140923",103103,"High Risk","High risk food holding temperature "
18148,"20140923",103150,"Low Risk","Improper or defective plumbing"
18148,"20140923",103142,"Low Risk","Unclean nonfood contact surfaces"
18148,"20140219",103116,"Moderate Risk","Inadequate food safety knowledge or lack of certified food safety manager"
18148,"20140219",103144,"Low Risk","Unapproved or unmaintained equipment or utensils"
18148,"20140219",103156,"Low Risk","Permit license or inspection report not posted"
18148,"20140219",103142,"Low Risk","Unclean nonfood contact surfaces"
18148,"20140219",103139,"Low Risk","Improper food storage"
18148,"20120920",103147,"Low Risk","Inadequate ventilation or lighting"
18148,"20120920",103149,"Low Risk","Wiping cloths not clean or properly stored or inadequate sanitizer"
18148,"20120920",103144,"Low Risk","Unapproved or unmaintained equipment or utensils"
18148,"20120920",103124,"Moderate Risk","Inadequately cleaned or sanitized food contact surfaces"
18148,"20120920",103139,"Low Risk","Improper food storage"
18148,"20120920",103152,"Low Risk","Unclean unmaintained or improperly constructed toilet facilities"
18148,"20130304",103142,"Low Risk","Unclean nonfood contact surfaces"
18148,"20130304",103151,"Low Risk","Inadequate or unsanitary refuse containers or area or no garbage service"
18148,"20130304",103103,"High Risk","High risk food holding temperature "
18148,"20130304",103109,"High Risk","Unclean or unsanitary food contact surfaces"
18148,"20130304",103154,"Low Risk","Unclean or degraded floors walls or ceilings"
18148,"20130304",103133,"Moderate Risk","Foods not protected from contamination"
18148,"20130304",103145,"Low Risk","Improper storage of equipment utensils or linens"
18148,"20130304",103144,"Low Risk","Unapproved or unmaintained equipment or utensils"
18148,"20130304",103119,"Moderate Risk","Inadequate and inaccessible handwashing facilities"
18256,"20150408",103120,"Moderate Risk","Moderate risk food holding temperature "
18256,"20150408",103119,"Moderate Risk","Inadequate and inaccessible handwashing facilities"
18256,"20130603",103144,"Low Risk","Unapproved or unmaintained equipment or utensils"
18256,"20140422",103144,"Low Risk","Unapproved or unmaintained equipment or utensils"
18256,"20140422",103130,"Moderate Risk","Inadequate sewage or wastewater disposal"
18256,"20120927",103120,"Moderate Risk","Moderate risk food holding temperature "
18256,"20120927",103124,"Moderate Risk","Inadequately cleaned or sanitized food contact surfaces"
18256,"20140617",103119,"Moderate Risk","Inadequate and inaccessible handwashing facilities"
18268,"20131107",103120,"Moderate Risk","Moderate risk food holding temperature "
18268,"20131107",103149,"Low Risk","Wiping cloths not clean or properly stored or inadequate sanitizer"
18268,"20131107",103147,"Low Risk","Inadequate ventilation or lighting"
18268,"20131107",103119,"Moderate Risk","Inadequate and inaccessible handwashing facilities"
18268,"20131107",103142,"Low Risk","Unclean nonfood contact surfaces"
18268,"20130612",103120,"Moderate Risk","Moderate risk food holding temperature "
18268,"20140709",103161,"Low Risk","Low risk vermin infestation"
18268,"20140709",103156,"Low Risk","Permit license or inspection report not posted"
18268,"20140709",103142,"Low Risk","Unclean nonfood contact surfaces"
18298,"20130404",103154,"Low Risk","Unclean or degraded floors walls or ceilings"
18298,"20130404",103144,"Low Risk","Unapproved or unmaintained equipment or utensils"
18298,"20130404",103105,"High Risk","Improper cooling methods"
18298,"20130404",103103,"High Risk","High risk food holding temperature "
18298,"20130404",103139,"Low Risk","Improper food storage"
18298,"20130404",103119,"Moderate Risk","Inadequate and inaccessible handwashing facilities"
18298,"20120627",103123,"Moderate Risk","Food in poor condition"
18298,"20120627",103124,"Moderate Risk","Inadequately cleaned or sanitized food contact surfaces"
18298,"20120627",103142,"Low Risk","Unclean nonfood contact surfaces"
18310,"20140121",103142,"Low Risk","Unclean nonfood contact surfaces"
18310,"20140121",103103,"High Risk","High risk food holding temperature "
18310,"20130514",103103,"High Risk","High risk food holding temperature "
18310,"20130514",103149,"Low Risk","Wiping cloths not clean or properly stored or inadequate sanitizer"
18310,"20121003",103119,"Moderate Risk","Inadequate and inaccessible handwashing facilities"
18310,"20121003",103142,"Low Risk","Unclean nonfood contact surfaces"
18310,"20121003",103145,"Low Risk","Improper storage of equipment utensils or linens"
18310,"20121003",103161,"Low Risk","Low risk vermin infestation"
18310,"20121003",103152,"Low Risk","Unclean unmaintained or improperly constructed toilet facilities"
18310,"20140701",103139,"Low Risk","Improper food storage"
18310,"20140701",103116,"Moderate Risk","Inadequate food safety knowledge or lack of certified food safety manager"
18310,"20140701",103103,"High Risk","High risk food holding temperature "
18310,"20140701",103147,"Low Risk","Inadequate ventilation or lighting"
18318,"20140909",103121,"Moderate Risk","Inadequate procedures or records for time as a public health control "
18318,"20140909",103129,"Moderate Risk","Insufficient hot water or running water"
18318,"20140909",103142,"Low Risk","Unclean nonfood contact surfaces"
18318,"20140909",103138,"Low Risk","Improper storage use or identification of toxic substances"
18318,"20130613",103103,"High Risk","High risk food holding temperature "
18318,"20130613",103119,"Moderate Risk","Inadequate and inaccessible handwashing facilities"
18318,"20130613",103142,"Low Risk","Unclean nonfood contact surfaces"
18318,"20140429",103129,"Moderate Risk","Insufficient hot water or running water"
18318,"20140429",103139,"Low Risk","Improper food storage"
18318,"20140429",103104,"High Risk","Unauthorized or unsafe use of time as a public health control measure"
18318,"20121107",103129,"Moderate Risk","Insufficient hot water or running water"
18318,"20121107",103154,"Low Risk","Unclean or degraded floors walls or ceilings"
18318,"20121107",103102,"High Risk","Unclean hands or improper use of gloves"
18318,"20121107",103114,"High Risk","High risk vermin infestation"
18318,"20121107",103144,"Low Risk","Unapproved or unmaintained equipment or utensils"
18318,"20121107",103142,"Low Risk","Unclean nonfood contact surfaces"
18318,"20121107",103133,"Moderate Risk","Foods not protected from contamination"
18330,"20141204",103149,"Low Risk","Wiping cloths not clean or properly stored or inadequate sanitizer"
18330,"20141204",103154,"Low Risk","Unclean or degraded floors walls or ceilings"
18330,"20131029",103119,"Moderate Risk","Inadequate and inaccessible handwashing facilities"
18330,"20140418",103144,"Low Risk","Unapproved or unmaintained equipment or utensils"
18330,"20140418",103149,"Low Risk","Wiping cloths not clean or properly stored or inadequate sanitizer"
18330,"20140418",103145,"Low Risk","Improper storage of equipment utensils or linens"
18330,"20140418",103120,"Moderate Risk","Moderate risk food holding temperature "
18330,"20121010",103119,"Moderate Risk","Inadequate and inaccessible handwashing facilities"
18357,"20131213",103119,"Moderate Risk","Inadequate and inaccessible handwashing facilities"
18357,"20131213",103157,"Low Risk","Food safety certificate or food handler card not available"
18357,"20131213",103114,"High Risk","High risk vermin infestation"
18357,"20131213",103149,"Low Risk","Wiping cloths not clean or properly stored or inadequate sanitizer"
18357,"20131213",103103,"High Risk","High risk food holding temperature "
18357,"20131213",103142,"Low Risk","Unclean nonfood contact surfaces"
18357,"20131213",103139,"Low Risk","Improper food storage"
18357,"20131213",103133,"Moderate Risk","Foods not protected from contamination"
18357,"20131213",103129,"Moderate Risk","Insufficient hot water or running water"
18357,"20131213",103124,"Moderate Risk","Inadequately cleaned or sanitized food contact surfaces"
18357,"20131213",103154,"Low Risk","Unclean or degraded floors walls or ceilings"
18357,"20130227",103139,"Low Risk","Improper food storage"
18357,"20130227",103142,"Low Risk","Unclean nonfood contact surfaces"
18357,"20130227",103148,"Low Risk","No thermometers or uncalibrated thermometers "
18357,"20130227",103154,"Low Risk","Unclean or degraded floors walls or ceilings"
18357,"20130227",103157,"Low Risk","Food safety certificate or food handler card not available"
18357,"20130227",103124,"Moderate Risk","Inadequately cleaned or sanitized food contact surfaces"
18357,"20130227",103129,"Moderate Risk","Insufficient hot water or running water"
18357,"20130227",103153,"Low Risk","Inadequate dressing rooms or improper storage of personal items"
18357,"20140708",103142,"Low Risk","Unclean nonfood contact surfaces"
18357,"20140708",103114,"High Risk","High risk vermin infestation"
18357,"20140708",103119,"Moderate Risk","Inadequate and inaccessible handwashing facilities"
18357,"20140708",103150,"Low Risk","Improper or defective plumbing"
18357,"20140708",103154,"Low Risk","Unclean or degraded floors walls or ceilings"
18369,"20150120",103142,"Low Risk","Unclean nonfood contact surfaces"
18369,"20150120",103102,"High Risk","Unclean hands or improper use of gloves"
18369,"20150120",103103,"High Risk","High risk food holding temperature "
18369,"20150120",103114,"High Risk","High risk vermin infestation"
18369,"20150120",103133,"Moderate Risk","Foods not protected from contamination"
18369,"20150120",103144,"Low Risk","Unapproved or unmaintained equipment or utensils"
18369,"20150120",103157,"Low Risk","Food safety certificate or food handler card not available"
18369,"20130924",103139,"Low Risk","Improper food storage"
18369,"20130924",103102,"High Risk","Unclean hands or improper use of gloves"
18369,"20130924",103154,"Low Risk","Unclean or degraded floors walls or ceilings"
18369,"20130924",103133,"Moderate Risk","Foods not protected from contamination"
18369,"20130924",103132,"Moderate Risk","Improper thawing methods "
18369,"20130924",103124,"Moderate Risk","Inadequately cleaned or sanitized food contact surfaces"
18369,"20130924",103120,"Moderate Risk","Moderate risk food holding temperature "
18369,"20130924",103116,"Moderate Risk","Inadequate food safety knowledge or lack of certified food safety manager"
18369,"20130924",103114,"High Risk","High risk vermin infestation"
18369,"20140318",103154,"Low Risk","Unclean or degraded floors walls or ceilings"
18369,"20140318",103144,"Low Risk","Unapproved or unmaintained equipment or utensils"
18369,"20140318",103133,"Moderate Risk","Foods not protected from contamination"
18369,"20140318",103132,"Moderate Risk","Improper thawing methods "
18369,"20140318",103109,"High Risk","Unclean or unsanitary food contact surfaces"
18369,"20140318",103114,"High Risk","High risk vermin infestation"
18369,"20130130",103109,"High Risk","Unclean or unsanitary food contact surfaces"
18369,"20130130",103119,"Moderate Risk","Inadequate and inaccessible handwashing facilities"
18369,"20130130",103132,"Moderate Risk","Improper thawing methods "
18369,"20130130",103154,"Low Risk","Unclean or degraded floors walls or ceilings"
18399,"20130924",103144,"Low Risk","Unapproved or unmaintained equipment or utensils"
18399,"20121119",103119,"Moderate Risk","Inadequate and inaccessible handwashing facilities"
18403,"20150519",103149,"Low Risk","Wiping cloths not clean or properly stored or inadequate sanitizer"
18403,"20130802",103119,"Moderate Risk","Inadequate and inaccessible handwashing facilities"
18403,"20130802",103150,"Low Risk","Improper or defective plumbing"
18403,"20140205",103119,"Moderate Risk","Inadequate and inaccessible handwashing facilities"
18403,"20130124",103144,"Low Risk","Unapproved or unmaintained equipment or utensils"
18403,"20130124",103156,"Low Risk","Permit license or inspection report not posted"
18403,"20130124",103157,"Low Risk","Food safety certificate or food handler card not available"
18419,"20150310",103133,"Moderate Risk","Foods not protected from contamination"
18419,"20150310",103154,"Low Risk","Unclean or degraded floors walls or ceilings"
18419,"20150310",103144,"Low Risk","Unapproved or unmaintained equipment or utensils"
18419,"20150310",103103,"High Risk","High risk food holding temperature "
18419,"20130805",103154,"Low Risk","Unclean or degraded floors walls or ceilings"
18419,"20130805",103149,"Low Risk","Wiping cloths not clean or properly stored or inadequate sanitizer"
18419,"20130805",103144,"Low Risk","Unapproved or unmaintained equipment or utensils"
18419,"20130805",103124,"Moderate Risk","Inadequately cleaned or sanitized food contact surfaces"
18419,"20140129",103145,"Low Risk","Improper storage of equipment utensils or linens"
18419,"20140129",103149,"Low Risk","Wiping cloths not clean or properly stored or inadequate sanitizer"
18419,"20140129",103133,"Moderate Risk","Foods not protected from contamination"
18419,"20140129",103120,"Moderate Risk","Moderate risk food holding temperature "
18419,"20120613",103144,"Low Risk","Unapproved or unmaintained equipment or utensils"
18419,"20120613",103103,"High Risk","High risk food holding temperature "
18419,"20120613",103153,"Low Risk","Inadequate dressing rooms or improper storage of personal items"
18419,"20120613",103150,"Low Risk","Improper or defective plumbing"
18419,"20121210",103120,"Moderate Risk","Moderate risk food holding temperature "
18419,"20121210",103124,"Moderate Risk","Inadequately cleaned or sanitized food contact surfaces"
18419,"20121210",103139,"Low Risk","Improper food storage"
18419,"20121210",103142,"Low Risk","Unclean nonfood contact surfaces"
18419,"20121210",103157,"Low Risk","Food safety certificate or food handler card not available"
18419,"20121210",103148,"Low Risk","No thermometers or uncalibrated thermometers "
18419,"20121210",103154,"Low Risk","Unclean or degraded floors walls or ceilings"
18419,"20140722",103157,"Low Risk","Food safety certificate or food handler card not available"
18419,"20140722",103104,"High Risk","Unauthorized or unsafe use of time as a public health control measure"
18419,"20140722",103144,"Low Risk","Unapproved or unmaintained equipment or utensils"
18419,"20140722",103139,"Low Risk","Improper food storage"
18419,"20140722",103114,"High Risk","High risk vermin infestation"
18419,"20140722",103119,"Moderate Risk","Inadequate and inaccessible handwashing facilities"
18419,"20140722",103103,"High Risk","High risk food holding temperature "
18422,"20130425",103154,"Low Risk","Unclean or degraded floors walls or ceilings"
18422,"20130425",103120,"Moderate Risk","Moderate risk food holding temperature "
18422,"20130425",103131,"Moderate Risk","Moderate risk vermin infestation"
18422,"20140812",103124,"Moderate Risk","Inadequately cleaned or sanitized food contact surfaces"
18443,"20130517",103142,"Low Risk","Unclean nonfood contact surfaces"
18443,"20130517",103161,"Low Risk","Low risk vermin infestation"
18443,"20130517",103149,"Low Risk","Wiping cloths not clean or properly stored or inadequate sanitizer"
18443,"20130517",103152,"Low Risk","Unclean unmaintained or improperly constructed toilet facilities"
18443,"20121031",103142,"Low Risk","Unclean nonfood contact surfaces"
18443,"20121031",103114,"High Risk","High risk vermin infestation"
18443,"20121031",103147,"Low Risk","Inadequate ventilation or lighting"
18443,"20121031",103154,"Low Risk","Unclean or degraded floors walls or ceilings"
18443,"20140606",103149,"Low Risk","Wiping cloths not clean or properly stored or inadequate sanitizer"
18443,"20140606",103154,"Low Risk","Unclean or degraded floors walls or ceilings"
18462,"20150422",103144,"Low Risk","Unapproved or unmaintained equipment or utensils"
18462,"20150410",103138,"Low Risk","Improper storage use or identification of toxic substances"
18462,"20150410",103154,"Low Risk","Unclean or degraded floors walls or ceilings"
18462,"20150410",103129,"Moderate Risk","Insufficient hot water or running water"
18462,"20150410",103120,"Moderate Risk","Moderate risk food holding temperature "
18462,"20150410",103114,"High Risk","High risk vermin infestation"
18462,"20150410",103119,"Moderate Risk","Inadequate and inaccessible handwashing facilities"
18462,"20140402",103134,"Moderate Risk","Other moderate risk violation"
18462,"20140402",103114,"High Risk","High risk vermin infestation"
18462,"20121207",103162,"Low Risk","Other low risk violation"
18462,"20121207",103114,"High Risk","High risk vermin infestation"
18462,"20121207",103119,"Moderate Risk","Inadequate and inaccessible handwashing facilities"
18462,"20121207",103138,"Low Risk","Improper storage use or identification of toxic substances"
18462,"20121207",103156,"Low Risk","Permit license or inspection report not posted"
18480,"20141023",103114,"High Risk","High risk vermin infestation"
18480,"20141023",103124,"Moderate Risk","Inadequately cleaned or sanitized food contact surfaces"
18480,"20141023",103154,"Low Risk","Unclean or degraded floors walls or ceilings"
18480,"20141023",103142,"Low Risk","Unclean nonfood contact surfaces"
18480,"20141023",103139,"Low Risk","Improper food storage"
18480,"20141023",103132,"Moderate Risk","Improper thawing methods "
18480,"20141023",103157,"Low Risk","Food safety certificate or food handler card not available"
18480,"20141023",103119,"Moderate Risk","Inadequate and inaccessible handwashing facilities"
18480,"20141023",103103,"High Risk","High risk food holding temperature "
18480,"20141023",103105,"High Risk","Improper cooling methods"
18480,"20141023",103156,"Low Risk","Permit license or inspection report not posted"
18480,"20141023",103144,"Low Risk","Unapproved or unmaintained equipment or utensils"
18480,"20141023",103129,"Moderate Risk","Insufficient hot water or running water"
18480,"20141023",103133,"Moderate Risk","Foods not protected from contamination"
18480,"20130626",103103,"High Risk","High risk food holding temperature "
18480,"20130626",103150,"Low Risk","Improper or defective plumbing"
18480,"20130626",103154,"Low Risk","Unclean or degraded floors walls or ceilings"
18480,"20130626",103132,"Moderate Risk","Improper thawing methods "
18480,"20130626",103138,"Low Risk","Improper storage use or identification of toxic substances"
18480,"20130626",103133,"Moderate Risk","Foods not protected from contamination"
18480,"20130626",103114,"High Risk","High risk vermin infestation"
18480,"20130626",103109,"High Risk","Unclean or unsanitary food contact surfaces"
18480,"20130626",103108,"High Risk","Contaminated or adulterated food"
18480,"20130626",103129,"Moderate Risk","Insufficient hot water or running water"
18480,"20121206",103145,"Low Risk","Improper storage of equipment utensils or linens"
18480,"20121206",103139,"Low Risk","Improper food storage"
18480,"20121206",103119,"Moderate Risk","Inadequate and inaccessible handwashing facilities"
18480,"20121206",103132,"Moderate Risk","Improper thawing methods "
18480,"20121206",103153,"Low Risk","Inadequate dressing rooms or improper storage of personal items"
18480,"20121206",103114,"High Risk","High risk vermin infestation"
18480,"20121206",103104,"High Risk","Unauthorized or unsafe use of time as a public health control measure"
18480,"20121206",103109,"High Risk","Unclean or unsanitary food contact surfaces"
18480,"20121206",103154,"Low Risk","Unclean or degraded floors walls or ceilings"
18480,"20121206",103133,"Moderate Risk","Foods not protected from contamination"
18480,"20121206",103103,"High Risk","High risk food holding temperature "
18514,"20150518",103114,"High Risk","High risk vermin infestation"
18514,"20150518",103105,"High Risk","Improper cooling methods"
18514,"20150518",103139,"Low Risk","Improper food storage"
18514,"20150518",103120,"Moderate Risk","Moderate risk food holding temperature "
18514,"20150518",103154,"Low Risk","Unclean or degraded floors walls or ceilings"
18514,"20130923",103154,"Low Risk","Unclean or degraded floors walls or ceilings"
18514,"20130923",103103,"High Risk","High risk food holding temperature "
18514,"20130313",103139,"Low Risk","Improper food storage"
18514,"20130313",103103,"High Risk","High risk food holding temperature "
18514,"20140319",103145,"Low Risk","Improper storage of equipment utensils or linens"
18514,"20140319",103120,"Moderate Risk","Moderate risk food holding temperature "
18514,"20140319",103118,"Moderate Risk","Employee eating or smoking"
18514,"20120801",103161,"Low Risk","Low risk vermin infestation"
18514,"20120801",103124,"Moderate Risk","Inadequately cleaned or sanitized food contact surfaces"
18514,"20120801",103139,"Low Risk","Improper food storage"
18514,"20120801",103156,"Low Risk","Permit license or inspection report not posted"
18538,"20150323",103151,"Low Risk","Inadequate or unsanitary refuse containers or area or no garbage service"
18538,"20150323",103144,"Low Risk","Unapproved or unmaintained equipment or utensils"
18538,"20130926",103154,"Low Risk","Unclean or degraded floors walls or ceilings"
18538,"20130926",103142,"Low Risk","Unclean nonfood contact surfaces"
18538,"20130926",103157,"Low Risk","Food safety certificate or food handler card not available"
18538,"20130125",103138,"Low Risk","Improper storage use or identification of toxic substances"
18538,"20130125",103154,"Low Risk","Unclean or degraded floors walls or ceilings"
18538,"20130125",103149,"Low Risk","Wiping cloths not clean or properly stored or inadequate sanitizer"
18538,"20130125",103147,"Low Risk","Inadequate ventilation or lighting"
18538,"20130125",103144,"Low Risk","Unapproved or unmaintained equipment or utensils"
18538,"20130125",103142,"Low Risk","Unclean nonfood contact surfaces"
18538,"20130125",103118,"Moderate Risk","Employee eating or smoking"
18538,"20140805",103154,"Low Risk","Unclean or degraded floors walls or ceilings"
18538,"20140805",103142,"Low Risk","Unclean nonfood contact surfaces"
18573,"20150326",103145,"Low Risk","Improper storage of equipment utensils or linens"
18573,"20150326",103147,"Low Risk","Inadequate ventilation or lighting"
18573,"20130807",103149,"Low Risk","Wiping cloths not clean or properly stored or inadequate sanitizer"
18573,"20130807",103120,"Moderate Risk","Moderate risk food holding temperature "
18573,"20140228",103153,"Low Risk","Inadequate dressing rooms or improper storage of personal items"
18573,"20140228",103103,"High Risk","High risk food holding temperature "
18573,"20140228",103119,"Moderate Risk","Inadequate and inaccessible handwashing facilities"
18577,"20130422",103116,"Moderate Risk","Inadequate food safety knowledge or lack of certified food safety manager"
18577,"20130422",103103,"High Risk","High risk food holding temperature "
18577,"20140506",103124,"Moderate Risk","Inadequately cleaned or sanitized food contact surfaces"
18580,"20130422",103116,"Moderate Risk","Inadequate food safety knowledge or lack of certified food safety manager"
18580,"20130422",103120,"Moderate Risk","Moderate risk food holding temperature "
18581,"20130422",103116,"Moderate Risk","Inadequate food safety knowledge or lack of certified food safety manager"
18581,"20140506",103154,"Low Risk","Unclean or degraded floors walls or ceilings"
18606,"20131010",103119,"Moderate Risk","Inadequate and inaccessible handwashing facilities"
18606,"20130115",103109,"High Risk","Unclean or unsanitary food contact surfaces"
18606,"20130115",103116,"Moderate Risk","Inadequate food safety knowledge or lack of certified food safety manager"
18606,"20130115",103154,"Low Risk","Unclean or degraded floors walls or ceilings"
18606,"20140609",103119,"Moderate Risk","Inadequate and inaccessible handwashing facilities"
18606,"20140609",103149,"Low Risk","Wiping cloths not clean or properly stored or inadequate sanitizer"
18616,"20150609",103139,"Low Risk","Improper food storage"
18616,"20150609",103142,"Low Risk","Unclean nonfood contact surfaces"
18616,"20150609",103124,"Moderate Risk","Inadequately cleaned or sanitized food contact surfaces"
18616,"20150609",103157,"Low Risk","Food safety certificate or food handler card not available"
18616,"20150609",103120,"Moderate Risk","Moderate risk food holding temperature "
18616,"20150609",103154,"Low Risk","Unclean or degraded floors walls or ceilings"
18616,"20150609",103114,"High Risk","High risk vermin infestation"
18616,"20131213",103144,"Low Risk","Unapproved or unmaintained equipment or utensils"
18616,"20130314",103133,"Moderate Risk","Foods not protected from contamination"
18616,"20130314",103154,"Low Risk","Unclean or degraded floors walls or ceilings"
18677,"20130528",103109,"High Risk","Unclean or unsanitary food contact surfaces"
18677,"20130528",103116,"Moderate Risk","Inadequate food safety knowledge or lack of certified food safety manager"
18677,"20130528",103114,"High Risk","High risk vermin infestation"
18677,"20130528",103133,"Moderate Risk","Foods not protected from contamination"
18686,"20140107",103138,"Low Risk","Improper storage use or identification of toxic substances"
18686,"20140107",103154,"Low Risk","Unclean or degraded floors walls or ceilings"
18686,"20140107",103145,"Low Risk","Improper storage of equipment utensils or linens"
18686,"20140107",103141,"Low Risk","Improper food labeling or menu misrepresentation"
18686,"20140107",103124,"Moderate Risk","Inadequately cleaned or sanitized food contact surfaces"
18686,"20140107",103114,"High Risk","High risk vermin infestation"
18686,"20130514",103154,"Low Risk","Unclean or degraded floors walls or ceilings"
18686,"20130514",103131,"Moderate Risk","Moderate risk vermin infestation"
18686,"20130507",103138,"Low Risk","Improper storage use or identification of toxic substances"
18686,"20130507",103114,"High Risk","High risk vermin infestation"
18686,"20130507",103116,"Moderate Risk","Inadequate food safety knowledge or lack of certified food safety manager"
18686,"20130507",103124,"Moderate Risk","Inadequately cleaned or sanitized food contact surfaces"
18686,"20130507",103133,"Moderate Risk","Foods not protected from contamination"
18686,"20130507",103154,"Low Risk","Unclean or degraded floors walls or ceilings"
18728,"20131210",103157,"Low Risk","Food safety certificate or food handler card not available"
18728,"20140715",103120,"Moderate Risk","Moderate risk food holding temperature "
18728,"20140715",103142,"Low Risk","Unclean nonfood contact surfaces"
18728,"20140715",103144,"Low Risk","Unapproved or unmaintained equipment or utensils"
18728,"20140715",103148,"Low Risk","No thermometers or uncalibrated thermometers "
18728,"20140715",103157,"Low Risk","Food safety certificate or food handler card not available"
18728,"20140715",103119,"Moderate Risk","Inadequate and inaccessible handwashing facilities"
18732,"20141110",103124,"Moderate Risk","Inadequately cleaned or sanitized food contact surfaces"
18732,"20141110",103161,"Low Risk","Low risk vermin infestation"
18732,"20140310",103119,"Moderate Risk","Inadequate and inaccessible handwashing facilities"
18732,"20130111",103149,"Low Risk","Wiping cloths not clean or properly stored or inadequate sanitizer"
18755,"20141222",103139,"Low Risk","Improper food storage"
18755,"20141222",103149,"Low Risk","Wiping cloths not clean or properly stored or inadequate sanitizer"
18755,"20141222",103154,"Low Risk","Unclean or degraded floors walls or ceilings"
18755,"20130529",103154,"Low Risk","Unclean or degraded floors walls or ceilings"
18755,"20130529",103149,"Low Risk","Wiping cloths not clean or properly stored or inadequate sanitizer"
18755,"20140303",103149,"Low Risk","Wiping cloths not clean or properly stored or inadequate sanitizer"
18755,"20140303",103139,"Low Risk","Improper food storage"
18755,"20121115",103133,"Moderate Risk","Foods not protected from contamination"
18755,"20121115",103139,"Low Risk","Improper food storage"
18755,"20121115",103149,"Low Risk","Wiping cloths not clean or properly stored or inadequate sanitizer"
18755,"20121115",103157,"Low Risk","Food safety certificate or food handler card not available"
18767,"20130827",103149,"Low Risk","Wiping cloths not clean or properly stored or inadequate sanitizer"
18767,"20130827",103142,"Low Risk","Unclean nonfood contact surfaces"
18767,"20130827",103145,"Low Risk","Improper storage of equipment utensils or linens"
18767,"20130827",103112,"High Risk","No hot water or running water"
18767,"20130314",103124,"Moderate Risk","Inadequately cleaned or sanitized food contact surfaces"
18767,"20130314",103129,"Moderate Risk","Insufficient hot water or running water"
18767,"20130314",103139,"Low Risk","Improper food storage"
18767,"20140327",103144,"Low Risk","Unapproved or unmaintained equipment or utensils"
18767,"20140327",103142,"Low Risk","Unclean nonfood contact surfaces"
18767,"20140327",103139,"Low Risk","Improper food storage"
18767,"20120806",103139,"Low Risk","Improper food storage"
18767,"20120806",103142,"Low Risk","Unclean nonfood contact surfaces"
18767,"20140825",103109,"High Risk","Unclean or unsanitary food contact surfaces"
18800,"20140127",103120,"Moderate Risk","Moderate risk food holding temperature "
18800,"20140127",103145,"Low Risk","Improper storage of equipment utensils or linens"
18800,"20140127",103102,"High Risk","Unclean hands or improper use of gloves"
18800,"20140127",103161,"Low Risk","Low risk vermin infestation"
18800,"20140127",103142,"Low Risk","Unclean nonfood contact surfaces"
18800,"20140127",103149,"Low Risk","Wiping cloths not clean or properly stored or inadequate sanitizer"
18800,"20130312",103133,"Moderate Risk","Foods not protected from contamination"
18800,"20130312",103154,"Low Risk","Unclean or degraded floors walls or ceilings"
18800,"20130312",103116,"Moderate Risk","Inadequate food safety knowledge or lack of certified food safety manager"
18800,"20130410",103103,"High Risk","High risk food holding temperature "
18800,"20130312",103128,"Moderate Risk","Consumer advisory not provided for raw or undercooked foods"
18800,"20130410",103121,"Moderate Risk","Inadequate procedures or records for time as a public health control "
18800,"20130410",103138,"Low Risk","Improper storage use or identification of toxic substances"
18800,"20130410",103142,"Low Risk","Unclean nonfood contact surfaces"
18800,"20130410",103102,"High Risk","Unclean hands or improper use of gloves"
18800,"20130312",103142,"Low Risk","Unclean nonfood contact surfaces"
18800,"20130410",103145,"Low Risk","Improper storage of equipment utensils or linens"
18800,"20130312",103114,"High Risk","High risk vermin infestation"
18800,"20130312",103103,"High Risk","High risk food holding temperature "
18800,"20130312",103105,"High Risk","Improper cooling methods"
18800,"20120717",103131,"Moderate Risk","Moderate risk vermin infestation"
18800,"20120717",103144,"Low Risk","Unapproved or unmaintained equipment or utensils"
18800,"20120717",103154,"Low Risk","Unclean or degraded floors walls or ceilings"
18800,"20120717",103124,"Moderate Risk","Inadequately cleaned or sanitized food contact surfaces"
18800,"20120717",103142,"Low Risk","Unclean nonfood contact surfaces"
18800,"20120717",103103,"High Risk","High risk food holding temperature "
18800,"20120717",103133,"Moderate Risk","Foods not protected from contamination"
18800,"20120717",103102,"High Risk","Unclean hands or improper use of gloves"
18805,"20131008",103154,"Low Risk","Unclean or degraded floors walls or ceilings"
18805,"20140603",103131,"Moderate Risk","Moderate risk vermin infestation"
18805,"20140603",103145,"Low Risk","Improper storage of equipment utensils or linens"
18805,"20140603",103133,"Moderate Risk","Foods not protected from contamination"
18815,"20131009",103116,"Moderate Risk","Inadequate food safety knowledge or lack of certified food safety manager"
18815,"20131009",103132,"Moderate Risk","Improper thawing methods "
18815,"20131009",103133,"Moderate Risk","Foods not protected from contamination"
18815,"20131009",103145,"Low Risk","Improper storage of equipment utensils or linens"
18815,"20121213",103132,"Moderate Risk","Improper thawing methods "
18815,"20121213",103139,"Low Risk","Improper food storage"
18815,"20140806",103119,"Moderate Risk","Inadequate and inaccessible handwashing facilities"
18815,"20140520",103123,"Moderate Risk","Food in poor condition"
18815,"20140806",103144,"Low Risk","Unapproved or unmaintained equipment or utensils"
18815,"20140806",103149,"Low Risk","Wiping cloths not clean or properly stored or inadequate sanitizer"
18815,"20140520",103120,"Moderate Risk","Moderate risk food holding temperature "
18815,"20140520",103142,"Low Risk","Unclean nonfood contact surfaces"
18824,"20141205",103124,"Moderate Risk","Inadequately cleaned or sanitized food contact surfaces"
18824,"20141205",103154,"Low Risk","Unclean or degraded floors walls or ceilings"
18824,"20141205",103133,"Moderate Risk","Foods not protected from contamination"
18824,"20141205",103131,"Moderate Risk","Moderate risk vermin infestation"
18824,"20141205",103120,"Moderate Risk","Moderate risk food holding temperature "
18824,"20131203",103149,"Low Risk","Wiping cloths not clean or properly stored or inadequate sanitizer"
18824,"20131203",103133,"Moderate Risk","Foods not protected from contamination"
18824,"20131203",103120,"Moderate Risk","Moderate risk food holding temperature "
18824,"20131203",103116,"Moderate Risk","Inadequate food safety knowledge or lack of certified food safety manager"
18824,"20131203",103142,"Low Risk","Unclean nonfood contact surfaces"
18824,"20130305",103102,"High Risk","Unclean hands or improper use of gloves"
18824,"20130426",103120,"Moderate Risk","Moderate risk food holding temperature "
18824,"20130305",103133,"Moderate Risk","Foods not protected from contamination"
18824,"20130305",103103,"High Risk","High risk food holding temperature "
18824,"20140818",103120,"Moderate Risk","Moderate risk food holding temperature "
18824,"20140818",103149,"Low Risk","Wiping cloths not clean or properly stored or inadequate sanitizer"
18824,"20140818",103105,"High Risk","Improper cooling methods"
18824,"20140818",103133,"Moderate Risk","Foods not protected from contamination"
18825,"20141121",103112,"High Risk","No hot water or running water"
18825,"20141121",103120,"Moderate Risk","Moderate risk food holding temperature "
18825,"20141121",103139,"Low Risk","Improper food storage"
18825,"20141121",103131,"Moderate Risk","Moderate risk vermin infestation"
18825,"20141121",103154,"Low Risk","Unclean or degraded floors walls or ceilings"
18825,"20141121",103119,"Moderate Risk","Inadequate and inaccessible handwashing facilities"
18825,"20130814",103154,"Low Risk","Unclean or degraded floors walls or ceilings"
18825,"20130814",103161,"Low Risk","Low risk vermin infestation"
18825,"20130814",103102,"High Risk","Unclean hands or improper use of gloves"
18825,"20130814",103139,"Low Risk","Improper food storage"
18825,"20140312",103139,"Low Risk","Improper food storage"
18825,"20140312",103105,"High Risk","Improper cooling methods"
18825,"20140312",103154,"Low Risk","Unclean or degraded floors walls or ceilings"
18826,"20150603",103103,"High Risk","High risk food holding temperature "
18826,"20150603",103148,"Low Risk","No thermometers or uncalibrated thermometers "
18826,"20150603",103150,"Low Risk","Improper or defective plumbing"
18826,"20150603",103145,"Low Risk","Improper storage of equipment utensils or linens"
18826,"20131220",103124,"Moderate Risk","Inadequately cleaned or sanitized food contact surfaces"
18826,"20131220",103102,"High Risk","Unclean hands or improper use of gloves"
18826,"20131220",103134,"Moderate Risk","Other moderate risk violation"
18826,"20131220",103133,"Moderate Risk","Foods not protected from contamination"
18826,"20131220",103132,"Moderate Risk","Improper thawing methods "
18826,"20131220",103116,"Moderate Risk","Inadequate food safety knowledge or lack of certified food safety manager"
18826,"20130103",103119,"Moderate Risk","Inadequate and inaccessible handwashing facilities"
18826,"20130103",103133,"Moderate Risk","Foods not protected from contamination"
18870,"20150513",103114,"High Risk","High risk vermin infestation"
18870,"20150513",103154,"Low Risk","Unclean or degraded floors walls or ceilings"
18870,"20150513",103142,"Low Risk","Unclean nonfood contact surfaces"
18870,"20150513",103133,"Moderate Risk","Foods not protected from contamination"
18870,"20150513",103149,"Low Risk","Wiping cloths not clean or properly stored or inadequate sanitizer"
18870,"20150513",103144,"Low Risk","Unapproved or unmaintained equipment or utensils"
18870,"20150513",103139,"Low Risk","Improper food storage"
18870,"20150513",103124,"Moderate Risk","Inadequately cleaned or sanitized food contact surfaces"
18870,"20150513",103159,"Low Risk","Worker safety hazards"
18870,"20130410",103119,"Moderate Risk","Inadequate and inaccessible handwashing facilities"
18870,"20130410",103109,"High Risk","Unclean or unsanitary food contact surfaces"
18870,"20130410",103133,"Moderate Risk","Foods not protected from contamination"
18870,"20130410",103142,"Low Risk","Unclean nonfood contact surfaces"
18870,"20130410",103103,"High Risk","High risk food holding temperature "
18870,"20130410",103143,"Low Risk","Inadequate warewashing facilities or equipment"
18874,"20150109",103154,"Low Risk","Unclean or degraded floors walls or ceilings"
18874,"20150109",103144,"Low Risk","Unapproved or unmaintained equipment or utensils"
18874,"20150109",103131,"Moderate Risk","Moderate risk vermin infestation"
18874,"20150109",103119,"Moderate Risk","Inadequate and inaccessible handwashing facilities"
18874,"20150109",103142,"Low Risk","Unclean nonfood contact surfaces"
18874,"20140424",103124,"Moderate Risk","Inadequately cleaned or sanitized food contact surfaces"
18874,"20140424",103157,"Low Risk","Food safety certificate or food handler card not available"
18874,"20140424",103154,"Low Risk","Unclean or degraded floors walls or ceilings"
18874,"20140424",103144,"Low Risk","Unapproved or unmaintained equipment or utensils"
18874,"20140424",103139,"Low Risk","Improper food storage"
18874,"20140424",103119,"Moderate Risk","Inadequate and inaccessible handwashing facilities"
18874,"20121101",103142,"Low Risk","Unclean nonfood contact surfaces"
18874,"20121101",103119,"Moderate Risk","Inadequate and inaccessible handwashing facilities"
18874,"20121101",103120,"Moderate Risk","Moderate risk food holding temperature "
18874,"20121101",103154,"Low Risk","Unclean or degraded floors walls or ceilings"
18874,"20121101",103144,"Low Risk","Unapproved or unmaintained equipment or utensils"
18874,"20121101",103147,"Low Risk","Inadequate ventilation or lighting"
18874,"20121101",103156,"Low Risk","Permit license or inspection report not posted"
18901,"20130926",103145,"Low Risk","Improper storage of equipment utensils or linens"
18901,"20130926",103102,"High Risk","Unclean hands or improper use of gloves"
18901,"20130926",103139,"Low Risk","Improper food storage"
18901,"20130926",103103,"High Risk","High risk food holding temperature "
18901,"20140421",103147,"Low Risk","Inadequate ventilation or lighting"
18901,"20140421",103103,"High Risk","High risk food holding temperature "
18901,"20140421",103104,"High Risk","Unauthorized or unsafe use of time as a public health control measure"
18901,"20140421",103107,"High Risk","Improper reheating of food"
18901,"20140421",103139,"Low Risk","Improper food storage"
18901,"20140806",103110,"High Risk","Unapproved food source"
18901,"20140806",103139,"Low Risk","Improper food storage"
18901,"20140806",103103,"High Risk","High risk food holding temperature "
18901,"20140806",103105,"High Risk","Improper cooling methods"
18921,"20140226",103105,"High Risk","Improper cooling methods"
18921,"20140226",103149,"Low Risk","Wiping cloths not clean or properly stored or inadequate sanitizer"
18921,"20140226",103102,"High Risk","Unclean hands or improper use of gloves"
18940,"20130925",103103,"High Risk","High risk food holding temperature "
18940,"20130925",103119,"Moderate Risk","Inadequate and inaccessible handwashing facilities"
18952,"20120615",103142,"Low Risk","Unclean nonfood contact surfaces"
18952,"20120615",103102,"High Risk","Unclean hands or improper use of gloves"
18952,"20120615",103156,"Low Risk","Permit license or inspection report not posted"
18952,"20120615",103145,"Low Risk","Improper storage of equipment utensils or linens"
18952,"20120615",103139,"Low Risk","Improper food storage"
18952,"20120615",103109,"High Risk","Unclean or unsanitary food contact surfaces"
18952,"20130208",103156,"Low Risk","Permit license or inspection report not posted"
18952,"20130208",103129,"Moderate Risk","Insufficient hot water or running water"
18952,"20130208",103145,"Low Risk","Improper storage of equipment utensils or linens"
18952,"20130208",103144,"Low Risk","Unapproved or unmaintained equipment or utensils"
18953,"20120615",103144,"Low Risk","Unapproved or unmaintained equipment or utensils"
18953,"20120615",103139,"Low Risk","Improper food storage"
18953,"20120615",103132,"Moderate Risk","Improper thawing methods "
18953,"20120615",103119,"Moderate Risk","Inadequate and inaccessible handwashing facilities"
18953,"20120615",103142,"Low Risk","Unclean nonfood contact surfaces"
18953,"20130208",103156,"Low Risk","Permit license or inspection report not posted"
18953,"20130208",103142,"Low Risk","Unclean nonfood contact surfaces"
18953,"20130208",103139,"Low Risk","Improper food storage"
18953,"20130208",103129,"Moderate Risk","Insufficient hot water or running water"
18954,"20130208",103129,"Moderate Risk","Insufficient hot water or running water"
18954,"20130208",103156,"Low Risk","Permit license or inspection report not posted"
18963,"20150218",103107,"High Risk","Improper reheating of food"
18963,"20150218",103120,"Moderate Risk","Moderate risk food holding temperature "
18963,"20131107",103154,"Low Risk","Unclean or degraded floors walls or ceilings"
18963,"20131107",103124,"Moderate Risk","Inadequately cleaned or sanitized food contact surfaces"
18963,"20131107",103124,"Moderate Risk","Inadequately cleaned or sanitized food contact surfaces"
18963,"20131107",103114,"High Risk","High risk vermin infestation"
18963,"20131107",103108,"High Risk","Contaminated or adulterated food"
18963,"20120719",103119,"Moderate Risk","Inadequate and inaccessible handwashing facilities"
18981,"20131118",103120,"Moderate Risk","Moderate risk food holding temperature "
18981,"20131118",103124,"Moderate Risk","Inadequately cleaned or sanitized food contact surfaces"
18981,"20131118",103154,"Low Risk","Unclean or degraded floors walls or ceilings"
18981,"20130327",103103,"High Risk","High risk food holding temperature "
18981,"20130327",103150,"Low Risk","Improper or defective plumbing"
18981,"20130327",103105,"High Risk","Improper cooling methods"
18981,"20130327",103142,"Low Risk","Unclean nonfood contact surfaces"
18981,"20120703",103119,"Moderate Risk","Inadequate and inaccessible handwashing facilities"
18981,"20140620",103156,"Low Risk","Permit license or inspection report not posted"
18981,"20140620",103150,"Low Risk","Improper or defective plumbing"
18981,"20140620",103142,"Low Risk","Unclean nonfood contact surfaces"
18981,"20140620",103103,"High Risk","High risk food holding temperature "
18981,"20140620",103154,"Low Risk","Unclean or degraded floors walls or ceilings"
18996,"20141006",103133,"Moderate Risk","Foods not protected from contamination"
18996,"20141006",103149,"Low Risk","Wiping cloths not clean or properly stored or inadequate sanitizer"
18996,"20141006",103120,"Moderate Risk","Moderate risk food holding temperature "
18996,"20130905",103154,"Low Risk","Unclean or degraded floors walls or ceilings"
18996,"20140319",103154,"Low Risk","Unclean or degraded floors walls or ceilings"
18996,"20121210",103162,"Low Risk","Other low risk violation"
18996,"20121210",103149,"Low Risk","Wiping cloths not clean or properly stored or inadequate sanitizer"
18996,"20121210",103157,"Low Risk","Food safety certificate or food handler card not available"
18996,"20121210",103142,"Low Risk","Unclean nonfood contact surfaces"
19002,"20141119",103127,"Moderate Risk","Noncompliance with HAACP plan or variance"
19002,"20130301",103149,"Low Risk","Wiping cloths not clean or properly stored or inadequate sanitizer"
19002,"20140822",103120,"Moderate Risk","Moderate risk food holding temperature "
19003,"20131112",103120,"Moderate Risk","Moderate risk food holding temperature "
19003,"20131112",103124,"Moderate Risk","Inadequately cleaned or sanitized food contact surfaces"
19003,"20130521",103120,"Moderate Risk","Moderate risk food holding temperature "
19003,"20130521",103139,"Low Risk","Improper food storage"
19003,"20130521",103124,"Moderate Risk","Inadequately cleaned or sanitized food contact surfaces"
19003,"20130521",103156,"Low Risk","Permit license or inspection report not posted"
19003,"20130521",103144,"Low Risk","Unapproved or unmaintained equipment or utensils"
19003,"20140428",103103,"High Risk","High risk food holding temperature "
19003,"20140428",103142,"Low Risk","Unclean nonfood contact surfaces"
19003,"20140428",103145,"Low Risk","Improper storage of equipment utensils or linens"
19003,"20121127",103124,"Moderate Risk","Inadequately cleaned or sanitized food contact surfaces"
19003,"20121127",103108,"High Risk","Contaminated or adulterated food"
19003,"20121127",103119,"Moderate Risk","Inadequate and inaccessible handwashing facilities"
19003,"20121127",103103,"High Risk","High risk food holding temperature "
19003,"20121127",103138,"Low Risk","Improper storage use or identification of toxic substances"
19025,"20150224",103159,"Low Risk","Worker safety hazards"
19025,"20150224",103149,"Low Risk","Wiping cloths not clean or properly stored or inadequate sanitizer"
19025,"20130729",103162,"Low Risk","Other low risk violation"
19025,"20130729",103105,"High Risk","Improper cooling methods"
19025,"20140326",103156,"Low Risk","Permit license or inspection report not posted"
19041,"20141125",103139,"Low Risk","Improper food storage"
19041,"20141125",103132,"Moderate Risk","Improper thawing methods "
19041,"20141125",103124,"Moderate Risk","Inadequately cleaned or sanitized food contact surfaces"
19041,"20141125",103120,"Moderate Risk","Moderate risk food holding temperature "
19041,"20141125",103119,"Moderate Risk","Inadequate and inaccessible handwashing facilities"
19041,"20141125",103154,"Low Risk","Unclean or degraded floors walls or ceilings"
19041,"20130606",103149,"Low Risk","Wiping cloths not clean or properly stored or inadequate sanitizer"
19041,"20130606",103154,"Low Risk","Unclean or degraded floors walls or ceilings"
19041,"20130606",103124,"Moderate Risk","Inadequately cleaned or sanitized food contact surfaces"
19041,"20130606",103145,"Low Risk","Improper storage of equipment utensils or linens"
19041,"20140327",103154,"Low Risk","Unclean or degraded floors walls or ceilings"
19041,"20140327",103103,"High Risk","High risk food holding temperature "
19041,"20121107",103102,"High Risk","Unclean hands or improper use of gloves"
19041,"20121107",103144,"Low Risk","Unapproved or unmaintained equipment or utensils"
19043,"20141021",103116,"Moderate Risk","Inadequate food safety knowledge or lack of certified food safety manager"
19043,"20141021",103105,"High Risk","Improper cooling methods"
19043,"20141021",103103,"High Risk","High risk food holding temperature "
19043,"20131016",103114,"High Risk","High risk vermin infestation"
19043,"20131016",103142,"Low Risk","Unclean nonfood contact surfaces"
19043,"20131016",103149,"Low Risk","Wiping cloths not clean or properly stored or inadequate sanitizer"
19043,"20140416",103103,"High Risk","High risk food holding temperature "
19043,"20140416",103149,"Low Risk","Wiping cloths not clean or properly stored or inadequate sanitizer"
19043,"20121001",103105,"High Risk","Improper cooling methods"
19043,"20121001",103119,"Moderate Risk","Inadequate and inaccessible handwashing facilities"
19043,"20121001",103154,"Low Risk","Unclean or degraded floors walls or ceilings"
19055,"20140303",103124,"Moderate Risk","Inadequately cleaned or sanitized food contact surfaces"
19055,"20140227",103114,"High Risk","High risk vermin infestation"
19055,"20140227",103109,"High Risk","Unclean or unsanitary food contact surfaces"
19055,"20140227",103153,"Low Risk","Inadequate dressing rooms or improper storage of personal items"
19055,"20140303",103161,"Low Risk","Low risk vermin infestation"
19056,"20140227",103131,"Moderate Risk","Moderate risk vermin infestation"
19057,"20140227",103131,"Moderate Risk","Moderate risk vermin infestation"
19058,"20140227",103131,"Moderate Risk","Moderate risk vermin infestation"
19058,"20140227",103141,"Low Risk","Improper food labeling or menu misrepresentation"
19058,"20120712",103109,"High Risk","Unclean or unsanitary food contact surfaces"
19058,"20120712",103120,"Moderate Risk","Moderate risk food holding temperature "
19058,"20120712",103112,"High Risk","No hot water or running water"
19058,"20120712",103133,"Moderate Risk","Foods not protected from contamination"
19058,"20130131",103120,"Moderate Risk","Moderate risk food holding temperature "
19058,"20130131",103129,"Moderate Risk","Insufficient hot water or running water"
19058,"20130131",103119,"Moderate Risk","Inadequate and inaccessible handwashing facilities"
19058,"20130131",103109,"High Risk","Unclean or unsanitary food contact surfaces"
19058,"20130131",103140,"Low Risk",
19059,"20120910",103103,"High Risk","High risk food holding temperature "
19060,"20120910",103154,"Low Risk","Unclean or degraded floors walls or ceilings"
19060,"20120910",103161,"Low Risk","Low risk vermin infestation"
19063,"20130424",103116,"Moderate Risk","Inadequate food safety knowledge or lack of certified food safety manager"
19063,"20130424",103119,"Moderate Risk","Inadequate and inaccessible handwashing facilities"
19063,"20130424",103120,"Moderate Risk","Moderate risk food holding temperature "
19063,"20120911",103136,"Low Risk","Unsanitary employee garments hair or nails"
19063,"20120911",103143,"Low Risk","Inadequate warewashing facilities or equipment"
19076,"20150602",103114,"High Risk","High risk vermin infestation"
19076,"20150602",103124,"Moderate Risk","Inadequately cleaned or sanitized food contact surfaces"
19076,"20150602",103154,"Low Risk","Unclean or degraded floors walls or ceilings"
19076,"20150602",103142,"Low Risk","Unclean nonfood contact surfaces"
19076,"20150602",103144,"Low Risk","Unapproved or unmaintained equipment or utensils"
19076,"20130806",103139,"Low Risk","Improper food storage"
19076,"20130806",103142,"Low Risk","Unclean nonfood contact surfaces"
19076,"20130806",103114,"High Risk","High risk vermin infestation"
19076,"20130806",103120,"Moderate Risk","Moderate risk food holding temperature "
19076,"20130806",103142,"Low Risk","Unclean nonfood contact surfaces"
19076,"20140115",103142,"Low Risk","Unclean nonfood contact surfaces"
19076,"20140115",103124,"Moderate Risk","Inadequately cleaned or sanitized food contact surfaces"
19076,"20140115",103138,"Low Risk","Improper storage use or identification of toxic substances"
19076,"20140115",103154,"Low Risk","Unclean or degraded floors walls or ceilings"
19076,"20140115",103114,"High Risk","High risk vermin infestation"
19076,"20130326",103154,"Low Risk","Unclean or degraded floors walls or ceilings"
19076,"20130326",103133,"Moderate Risk","Foods not protected from contamination"
19076,"20130326",103139,"Low Risk","Improper food storage"
19076,"20130326",103120,"Moderate Risk","Moderate risk food holding temperature "
19076,"20130326",103105,"High Risk","Improper cooling methods"
19076,"20121011",103139,"Low Risk","Improper food storage"
19076,"20121011",103105,"High Risk","Improper cooling methods"
19076,"20121011",103133,"Moderate Risk","Foods not protected from contamination"
19076,"20121011",103149,"Low Risk","Wiping cloths not clean or properly stored or inadequate sanitizer"
19076,"20121011",103144,"Low Risk","Unapproved or unmaintained equipment or utensils"
19076,"20140721",103157,"Low Risk","Food safety certificate or food handler card not available"
19076,"20140721",103142,"Low Risk","Unclean nonfood contact surfaces"
19076,"20140721",103103,"High Risk","High risk food holding temperature "
19076,"20140721",103124,"Moderate Risk","Inadequately cleaned or sanitized food contact surfaces"
19076,"20140721",103114,"High Risk","High risk vermin infestation"
19076,"20140721",103154,"Low Risk","Unclean or degraded floors walls or ceilings"
19076,"20140721",103144,"Low Risk","Unapproved or unmaintained equipment or utensils"
19094,"20150601",103144,"Low Risk","Unapproved or unmaintained equipment or utensils"
19094,"20150601",103133,"Moderate Risk","Foods not protected from contamination"
19094,"20150601",103120,"Moderate Risk","Moderate risk food holding temperature "
19094,"20130830",103142,"Low Risk","Unclean nonfood contact surfaces"
19094,"20130212",103120,"Moderate Risk","Moderate risk food holding temperature "
19094,"20130212",103124,"Moderate Risk","Inadequately cleaned or sanitized food contact surfaces"
19094,"20130212",103144,"Low Risk","Unapproved or unmaintained equipment or utensils"
19094,"20130212",103150,"Low Risk","Improper or defective plumbing"
19094,"20130212",103153,"Low Risk","Inadequate dressing rooms or improper storage of personal items"
19109,"20141120",103120,"Moderate Risk","Moderate risk food holding temperature "
19131,"20130515",103132,"Moderate Risk","Improper thawing methods "
19131,"20130515",103133,"Moderate Risk","Foods not protected from contamination"
19131,"20130515",103116,"Moderate Risk","Inadequate food safety knowledge or lack of certified food safety manager"
19131,"20130515",103138,"Low Risk","Improper storage use or identification of toxic substances"
19131,"20130515",103142,"Low Risk","Unclean nonfood contact surfaces"
19131,"20130515",103144,"Low Risk","Unapproved or unmaintained equipment or utensils"
19131,"20140512",103120,"Moderate Risk","Moderate risk food holding temperature "
19131,"20140512",103161,"Low Risk","Low risk vermin infestation"
19131,"20140512",103124,"Moderate Risk","Inadequately cleaned or sanitized food contact surfaces"
19131,"20140512",103141,"Low Risk","Improper food labeling or menu misrepresentation"
19131,"20140512",103142,"Low Risk","Unclean nonfood contact surfaces"
19138,"20140919",103154,"Low Risk","Unclean or degraded floors walls or ceilings"
19138,"20140919",103139,"Low Risk","Improper food storage"
19138,"20150423",103103,"High Risk","High risk food holding temperature "
19138,"20150423",103119,"Moderate Risk","Inadequate and inaccessible handwashing facilities"
19138,"20150423",103133,"Moderate Risk","Foods not protected from contamination"
19138,"20150423",103139,"Low Risk","Improper food storage"
19138,"20150423",103149,"Low Risk","Wiping cloths not clean or properly stored or inadequate sanitizer"
19138,"20130725",103142,"Low Risk","Unclean nonfood contact surfaces"
19138,"20130725",103149,"Low Risk","Wiping cloths not clean or properly stored or inadequate sanitizer"
19138,"20130725",103144,"Low Risk","Unapproved or unmaintained equipment or utensils"
19138,"20130725",103132,"Moderate Risk","Improper thawing methods "
19138,"20130725",103139,"Low Risk","Improper food storage"
19138,"20140210",103120,"Moderate Risk","Moderate risk food holding temperature "
19138,"20140210",103149,"Low Risk","Wiping cloths not clean or properly stored or inadequate sanitizer"
19138,"20120917",103133,"Moderate Risk","Foods not protected from contamination"
19138,"20120917",103144,"Low Risk","Unapproved or unmaintained equipment or utensils"
19138,"20120917",103139,"Low Risk","Improper food storage"
19138,"20120917",103124,"Moderate Risk","Inadequately cleaned or sanitized food contact surfaces"
19138,"20120917",103142,"Low Risk","Unclean nonfood contact surfaces"
19146,"20130430",103142,"Low Risk","Unclean nonfood contact surfaces"
19146,"20130430",103145,"Low Risk","Improper storage of equipment utensils or linens"
19146,"20130430",103109,"High Risk","Unclean or unsanitary food contact surfaces"
19146,"20130430",103116,"Moderate Risk","Inadequate food safety knowledge or lack of certified food safety manager"
19146,"20130430",103120,"Moderate Risk","Moderate risk food holding temperature "
19146,"20130430",103144,"Low Risk","Unapproved or unmaintained equipment or utensils"
19146,"20130430",103147,"Low Risk","Inadequate ventilation or lighting"
19146,"20130430",103152,"Low Risk","Unclean unmaintained or improperly constructed toilet facilities"
19146,"20140616",103114,"High Risk","High risk vermin infestation"
19146,"20140616",103108,"High Risk","Contaminated or adulterated food"
19146,"20140616",103109,"High Risk","Unclean or unsanitary food contact surfaces"
19146,"20140616",103119,"Moderate Risk","Inadequate and inaccessible handwashing facilities"
19146,"20140616",103154,"Low Risk","Unclean or degraded floors walls or ceilings"
19150,"20130809",103139,"Low Risk","Improper food storage"
19150,"20130809",103152,"Low Risk","Unclean unmaintained or improperly constructed toilet facilities"
19150,"20140221",103139,"Low Risk","Improper food storage"
19150,"20120710",103154,"Low Risk","Unclean or degraded floors walls or ceilings"
19170,"20130429",103119,"Moderate Risk","Inadequate and inaccessible handwashing facilities"
19170,"20140318",103115,"High Risk","Other high risk violation"
19170,"20140318",103109,"High Risk","Unclean or unsanitary food contact surfaces"
19170,"20140320",103134,"Moderate Risk","Other moderate risk violation"
19171,"20131119",103107,"High Risk","Improper reheating of food"
19171,"20131119",103144,"Low Risk","Unapproved or unmaintained equipment or utensils"
19171,"20131119",103148,"Low Risk","No thermometers or uncalibrated thermometers "
19171,"20130528",103151,"Low Risk","Inadequate or unsanitary refuse containers or area or no garbage service"
19171,"20140428",103131,"Moderate Risk","Moderate risk vermin infestation"
19171,"20140428",103145,"Low Risk","Improper storage of equipment utensils or linens"
19171,"20121204",103142,"Low Risk","Unclean nonfood contact surfaces"
19171,"20121204",103131,"Moderate Risk","Moderate risk vermin infestation"
19172,"20150102",103156,"Low Risk","Permit license or inspection report not posted"
19172,"20150102",103149,"Low Risk","Wiping cloths not clean or properly stored or inadequate sanitizer"
19172,"20150102",103154,"Low Risk","Unclean or degraded floors walls or ceilings"
19172,"20131115",103120,"Moderate Risk","Moderate risk food holding temperature "
19172,"20131115",103119,"Moderate Risk","Inadequate and inaccessible handwashing facilities"
19172,"20131115",103114,"High Risk","High risk vermin infestation"
19172,"20130528",103114,"High Risk","High risk vermin infestation"
19172,"20130528",103120,"Moderate Risk","Moderate risk food holding temperature "
19172,"20140425",103156,"Low Risk","Permit license or inspection report not posted"
19172,"20140425",103131,"Moderate Risk","Moderate risk vermin infestation"
19172,"20140425",103154,"Low Risk","Unclean or degraded floors walls or ceilings"
19172,"20120927",103154,"Low Risk","Unclean or degraded floors walls or ceilings"
19172,"20120927",103133,"Moderate Risk","Foods not protected from contamination"
19172,"20120927",103114,"High Risk","High risk vermin infestation"
19205,"20150527",103119,"Moderate Risk","Inadequate and inaccessible handwashing facilities"
19205,"20140401",103120,"Moderate Risk","Moderate risk food holding temperature "
19271,"20130912",103103,"High Risk","High risk food holding temperature "
19271,"20130912",103124,"Moderate Risk","Inadequately cleaned or sanitized food contact surfaces"
19271,"20130912",103132,"Moderate Risk","Improper thawing methods "
19271,"20130912",103133,"Moderate Risk","Foods not protected from contamination"
19271,"20130912",103139,"Low Risk","Improper food storage"
19271,"20130912",103154,"Low Risk","Unclean or degraded floors walls or ceilings"
19271,"20130912",103156,"Low Risk","Permit license or inspection report not posted"
19271,"20130912",103142,"Low Risk","Unclean nonfood contact surfaces"
19271,"20130111",103103,"High Risk","High risk food holding temperature "
19271,"20130111",103154,"Low Risk","Unclean or degraded floors walls or ceilings"
19271,"20130111",103124,"Moderate Risk","Inadequately cleaned or sanitized food contact surfaces"
19271,"20130111",103133,"Moderate Risk","Foods not protected from contamination"
19271,"20130111",103139,"Low Risk","Improper food storage"
19271,"20130111",103149,"Low Risk","Wiping cloths not clean or properly stored or inadequate sanitizer"
19271,"20140521",103144,"Low Risk","Unapproved or unmaintained equipment or utensils"
19271,"20140521",103108,"High Risk","Contaminated or adulterated food"
19271,"20140521",103154,"Low Risk","Unclean or degraded floors walls or ceilings"
19271,"20140521",103144,"Low Risk","Unapproved or unmaintained equipment or utensils"
19271,"20140521",103103,"High Risk","High risk food holding temperature "
19277,"20140129",103133,"Moderate Risk","Foods not protected from contamination"
19277,"20140129",103119,"Moderate Risk","Inadequate and inaccessible handwashing facilities"
19277,"20140129",103149,"Low Risk","Wiping cloths not clean or properly stored or inadequate sanitizer"
19277,"20140129",103116,"Moderate Risk","Inadequate food safety knowledge or lack of certified food safety manager"
19344,"20130621",103120,"Moderate Risk","Moderate risk food holding temperature "
19344,"20130621",103149,"Low Risk","Wiping cloths not clean or properly stored or inadequate sanitizer"
19344,"20130621",103154,"Low Risk","Unclean or degraded floors walls or ceilings"
19344,"20140411",103156,"Low Risk","Permit license or inspection report not posted"
19344,"20140411",103154,"Low Risk","Unclean or degraded floors walls or ceilings"
19344,"20140411",103141,"Low Risk","Improper food labeling or menu misrepresentation"
19344,"20121127",103120,"Moderate Risk","Moderate risk food holding temperature "
19344,"20121127",103149,"Low Risk","Wiping cloths not clean or properly stored or inadequate sanitizer"
19357,"20141103",103148,"Low Risk","No thermometers or uncalibrated thermometers "
19357,"20141103",103120,"Moderate Risk","Moderate risk food holding temperature "
19357,"20141103",103142,"Low Risk","Unclean nonfood contact surfaces"
19357,"20141103",103156,"Low Risk","Permit license or inspection report not posted"
19357,"20141103",103133,"Moderate Risk","Foods not protected from contamination"
19357,"20150218",103109,"High Risk","Unclean or unsanitary food contact surfaces"
19357,"20150218",103131,"Moderate Risk","Moderate risk vermin infestation"
19357,"20150218",103154,"Low Risk","Unclean or degraded floors walls or ceilings"
19357,"20150218",103120,"Moderate Risk","Moderate risk food holding temperature "
19357,"20150218",103147,"Low Risk","Inadequate ventilation or lighting"
19357,"20131213",103149,"Low Risk","Wiping cloths not clean or properly stored or inadequate sanitizer"
19357,"20131213",103103,"High Risk","High risk food holding temperature "
19357,"20131213",103109,"High Risk","Unclean or unsanitary food contact surfaces"
19357,"20131213",103116,"Moderate Risk","Inadequate food safety knowledge or lack of certified food safety manager"
19357,"20131213",103142,"Low Risk","Unclean nonfood contact surfaces"
19357,"20131213",103144,"Low Risk","Unapproved or unmaintained equipment or utensils"
19357,"20131213",103154,"Low Risk","Unclean or degraded floors walls or ceilings"
19357,"20131213",103150,"Low Risk","Improper or defective plumbing"
19357,"20121212",103154,"Low Risk","Unclean or degraded floors walls or ceilings"
19357,"20121212",103123,"Moderate Risk","Food in poor condition"
19357,"20121212",103102,"High Risk","Unclean hands or improper use of gloves"
19357,"20121212",103149,"Low Risk","Wiping cloths not clean or properly stored or inadequate sanitizer"
19357,"20121212",103144,"Low Risk","Unapproved or unmaintained equipment or utensils"
19357,"20121212",103124,"Moderate Risk","Inadequately cleaned or sanitized food contact surfaces"
19357,"20121212",103118,"Moderate Risk","Employee eating or smoking"
19357,"20121212",103150,"Low Risk","Improper or defective plumbing"
19357,"20121212",103138,"Low Risk","Improper storage use or identification of toxic substances"
19373,"20150225",103105,"High Risk","Improper cooling methods"
19373,"20150225",103119,"Moderate Risk","Inadequate and inaccessible handwashing facilities"
19373,"20150225",103120,"Moderate Risk","Moderate risk food holding temperature "
19373,"20130926",103124,"Moderate Risk","Inadequately cleaned or sanitized food contact surfaces"
19373,"20130926",103131,"Moderate Risk","Moderate risk vermin infestation"
19373,"20130926",103132,"Moderate Risk","Improper thawing methods "
19373,"20130926",103144,"Low Risk","Unapproved or unmaintained equipment or utensils"
19373,"20121127",103123,"Moderate Risk","Food in poor condition"
19373,"20121127",103119,"Moderate Risk","Inadequate and inaccessible handwashing facilities"
19373,"20121127",103132,"Moderate Risk","Improper thawing methods "
19373,"20121127",103105,"High Risk","Improper cooling methods"
19373,"20121127",103154,"Low Risk","Unclean or degraded floors walls or ceilings"
19373,"20140514",103105,"High Risk","Improper cooling methods"
19373,"20140514",103145,"Low Risk","Improper storage of equipment utensils or linens"
19379,"20141017",103156,"Low Risk","Permit license or inspection report not posted"
19379,"20141017",103124,"Moderate Risk","Inadequately cleaned or sanitized food contact surfaces"
19379,"20141017",103119,"Moderate Risk","Inadequate and inaccessible handwashing facilities"
19379,"20141106",103121,"Moderate Risk","Inadequate procedures or records for time as a public health control "
19379,"20130729",103149,"Low Risk","Wiping cloths not clean or properly stored or inadequate sanitizer"
19379,"20130729",103103,"High Risk","High risk food holding temperature "
19379,"20140403",103105,"High Risk","Improper cooling methods"
19379,"20140403",103156,"Low Risk","Permit license or inspection report not posted"
19379,"20121003",103103,"High Risk","High risk food holding temperature "
19380,"20130308",103157,"Low Risk","Food safety certificate or food handler card not available"
19380,"20130308",103105,"High Risk","Improper cooling methods"
19380,"20140402",103120,"Moderate Risk","Moderate risk food holding temperature "
19380,"20140402",103144,"Low Risk","Unapproved or unmaintained equipment or utensils"
19386,"20140922",103157,"Low Risk","Food safety certificate or food handler card not available"
19386,"20140922",103119,"Moderate Risk","Inadequate and inaccessible handwashing facilities"
19386,"20140922",103148,"Low Risk","No thermometers or uncalibrated thermometers "
19386,"20140922",103103,"High Risk","High risk food holding temperature "
19386,"20140922",103121,"Moderate Risk","Inadequate procedures or records for time as a public health control "
19386,"20131104",103103,"High Risk","High risk food holding temperature "
19386,"20121206",103148,"Low Risk","No thermometers or uncalibrated thermometers "
19386,"20121206",103120,"Moderate Risk","Moderate risk food holding temperature "
19386,"20121206",103108,"High Risk","Contaminated or adulterated food"
19403,"20130222",103154,"Low Risk","Unclean or degraded floors walls or ceilings"
19403,"20140627",103154,"Low Risk","Unclean or degraded floors walls or ceilings"
19416,"20130607",103142,"Low Risk","Unclean nonfood contact surfaces"
19416,"20130607",103116,"Moderate Risk","Inadequate food safety knowledge or lack of certified food safety manager"
19416,"20130607",103120,"Moderate Risk","Moderate risk food holding temperature "
19416,"20130607",103161,"Low Risk","Low risk vermin infestation"
19416,"20130607",103124,"Moderate Risk","Inadequately cleaned or sanitized food contact surfaces"
19416,"20140416",103157,"Low Risk","Food safety certificate or food handler card not available"
19416,"20140416",103120,"Moderate Risk","Moderate risk food holding temperature "
19416,"20140416",103142,"Low Risk","Unclean nonfood contact surfaces"
19416,"20140416",103156,"Low Risk","Permit license or inspection report not posted"
19416,"20120611",103142,"Low Risk","Unclean nonfood contact surfaces"
19416,"20120611",103150,"Low Risk","Improper or defective plumbing"
19416,"20121207",103143,"Low Risk","Inadequate warewashing facilities or equipment"
19440,"20150318",103120,"Moderate Risk","Moderate risk food holding temperature "
19440,"20150318",103154,"Low Risk","Unclean or degraded floors walls or ceilings"
19440,"20130308",103142,"Low Risk","Unclean nonfood contact surfaces"
19440,"20130308",103156,"Low Risk","Permit license or inspection report not posted"
19440,"20130308",103131,"Moderate Risk","Moderate risk vermin infestation"
19440,"20130308",103144,"Low Risk","Unapproved or unmaintained equipment or utensils"
19440,"20130308",103149,"Low Risk","Wiping cloths not clean or properly stored or inadequate sanitizer"
19440,"20130308",103152,"Low Risk","Unclean unmaintained or improperly constructed toilet facilities"
19440,"20130308",103150,"Low Risk","Improper or defective plumbing"
19440,"20130308",103139,"Low Risk","Improper food storage"
19440,"20130308",103154,"Low Risk","Unclean or degraded floors walls or ceilings"
19440,"20140327",103124,"Moderate Risk","Inadequately cleaned or sanitized food contact surfaces"
19440,"20140327",103157,"Low Risk","Food safety certificate or food handler card not available"
19440,"20120709",103144,"Low Risk","Unapproved or unmaintained equipment or utensils"
19440,"20120709",103108,"High Risk","Contaminated or adulterated food"
19440,"20120709",103156,"Low Risk","Permit license or inspection report not posted"
19440,"20120709",103139,"Low Risk","Improper food storage"
19440,"20120709",103114,"High Risk","High risk vermin infestation"
19440,"20120709",103145,"Low Risk","Improper storage of equipment utensils or linens"
19440,"20120709",103157,"Low Risk","Food safety certificate or food handler card not available"
19440,"20120801",103154,"Low Risk","Unclean or degraded floors walls or ceilings"
19440,"20120717",103131,"Moderate Risk","Moderate risk vermin infestation"
19641,"20130108",103145,"Low Risk","Improper storage of equipment utensils or linens"
19641,"20130108",103131,"Moderate Risk","Moderate risk vermin infestation"
19641,"20130108",103124,"Moderate Risk","Inadequately cleaned or sanitized food contact surfaces"
19641,"20140603",103145,"Low Risk","Improper storage of equipment utensils or linens"
19641,"20140603",103133,"Moderate Risk","Foods not protected from contamination"
19641,"20140603",103131,"Moderate Risk","Moderate risk vermin infestation"
19641,"20140603",103135,"Low Risk","No person in charge of food facility"
19641,"20140603",103144,"Low Risk","Unapproved or unmaintained equipment or utensils"
19641,"20140603",103142,"Low Risk","Unclean nonfood contact surfaces"
19641,"20140603",103154,"Low Risk","Unclean or degraded floors walls or ceilings"
19641,"20140603",103147,"Low Risk","Inadequate ventilation or lighting"
20116,"20130827",103143,"Low Risk","Inadequate warewashing facilities or equipment"
20116,"20130827",103103,"High Risk","High risk food holding temperature "
20116,"20130827",103131,"Moderate Risk","Moderate risk vermin infestation"
20116,"20130827",103145,"Low Risk","Improper storage of equipment utensils or linens"
20116,"20130827",103124,"Moderate Risk","Inadequately cleaned or sanitized food contact surfaces"
20116,"20120611",103145,"Low Risk","Improper storage of equipment utensils or linens"
20116,"20120611",103114,"High Risk","High risk vermin infestation"
20116,"20120611",103120,"Moderate Risk","Moderate risk food holding temperature "
20116,"20120611",103138,"Low Risk","Improper storage use or identification of toxic substances"
20116,"20130116",103124,"Moderate Risk","Inadequately cleaned or sanitized food contact surfaces"
20116,"20130116",103120,"Moderate Risk","Moderate risk food holding temperature "
20116,"20130116",103145,"Low Risk","Improper storage of equipment utensils or linens"
20116,"20140512",103121,"Moderate Risk","Inadequate procedures or records for time as a public health control "
20116,"20140512",103124,"Moderate Risk","Inadequately cleaned or sanitized food contact surfaces"
20116,"20140512",103133,"Moderate Risk","Foods not protected from contamination"
20291,"20150407",103133,"Moderate Risk","Foods not protected from contamination"
20291,"20150407",103124,"Moderate Risk","Inadequately cleaned or sanitized food contact surfaces"
20291,"20130703",103156,"Low Risk","Permit license or inspection report not posted"
20291,"20130703",103154,"Low Risk","Unclean or degraded floors walls or ceilings"
20291,"20130703",103133,"Moderate Risk","Foods not protected from contamination"
20291,"20130703",103107,"High Risk","Improper reheating of food"
20291,"20130703",103124,"Moderate Risk","Inadequately cleaned or sanitized food contact surfaces"
20291,"20130703",103103,"High Risk","High risk food holding temperature "
20291,"20140410",103139,"Low Risk","Improper food storage"
20291,"20140410",103120,"Moderate Risk","Moderate risk food holding temperature "
20291,"20121022",103147,"Low Risk","Inadequate ventilation or lighting"
20291,"20121022",103139,"Low Risk","Improper food storage"
20291,"20121022",103154,"Low Risk","Unclean or degraded floors walls or ceilings"
20291,"20121022",103103,"High Risk","High risk food holding temperature "
20327,"20140128",103145,"Low Risk","Improper storage of equipment utensils or linens"
20327,"20140128",103154,"Low Risk","Unclean or degraded floors walls or ceilings"
20327,"20140128",103120,"Moderate Risk","Moderate risk food holding temperature "
20327,"20130618",103154,"Low Risk","Unclean or degraded floors walls or ceilings"
20327,"20130618",103139,"Low Risk","Improper food storage"
20327,"20130618",103149,"Low Risk","Wiping cloths not clean or properly stored or inadequate sanitizer"
20327,"20130618",103144,"Low Risk","Unapproved or unmaintained equipment or utensils"
20327,"20120711",103103,"High Risk","High risk food holding temperature "
20327,"20120711",103154,"Low Risk","Unclean or degraded floors walls or ceilings"
20327,"20120711",103149,"Low Risk","Wiping cloths not clean or properly stored or inadequate sanitizer"
20327,"20120711",103145,"Low Risk","Improper storage of equipment utensils or linens"
20327,"20120711",103131,"Moderate Risk","Moderate risk vermin infestation"
20327,"20140820",103103,"High Risk","High risk food holding temperature "
20327,"20140820",103154,"Low Risk","Unclean or degraded floors walls or ceilings"
20367,"20141118",103119,"Moderate Risk","Inadequate and inaccessible handwashing facilities"
20367,"20141118",103154,"Low Risk","Unclean or degraded floors walls or ceilings"
20367,"20141118",103150,"Low Risk","Improper or defective plumbing"
20367,"20141118",103141,"Low Risk","Improper food labeling or menu misrepresentation"
20367,"20141118",103131,"Moderate Risk","Moderate risk vermin infestation"
20367,"20140103",103150,"Low Risk","Improper or defective plumbing"
20367,"20140103",103124,"Moderate Risk","Inadequately cleaned or sanitized food contact surfaces"
20367,"20140103",103119,"Moderate Risk","Inadequate and inaccessible handwashing facilities"
20367,"20130327",103109,"High Risk","Unclean or unsanitary food contact surfaces"
20367,"20130327",103120,"Moderate Risk","Moderate risk food holding temperature "
20367,"20120611",103150,"Low Risk","Improper or defective plumbing"
20367,"20120611",103144,"Low Risk","Unapproved or unmaintained equipment or utensils"
20367,"20120611",103141,"Low Risk","Improper food labeling or menu misrepresentation"
20367,"20120611",103142,"Low Risk","Unclean nonfood contact surfaces"
20367,"20120611",103112,"High Risk","No hot water or running water"
20367,"20120611",103124,"Moderate Risk","Inadequately cleaned or sanitized food contact surfaces"
20625,"20131016",103120,"Moderate Risk","Moderate risk food holding temperature "
20625,"20130123",103105,"High Risk","Improper cooling methods"
20625,"20130123",103120,"Moderate Risk","Moderate risk food holding temperature "
20625,"20130123",103142,"Low Risk","Unclean nonfood contact surfaces"
20824,"20150324",103161,"Low Risk","Low risk vermin infestation"
20824,"20150324",103154,"Low Risk","Unclean or degraded floors walls or ceilings"
20824,"20130806",103119,"Moderate Risk","Inadequate and inaccessible handwashing facilities"
20824,"20140130",103144,"Low Risk","Unapproved or unmaintained equipment or utensils"
20824,"20140130",103156,"Low Risk","Permit license or inspection report not posted"
20824,"20140130",103149,"Low Risk","Wiping cloths not clean or properly stored or inadequate sanitizer"
20824,"20120809",103142,"Low Risk","Unclean nonfood contact surfaces"
20824,"20120809",103144,"Low Risk","Unapproved or unmaintained equipment or utensils"
20824,"20120809",103154,"Low Risk","Unclean or degraded floors walls or ceilings"
20824,"20130212",103154,"Low Risk","Unclean or degraded floors walls or ceilings"
20824,"20130212",103120,"Moderate Risk","Moderate risk food holding temperature "
20825,"20150324",103144,"Low Risk","Unapproved or unmaintained equipment or utensils"
20825,"20150324",103131,"Moderate Risk","Moderate risk vermin infestation"
20825,"20130806",103142,"Low Risk","Unclean nonfood contact surfaces"
20825,"20130806",103130,"Moderate Risk","Inadequate sewage or wastewater disposal"
20825,"20140130",103131,"Moderate Risk","Moderate risk vermin infestation"
20825,"20140130",103120,"Moderate Risk","Moderate risk food holding temperature "
20825,"20140130",103139,"Low Risk","Improper food storage"
20825,"20120809",103131,"Moderate Risk","Moderate risk vermin infestation"
20825,"20120809",103142,"Low Risk","Unclean nonfood contact surfaces"
20825,"20120809",103144,"Low Risk","Unapproved or unmaintained equipment or utensils"
20825,"20130212",103114,"High Risk","High risk vermin infestation"
20924,"20141021",103142,"Low Risk","Unclean nonfood contact surfaces"
20924,"20141021",103153,"Low Risk","Inadequate dressing rooms or improper storage of personal items"
20924,"20141021",103149,"Low Risk","Wiping cloths not clean or properly stored or inadequate sanitizer"
20924,"20130701",103161,"Low Risk","Low risk vermin infestation"
20924,"20130701",103124,"Moderate Risk","Inadequately cleaned or sanitized food contact surfaces"
20924,"20130701",103144,"Low Risk","Unapproved or unmaintained equipment or utensils"
20924,"20140221",103123,"Moderate Risk","Food in poor condition"
20924,"20140221",103124,"Moderate Risk","Inadequately cleaned or sanitized food contact surfaces"
20924,"20121129",103154,"Low Risk","Unclean or degraded floors walls or ceilings"
20924,"20121129",103153,"Low Risk","Inadequate dressing rooms or improper storage of personal items"
20924,"20121129",103131,"Moderate Risk","Moderate risk vermin infestation"
20924,"20130201",103130,"Moderate Risk","Inadequate sewage or wastewater disposal"
21101,"20141229",103144,"Low Risk","Unapproved or unmaintained equipment or utensils"
21101,"20141229",103138,"Low Risk","Improper storage use or identification of toxic substances"
21101,"20141229",103114,"High Risk","High risk vermin infestation"
21101,"20141229",103109,"High Risk","Unclean or unsanitary food contact surfaces"
21101,"20130617",103139,"Low Risk","Improper food storage"
21143,"20130617",103118,"Moderate Risk","Employee eating or smoking"
21143,"20140411",103144,"Low Risk","Unapproved or unmaintained equipment or utensils"
21143,"20121206",103149,"Low Risk","Wiping cloths not clean or properly stored or inadequate sanitizer"
21143,"20121206",103144,"Low Risk","Unapproved or unmaintained equipment or utensils"
21143,"20121206",103150,"Low Risk","Improper or defective plumbing"
21407,"20150127",103119,"Moderate Risk","Inadequate and inaccessible handwashing facilities"
21407,"20150127",103129,"Moderate Risk","Insufficient hot water or running water"
21407,"20130521",103120,"Moderate Risk","Moderate risk food holding temperature "
21407,"20130521",103132,"Moderate Risk","Improper thawing methods "
21429,"20150130",103144,"Low Risk","Unapproved or unmaintained equipment or utensils"
21429,"20150130",103138,"Low Risk","Improper storage use or identification of toxic substances"
21429,"20131210",103139,"Low Risk","Improper food storage"
21429,"20130510",103131,"Moderate Risk","Moderate risk vermin infestation"
21429,"20130510",103119,"Moderate Risk","Inadequate and inaccessible handwashing facilities"
21429,"20121023",103150,"Low Risk","Improper or defective plumbing"
21429,"20121023",103154,"Low Risk","Unclean or degraded floors walls or ceilings"
21429,"20140703",103154,"Low Risk","Unclean or degraded floors walls or ceilings"
21524,"20150430",103157,"Low Risk","Food safety certificate or food handler card not available"
21524,"20150430",103145,"Low Risk","Improper storage of equipment utensils or linens"
21524,"20150430",103138,"Low Risk","Improper storage use or identification of toxic substances"
21524,"20150430",103105,"High Risk","Improper cooling methods"
21524,"20130624",103103,"High Risk","High risk food holding temperature "
21524,"20130624",103132,"Moderate Risk","Improper thawing methods "
21524,"20130624",103144,"Low Risk","Unapproved or unmaintained equipment or utensils"
21524,"20130624",103102,"High Risk","Unclean hands or improper use of gloves"
21524,"20130827",103105,"High Risk","Improper cooling methods"
21524,"20131204",103102,"High Risk","Unclean hands or improper use of gloves"
21524,"20131204",103109,"High Risk","Unclean or unsanitary food contact surfaces"
21524,"20131204",103149,"Low Risk","Wiping cloths not clean or properly stored or inadequate sanitizer"
21524,"20131204",103116,"Moderate Risk","Inadequate food safety knowledge or lack of certified food safety manager"
21581,"20150128",103131,"Moderate Risk","Moderate risk vermin infestation"
21581,"20130513",103148,"Low Risk","No thermometers or uncalibrated thermometers "
21581,"20130513",103142,"Low Risk","Unclean nonfood contact surfaces"
21581,"20130513",103131,"Moderate Risk","Moderate risk vermin infestation"
21581,"20130513",103119,"Moderate Risk","Inadequate and inaccessible handwashing facilities"
21581,"20130513",103145,"Low Risk","Improper storage of equipment utensils or linens"
21581,"20140211",103131,"Moderate Risk","Moderate risk vermin infestation"
21581,"20140211",103132,"Moderate Risk","Improper thawing methods "
21581,"20140211",103154,"Low Risk","Unclean or degraded floors walls or ceilings"
21581,"20140211",103139,"Low Risk","Improper food storage"
21581,"20120905",103103,"High Risk","High risk food holding temperature "
21583,"20150105",103156,"Low Risk","Permit license or inspection report not posted"
21583,"20140123",103150,"Low Risk","Improper or defective plumbing"
21583,"20130206",103124,"Moderate Risk","Inadequately cleaned or sanitized food contact surfaces"
21583,"20130206",103145,"Low Risk","Improper storage of equipment utensils or linens"
21785,"20150120",103109,"High Risk","Unclean or unsanitary food contact surfaces"
21785,"20150120",103156,"Low Risk","Permit license or inspection report not posted"
21785,"20131016",103103,"High Risk","High risk food holding temperature "
21785,"20140602",103120,"Moderate Risk","Moderate risk food holding temperature "
21807,"20131121",103144,"Low Risk","Unapproved or unmaintained equipment or utensils"
21807,"20130213",103154,"Low Risk","Unclean or degraded floors walls or ceilings"
21807,"20130213",103131,"Moderate Risk","Moderate risk vermin infestation"
21807,"20140611",103124,"Moderate Risk","Inadequately cleaned or sanitized food contact surfaces"
21807,"20140611",103116,"Moderate Risk","Inadequate food safety knowledge or lack of certified food safety manager"
21909,"20141113",103116,"Moderate Risk","Inadequate food safety knowledge or lack of certified food safety manager"
21909,"20130730",103131,"Moderate Risk","Moderate risk vermin infestation"
21909,"20130730",103120,"Moderate Risk","Moderate risk food holding temperature "
21909,"20140206",103120,"Moderate Risk","Moderate risk food holding temperature "
21909,"20140206",103149,"Low Risk","Wiping cloths not clean or properly stored or inadequate sanitizer"
21909,"20140206",103133,"Moderate Risk","Foods not protected from contamination"
21909,"20121015",103149,"Low Risk","Wiping cloths not clean or properly stored or inadequate sanitizer"
21909,"20121015",103133,"Moderate Risk","Foods not protected from contamination"
21921,"20130620",103142,"Low Risk","Unclean nonfood contact surfaces"
21921,"20130620",103139,"Low Risk","Improper food storage"
21921,"20130620",103144,"Low Risk","Unapproved or unmaintained equipment or utensils"
21921,"20130620",103138,"Low Risk","Improper storage use or identification of toxic substances"
21921,"20130620",103154,"Low Risk","Unclean or degraded floors walls or ceilings"
21921,"20121115",103142,"Low Risk","Unclean nonfood contact surfaces"
21921,"20121115",103144,"Low Risk","Unapproved or unmaintained equipment or utensils"
21921,"20121115",103119,"Moderate Risk","Inadequate and inaccessible handwashing facilities"
21921,"20140603",103124,"Moderate Risk","Inadequately cleaned or sanitized food contact surfaces"
21921,"20140603",103131,"Moderate Risk","Moderate risk vermin infestation"
21921,"20140603",103132,"Moderate Risk","Improper thawing methods "
21921,"20140603",103133,"Moderate Risk","Foods not protected from contamination"
21921,"20140603",103138,"Low Risk","Improper storage use or identification of toxic substances"
21921,"20140603",103154,"Low Risk","Unclean or degraded floors walls or ceilings"
21982,"20130903",103154,"Low Risk","Unclean or degraded floors walls or ceilings"
21982,"20130827",103103,"High Risk","High risk food holding temperature "
21982,"20130827",103131,"Moderate Risk","Moderate risk vermin infestation"
21982,"20130827",103142,"Low Risk","Unclean nonfood contact surfaces"
21982,"20140506",103143,"Low Risk","Inadequate warewashing facilities or equipment"
21982,"20140506",103154,"Low Risk","Unclean or degraded floors walls or ceilings"
21982,"20140506",103131,"Moderate Risk","Moderate risk vermin infestation"
21982,"20140506",103112,"High Risk","No hot water or running water"
21982,"20121210",103142,"Low Risk","Unclean nonfood contact surfaces"
21982,"20121210",103114,"High Risk","High risk vermin infestation"
21982,"20121210",103143,"Low Risk","Inadequate warewashing facilities or equipment"
21982,"20140604",103143,"Low Risk","Inadequate warewashing facilities or equipment"
21982,"20140514",103131,"Moderate Risk","Moderate risk vermin infestation"
21982,"20140514",103154,"Low Risk","Unclean or degraded floors walls or ceilings"
21982,"20140514",103143,"Low Risk","Inadequate warewashing facilities or equipment"
21982,"20140514",103112,"High Risk","No hot water or running water"
22177,"20150330",103133,"Moderate Risk","Foods not protected from contamination"
22177,"20130417",103120,"Moderate Risk","Moderate risk food holding temperature "
22177,"20130417",103133,"Moderate Risk","Foods not protected from contamination"
22177,"20140305",103133,"Moderate Risk","Foods not protected from contamination"
22177,"20121024",103120,"Moderate Risk","Moderate risk food holding temperature "
22177,"20121024",103133,"Moderate Risk","Foods not protected from contamination"
22606,"20131104",103139,"Low Risk","Improper food storage"
22606,"20131104",103144,"Low Risk","Unapproved or unmaintained equipment or utensils"
22606,"20130408",103119,"Moderate Risk","Inadequate and inaccessible handwashing facilities"
22606,"20130408",103139,"Low Risk","Improper food storage"
22606,"20130408",103145,"Low Risk","Improper storage of equipment utensils or linens"
22606,"20130408",103150,"Low Risk","Improper or defective plumbing"
22606,"20120727",103157,"Low Risk","Food safety certificate or food handler card not available"
22606,"20120727",103142,"Low Risk","Unclean nonfood contact surfaces"
22606,"20120727",103139,"Low Risk","Improper food storage"
22606,"20120727",103120,"Moderate Risk","Moderate risk food holding temperature "
22606,"20140714",103103,"High Risk","High risk food holding temperature "
22606,"20140714",103144,"Low Risk","Unapproved or unmaintained equipment or utensils"
22606,"20140714",103139,"Low Risk","Improper food storage"
22606,"20140714",103132,"Moderate Risk","Improper thawing methods "
22606,"20140714",103129,"Moderate Risk","Insufficient hot water or running water"
22671,"20130821",103154,"Low Risk","Unclean or degraded floors walls or ceilings"
22671,"20130821",103144,"Low Risk","Unapproved or unmaintained equipment or utensils"
22671,"20130821",103148,"Low Risk","No thermometers or uncalibrated thermometers "
22671,"20140410",103156,"Low Risk","Permit license or inspection report not posted"
22671,"20140410",103145,"Low Risk","Improper storage of equipment utensils or linens"
22671,"20140410",103133,"Moderate Risk","Foods not protected from contamination"
23068,"20131114",103120,"Moderate Risk","Moderate risk food holding temperature "
23068,"20131114",103148,"Low Risk","No thermometers or uncalibrated thermometers "
23068,"20131114",103114,"High Risk","High risk vermin infestation"
23068,"20130521",103124,"Moderate Risk","Inadequately cleaned or sanitized food contact surfaces"
23068,"20130521",103120,"Moderate Risk","Moderate risk food holding temperature "
23068,"20130521",103131,"Moderate Risk","Moderate risk vermin infestation"
23068,"20130521",103102,"High Risk","Unclean hands or improper use of gloves"
23068,"20140428",103156,"Low Risk","Permit license or inspection report not posted"
23068,"20140428",103131,"Moderate Risk","Moderate risk vermin infestation"
23068,"20140428",103119,"Moderate Risk","Inadequate and inaccessible handwashing facilities"
23068,"20121127",103124,"Moderate Risk","Inadequately cleaned or sanitized food contact surfaces"
23068,"20121127",103131,"Moderate Risk","Moderate risk vermin infestation"
23115,"20130917",103120,"Moderate Risk","Moderate risk food holding temperature "
23115,"20130917",103142,"Low Risk","Unclean nonfood contact surfaces"
23115,"20130917",103154,"Low Risk","Unclean or degraded floors walls or ceilings"
23115,"20130917",103161,"Low Risk","Low risk vermin infestation"
23115,"20130917",103149,"Low Risk","Wiping cloths not clean or properly stored or inadequate sanitizer"
23115,"20121128",103115,"High Risk","Other high risk violation"
23115,"20121128",103119,"Moderate Risk","Inadequate and inaccessible handwashing facilities"
23115,"20121128",103124,"Moderate Risk","Inadequately cleaned or sanitized food contact surfaces"
23115,"20140612",103114,"High Risk","High risk vermin infestation"
23273,"20150527",103144,"Low Risk","Unapproved or unmaintained equipment or utensils"
23273,"20130910",103119,"Moderate Risk","Inadequate and inaccessible handwashing facilities"
23557,"20121126",103144,"Low Risk","Unapproved or unmaintained equipment or utensils"
23557,"20121126",103161,"Low Risk","Low risk vermin infestation"
23701,"20150602",103154,"Low Risk","Unclean or degraded floors walls or ceilings"
23701,"20150602",103120,"Moderate Risk","Moderate risk food holding temperature "
23701,"20150602",103124,"Moderate Risk","Inadequately cleaned or sanitized food contact surfaces"
23701,"20150602",103131,"Moderate Risk","Moderate risk vermin infestation"
23701,"20150602",103138,"Low Risk","Improper storage use or identification of toxic substances"
23701,"20150602",103144,"Low Risk","Unapproved or unmaintained equipment or utensils"
23701,"20150602",103139,"Low Risk","Improper food storage"
23701,"20130917",103103,"High Risk","High risk food holding temperature "
23701,"20130917",103133,"Moderate Risk","Foods not protected from contamination"
23701,"20130917",103142,"Low Risk","Unclean nonfood contact surfaces"
23701,"20130917",103139,"Low Risk","Improper food storage"
23701,"20130917",103156,"Low Risk","Permit license or inspection report not posted"
23701,"20130917",103114,"High Risk","High risk vermin infestation"
23701,"20130917",103109,"High Risk","Unclean or unsanitary food contact surfaces"
23701,"20130917",103119,"Moderate Risk","Inadequate and inaccessible handwashing facilities"
23701,"20130917",103150,"Low Risk","Improper or defective plumbing"
23701,"20130917",103151,"Low Risk","Inadequate or unsanitary refuse containers or area or no garbage service"
23701,"20120830",103120,"Moderate Risk","Moderate risk food holding temperature "
23701,"20120830",103142,"Low Risk","Unclean nonfood contact surfaces"
23701,"20120830",103114,"High Risk","High risk vermin infestation"
23701,"20120830",103116,"Moderate Risk","Inadequate food safety knowledge or lack of certified food safety manager"
23701,"20120830",103139,"Low Risk","Improper food storage"
23701,"20120830",103124,"Moderate Risk","Inadequately cleaned or sanitized food contact surfaces"
23701,"20120830",103144,"Low Risk","Unapproved or unmaintained equipment or utensils"
23701,"20120830",103151,"Low Risk","Inadequate or unsanitary refuse containers or area or no garbage service"
23701,"20120830",103154,"Low Risk","Unclean or degraded floors walls or ceilings"
23701,"20120830",103119,"Moderate Risk","Inadequate and inaccessible handwashing facilities"
23701,"20140514",103154,"Low Risk","Unclean or degraded floors walls or ceilings"
23701,"20140514",103148,"Low Risk","No thermometers or uncalibrated thermometers "
23701,"20140514",103142,"Low Risk","Unclean nonfood contact surfaces"
23701,"20140514",103103,"High Risk","High risk food holding temperature "
23701,"20140514",103119,"Moderate Risk","Inadequate and inaccessible handwashing facilities"
23701,"20140514",103139,"Low Risk","Improper food storage"
23701,"20140514",103156,"Low Risk","Permit license or inspection report not posted"
23701,"20140514",103157,"Low Risk","Food safety certificate or food handler card not available"
23701,"20140514",103124,"Moderate Risk","Inadequately cleaned or sanitized food contact surfaces"
23702,"20141119",103114,"High Risk","High risk vermin infestation"
23702,"20141119",103154,"Low Risk","Unclean or degraded floors walls or ceilings"
23702,"20141119",103144,"Low Risk","Unapproved or unmaintained equipment or utensils"
23702,"20141119",103133,"Moderate Risk","Foods not protected from contamination"
23702,"20141119",103124,"Moderate Risk","Inadequately cleaned or sanitized food contact surfaces"
23702,"20141119",103120,"Moderate Risk","Moderate risk food holding temperature "
23702,"20130806",103142,"Low Risk","Unclean nonfood contact surfaces"
23702,"20130806",103144,"Low Risk","Unapproved or unmaintained equipment or utensils"
23702,"20130806",103149,"Low Risk","Wiping cloths not clean or properly stored or inadequate sanitizer"
23702,"20130806",103154,"Low Risk","Unclean or degraded floors walls or ceilings"
23702,"20140124",103154,"Low Risk","Unclean or degraded floors walls or ceilings"
23702,"20140124",103142,"Low Risk","Unclean nonfood contact surfaces"
23702,"20140124",103149,"Low Risk","Wiping cloths not clean or properly stored or inadequate sanitizer"
23702,"20121029",103142,"Low Risk","Unclean nonfood contact surfaces"
23702,"20121029",103131,"Moderate Risk","Moderate risk vermin infestation"
23702,"20121029",103154,"Low Risk","Unclean or degraded floors walls or ceilings"
23702,"20121029",103149,"Low Risk","Wiping cloths not clean or properly stored or inadequate sanitizer"
23702,"20130225",103131,"Moderate Risk","Moderate risk vermin infestation"
23702,"20130225",103154,"Low Risk","Unclean or degraded floors walls or ceilings"
23702,"20130225",103120,"Moderate Risk","Moderate risk food holding temperature "
23704,"20150304",103112,"High Risk","No hot water or running water"
23704,"20150304",103143,"Low Risk","Inadequate warewashing facilities or equipment"
23704,"20150304",103131,"Moderate Risk","Moderate risk vermin infestation"
23704,"20130125",103154,"Low Risk","Unclean or degraded floors walls or ceilings"
23704,"20130125",103150,"Low Risk","Improper or defective plumbing"
23704,"20130125",103124,"Moderate Risk","Inadequately cleaned or sanitized food contact surfaces"
23704,"20140722",103138,"Low Risk","Improper storage use or identification of toxic substances"
23865,"20140904",103121,"Moderate Risk","Inadequate procedures or records for time as a public health control "
23865,"20140123",103139,"Low Risk","Improper food storage"
23865,"20130606",103121,"Moderate Risk","Inadequate procedures or records for time as a public health control "
23865,"20130606",103143,"Low Risk","Inadequate warewashing facilities or equipment"
23865,"20120724",103154,"Low Risk","Unclean or degraded floors walls or ceilings"
24023,"20150128",103149,"Low Risk","Wiping cloths not clean or properly stored or inadequate sanitizer"
24023,"20150128",103142,"Low Risk","Unclean nonfood contact surfaces"
24023,"20130813",103109,"High Risk","Unclean or unsanitary food contact surfaces"
24023,"20130813",103131,"Moderate Risk","Moderate risk vermin infestation"
24023,"20140207",103114,"High Risk","High risk vermin infestation"
24023,"20120731",103154,"Low Risk","Unclean or degraded floors walls or ceilings"
24023,"20120731",103142,"Low Risk","Unclean nonfood contact surfaces"
24023,"20130214",103124,"Moderate Risk","Inadequately cleaned or sanitized food contact surfaces"
24023,"20130214",103131,"Moderate Risk","Moderate risk vermin infestation"
24023,"20130214",103154,"Low Risk","Unclean or degraded floors walls or ceilings"
24024,"20150128",103144,"Low Risk","Unapproved or unmaintained equipment or utensils"
24024,"20150128",103154,"Low Risk","Unclean or degraded floors walls or ceilings"
24024,"20150128",103143,"Low Risk","Inadequate warewashing facilities or equipment"
24024,"20130813",103154,"Low Risk","Unclean or degraded floors walls or ceilings"
24024,"20140207",103131,"Moderate Risk","Moderate risk vermin infestation"
24024,"20120731",103161,"Low Risk","Low risk vermin infestation"
24024,"20120731",103154,"Low Risk","Unclean or degraded floors walls or ceilings"
24024,"20120731",103142,"Low Risk","Unclean nonfood contact surfaces"
24024,"20130214",103154,"Low Risk","Unclean or degraded floors walls or ceilings"
24024,"20130214",103142,"Low Risk","Unclean nonfood contact surfaces"
24025,"20150128",103154,"Low Risk","Unclean or degraded floors walls or ceilings"
24025,"20150128",103138,"Low Risk","Improper storage use or identification of toxic substances"
24025,"20150128",103120,"Moderate Risk","Moderate risk food holding temperature "
24025,"20130813",103157,"Low Risk","Food safety certificate or food handler card not available"
24025,"20130813",103154,"Low Risk","Unclean or degraded floors walls or ceilings"
24025,"20140207",103114,"High Risk","High risk vermin infestation"
24025,"20120731",103154,"Low Risk","Unclean or degraded floors walls or ceilings"
24025,"20120731",103142,"Low Risk","Unclean nonfood contact surfaces"
24025,"20130214",103154,"Low Risk","Unclean or degraded floors walls or ceilings"
24025,"20130214",103120,"Moderate Risk","Moderate risk food holding temperature "
24025,"20130214",103133,"Moderate Risk","Foods not protected from contamination"
24198,"20141208",103103,"High Risk","High risk food holding temperature "
24198,"20141208",103154,"Low Risk","Unclean or degraded floors walls or ceilings"
24198,"20141208",103139,"Low Risk","Improper food storage"
24198,"20141208",103138,"Low Risk","Improper storage use or identification of toxic substances"
24198,"20141208",103132,"Moderate Risk","Improper thawing methods "
24198,"20141208",103131,"Moderate Risk","Moderate risk vermin infestation"
24198,"20141208",103124,"Moderate Risk","Inadequately cleaned or sanitized food contact surfaces"
24198,"20141208",103119,"Moderate Risk","Inadequate and inaccessible handwashing facilities"
24198,"20131106",103129,"Moderate Risk","Insufficient hot water or running water"
24198,"20131106",103131,"Moderate Risk","Moderate risk vermin infestation"
24198,"20131106",103144,"Low Risk","Unapproved or unmaintained equipment or utensils"
24198,"20140414",103120,"Moderate Risk","Moderate risk food holding temperature "
24198,"20140414",103109,"High Risk","Unclean or unsanitary food contact surfaces"
24198,"20130207",103119,"Moderate Risk","Inadequate and inaccessible handwashing facilities"
24198,"20130207",103138,"Low Risk","Improper storage use or identification of toxic substances"
24279,"20130917",103131,"Moderate Risk","Moderate risk vermin infestation"
24279,"20130917",103151,"Low Risk","Inadequate or unsanitary refuse containers or area or no garbage service"
24279,"20130917",103138,"Low Risk","Improper storage use or identification of toxic substances"
24279,"20130917",103119,"Moderate Risk","Inadequate and inaccessible handwashing facilities"
24279,"20130917",103103,"High Risk","High risk food holding temperature "
24279,"20121212",103129,"Moderate Risk","Insufficient hot water or running water"
24279,"20121212",103114,"High Risk","High risk vermin infestation"
24279,"20121212",103108,"High Risk","Contaminated or adulterated food"
24279,"20121227",103133,"Moderate Risk","Foods not protected from contamination"
24279,"20121227",103131,"Moderate Risk","Moderate risk vermin infestation"
24279,"20121212",103120,"Moderate Risk","Moderate risk food holding temperature "
24279,"20121212",103132,"Moderate Risk","Improper thawing methods "
24279,"20140528",103109,"High Risk","Unclean or unsanitary food contact surfaces"
24279,"20140528",103120,"Moderate Risk","Moderate risk food holding temperature "
24279,"20140528",103161,"Low Risk","Low risk vermin infestation"
24279,"20140528",103102,"High Risk","Unclean hands or improper use of gloves"
24308,"20150422",103150,"Low Risk","Improper or defective plumbing"
24308,"20150422",103142,"Low Risk","Unclean nonfood contact surfaces"
24308,"20150422",103131,"Moderate Risk","Moderate risk vermin infestation"
24308,"20150422",103120,"Moderate Risk","Moderate risk food holding temperature "
24308,"20150422",103149,"Low Risk","Wiping cloths not clean or properly stored or inadequate sanitizer"
24308,"20130315",103154,"Low Risk","Unclean or degraded floors walls or ceilings"
24308,"20140318",103157,"Low Risk","Food safety certificate or food handler card not available"
24308,"20140318",103156,"Low Risk","Permit license or inspection report not posted"
24308,"20140318",103154,"Low Risk","Unclean or degraded floors walls or ceilings"
24308,"20140318",103149,"Low Risk","Wiping cloths not clean or properly stored or inadequate sanitizer"
24308,"20121107",103132,"Moderate Risk","Improper thawing methods "
24308,"20121107",103133,"Moderate Risk","Foods not protected from contamination"
24308,"20121107",103144,"Low Risk","Unapproved or unmaintained equipment or utensils"
24308,"20121107",103162,"Low Risk","Other low risk violation"
24308,"20121107",103154,"Low Risk","Unclean or degraded floors walls or ceilings"
24309,"20130731",103120,"Moderate Risk","Moderate risk food holding temperature "
24309,"20130122",103119,"Moderate Risk","Inadequate and inaccessible handwashing facilities"
24309,"20130122",103116,"Moderate Risk","Inadequate food safety knowledge or lack of certified food safety manager"
24431,"20130515",103154,"Low Risk","Unclean or degraded floors walls or ceilings"
24431,"20130515",103151,"Low Risk","Inadequate or unsanitary refuse containers or area or no garbage service"
24431,"20140321",103116,"Moderate Risk","Inadequate food safety knowledge or lack of certified food safety manager"
24431,"20140321",103103,"High Risk","High risk food holding temperature "
24431,"20140321",103152,"Low Risk","Unclean unmaintained or improperly constructed toilet facilities"
24431,"20120611",103154,"Low Risk","Unclean or degraded floors walls or ceilings"
24431,"20120611",103161,"Low Risk","Low risk vermin infestation"
24431,"20121206",103120,"Moderate Risk","Moderate risk food holding temperature "
24431,"20121206",103154,"Low Risk","Unclean or degraded floors walls or ceilings"
24437,"20140925",103114,"High Risk","High risk vermin infestation"
24437,"20140925",103119,"Moderate Risk","Inadequate and inaccessible handwashing facilities"
24437,"20140925",103124,"Moderate Risk","Inadequately cleaned or sanitized food contact surfaces"
24437,"20140925",103133,"Moderate Risk","Foods not protected from contamination"
24437,"20140925",103150,"Low Risk","Improper or defective plumbing"
24437,"20140925",103154,"Low Risk","Unclean or degraded floors walls or ceilings"
24437,"20140925",103157,"Low Risk","Food safety certificate or food handler card not available"
24437,"20140925",103156,"Low Risk","Permit license or inspection report not posted"
24437,"20130522",103149,"Low Risk","Wiping cloths not clean or properly stored or inadequate sanitizer"
24437,"20130522",103131,"Moderate Risk","Moderate risk vermin infestation"
24437,"20121004",103148,"Low Risk","No thermometers or uncalibrated thermometers "
24437,"20121004",103131,"Moderate Risk","Moderate risk vermin infestation"
24457,"20130409",103159,"Low Risk","Worker safety hazards"
24457,"20130409",103149,"Low Risk","Wiping cloths not clean or properly stored or inadequate sanitizer"
24457,"20130409",103142,"Low Risk","Unclean nonfood contact surfaces"
24457,"20130409",103138,"Low Risk","Improper storage use or identification of toxic substances"
24457,"20130409",103120,"Moderate Risk","Moderate risk food holding temperature "
24457,"20130409",103119,"Moderate Risk","Inadequate and inaccessible handwashing facilities"
24457,"20120809",103145,"Low Risk","Improper storage of equipment utensils or linens"
24457,"20120809",103119,"Moderate Risk","Inadequate and inaccessible handwashing facilities"
24457,"20120809",103114,"High Risk","High risk vermin infestation"
24457,"20120809",103113,"High Risk","Sewage or wastewater contamination"
24457,"20140624",103147,"Low Risk","Inadequate ventilation or lighting"
24457,"20140624",103133,"Moderate Risk","Foods not protected from contamination"
24457,"20140624",103131,"Moderate Risk","Moderate risk vermin infestation"
24457,"20140624",103157,"Low Risk","Food safety certificate or food handler card not available"
24457,"20140624",103159,"Low Risk","Worker safety hazards"
24457,"20140624",103149,"Low Risk","Wiping cloths not clean or properly stored or inadequate sanitizer"
24534,"20140211",103154,"Low Risk","Unclean or degraded floors walls or ceilings"
24534,"20140211",103144,"Low Risk","Unapproved or unmaintained equipment or utensils"
24534,"20130109",103102,"High Risk","Unclean hands or improper use of gloves"
24572,"20130621",103119,"Moderate Risk","Inadequate and inaccessible handwashing facilities"
24572,"20130621",103142,"Low Risk","Unclean nonfood contact surfaces"
24572,"20130621",103116,"Moderate Risk","Inadequate food safety knowledge or lack of certified food safety manager"
24572,"20130621",103109,"High Risk","Unclean or unsanitary food contact surfaces"
24572,"20130621",103131,"Moderate Risk","Moderate risk vermin infestation"
24572,"20130621",103103,"High Risk","High risk food holding temperature "
24572,"20130624",103102,"High Risk","Unclean hands or improper use of gloves"
24572,"20130621",103144,"Low Risk","Unapproved or unmaintained equipment or utensils"
24572,"20140610",103133,"Moderate Risk","Foods not protected from contamination"
24572,"20140610",103144,"Low Risk","Unapproved or unmaintained equipment or utensils"
24572,"20140610",103136,"Low Risk","Unsanitary employee garments hair or nails"
24572,"20140610",103132,"Moderate Risk","Improper thawing methods "
24572,"20140610",103114,"High Risk","High risk vermin infestation"
24572,"20140610",103109,"High Risk","Unclean or unsanitary food contact surfaces"
24572,"20140610",103142,"Low Risk","Unclean nonfood contact surfaces"
24752,"20150420",103119,"Moderate Risk","Inadequate and inaccessible handwashing facilities"
24752,"20150420",103157,"Low Risk","Food safety certificate or food handler card not available"
24752,"20150420",103118,"Moderate Risk","Employee eating or smoking"
24752,"20150420",103149,"Low Risk","Wiping cloths not clean or properly stored or inadequate sanitizer"
24752,"20130826",103156,"Low Risk","Permit license or inspection report not posted"
24752,"20130826",103145,"Low Risk","Improper storage of equipment utensils or linens"
24752,"20130826",103116,"Moderate Risk","Inadequate food safety knowledge or lack of certified food safety manager"
24752,"20130826",103131,"Moderate Risk","Moderate risk vermin infestation"
24752,"20130826",103102,"High Risk","Unclean hands or improper use of gloves"
24752,"20130826",103142,"Low Risk","Unclean nonfood contact surfaces"
24752,"20140131",103154,"Low Risk","Unclean or degraded floors walls or ceilings"
24752,"20140131",103156,"Low Risk","Permit license or inspection report not posted"
24752,"20130322",103131,"Moderate Risk","Moderate risk vermin infestation"
24752,"20130322",103119,"Moderate Risk","Inadequate and inaccessible handwashing facilities"
24752,"20130322",103116,"Moderate Risk","Inadequate food safety knowledge or lack of certified food safety manager"
24752,"20120918",103131,"Moderate Risk","Moderate risk vermin infestation"
24752,"20120918",103119,"Moderate Risk","Inadequate and inaccessible handwashing facilities"
24752,"20140820",103157,"Low Risk","Food safety certificate or food handler card not available"
24752,"20140820",103119,"Moderate Risk","Inadequate and inaccessible handwashing facilities"
24752,"20140820",103149,"Low Risk","Wiping cloths not clean or properly stored or inadequate sanitizer"
24752,"20140625",103119,"Moderate Risk","Inadequate and inaccessible handwashing facilities"
24754,"20150330",103129,"Moderate Risk","Insufficient hot water or running water"
24754,"20150330",103150,"Low Risk","Improper or defective plumbing"
24754,"20150330",103116,"Moderate Risk","Inadequate food safety knowledge or lack of certified food safety manager"
24754,"20121226",103119,"Moderate Risk","Inadequate and inaccessible handwashing facilities"
24754,"20121226",103157,"Low Risk","Food safety certificate or food handler card not available"
24754,"20140324",103145,"Low Risk","Improper storage of equipment utensils or linens"
24754,"20140822",103129,"Moderate Risk","Insufficient hot water or running water"
24754,"20140822",103116,"Moderate Risk","Inadequate food safety knowledge or lack of certified food safety manager"
24754,"20140324",103149,"Low Risk","Wiping cloths not clean or properly stored or inadequate sanitizer"
24754,"20140324",103150,"Low Risk","Improper or defective plumbing"
24930,"20150204",103154,"Low Risk","Unclean or degraded floors walls or ceilings"
24930,"20150204",103139,"Low Risk","Improper food storage"
24930,"20150204",103124,"Moderate Risk","Inadequately cleaned or sanitized food contact surfaces"
24930,"20130930",103105,"High Risk","Improper cooling methods"
24930,"20130930",103133,"Moderate Risk","Foods not protected from contamination"
24930,"20131127",103112,"High Risk","No hot water or running water"
24930,"20140410",103142,"Low Risk","Unclean nonfood contact surfaces"
24930,"20140410",103133,"Moderate Risk","Foods not protected from contamination"
24930,"20121206",103142,"Low Risk","Unclean nonfood contact surfaces"
24930,"20121206",103154,"Low Risk","Unclean or degraded floors walls or ceilings"
24936,"20150109",103129,"Moderate Risk","Insufficient hot water or running water"
24936,"20131115",103120,"Moderate Risk","Moderate risk food holding temperature "
24936,"20131115",103154,"Low Risk","Unclean or degraded floors walls or ceilings"
24936,"20131115",103153,"Low Risk","Inadequate dressing rooms or improper storage of personal items"
24936,"20131115",103124,"Moderate Risk","Inadequately cleaned or sanitized food contact surfaces"
24936,"20121024",103147,"Low Risk","Inadequate ventilation or lighting"
24936,"20140611",103120,"Moderate Risk","Moderate risk food holding temperature "
24936,"20140611",103107,"High Risk","Improper reheating of food"
24978,"20150330",103120,"Moderate Risk","Moderate risk food holding temperature "
24978,"20150330",103131,"Moderate Risk","Moderate risk vermin infestation"
24978,"20131105",103120,"Moderate Risk","Moderate risk food holding temperature "
24978,"20131105",103131,"Moderate Risk","Moderate risk vermin infestation"
24978,"20131105",103154,"Low Risk","Unclean or degraded floors walls or ceilings"
24978,"20131105",103157,"Low Risk","Food safety certificate or food handler card not available"
24978,"20131105",103109,"High Risk","Unclean or unsanitary food contact surfaces"
24978,"20130318",103139,"Low Risk","Improper food storage"
24978,"20130318",103156,"Low Risk","Permit license or inspection report not posted"
24978,"20121119",103120,"Moderate Risk","Moderate risk food holding temperature "
24978,"20121119",103139,"Low Risk","Improper food storage"
24978,"20121119",103124,"Moderate Risk","Inadequately cleaned or sanitized food contact surfaces"
24978,"20121119",103102,"High Risk","Unclean hands or improper use of gloves"
24978,"20140616",103154,"Low Risk","Unclean or degraded floors walls or ceilings"
25048,"20140825",103149,"Low Risk","Wiping cloths not clean or properly stored or inadequate sanitizer"
25048,"20140825",103120,"Moderate Risk","Moderate risk food holding temperature "
25048,"20140825",103119,"Moderate Risk","Inadequate and inaccessible handwashing facilities"
25048,"20131211",103154,"Low Risk","Unclean or degraded floors walls or ceilings"
25048,"20131211",103119,"Moderate Risk","Inadequate and inaccessible handwashing facilities"
25048,"20131211",103161,"Low Risk","Low risk vermin infestation"
25048,"20131211",103156,"Low Risk","Permit license or inspection report not posted"
25048,"20130606",103162,"Low Risk","Other low risk violation"
25048,"20130606",103119,"Moderate Risk","Inadequate and inaccessible handwashing facilities"
25048,"20130606",103129,"Moderate Risk","Insufficient hot water or running water"
25048,"20121005",103142,"Low Risk","Unclean nonfood contact surfaces"
25048,"20121005",103144,"Low Risk","Unapproved or unmaintained equipment or utensils"
25151,"20140221",103149,"Low Risk","Wiping cloths not clean or properly stored or inadequate sanitizer"
25151,"20121030",103154,"Low Risk","Unclean or degraded floors walls or ceilings"
25153,"20130724",103121,"Moderate Risk","Inadequate procedures or records for time as a public health control "
25160,"20130724",103154,"Low Risk","Unclean or degraded floors walls or ceilings"
25160,"20130724",103144,"Low Risk","Unapproved or unmaintained equipment or utensils"
25160,"20140221",103154,"Low Risk","Unclean or degraded floors walls or ceilings"
25160,"20121030",103119,"Moderate Risk","Inadequate and inaccessible handwashing facilities"
25161,"20130724",103154,"Low Risk","Unclean or degraded floors walls or ceilings"
25161,"20130724",103142,"Low Risk","Unclean nonfood contact surfaces"
25161,"20140221",103105,"High Risk","Improper cooling methods"
25161,"20121030",103144,"Low Risk","Unapproved or unmaintained equipment or utensils"
25161,"20121030",103139,"Low Risk","Improper food storage"
25162,"20150204",103109,"High Risk","Unclean or unsanitary food contact surfaces"
25162,"20130724",103120,"Moderate Risk","Moderate risk food holding temperature "
25162,"20140221",103124,"Moderate Risk","Inadequately cleaned or sanitized food contact surfaces"
25162,"20121030",103144,"Low Risk","Unapproved or unmaintained equipment or utensils"
25163,"20130724",103154,"Low Risk","Unclean or degraded floors walls or ceilings"
25163,"20130724",103131,"Moderate Risk","Moderate risk vermin infestation"
25163,"20140221",103150,"Low Risk","Improper or defective plumbing"
25163,"20121030",103131,"Moderate Risk","Moderate risk vermin infestation"
25164,"20150204",103133,"Moderate Risk","Foods not protected from contamination"
25164,"20150204",103109,"High Risk","Unclean or unsanitary food contact surfaces"
25164,"20130724",103116,"Moderate Risk","Inadequate food safety knowledge or lack of certified food safety manager"
25164,"20130724",103154,"Low Risk","Unclean or degraded floors walls or ceilings"
25164,"20121130",103125,"Moderate Risk","Noncompliance with shell fish tags or display"
25164,"20121130",103116,"Moderate Risk","Inadequate food safety knowledge or lack of certified food safety manager"
25164,"20140724",103133,"Moderate Risk","Foods not protected from contamination"
25164,"20140724",103147,"Low Risk","Inadequate ventilation or lighting"
25167,"20130906",103139,"Low Risk","Improper food storage"
25167,"20121108",103129,"Moderate Risk","Insufficient hot water or running water"
25301,"20150226",103105,"High Risk","Improper cooling methods"
25301,"20150226",103120,"Moderate Risk","Moderate risk food holding temperature "
25301,"20150226",103124,"Moderate Risk","Inadequately cleaned or sanitized food contact surfaces"
25301,"20150226",103129,"Moderate Risk","Insufficient hot water or running water"
25301,"20150226",103141,"Low Risk","Improper food labeling or menu misrepresentation"
25301,"20150226",103148,"Low Risk","No thermometers or uncalibrated thermometers "
25301,"20131104",103148,"Low Risk","No thermometers or uncalibrated thermometers "
25301,"20131104",103161,"Low Risk","Low risk vermin infestation"
25301,"20131104",103124,"Moderate Risk","Inadequately cleaned or sanitized food contact surfaces"
25301,"20131104",103149,"Low Risk","Wiping cloths not clean or properly stored or inadequate sanitizer"
25301,"20121211",103103,"High Risk","High risk food holding temperature "
25301,"20121211",103108,"High Risk","Contaminated or adulterated food"
25301,"20121211",103116,"Moderate Risk","Inadequate food safety knowledge or lack of certified food safety manager"
25301,"20121211",103119,"Moderate Risk","Inadequate and inaccessible handwashing facilities"
25301,"20121211",103131,"Moderate Risk","Moderate risk vermin infestation"
25301,"20121211",103144,"Low Risk","Unapproved or unmaintained equipment or utensils"
25301,"20121211",103148,"Low Risk","No thermometers or uncalibrated thermometers "
25374,"20140908",103119,"Moderate Risk","Inadequate and inaccessible handwashing facilities"
25374,"20140908",103156,"Low Risk","Permit license or inspection report not posted"
25374,"20130211",103133,"Moderate Risk","Foods not protected from contamination"
25374,"20130211",103142,"Low Risk","Unclean nonfood contact surfaces"
25374,"20130211",103156,"Low Risk","Permit license or inspection report not posted"
25374,"20130211",103120,"Moderate Risk","Moderate risk food holding temperature "
25375,"20140827",103131,"Moderate Risk","Moderate risk vermin infestation"
25375,"20140827",103145,"Low Risk","Improper storage of equipment utensils or linens"
25375,"20150325",103154,"Low Risk","Unclean or degraded floors walls or ceilings"
25375,"20130510",103156,"Low Risk","Permit license or inspection report not posted"
25375,"20130510",103154,"Low Risk","Unclean or degraded floors walls or ceilings"
25375,"20130510",103149,"Low Risk","Wiping cloths not clean or properly stored or inadequate sanitizer"
25375,"20130510",103148,"Low Risk","No thermometers or uncalibrated thermometers "
25375,"20121012",103119,"Moderate Risk","Inadequate and inaccessible handwashing facilities"
25387,"20131220",103124,"Moderate Risk","Inadequately cleaned or sanitized food contact surfaces"
25387,"20131220",103131,"Moderate Risk","Moderate risk vermin infestation"
25387,"20131220",103154,"Low Risk","Unclean or degraded floors walls or ceilings"
25387,"20131220",103132,"Moderate Risk","Improper thawing methods "
25387,"20131220",103142,"Low Risk","Unclean nonfood contact surfaces"
25387,"20131220",103144,"Low Risk","Unapproved or unmaintained equipment or utensils"
25387,"20130416",103112,"High Risk","No hot water or running water"
25387,"20130416",103149,"Low Risk","Wiping cloths not clean or properly stored or inadequate sanitizer"
25387,"20130416",103156,"Low Risk","Permit license or inspection report not posted"
25387,"20130416",103120,"Moderate Risk","Moderate risk food holding temperature "
25387,"20120919",103132,"Moderate Risk","Improper thawing methods "
25387,"20120919",103142,"Low Risk","Unclean nonfood contact surfaces"
25387,"20120919",103124,"Moderate Risk","Inadequately cleaned or sanitized food contact surfaces"
25387,"20120919",103154,"Low Risk","Unclean or degraded floors walls or ceilings"
25387,"20120919",103145,"Low Risk","Improper storage of equipment utensils or linens"
25387,"20140708",103120,"Moderate Risk","Moderate risk food holding temperature "
25387,"20140708",103109,"High Risk","Unclean or unsanitary food contact surfaces"
25387,"20140708",103144,"Low Risk","Unapproved or unmaintained equipment or utensils"
25387,"20140708",103154,"Low Risk","Unclean or degraded floors walls or ceilings"
25404,"20121010",103131,"Moderate Risk","Moderate risk vermin infestation"
25404,"20121010",103129,"Moderate Risk","Insufficient hot water or running water"
25404,"20121010",103114,"High Risk","High risk vermin infestation"
25572,"20150427",103119,"Moderate Risk","Inadequate and inaccessible handwashing facilities"
25572,"20150427",103150,"Low Risk","Improper or defective plumbing"
25572,"20150427",103103,"High Risk","High risk food holding temperature "
25572,"20150427",103116,"Moderate Risk","Inadequate food safety knowledge or lack of certified food safety manager"
25572,"20150427",103142,"Low Risk","Unclean nonfood contact surfaces"
25572,"20150427",103131,"Moderate Risk","Moderate risk vermin infestation"
25572,"20150427",103160,"Low Risk","Inadequate HACCP plan record keeping"
25572,"20150427",103104,"High Risk","Unauthorized or unsafe use of time as a public health control measure"
25572,"20150427",103109,"High Risk","Unclean or unsanitary food contact surfaces"
25572,"20150427",103102,"High Risk","Unclean hands or improper use of gloves"
25572,"20140102",103156,"Low Risk","Permit license or inspection report not posted"
25572,"20131016",103121,"Moderate Risk","Inadequate procedures or records for time as a public health control "
25572,"20131016",103144,"Low Risk","Unapproved or unmaintained equipment or utensils"
25572,"20131016",103103,"High Risk","High risk food holding temperature "
25572,"20131016",103133,"Moderate Risk","Foods not protected from contamination"
25572,"20131016",103124,"Moderate Risk","Inadequately cleaned or sanitized food contact surfaces"
25572,"20131016",103142,"Low Risk","Unclean nonfood contact surfaces"
25572,"20120917",103144,"Low Risk","Unapproved or unmaintained equipment or utensils"
25572,"20120917",103119,"Moderate Risk","Inadequate and inaccessible handwashing facilities"
25572,"20120917",103103,"High Risk","High risk food holding temperature "
25651,"20130520",103145,"Low Risk","Improper storage of equipment utensils or linens"
25651,"20121016",103150,"Low Risk","Improper or defective plumbing"
25777,"20150422",103114,"High Risk","High risk vermin infestation"
25777,"20150422",103109,"High Risk","Unclean or unsanitary food contact surfaces"
26005,"20130724",103144,"Low Risk","Unapproved or unmaintained equipment or utensils"
26005,"20130724",103142,"Low Risk","Unclean nonfood contact surfaces"
26005,"20130724",103103,"High Risk","High risk food holding temperature "
26005,"20130724",103132,"Moderate Risk","Improper thawing methods "
26005,"20130724",103109,"High Risk","Unclean or unsanitary food contact surfaces"
26005,"20130724",103116,"Moderate Risk","Inadequate food safety knowledge or lack of certified food safety manager"
26005,"20130724",103131,"Moderate Risk","Moderate risk vermin infestation"
26005,"20130724",103133,"Moderate Risk","Foods not protected from contamination"
26005,"20130724",103102,"High Risk","Unclean hands or improper use of gloves"
26005,"20140423",103131,"Moderate Risk","Moderate risk vermin infestation"
26005,"20140423",103133,"Moderate Risk","Foods not protected from contamination"
26005,"20140423",103144,"Low Risk","Unapproved or unmaintained equipment or utensils"
26005,"20140423",103129,"Moderate Risk","Insufficient hot water or running water"
26005,"20140423",103120,"Moderate Risk","Moderate risk food holding temperature "
26005,"20140423",103116,"Moderate Risk","Inadequate food safety knowledge or lack of certified food safety manager"
26005,"20140423",103102,"High Risk","Unclean hands or improper use of gloves"
26005,"20120905",103114,"High Risk","High risk vermin infestation"
26005,"20120905",103109,"High Risk","Unclean or unsanitary food contact surfaces"
26005,"20120905",103116,"Moderate Risk","Inadequate food safety knowledge or lack of certified food safety manager"
26005,"20120905",103132,"Moderate Risk","Improper thawing methods "
26005,"20120905",103142,"Low Risk","Unclean nonfood contact surfaces"
26005,"20120905",103144,"Low Risk","Unapproved or unmaintained equipment or utensils"
26005,"20120905",103154,"Low Risk","Unclean or degraded floors walls or ceilings"
26005,"20120905",103102,"High Risk","Unclean hands or improper use of gloves"
26005,"20120905",103133,"Moderate Risk","Foods not protected from contamination"
26005,"20121219",103103,"High Risk","High risk food holding temperature "
26005,"20121219",103161,"Low Risk","Low risk vermin infestation"
26005,"20121108",103131,"Moderate Risk","Moderate risk vermin infestation"
26025,"20130910",103118,"Moderate Risk","Employee eating or smoking"
26025,"20140623",103120,"Moderate Risk","Moderate risk food holding temperature "
26025,"20140623",103118,"Moderate Risk","Employee eating or smoking"
26025,"20140623",103139,"Low Risk","Improper food storage"
26146,"20130830",103156,"Low Risk","Permit license or inspection report not posted"
26146,"20130830",103157,"Low Risk","Food safety certificate or food handler card not available"
26146,"20140328",103156,"Low Risk","Permit license or inspection report not posted"
26149,"20130918",103102,"High Risk","Unclean hands or improper use of gloves"
26149,"20130918",103142,"Low Risk","Unclean nonfood contact surfaces"
26149,"20130528",103142,"Low Risk","Unclean nonfood contact surfaces"
26149,"20130528",103102,"High Risk","Unclean hands or improper use of gloves"
26149,"20130528",103119,"Moderate Risk","Inadequate and inaccessible handwashing facilities"
26149,"20130528",103116,"Moderate Risk","Inadequate food safety knowledge or lack of certified food safety manager"
26149,"20121120",103139,"Low Risk","Improper food storage"
26149,"20121120",103119,"Moderate Risk","Inadequate and inaccessible handwashing facilities"
26149,"20121120",103149,"Low Risk","Wiping cloths not clean or properly stored or inadequate sanitizer"
26149,"20121120",103142,"Low Risk","Unclean nonfood contact surfaces"
26340,"20150513",103144,"Low Risk","Unapproved or unmaintained equipment or utensils"
26340,"20150513",103154,"Low Risk","Unclean or degraded floors walls or ceilings"
26340,"20150513",103148,"Low Risk","No thermometers or uncalibrated thermometers "
26340,"20150513",103124,"Moderate Risk","Inadequately cleaned or sanitized food contact surfaces"
26340,"20150513",103133,"Moderate Risk","Foods not protected from contamination"
26340,"20150513",103105,"High Risk","Improper cooling methods"
26340,"20150513",103149,"Low Risk","Wiping cloths not clean or properly stored or inadequate sanitizer"
26340,"20150513",103103,"High Risk","High risk food holding temperature "
26340,"20130416",103149,"Low Risk","Wiping cloths not clean or properly stored or inadequate sanitizer"
26340,"20130416",103150,"Low Risk","Improper or defective plumbing"
26340,"20130416",103133,"Moderate Risk","Foods not protected from contamination"
26340,"20130416",103124,"Moderate Risk","Inadequately cleaned or sanitized food contact surfaces"
26340,"20130416",103103,"High Risk","High risk food holding temperature "
26340,"20130416",103139,"Low Risk","Improper food storage"
26340,"20130416",103142,"Low Risk","Unclean nonfood contact surfaces"
26340,"20140227",103154,"Low Risk","Unclean or degraded floors walls or ceilings"
26340,"20140227",103119,"Moderate Risk","Inadequate and inaccessible handwashing facilities"
26340,"20140227",103139,"Low Risk","Improper food storage"
26340,"20140227",103157,"Low Risk","Food safety certificate or food handler card not available"
26340,"20140227",103165,"Low Risk","No plan review or Building Permit"
26340,"20140227",103103,"High Risk","High risk food holding temperature "
26340,"20140227",103114,"High Risk","High risk vermin infestation"
26340,"20140227",103142,"Low Risk","Unclean nonfood contact surfaces"
26340,"20120717",103119,"Moderate Risk","Inadequate and inaccessible handwashing facilities"
26340,"20120717",103150,"Low Risk","Improper or defective plumbing"
26340,"20120717",103154,"Low Risk","Unclean or degraded floors walls or ceilings"
26340,"20120717",103124,"Moderate Risk","Inadequately cleaned or sanitized food contact surfaces"
26340,"20120717",103103,"High Risk","High risk food holding temperature "
26340,"20120717",103139,"Low Risk","Improper food storage"
26340,"20120717",103131,"Moderate Risk","Moderate risk vermin infestation"
26340,"20120717",103133,"Moderate Risk","Foods not protected from contamination"
26340,"20120717",103142,"Low Risk","Unclean nonfood contact surfaces"
26341,"20130808",103139,"Low Risk","Improper food storage"
26341,"20130808",103124,"Moderate Risk","Inadequately cleaned or sanitized food contact surfaces"
26341,"20140306",103145,"Low Risk","Improper storage of equipment utensils or linens"
26341,"20140306",103156,"Low Risk","Permit license or inspection report not posted"
26341,"20140306",103139,"Low Risk","Improper food storage"
26343,"20130410",103116,"Moderate Risk","Inadequate food safety knowledge or lack of certified food safety manager"
26343,"20130410",103139,"Low Risk","Improper food storage"
26343,"20130410",103150,"Low Risk","Improper or defective plumbing"
26343,"20130410",103142,"Low Risk","Unclean nonfood contact surfaces"
26343,"20130410",103120,"Moderate Risk","Moderate risk food holding temperature "
26343,"20130410",103119,"Moderate Risk","Inadequate and inaccessible handwashing facilities"
26343,"20130410",103109,"High Risk","Unclean or unsanitary food contact surfaces"
26343,"20140804",103102,"High Risk","Unclean hands or improper use of gloves"
26343,"20140804",103109,"High Risk","Unclean or unsanitary food contact surfaces"
26343,"20140804",103116,"Moderate Risk","Inadequate food safety knowledge or lack of certified food safety manager"
26348,"20130930",103114,"High Risk","High risk vermin infestation"
26348,"20130930",103109,"High Risk","Unclean or unsanitary food contact surfaces"
26348,"20130930",103120,"Moderate Risk","Moderate risk food holding temperature "
26348,"20130930",103154,"Low Risk","Unclean or degraded floors walls or ceilings"
26348,"20140305",103154,"Low Risk","Unclean or degraded floors walls or ceilings"
26348,"20140305",103109,"High Risk","Unclean or unsanitary food contact surfaces"
26348,"20140305",103144,"Low Risk","Unapproved or unmaintained equipment or utensils"
26348,"20140305",103142,"Low Risk","Unclean nonfood contact surfaces"
26348,"20140305",103114,"High Risk","High risk vermin infestation"
26348,"20121210",103142,"Low Risk","Unclean nonfood contact surfaces"
26348,"20121210",103154,"Low Risk","Unclean or degraded floors walls or ceilings"
26348,"20121210",103114,"High Risk","High risk vermin infestation"
26348,"20121210",103149,"Low Risk","Wiping cloths not clean or properly stored or inadequate sanitizer"
26379,"20131010",103149,"Low Risk","Wiping cloths not clean or properly stored or inadequate sanitizer"
26379,"20131010",103133,"Moderate Risk","Foods not protected from contamination"
26379,"20131010",103120,"Moderate Risk","Moderate risk food holding temperature "
26379,"20131010",103155,"Low Risk","Unapproved  living quarters in food facility"
26379,"20121212",103144,"Low Risk","Unapproved or unmaintained equipment or utensils"
26379,"20121212",103112,"High Risk","No hot water or running water"
26379,"20140529",103149,"Low Risk","Wiping cloths not clean or properly stored or inadequate sanitizer"
26379,"20140529",103103,"High Risk","High risk food holding temperature "
26379,"20140529",103132,"Moderate Risk","Improper thawing methods "
26379,"20140529",103138,"Low Risk","Improper storage use or identification of toxic substances"
26752,"20130918",103149,"Low Risk","Wiping cloths not clean or properly stored or inadequate sanitizer"
26752,"20140501",103141,"Low Risk","Improper food labeling or menu misrepresentation"
26752,"20140501",103142,"Low Risk","Unclean nonfood contact surfaces"
26752,"20120611",103129,"Moderate Risk","Insufficient hot water or running water"
26752,"20121120",103102,"High Risk","Unclean hands or improper use of gloves"
26752,"20121120",103112,"High Risk","No hot water or running water"
26752,"20121120",103149,"Low Risk","Wiping cloths not clean or properly stored or inadequate sanitizer"
26830,"20150113",103116,"Moderate Risk","Inadequate food safety knowledge or lack of certified food safety manager"
26830,"20131017",103116,"Moderate Risk","Inadequate food safety knowledge or lack of certified food safety manager"
26830,"20131017",103120,"Moderate Risk","Moderate risk food holding temperature "
26830,"20131017",103103,"High Risk","High risk food holding temperature "
26830,"20130308",103116,"Moderate Risk","Inadequate food safety knowledge or lack of certified food safety manager"
27053,"20141106",103148,"Low Risk","No thermometers or uncalibrated thermometers "
27053,"20130708",103102,"High Risk","Unclean hands or improper use of gloves"
27053,"20130708",103142,"Low Risk","Unclean nonfood contact surfaces"
27053,"20130708",103120,"Moderate Risk","Moderate risk food holding temperature "
27053,"20140303",103142,"Low Risk","Unclean nonfood contact surfaces"
27053,"20140303",103149,"Low Risk","Wiping cloths not clean or properly stored or inadequate sanitizer"
27053,"20140303",103120,"Moderate Risk","Moderate risk food holding temperature "
27053,"20120629",103139,"Low Risk","Improper food storage"
27053,"20130107",103138,"Low Risk","Improper storage use or identification of toxic substances"
27053,"20130107",103143,"Low Risk","Inadequate warewashing facilities or equipment"
27053,"20130107",103102,"High Risk","Unclean hands or improper use of gloves"
27053,"20130107",103120,"Moderate Risk","Moderate risk food holding temperature "
27055,"20130924",103120,"Moderate Risk","Moderate risk food holding temperature "
27055,"20140402",103157,"Low Risk","Food safety certificate or food handler card not available"
27055,"20140402",103156,"Low Risk","Permit license or inspection report not posted"
27055,"20120713",103139,"Low Risk","Improper food storage"
27055,"20120713",103144,"Low Risk","Unapproved or unmaintained equipment or utensils"
27055,"20130205",103157,"Low Risk","Food safety certificate or food handler card not available"
27056,"20130930",103129,"Moderate Risk","Insufficient hot water or running water"
27056,"20130930",103133,"Moderate Risk","Foods not protected from contamination"
27056,"20130930",103103,"High Risk","High risk food holding temperature "
27056,"20130930",103124,"Moderate Risk","Inadequately cleaned or sanitized food contact surfaces"
27056,"20130320",103105,"High Risk","Improper cooling methods"
27056,"20130320",103147,"Low Risk","Inadequate ventilation or lighting"
27056,"20130320",103142,"Low Risk","Unclean nonfood contact surfaces"
27056,"20130320",103120,"Moderate Risk","Moderate risk food holding temperature "
27056,"20140428",103156,"Low Risk","Permit license or inspection report not posted"
27056,"20140428",103129,"Moderate Risk","Insufficient hot water or running water"
27056,"20140428",103142,"Low Risk","Unclean nonfood contact surfaces"
27056,"20140428",103154,"Low Risk","Unclean or degraded floors walls or ceilings"
27056,"20120913",103105,"High Risk","Improper cooling methods"
27056,"20120913",103138,"Low Risk","Improper storage use or identification of toxic substances"
27056,"20120913",103154,"Low Risk","Unclean or degraded floors walls or ceilings"
27167,"20131001",103139,"Low Risk","Improper food storage"
27167,"20131001",103103,"High Risk","High risk food holding temperature "
27167,"20131001",103109,"High Risk","Unclean or unsanitary food contact surfaces"
27167,"20130329",103142,"Low Risk","Unclean nonfood contact surfaces"
27167,"20130329",103149,"Low Risk","Wiping cloths not clean or properly stored or inadequate sanitizer"
27167,"20130329",103157,"Low Risk","Food safety certificate or food handler card not available"
27167,"20130329",103131,"Moderate Risk","Moderate risk vermin infestation"
27167,"20130329",103139,"Low Risk","Improper food storage"
27167,"20140401",103149,"Low Risk","Wiping cloths not clean or properly stored or inadequate sanitizer"
27167,"20140401",103102,"High Risk","Unclean hands or improper use of gloves"
27167,"20140401",103108,"High Risk","Contaminated or adulterated food"
27167,"20140401",103116,"Moderate Risk","Inadequate food safety knowledge or lack of certified food safety manager"
27167,"20140401",103131,"Moderate Risk","Moderate risk vermin infestation"
27167,"20140401",103148,"Low Risk","No thermometers or uncalibrated thermometers "
27167,"20140401",103142,"Low Risk","Unclean nonfood contact surfaces"
27167,"20121003",103145,"Low Risk","Improper storage of equipment utensils or linens"
27167,"20121003",103103,"High Risk","High risk food holding temperature "
27167,"20121003",103144,"Low Risk","Unapproved or unmaintained equipment or utensils"
27306,"20140127",103120,"Moderate Risk","Moderate risk food holding temperature "
27306,"20130606",103161,"Low Risk","Low risk vermin infestation"
27306,"20140729",103139,"Low Risk","Improper food storage"
27350,"20130801",103149,"Low Risk","Wiping cloths not clean or properly stored or inadequate sanitizer"
27350,"20140131",103136,"Low Risk","Unsanitary employee garments hair or nails"
27350,"20140131",103132,"Moderate Risk","Improper thawing methods "
27377,"20130829",103144,"Low Risk","Unapproved or unmaintained equipment or utensils"
27377,"20130829",103120,"Moderate Risk","Moderate risk food holding temperature "
27377,"20130829",103116,"Moderate Risk","Inadequate food safety knowledge or lack of certified food safety manager"
27377,"20140502",103145,"Low Risk","Improper storage of equipment utensils or linens"
27377,"20140423",103103,"High Risk","High risk food holding temperature "
27377,"20140423",103142,"Low Risk","Unclean nonfood contact surfaces"
27377,"20140502",103120,"Moderate Risk","Moderate risk food holding temperature "
27377,"20120709",103105,"High Risk","Improper cooling methods"
27377,"20120709",103149,"Low Risk","Wiping cloths not clean or properly stored or inadequate sanitizer"
27377,"20120709",103103,"High Risk","High risk food holding temperature "
27377,"20120709",103161,"Low Risk","Low risk vermin infestation"
27377,"20120709",103154,"Low Risk","Unclean or degraded floors walls or ceilings"
27377,"20130208",103144,"Low Risk","Unapproved or unmaintained equipment or utensils"
27377,"20130208",103116,"Moderate Risk","Inadequate food safety knowledge or lack of certified food safety manager"
27377,"20130208",103120,"Moderate Risk","Moderate risk food holding temperature "
27377,"20130208",103108,"High Risk","Contaminated or adulterated food"
27472,"20140908",103154,"Low Risk","Unclean or degraded floors walls or ceilings"
27472,"20140908",103114,"High Risk","High risk vermin infestation"
27472,"20140908",103124,"Moderate Risk","Inadequately cleaned or sanitized food contact surfaces"
27472,"20140908",103109,"High Risk","Unclean or unsanitary food contact surfaces"
27472,"20140908",103119,"Moderate Risk","Inadequate and inaccessible handwashing facilities"
27472,"20130521",103147,"Low Risk","Inadequate ventilation or lighting"
27472,"20130521",103133,"Moderate Risk","Foods not protected from contamination"
27472,"20130521",103154,"Low Risk","Unclean or degraded floors walls or ceilings"
27525,"20141023",103142,"Low Risk","Unclean nonfood contact surfaces"
27525,"20141023",103127,"Moderate Risk","Noncompliance with HAACP plan or variance"
27525,"20141023",103120,"Moderate Risk","Moderate risk food holding temperature "
27525,"20141023",103144,"Low Risk","Unapproved or unmaintained equipment or utensils"
27525,"20131022",103160,"Low Risk","Inadequate HACCP plan record keeping"
27525,"20131022",103142,"Low Risk","Unclean nonfood contact surfaces"
27525,"20131022",103120,"Moderate Risk","Moderate risk food holding temperature "
27525,"20131022",103124,"Moderate Risk","Inadequately cleaned or sanitized food contact surfaces"
27525,"20121016",103142,"Low Risk","Unclean nonfood contact surfaces"
27525,"20121016",103103,"High Risk","High risk food holding temperature "
27555,"20130925",103150,"Low Risk","Improper or defective plumbing"
27555,"20130925",103156,"Low Risk","Permit license or inspection report not posted"
27555,"20130925",103124,"Moderate Risk","Inadequately cleaned or sanitized food contact surfaces"
27555,"20130925",103154,"Low Risk","Unclean or degraded floors walls or ceilings"
27555,"20130925",103119,"Moderate Risk","Inadequate and inaccessible handwashing facilities"
27555,"20130925",103157,"Low Risk","Food safety certificate or food handler card not available"
27555,"20140625",103154,"Low Risk","Unclean or degraded floors walls or ceilings"
27555,"20140625",103131,"Moderate Risk","Moderate risk vermin infestation"
27557,"20150501",103154,"Low Risk","Unclean or degraded floors walls or ceilings"
27557,"20150501",103162,"Low Risk","Other low risk violation"
27557,"20150501",103124,"Moderate Risk","Inadequately cleaned or sanitized food contact surfaces"
27557,"20150501",103145,"Low Risk","Improper storage of equipment utensils or linens"
27557,"20150501",103142,"Low Risk","Unclean nonfood contact surfaces"
27557,"20150501",103133,"Moderate Risk","Foods not protected from contamination"
27557,"20150501",103114,"High Risk","High risk vermin infestation"
27557,"20131001",103114,"High Risk","High risk vermin infestation"
27557,"20131001",103133,"Moderate Risk","Foods not protected from contamination"
27557,"20131001",103145,"Low Risk","Improper storage of equipment utensils or linens"
27557,"20130327",103151,"Low Risk","Inadequate or unsanitary refuse containers or area or no garbage service"
27557,"20130327",103125,"Moderate Risk","Noncompliance with shell fish tags or display"
27557,"20130327",103131,"Moderate Risk","Moderate risk vermin infestation"
27557,"20130327",103142,"Low Risk","Unclean nonfood contact surfaces"
27557,"20140331",103124,"Moderate Risk","Inadequately cleaned or sanitized food contact surfaces"
27557,"20140331",103145,"Low Risk","Improper storage of equipment utensils or linens"
27557,"20140331",103138,"Low Risk","Improper storage use or identification of toxic substances"
27557,"20140331",103131,"Moderate Risk","Moderate risk vermin infestation"
27557,"20121012",103103,"High Risk","High risk food holding temperature "
27557,"20121012",103157,"Low Risk","Food safety certificate or food handler card not available"
27557,"20121012",103161,"Low Risk","Low risk vermin infestation"
27667,"20130708",103144,"Low Risk","Unapproved or unmaintained equipment or utensils"
27667,"20130708",103142,"Low Risk","Unclean nonfood contact surfaces"
27667,"20140418",103142,"Low Risk","Unclean nonfood contact surfaces"
27667,"20140418",103156,"Low Risk","Permit license or inspection report not posted"
27667,"20140418",103153,"Low Risk","Inadequate dressing rooms or improper storage of personal items"
27667,"20120629",103120,"Moderate Risk","Moderate risk food holding temperature "
27667,"20120629",103153,"Low Risk","Inadequate dressing rooms or improper storage of personal items"
27667,"20120629",103150,"Low Risk","Improper or defective plumbing"
27667,"20120629",103144,"Low Risk","Unapproved or unmaintained equipment or utensils"
27667,"20130108",103120,"Moderate Risk","Moderate risk food holding temperature "
27667,"20130108",103138,"Low Risk","Improper storage use or identification of toxic substances"
27667,"20130108",103113,"High Risk","Sewage or wastewater contamination"
27680,"20150106",103139,"Low Risk","Improper food storage"
27680,"20150106",103161,"Low Risk","Low risk vermin infestation"
27680,"20150106",103154,"Low Risk","Unclean or degraded floors walls or ceilings"
27680,"20150106",103149,"Low Risk","Wiping cloths not clean or properly stored or inadequate sanitizer"
27680,"20150106",103142,"Low Risk","Unclean nonfood contact surfaces"
27680,"20150106",103124,"Moderate Risk","Inadequately cleaned or sanitized food contact surfaces"
27680,"20150106",103121,"Moderate Risk","Inadequate procedures or records for time as a public health control "
27680,"20150106",103143,"Low Risk","Inadequate warewashing facilities or equipment"
27680,"20130716",103144,"Low Risk","Unapproved or unmaintained equipment or utensils"
27680,"20130716",103114,"High Risk","High risk vermin infestation"
27680,"20130716",103142,"Low Risk","Unclean nonfood contact surfaces"
27680,"20130716",103154,"Low Risk","Unclean or degraded floors walls or ceilings"
27680,"20130716",103148,"Low Risk","No thermometers or uncalibrated thermometers "
27680,"20130716",103121,"Moderate Risk","Inadequate procedures or records for time as a public health control "
27680,"20130716",103124,"Moderate Risk","Inadequately cleaned or sanitized food contact surfaces"
27680,"20130716",103133,"Moderate Risk","Foods not protected from contamination"
27680,"20130319",103142,"Low Risk","Unclean nonfood contact surfaces"
27680,"20130319",103124,"Moderate Risk","Inadequately cleaned or sanitized food contact surfaces"
27680,"20130319",103119,"Moderate Risk","Inadequate and inaccessible handwashing facilities"
27680,"20130319",103120,"Moderate Risk","Moderate risk food holding temperature "
27680,"20130319",103154,"Low Risk","Unclean or degraded floors walls or ceilings"
27680,"20130319",103139,"Low Risk","Improper food storage"
27680,"20140401",103154,"Low Risk","Unclean or degraded floors walls or ceilings"
27680,"20140401",103142,"Low Risk","Unclean nonfood contact surfaces"
27680,"20140401",103129,"Moderate Risk","Insufficient hot water or running water"
27680,"20140401",103120,"Moderate Risk","Moderate risk food holding temperature "
27680,"20140401",103104,"High Risk","Unauthorized or unsafe use of time as a public health control measure"
27680,"20140401",103139,"Low Risk","Improper food storage"
27737,"20130605",103157,"Low Risk","Food safety certificate or food handler card not available"
27737,"20130605",103139,"Low Risk","Improper food storage"
27737,"20130605",103150,"Low Risk","Improper or defective plumbing"
27737,"20140428",103157,"Low Risk","Food safety certificate or food handler card not available"
27737,"20140428",103120,"Moderate Risk","Moderate risk food holding temperature "
27737,"20140428",103149,"Low Risk","Wiping cloths not clean or properly stored or inadequate sanitizer"
27737,"20140428",103114,"High Risk","High risk vermin infestation"
27737,"20120912",103138,"Low Risk","Improper storage use or identification of toxic substances"
27737,"20120912",103149,"Low Risk","Wiping cloths not clean or properly stored or inadequate sanitizer"
27790,"20131112",103161,"Low Risk","Low risk vermin infestation"
27790,"20131112",103142,"Low Risk","Unclean nonfood contact surfaces"
27790,"20131112",103154,"Low Risk","Unclean or degraded floors walls or ceilings"
27790,"20140428",103154,"Low Risk","Unclean or degraded floors walls or ceilings"
27790,"20140428",103142,"Low Risk","Unclean nonfood contact surfaces"
27791,"20150414",103159,"Low Risk","Worker safety hazards"
27791,"20150414",103142,"Low Risk","Unclean nonfood contact surfaces"
27791,"20131030",103142,"Low Risk","Unclean nonfood contact surfaces"
27791,"20131030",103143,"Low Risk","Inadequate warewashing facilities or equipment"
27791,"20131030",103159,"Low Risk","Worker safety hazards"
27791,"20130307",103144,"Low Risk","Unapproved or unmaintained equipment or utensils"
27791,"20130307",103139,"Low Risk","Improper food storage"
27791,"20130307",103142,"Low Risk","Unclean nonfood contact surfaces"
27791,"20130307",103161,"Low Risk","Low risk vermin infestation"
27791,"20130307",103153,"Low Risk","Inadequate dressing rooms or improper storage of personal items"
27791,"20130307",103145,"Low Risk","Improper storage of equipment utensils or linens"
27791,"20130307",103129,"Moderate Risk","Insufficient hot water or running water"
27791,"20120625",103154,"Low Risk","Unclean or degraded floors walls or ceilings"
27791,"20120625",103144,"Low Risk","Unapproved or unmaintained equipment or utensils"
27791,"20120625",103142,"Low Risk","Unclean nonfood contact surfaces"
27791,"20120625",103116,"Moderate Risk","Inadequate food safety knowledge or lack of certified food safety manager"
27791,"20120625",103124,"Moderate Risk","Inadequately cleaned or sanitized food contact surfaces"
27793,"20130725",103127,"Moderate Risk","Noncompliance with HAACP plan or variance"
27793,"20130725",103161,"Low Risk","Low risk vermin infestation"
27793,"20130725",103102,"High Risk","Unclean hands or improper use of gloves"
27793,"20130725",103103,"High Risk","High risk food holding temperature "
27793,"20130725",103142,"Low Risk","Unclean nonfood contact surfaces"
27793,"20130725",103105,"High Risk","Improper cooling methods"
27793,"20140418",103105,"High Risk","Improper cooling methods"
27793,"20140418",103144,"Low Risk","Unapproved or unmaintained equipment or utensils"
27793,"20140418",103150,"Low Risk","Improper or defective plumbing"
27793,"20140418",103142,"Low Risk","Unclean nonfood contact surfaces"
27793,"20140418",103103,"High Risk","High risk food holding temperature "
27793,"20120709",103139,"Low Risk","Improper food storage"
27793,"20120709",103103,"High Risk","High risk food holding temperature "
27793,"20120709",103142,"Low Risk","Unclean nonfood contact surfaces"
27793,"20130114",103142,"Low Risk","Unclean nonfood contact surfaces"
27793,"20130114",103154,"Low Risk","Unclean or degraded floors walls or ceilings"
27793,"20130123",103120,"Moderate Risk","Moderate risk food holding temperature "
27793,"20130114",103103,"High Risk","High risk food holding temperature "
27799,"20141021",103142,"Low Risk","Unclean nonfood contact surfaces"
27799,"20141021",103103,"High Risk","High risk food holding temperature "
27799,"20130918",103142,"Low Risk","Unclean nonfood contact surfaces"
27799,"20130918",103144,"Low Risk","Unapproved or unmaintained equipment or utensils"
27799,"20130918",103120,"Moderate Risk","Moderate risk food holding temperature "
27799,"20140428",103103,"High Risk","High risk food holding temperature "
27799,"20140428",103121,"Moderate Risk","Inadequate procedures or records for time as a public health control "
27799,"20121016",103103,"High Risk","High risk food holding temperature "
27799,"20121016",103133,"Moderate Risk","Foods not protected from contamination"
27799,"20121016",103102,"High Risk","Unclean hands or improper use of gloves"
27799,"20130111",103120,"Moderate Risk","Moderate risk food holding temperature "
27799,"20130111",103102,"High Risk","Unclean hands or improper use of gloves"
27799,"20140522",103120,"Moderate Risk","Moderate risk food holding temperature "
27801,"20131108",103109,"High Risk","Unclean or unsanitary food contact surfaces"
27801,"20131108",103148,"Low Risk","No thermometers or uncalibrated thermometers "
27801,"20120621",103116,"Moderate Risk","Inadequate food safety knowledge or lack of certified food safety manager"
27801,"20120621",103102,"High Risk","Unclean hands or improper use of gloves"
27801,"20120621",103161,"Low Risk","Low risk vermin infestation"
27801,"20120621",103120,"Moderate Risk","Moderate risk food holding temperature "
27801,"20120621",103134,"Moderate Risk","Other moderate risk violation"
27821,"20150421",103103,"High Risk","High risk food holding temperature "
27821,"20140207",103149,"Low Risk","Wiping cloths not clean or properly stored or inadequate sanitizer"
27821,"20140207",103139,"Low Risk","Improper food storage"
27821,"20140207",103144,"Low Risk","Unapproved or unmaintained equipment or utensils"
27821,"20140207",103145,"Low Risk","Improper storage of equipment utensils or linens"
27851,"20140918",103130,"Moderate Risk","Inadequate sewage or wastewater disposal"
27851,"20140918",103142,"Low Risk","Unclean nonfood contact surfaces"
27851,"20140918",103124,"Moderate Risk","Inadequately cleaned or sanitized food contact surfaces"
27851,"20140918",103149,"Low Risk","Wiping cloths not clean or properly stored or inadequate sanitizer"
27851,"20140918",103156,"Low Risk","Permit license or inspection report not posted"
27851,"20130726",103142,"Low Risk","Unclean nonfood contact surfaces"
27851,"20140206",103130,"Moderate Risk","Inadequate sewage or wastewater disposal"
27852,"20130312",103119,"Moderate Risk","Inadequate and inaccessible handwashing facilities"
27852,"20130312",103156,"Low Risk","Permit license or inspection report not posted"
27854,"20130724",103105,"High Risk","Improper cooling methods"
27854,"20130724",103120,"Moderate Risk","Moderate risk food holding temperature "
27854,"20130724",103149,"Low Risk","Wiping cloths not clean or properly stored or inadequate sanitizer"
27854,"20140416",103107,"High Risk","Improper reheating of food"
27854,"20140416",103120,"Moderate Risk","Moderate risk food holding temperature "
27854,"20120709",103131,"Moderate Risk","Moderate risk vermin infestation"
27854,"20120709",103105,"High Risk","Improper cooling methods"
27854,"20120724",103165,"Low Risk","No plan review or Building Permit"
27854,"20120723",103114,"High Risk","High risk vermin infestation"
27854,"20120709",103108,"High Risk","Contaminated or adulterated food"
27854,"20120709",103154,"Low Risk","Unclean or degraded floors walls or ceilings"
27854,"20130109",103144,"Low Risk","Unapproved or unmaintained equipment or utensils"
27854,"20130109",103105,"High Risk","Improper cooling methods"
27854,"20130109",103120,"Moderate Risk","Moderate risk food holding temperature "
27874,"20120612",103156,"Low Risk","Permit license or inspection report not posted"
27874,"20120612",103109,"High Risk","Unclean or unsanitary food contact surfaces"
27874,"20120612",103152,"Low Risk","Unclean unmaintained or improperly constructed toilet facilities"
27874,"20120612",103157,"Low Risk","Food safety certificate or food handler card not available"
27874,"20130205",103116,"Moderate Risk","Inadequate food safety knowledge or lack of certified food safety manager"
27874,"20130205",103119,"Moderate Risk","Inadequate and inaccessible handwashing facilities"
27947,"20150424",103129,"Moderate Risk","Insufficient hot water or running water"
27949,"20150107",103144,"Low Risk","Unapproved or unmaintained equipment or utensils"
27949,"20150107",103119,"Moderate Risk","Inadequate and inaccessible handwashing facilities"
27949,"20150107",103133,"Moderate Risk","Foods not protected from contamination"
27949,"20150107",103132,"Moderate Risk","Improper thawing methods "
27949,"20140206",103124,"Moderate Risk","Inadequately cleaned or sanitized food contact surfaces"
27949,"20140206",103144,"Low Risk","Unapproved or unmaintained equipment or utensils"
27949,"20140206",103133,"Moderate Risk","Foods not protected from contamination"
27949,"20130513",103109,"High Risk","Unclean or unsanitary food contact surfaces"
27949,"20130513",103120,"Moderate Risk","Moderate risk food holding temperature "
27949,"20130513",103132,"Moderate Risk","Improper thawing methods "
27949,"20130513",103133,"Moderate Risk","Foods not protected from contamination"
27949,"20130513",103142,"Low Risk","Unclean nonfood contact surfaces"
27949,"20130513",103154,"Low Risk","Unclean or degraded floors walls or ceilings"
27949,"20130513",103144,"Low Risk","Unapproved or unmaintained equipment or utensils"
27949,"20120611",103149,"Low Risk","Wiping cloths not clean or properly stored or inadequate sanitizer"
27949,"20120611",103124,"Moderate Risk","Inadequately cleaned or sanitized food contact surfaces"
27949,"20120611",103120,"Moderate Risk","Moderate risk food holding temperature "
27949,"20120611",103144,"Low Risk","Unapproved or unmaintained equipment or utensils"
27949,"20130116",103144,"Low Risk","Unapproved or unmaintained equipment or utensils"
27949,"20130116",103133,"Moderate Risk","Foods not protected from contamination"
27949,"20130116",103132,"Moderate Risk","Improper thawing methods "
27949,"20130116",103119,"Moderate Risk","Inadequate and inaccessible handwashing facilities"
27949,"20130116",103109,"High Risk","Unclean or unsanitary food contact surfaces"
27949,"20140618",103144,"Low Risk","Unapproved or unmaintained equipment or utensils"
27949,"20140618",103139,"Low Risk","Improper food storage"
27949,"20140618",103161,"Low Risk","Low risk vermin infestation"
27949,"20140618",103124,"Moderate Risk","Inadequately cleaned or sanitized food contact surfaces"
27949,"20140618",103102,"High Risk","Unclean hands or improper use of gloves"
27955,"20131209",103120,"Moderate Risk","Moderate risk food holding temperature "
27955,"20131209",103116,"Moderate Risk","Inadequate food safety knowledge or lack of certified food safety manager"
27955,"20130611",103142,"Low Risk","Unclean nonfood contact surfaces"
27955,"20130611",103120,"Moderate Risk","Moderate risk food holding temperature "
27955,"20130611",103105,"High Risk","Improper cooling methods"
27955,"20130611",103144,"Low Risk","Unapproved or unmaintained equipment or utensils"
27955,"20121228",103144,"Low Risk","Unapproved or unmaintained equipment or utensils"
27955,"20121022",103103,"High Risk","High risk food holding temperature "
27955,"20121022",103161,"Low Risk","Low risk vermin infestation"
27964,"20131028",103120,"Moderate Risk","Moderate risk food holding temperature "
27964,"20130429",103154,"Low Risk","Unclean or degraded floors walls or ceilings"
27964,"20130429",103124,"Moderate Risk","Inadequately cleaned or sanitized food contact surfaces"
27964,"20140418",103139,"Low Risk","Improper food storage"
27986,"20130925",103121,"Moderate Risk","Inadequate procedures or records for time as a public health control "
27986,"20130320",103142,"Low Risk","Unclean nonfood contact surfaces"
27986,"20140418",103121,"Moderate Risk","Inadequate procedures or records for time as a public health control "
27986,"20120907",103121,"Moderate Risk","Inadequate procedures or records for time as a public health control "
27986,"20120907",103129,"Moderate Risk","Insufficient hot water or running water"
28035,"20130716",103103,"High Risk","High risk food holding temperature "
28035,"20130716",103142,"Low Risk","Unclean nonfood contact surfaces"
28035,"20130716",103133,"Moderate Risk","Foods not protected from contamination"
28035,"20130716",103119,"Moderate Risk","Inadequate and inaccessible handwashing facilities"
28035,"20130716",103124,"Moderate Risk","Inadequately cleaned or sanitized food contact surfaces"
28035,"20130716",103102,"High Risk","Unclean hands or improper use of gloves"
28035,"20130716",103144,"Low Risk","Unapproved or unmaintained equipment or utensils"
28035,"20121002",103109,"High Risk","Unclean or unsanitary food contact surfaces"
28035,"20121002",103119,"Moderate Risk","Inadequate and inaccessible handwashing facilities"
28035,"20121002",103133,"Moderate Risk","Foods not protected from contamination"
28035,"20121002",103145,"Low Risk","Improper storage of equipment utensils or linens"
28035,"20121002",103149,"Low Risk","Wiping cloths not clean or properly stored or inadequate sanitizer"
28035,"20121002",103161,"Low Risk","Low risk vermin infestation"
28035,"20121002",103162,"Low Risk","Other low risk violation"
28035,"20140418",103102,"High Risk","Unclean hands or improper use of gloves"
28035,"20140418",103105,"High Risk","Improper cooling methods"
28035,"20140418",103120,"Moderate Risk","Moderate risk food holding temperature "
28035,"20140418",103123,"Moderate Risk","Food in poor condition"
28035,"20140418",103124,"Moderate Risk","Inadequately cleaned or sanitized food contact surfaces"
28035,"20140418",103131,"Moderate Risk","Moderate risk vermin infestation"
28044,"20141106",103119,"Moderate Risk","Inadequate and inaccessible handwashing facilities"
28044,"20130607",103102,"High Risk","Unclean hands or improper use of gloves"
28044,"20130607",103129,"Moderate Risk","Insufficient hot water or running water"
28044,"20121207",103139,"Low Risk","Improper food storage"
28044,"20121207",103120,"Moderate Risk","Moderate risk food holding temperature "
28044,"20121207",103116,"Moderate Risk","Inadequate food safety knowledge or lack of certified food safety manager"
28169,"20130613",103132,"Moderate Risk","Improper thawing methods "
28169,"20130613",103142,"Low Risk","Unclean nonfood contact surfaces"
28169,"20130613",103139,"Low Risk","Improper food storage"
28169,"20130613",103144,"Low Risk","Unapproved or unmaintained equipment or utensils"
28169,"20140418",103144,"Low Risk","Unapproved or unmaintained equipment or utensils"
28169,"20140418",103156,"Low Risk","Permit license or inspection report not posted"
28169,"20140418",103157,"Low Risk","Food safety certificate or food handler card not available"
28193,"20150414",103120,"Moderate Risk","Moderate risk food holding temperature "
28193,"20150414",103124,"Moderate Risk","Inadequately cleaned or sanitized food contact surfaces"
28193,"20130102",103119,"Moderate Risk","Inadequate and inaccessible handwashing facilities"
28206,"20131015",103129,"Moderate Risk","Insufficient hot water or running water"
28206,"20131015",103131,"Moderate Risk","Moderate risk vermin infestation"
28206,"20131015",103145,"Low Risk","Improper storage of equipment utensils or linens"
28206,"20131015",103150,"Low Risk","Improper or defective plumbing"
28206,"20131015",103109,"High Risk","Unclean or unsanitary food contact surfaces"
28206,"20131015",103151,"Low Risk","Inadequate or unsanitary refuse containers or area or no garbage service"
28206,"20131015",103154,"Low Risk","Unclean or degraded floors walls or ceilings"
28206,"20121023",103142,"Low Risk","Unclean nonfood contact surfaces"
28206,"20121023",103119,"Moderate Risk","Inadequate and inaccessible handwashing facilities"
28206,"20121023",103131,"Moderate Risk","Moderate risk vermin infestation"
28206,"20121023",103154,"Low Risk","Unclean or degraded floors walls or ceilings"
28206,"20140102",103144,"Low Risk","Unapproved or unmaintained equipment or utensils"
28206,"20140102",103142,"Low Risk","Unclean nonfood contact surfaces"
28206,"20140102",103154,"Low Risk","Unclean or degraded floors walls or ceilings"
28206,"20140102",103161,"Low Risk","Low risk vermin infestation"
28209,"20150501",103120,"Moderate Risk","Moderate risk food holding temperature "
28209,"20150501",103148,"Low Risk","No thermometers or uncalibrated thermometers "
28209,"20150501",103119,"Moderate Risk","Inadequate and inaccessible handwashing facilities"
28209,"20130326",103103,"High Risk","High risk food holding temperature "
28209,"20130326",103157,"Low Risk","Food safety certificate or food handler card not available"
28209,"20120710",103120,"Moderate Risk","Moderate risk food holding temperature "
28318,"20140829",103151,"Low Risk","Inadequate or unsanitary refuse containers or area or no garbage service"
28318,"20140829",103154,"Low Risk","Unclean or degraded floors walls or ceilings"
28318,"20140829",103119,"Moderate Risk","Inadequate and inaccessible handwashing facilities"
28318,"20140829",103114,"High Risk","High risk vermin infestation"
28318,"20140829",103109,"High Risk","Unclean or unsanitary food contact surfaces"
28318,"20140205",103120,"Moderate Risk","Moderate risk food holding temperature "
28318,"20140205",103154,"Low Risk","Unclean or degraded floors walls or ceilings"
28318,"20140205",103156,"Low Risk","Permit license or inspection report not posted"
28318,"20140205",103149,"Low Risk","Wiping cloths not clean or properly stored or inadequate sanitizer"
28318,"20130613",103109,"High Risk","Unclean or unsanitary food contact surfaces"
28318,"20130613",103133,"Moderate Risk","Foods not protected from contamination"
28318,"20130613",103145,"Low Risk","Improper storage of equipment utensils or linens"
28318,"20130613",103119,"Moderate Risk","Inadequate and inaccessible handwashing facilities"
28318,"20130613",103144,"Low Risk","Unapproved or unmaintained equipment or utensils"
28318,"20130613",103154,"Low Risk","Unclean or degraded floors walls or ceilings"
28468,"20150211",103154,"Low Risk","Unclean or degraded floors walls or ceilings"
28468,"20150211",103107,"High Risk","Improper reheating of food"
28468,"20130710",103154,"Low Risk","Unclean or degraded floors walls or ceilings"
28468,"20130710",103139,"Low Risk","Improper food storage"
28468,"20140206",103120,"Moderate Risk","Moderate risk food holding temperature "
28468,"20121025",103121,"Moderate Risk","Inadequate procedures or records for time as a public health control "
28601,"20130528",103159,"Low Risk","Worker safety hazards"
28601,"20130528",103134,"Moderate Risk","Other moderate risk violation"
28601,"20130528",103142,"Low Risk","Unclean nonfood contact surfaces"
28601,"20130528",103158,"Low Risk","Unpermitted food facility"
28601,"20130528",103145,"Low Risk","Improper storage of equipment utensils or linens"
28601,"20120926",103142,"Low Risk","Unclean nonfood contact surfaces"
28601,"20120926",103161,"Low Risk","Low risk vermin infestation"
28601,"20120926",103119,"Moderate Risk","Inadequate and inaccessible handwashing facilities"
28601,"20120926",103114,"High Risk","High risk vermin infestation"
28601,"20120926",103144,"Low Risk","Unapproved or unmaintained equipment or utensils"
28601,"20140602",103159,"Low Risk","Worker safety hazards"
28601,"20140602",103161,"Low Risk","Low risk vermin infestation"
28601,"20140602",103149,"Low Risk","Wiping cloths not clean or properly stored or inadequate sanitizer"
28828,"20131105",103124,"Moderate Risk","Inadequately cleaned or sanitized food contact surfaces"
28828,"20131105",103154,"Low Risk","Unclean or degraded floors walls or ceilings"
28828,"20131105",103139,"Low Risk","Improper food storage"
28828,"20120702",103150,"Low Risk","Improper or defective plumbing"
28828,"20120702",103114,"High Risk","High risk vermin infestation"
28828,"20120702",103142,"Low Risk","Unclean nonfood contact surfaces"
28828,"20130226",103124,"Moderate Risk","Inadequately cleaned or sanitized food contact surfaces"
28828,"20130226",103120,"Moderate Risk","Moderate risk food holding temperature "
28828,"20130226",103119,"Moderate Risk","Inadequate and inaccessible handwashing facilities"
28828,"20140514",103142,"Low Risk","Unclean nonfood contact surfaces"
28828,"20140514",103139,"Low Risk","Improper food storage"
28836,"20141125",103119,"Moderate Risk","Inadequate and inaccessible handwashing facilities"
28836,"20141125",103142,"Low Risk","Unclean nonfood contact surfaces"
28836,"20141125",103150,"Low Risk","Improper or defective plumbing"
28836,"20141125",103153,"Low Risk","Inadequate dressing rooms or improper storage of personal items"
28836,"20141125",103154,"Low Risk","Unclean or degraded floors walls or ceilings"
28836,"20141125",103157,"Low Risk","Food safety certificate or food handler card not available"
28836,"20141125",103145,"Low Risk","Improper storage of equipment utensils or linens"
28836,"20130924",103116,"Moderate Risk","Inadequate food safety knowledge or lack of certified food safety manager"
28836,"20130924",103154,"Low Risk","Unclean or degraded floors walls or ceilings"
28836,"20130327",103154,"Low Risk","Unclean or degraded floors walls or ceilings"
28836,"20130327",103119,"Moderate Risk","Inadequate and inaccessible handwashing facilities"
28836,"20130327",103149,"Low Risk","Wiping cloths not clean or properly stored or inadequate sanitizer"
28836,"20140303",103116,"Moderate Risk","Inadequate food safety knowledge or lack of certified food safety manager"
28836,"20140303",103154,"Low Risk","Unclean or degraded floors walls or ceilings"
28836,"20140303",103142,"Low Risk","Unclean nonfood contact surfaces"
28836,"20120918",103154,"Low Risk","Unclean or degraded floors walls or ceilings"
28836,"20120918",103109,"High Risk","Unclean or unsanitary food contact surfaces"
28843,"20141107",103105,"High Risk","Improper cooling methods"
28843,"20141107",103103,"High Risk","High risk food holding temperature "
28843,"20141107",103119,"Moderate Risk","Inadequate and inaccessible handwashing facilities"
28843,"20141107",103148,"Low Risk","No thermometers or uncalibrated thermometers "
28843,"20130220",103121,"Moderate Risk","Inadequate procedures or records for time as a public health control "
28843,"20130220",103119,"Moderate Risk","Inadequate and inaccessible handwashing facilities"
28843,"20130220",103149,"Low Risk","Wiping cloths not clean or properly stored or inadequate sanitizer"
28863,"20130612",103120,"Moderate Risk","Moderate risk food holding temperature "
28863,"20121115",103120,"Moderate Risk","Moderate risk food holding temperature "
28863,"20121115",103156,"Low Risk","Permit license or inspection report not posted"
28863,"20140610",103131,"Moderate Risk","Moderate risk vermin infestation"
28863,"20140610",103145,"Low Risk","Improper storage of equipment utensils or linens"
28863,"20140610",103157,"Low Risk","Food safety certificate or food handler card not available"
28976,"20130719",103154,"Low Risk","Unclean or degraded floors walls or ceilings"
28976,"20130719",103119,"Moderate Risk","Inadequate and inaccessible handwashing facilities"
28976,"20130719",103156,"Low Risk","Permit license or inspection report not posted"
28976,"20120720",103156,"Low Risk","Permit license or inspection report not posted"
28976,"20120720",103144,"Low Risk","Unapproved or unmaintained equipment or utensils"
28976,"20120720",103119,"Moderate Risk","Inadequate and inaccessible handwashing facilities"
28976,"20120720",103157,"Low Risk","Food safety certificate or food handler card not available"
28978,"20131119",103120,"Moderate Risk","Moderate risk food holding temperature "
28978,"20121115",103148,"Low Risk","No thermometers or uncalibrated thermometers "
28978,"20140806",103144,"Low Risk","Unapproved or unmaintained equipment or utensils"
28978,"20140806",103149,"Low Risk","Wiping cloths not clean or properly stored or inadequate sanitizer"
28978,"20140806",103139,"Low Risk","Improper food storage"
29054,"20150601",103119,"Moderate Risk","Inadequate and inaccessible handwashing facilities"
29054,"20150601",103149,"Low Risk","Wiping cloths not clean or properly stored or inadequate sanitizer"
29054,"20150601",103150,"Low Risk","Improper or defective plumbing"
29054,"20131010",103131,"Moderate Risk","Moderate risk vermin infestation"
29054,"20130315",103114,"High Risk","High risk vermin infestation"
29054,"20130315",103119,"Moderate Risk","Inadequate and inaccessible handwashing facilities"
29054,"20140520",103129,"Moderate Risk","Insufficient hot water or running water"
29065,"20130709",103142,"Low Risk","Unclean nonfood contact surfaces"
29065,"20130709",103154,"Low Risk","Unclean or degraded floors walls or ceilings"
29065,"20130709",103131,"Moderate Risk","Moderate risk vermin infestation"
29065,"20130709",103138,"Low Risk","Improper storage use or identification of toxic substances"
29065,"20140203",103131,"Moderate Risk","Moderate risk vermin infestation"
29065,"20140203",103154,"Low Risk","Unclean or degraded floors walls or ceilings"
29065,"20140203",103177,"Low Risk","Non service animal"
29065,"20120713",103162,"Low Risk","Other low risk violation"
29065,"20120713",103154,"Low Risk","Unclean or degraded floors walls or ceilings"
29065,"20120713",103142,"Low Risk","Unclean nonfood contact surfaces"
29065,"20140811",103154,"Low Risk","Unclean or degraded floors walls or ceilings"
29065,"20140811",103131,"Moderate Risk","Moderate risk vermin infestation"
29100,"20131120",103157,"Low Risk","Food safety certificate or food handler card not available"
29100,"20131120",103144,"Low Risk","Unapproved or unmaintained equipment or utensils"
29100,"20131120",103145,"Low Risk","Improper storage of equipment utensils or linens"
29100,"20131120",103147,"Low Risk","Inadequate ventilation or lighting"
29100,"20131120",103139,"Low Risk","Improper food storage"
29100,"20131120",103154,"Low Risk","Unclean or degraded floors walls or ceilings"
29100,"20131120",103136,"Low Risk","Unsanitary employee garments hair or nails"
29100,"20131120",103142,"Low Risk","Unclean nonfood contact surfaces"
29100,"20130214",103142,"Low Risk","Unclean nonfood contact surfaces"
29100,"20140625",103139,"Low Risk","Improper food storage"
29100,"20140625",103154,"Low Risk","Unclean or degraded floors walls or ceilings"
29100,"20140625",103119,"Moderate Risk","Inadequate and inaccessible handwashing facilities"
29100,"20140625",103161,"Low Risk","Low risk vermin infestation"
29246,"20140825",103154,"Low Risk","Unclean or degraded floors walls or ceilings"
29246,"20140825",103142,"Low Risk","Unclean nonfood contact surfaces"
29246,"20130722",103124,"Moderate Risk","Inadequately cleaned or sanitized food contact surfaces"
29246,"20140318",103142,"Low Risk","Unclean nonfood contact surfaces"
29246,"20140318",103154,"Low Risk","Unclean or degraded floors walls or ceilings"
29246,"20121210",103138,"Low Risk","Improper storage use or identification of toxic substances"
29246,"20121210",103142,"Low Risk","Unclean nonfood contact surfaces"
29304,"20141105",103114,"High Risk","High risk vermin infestation"
29304,"20141105",103139,"Low Risk","Improper food storage"
29304,"20141105",103154,"Low Risk","Unclean or degraded floors walls or ceilings"
29304,"20130729",103131,"Moderate Risk","Moderate risk vermin infestation"
29304,"20140306",103142,"Low Risk","Unclean nonfood contact surfaces"
29304,"20140306",103161,"Low Risk","Low risk vermin infestation"
29304,"20120917",103123,"Moderate Risk","Food in poor condition"
29304,"20120917",103131,"Moderate Risk","Moderate risk vermin infestation"
29304,"20120917",103154,"Low Risk","Unclean or degraded floors walls or ceilings"
29312,"20121115",103156,"Low Risk","Permit license or inspection report not posted"
29312,"20121115",103149,"Low Risk","Wiping cloths not clean or properly stored or inadequate sanitizer"
29312,"20140610",103154,"Low Risk","Unclean or degraded floors walls or ceilings"
29428,"20140827",103133,"Moderate Risk","Foods not protected from contamination"
29428,"20140827",103103,"High Risk","High risk food holding temperature "
29428,"20140827",103142,"Low Risk","Unclean nonfood contact surfaces"
29428,"20140827",103154,"Low Risk","Unclean or degraded floors walls or ceilings"
29428,"20140827",103152,"Low Risk","Unclean unmaintained or improperly constructed toilet facilities"
29428,"20140109",103161,"Low Risk","Low risk vermin infestation"
29428,"20140109",103120,"Moderate Risk","Moderate risk food holding temperature "
29428,"20130425",103147,"Low Risk","Inadequate ventilation or lighting"
29428,"20130425",103103,"High Risk","High risk food holding temperature "
29428,"20130425",103123,"Moderate Risk","Food in poor condition"
29428,"20130425",103154,"Low Risk","Unclean or degraded floors walls or ceilings"
29428,"20130425",103116,"Moderate Risk","Inadequate food safety knowledge or lack of certified food safety manager"
29429,"20140911",103124,"Moderate Risk","Inadequately cleaned or sanitized food contact surfaces"
29429,"20140911",103116,"Moderate Risk","Inadequate food safety knowledge or lack of certified food safety manager"
29429,"20140911",103103,"High Risk","High risk food holding temperature "
29429,"20130808",103154,"Low Risk","Unclean or degraded floors walls or ceilings"
29429,"20130808",103120,"Moderate Risk","Moderate risk food holding temperature "
29429,"20130808",103131,"Moderate Risk","Moderate risk vermin infestation"
29429,"20130808",103142,"Low Risk","Unclean nonfood contact surfaces"
29429,"20130808",103150,"Low Risk","Improper or defective plumbing"
29429,"20140227",103103,"High Risk","High risk food holding temperature "
29429,"20140227",103123,"Moderate Risk","Food in poor condition"
29429,"20140227",103148,"Low Risk","No thermometers or uncalibrated thermometers "
29429,"20120919",103124,"Moderate Risk","Inadequately cleaned or sanitized food contact surfaces"
29429,"20120919",103149,"Low Risk","Wiping cloths not clean or properly stored or inadequate sanitizer"
29429,"20120919",103120,"Moderate Risk","Moderate risk food holding temperature "
29610,"20150428",103108,"High Risk","Contaminated or adulterated food"
29610,"20150428",103104,"High Risk","Unauthorized or unsafe use of time as a public health control measure"
29610,"20150428",103132,"Moderate Risk","Improper thawing methods "
29610,"20150428",103119,"Moderate Risk","Inadequate and inaccessible handwashing facilities"
29610,"20150428",103102,"High Risk","Unclean hands or improper use of gloves"
29610,"20150428",103103,"High Risk","High risk food holding temperature "
29610,"20130401",103103,"High Risk","High risk food holding temperature "
29610,"20130401",103109,"High Risk","Unclean or unsanitary food contact surfaces"
29610,"20130401",103102,"High Risk","Unclean hands or improper use of gloves"
29610,"20130401",103133,"Moderate Risk","Foods not protected from contamination"
29610,"20130401",103116,"Moderate Risk","Inadequate food safety knowledge or lack of certified food safety manager"
29610,"20130401",103132,"Moderate Risk","Improper thawing methods "
29948,"20141105",103103,"High Risk","High risk food holding temperature "
29948,"20141105",103142,"Low Risk","Unclean nonfood contact surfaces"
29948,"20130905",103120,"Moderate Risk","Moderate risk food holding temperature "
29948,"20130905",103105,"High Risk","Improper cooling methods"
29948,"20130905",103149,"Low Risk","Wiping cloths not clean or properly stored or inadequate sanitizer"
29948,"20130905",103116,"Moderate Risk","Inadequate food safety knowledge or lack of certified food safety manager"
29948,"20130430",103144,"Low Risk","Unapproved or unmaintained equipment or utensils"
29948,"20130430",103105,"High Risk","Improper cooling methods"
29948,"20130430",103109,"High Risk","Unclean or unsanitary food contact surfaces"
29948,"20130430",103120,"Moderate Risk","Moderate risk food holding temperature "
29948,"20130430",103129,"Moderate Risk","Insufficient hot water or running water"
29948,"20130430",103142,"Low Risk","Unclean nonfood contact surfaces"
29948,"20130430",103147,"Low Risk","Inadequate ventilation or lighting"
29948,"20120919",103105,"High Risk","Improper cooling methods"
29948,"20120919",103142,"Low Risk","Unclean nonfood contact surfaces"
29948,"20120919",103120,"Moderate Risk","Moderate risk food holding temperature "
29950,"20150603",103124,"Moderate Risk","Inadequately cleaned or sanitized food contact surfaces"
29950,"20150603",103119,"Moderate Risk","Inadequate and inaccessible handwashing facilities"
29950,"20131025",103119,"Moderate Risk","Inadequate and inaccessible handwashing facilities"
29950,"20131025",103145,"Low Risk","Improper storage of equipment utensils or linens"
29950,"20130329",103119,"Moderate Risk","Inadequate and inaccessible handwashing facilities"
29950,"20130329",103131,"Moderate Risk","Moderate risk vermin infestation"
29950,"20130329",103154,"Low Risk","Unclean or degraded floors walls or ceilings"
29950,"20130329",103145,"Low Risk","Improper storage of equipment utensils or linens"
29950,"20130329",103139,"Low Risk","Improper food storage"
29950,"20140530",103139,"Low Risk","Improper food storage"
29950,"20140530",103131,"Moderate Risk","Moderate risk vermin infestation"
29950,"20140530",103154,"Low Risk","Unclean or degraded floors walls or ceilings"
29950,"20140530",103144,"Low Risk","Unapproved or unmaintained equipment or utensils"
29956,"20141014",103156,"Low Risk","Permit license or inspection report not posted"
29956,"20141014",103145,"Low Risk","Improper storage of equipment utensils or linens"
29956,"20140219",103119,"Moderate Risk","Inadequate and inaccessible handwashing facilities"
29956,"20140219",103124,"Moderate Risk","Inadequately cleaned or sanitized food contact surfaces"
29956,"20140219",103154,"Low Risk","Unclean or degraded floors walls or ceilings"
30001,"20140827",103120,"Moderate Risk","Moderate risk food holding temperature "
30156,"20140910",103103,"High Risk","High risk food holding temperature "
30156,"20140910",103111,"High Risk","Prohibited food served to sensitive population"
30156,"20130913",103133,"Moderate Risk","Foods not protected from contamination"
30156,"20130913",103153,"Low Risk","Inadequate dressing rooms or improper storage of personal items"
30156,"20130913",103102,"High Risk","Unclean hands or improper use of gloves"
30156,"20140227",103124,"Moderate Risk","Inadequately cleaned or sanitized food contact surfaces"
30156,"20120917",103133,"Moderate Risk","Foods not protected from contamination"
30156,"20120917",103124,"Moderate Risk","Inadequately cleaned or sanitized food contact surfaces"
30478,"20130430",103124,"Moderate Risk","Inadequately cleaned or sanitized food contact surfaces"
30478,"20130430",103133,"Moderate Risk","Foods not protected from contamination"
30478,"20130430",103147,"Low Risk","Inadequate ventilation or lighting"
30478,"20130430",103142,"Low Risk","Unclean nonfood contact surfaces"
30478,"20130430",103156,"Low Risk","Permit license or inspection report not posted"
30478,"20130430",103145,"Low Risk","Improper storage of equipment utensils or linens"
30478,"20130430",103139,"Low Risk","Improper food storage"
30496,"20140123",103119,"Moderate Risk","Inadequate and inaccessible handwashing facilities"
30496,"20140123",103149,"Low Risk","Wiping cloths not clean or properly stored or inadequate sanitizer"
30496,"20140123",103157,"Low Risk","Food safety certificate or food handler card not available"
30496,"20140123",103116,"Moderate Risk","Inadequate food safety knowledge or lack of certified food safety manager"
30496,"20130509",103162,"Low Risk","Other low risk violation"
30496,"20130509",103116,"Moderate Risk","Inadequate food safety knowledge or lack of certified food safety manager"
30496,"20130509",103119,"Moderate Risk","Inadequate and inaccessible handwashing facilities"
30496,"20120921",103119,"Moderate Risk","Inadequate and inaccessible handwashing facilities"
30496,"20120921",103149,"Low Risk","Wiping cloths not clean or properly stored or inadequate sanitizer"
30496,"20120921",103153,"Low Risk","Inadequate dressing rooms or improper storage of personal items"
30532,"20150112",103145,"Low Risk","Improper storage of equipment utensils or linens"
30532,"20150112",103139,"Low Risk","Improper food storage"
30532,"20150112",103138,"Low Risk","Improper storage use or identification of toxic substances"
30532,"20150112",103131,"Moderate Risk","Moderate risk vermin infestation"
30532,"20150112",103124,"Moderate Risk","Inadequately cleaned or sanitized food contact surfaces"
30532,"20150112",103119,"Moderate Risk","Inadequate and inaccessible handwashing facilities"
30532,"20150112",103103,"High Risk","High risk food holding temperature "
30532,"20131210",103138,"Low Risk","Improper storage use or identification of toxic substances"
30532,"20131210",103119,"Moderate Risk","Inadequate and inaccessible handwashing facilities"
30532,"20131210",103149,"Low Risk","Wiping cloths not clean or properly stored or inadequate sanitizer"
30532,"20130410",103157,"Low Risk","Food safety certificate or food handler card not available"
30532,"20130410",103133,"Moderate Risk","Foods not protected from contamination"
30532,"20120814",103120,"Moderate Risk","Moderate risk food holding temperature "
30532,"20120814",103131,"Moderate Risk","Moderate risk vermin infestation"
31144,"20131106",103139,"Low Risk","Improper food storage"
31144,"20131106",103156,"Low Risk","Permit license or inspection report not posted"
31144,"20131106",103157,"Low Risk","Food safety certificate or food handler card not available"
31144,"20130116",103139,"Low Risk","Improper food storage"
31144,"20140513",103152,"Low Risk","Unclean unmaintained or improperly constructed toilet facilities"
31568,"20141121",103105,"High Risk","Improper cooling methods"
31568,"20141121",103149,"Low Risk","Wiping cloths not clean or properly stored or inadequate sanitizer"
31568,"20141121",103161,"Low Risk","Low risk vermin infestation"
31568,"20141121",103119,"Moderate Risk","Inadequate and inaccessible handwashing facilities"
31568,"20141121",103142,"Low Risk","Unclean nonfood contact surfaces"
31568,"20130819",103149,"Low Risk","Wiping cloths not clean or properly stored or inadequate sanitizer"
31568,"20130819",103154,"Low Risk","Unclean or degraded floors walls or ceilings"
31568,"20130819",103142,"Low Risk","Unclean nonfood contact surfaces"
31568,"20130819",103119,"Moderate Risk","Inadequate and inaccessible handwashing facilities"
31568,"20130819",103145,"Low Risk","Improper storage of equipment utensils or linens"
31568,"20121206",103116,"Moderate Risk","Inadequate food safety knowledge or lack of certified food safety manager"
31568,"20121206",103144,"Low Risk","Unapproved or unmaintained equipment or utensils"
31568,"20121206",103149,"Low Risk","Wiping cloths not clean or properly stored or inadequate sanitizer"
31568,"20140516",103131,"Moderate Risk","Moderate risk vermin infestation"
31568,"20140516",103145,"Low Risk","Improper storage of equipment utensils or linens"
31568,"20140516",103154,"Low Risk","Unclean or degraded floors walls or ceilings"
32170,"20130605",103142,"Low Risk","Unclean nonfood contact surfaces"
32170,"20130605",103105,"High Risk","Improper cooling methods"
32170,"20120615",103142,"Low Risk","Unclean nonfood contact surfaces"
32170,"20120615",103120,"Moderate Risk","Moderate risk food holding temperature "
32170,"20120615",103119,"Moderate Risk","Inadequate and inaccessible handwashing facilities"
32170,"20120615",103133,"Moderate Risk","Foods not protected from contamination"
32170,"20120615",103149,"Low Risk","Wiping cloths not clean or properly stored or inadequate sanitizer"
32170,"20120615",103131,"Moderate Risk","Moderate risk vermin infestation"
32170,"20120925",103138,"Low Risk","Improper storage use or identification of toxic substances"
32170,"20120615",103154,"Low Risk","Unclean or degraded floors walls or ceilings"
32170,"20140610",103109,"High Risk","Unclean or unsanitary food contact surfaces"
32170,"20140610",103120,"Moderate Risk","Moderate risk food holding temperature "
32170,"20140610",103112,"High Risk","No hot water or running water"
32170,"20140610",103102,"High Risk","Unclean hands or improper use of gloves"
32200,"20131021",103114,"High Risk","High risk vermin infestation"
32200,"20131021",103120,"Moderate Risk","Moderate risk food holding temperature "
32200,"20131021",103105,"High Risk","Improper cooling methods"
32200,"20131021",103133,"Moderate Risk","Foods not protected from contamination"
32200,"20130320",103120,"Moderate Risk","Moderate risk food holding temperature "
32200,"20130320",103124,"Moderate Risk","Inadequately cleaned or sanitized food contact surfaces"
32200,"20130320",103105,"High Risk","Improper cooling methods"
32200,"20130320",103154,"Low Risk","Unclean or degraded floors walls or ceilings"
32200,"20140507",103144,"Low Risk","Unapproved or unmaintained equipment or utensils"
32200,"20140507",103105,"High Risk","Improper cooling methods"
32200,"20121203",103161,"Low Risk","Low risk vermin infestation"
32200,"20121203",103105,"High Risk","Improper cooling methods"
32508,"20130130",103154,"Low Risk","Unclean or degraded floors walls or ceilings"
32556,"20141201",103124,"Moderate Risk","Inadequately cleaned or sanitized food contact surfaces"
32556,"20130627",103124,"Moderate Risk","Inadequately cleaned or sanitized food contact surfaces"
32556,"20130802",103124,"Moderate Risk","Inadequately cleaned or sanitized food contact surfaces"
32556,"20130802",103154,"Low Risk","Unclean or degraded floors walls or ceilings"
32556,"20130802",103114,"High Risk","High risk vermin infestation"
32556,"20121128",103120,"Moderate Risk","Moderate risk food holding temperature "
32556,"20140507",103133,"Moderate Risk","Foods not protected from contamination"
32570,"20130805",103151,"Low Risk","Inadequate or unsanitary refuse containers or area or no garbage service"
32570,"20130805",103154,"Low Risk","Unclean or degraded floors walls or ceilings"
32570,"20130805",103149,"Low Risk","Wiping cloths not clean or properly stored or inadequate sanitizer"
32570,"20130805",103139,"Low Risk","Improper food storage"
32570,"20130805",103133,"Moderate Risk","Foods not protected from contamination"
32570,"20130805",103124,"Moderate Risk","Inadequately cleaned or sanitized food contact surfaces"
32570,"20130805",103144,"Low Risk","Unapproved or unmaintained equipment or utensils"
32570,"20130805",103138,"Low Risk","Improper storage use or identification of toxic substances"
32570,"20121114",103130,"Moderate Risk","Inadequate sewage or wastewater disposal"
32570,"20121114",103144,"Low Risk","Unapproved or unmaintained equipment or utensils"
32570,"20121114",103133,"Moderate Risk","Foods not protected from contamination"
32570,"20121114",103131,"Moderate Risk","Moderate risk vermin infestation"
32570,"20121114",103154,"Low Risk","Unclean or degraded floors walls or ceilings"
32570,"20140603",103151,"Low Risk","Inadequate or unsanitary refuse containers or area or no garbage service"
32570,"20140603",103138,"Low Risk","Improper storage use or identification of toxic substances"
32570,"20140603",103133,"Moderate Risk","Foods not protected from contamination"
32570,"20140603",103119,"Moderate Risk","Inadequate and inaccessible handwashing facilities"
32570,"20140603",103109,"High Risk","Unclean or unsanitary food contact surfaces"
32578,"20141104",103109,"High Risk","Unclean or unsanitary food contact surfaces"
32578,"20141104",103156,"Low Risk","Permit license or inspection report not posted"
32578,"20141104",103142,"Low Risk","Unclean nonfood contact surfaces"
32578,"20130815",103144,"Low Risk","Unapproved or unmaintained equipment or utensils"
32578,"20140416",103124,"Moderate Risk","Inadequately cleaned or sanitized food contact surfaces"
32578,"20140416",103154,"Low Risk","Unclean or degraded floors walls or ceilings"
32579,"20141113",103144,"Low Risk","Unapproved or unmaintained equipment or utensils"
32579,"20141113",103119,"Moderate Risk","Inadequate and inaccessible handwashing facilities"
32579,"20131205",103119,"Moderate Risk","Inadequate and inaccessible handwashing facilities"
32579,"20131205",103144,"Low Risk","Unapproved or unmaintained equipment or utensils"
32579,"20140414",103119,"Moderate Risk","Inadequate and inaccessible handwashing facilities"
32579,"20140414",103116,"Moderate Risk","Inadequate food safety knowledge or lack of certified food safety manager"
32586,"20141104",103129,"Moderate Risk","Insufficient hot water or running water"
32586,"20141104",103156,"Low Risk","Permit license or inspection report not posted"
32586,"20141104",103124,"Moderate Risk","Inadequately cleaned or sanitized food contact surfaces"
32586,"20130724",103157,"Low Risk","Food safety certificate or food handler card not available"
32586,"20130724",103119,"Moderate Risk","Inadequate and inaccessible handwashing facilities"
32586,"20140212",103158,"Low Risk","Unpermitted food facility"
32586,"20140212",103129,"Moderate Risk","Insufficient hot water or running water"
32586,"20140212",103136,"Low Risk","Unsanitary employee garments hair or nails"
32586,"20140212",103156,"Low Risk","Permit license or inspection report not posted"
32625,"20140916",103144,"Low Risk","Unapproved or unmaintained equipment or utensils"
32625,"20150505",103144,"Low Risk","Unapproved or unmaintained equipment or utensils"
32625,"20140317",103124,"Moderate Risk","Inadequately cleaned or sanitized food contact surfaces"
32625,"20140317",103133,"Moderate Risk","Foods not protected from contamination"
32625,"20140317",103144,"Low Risk","Unapproved or unmaintained equipment or utensils"
32625,"20120809",103138,"Low Risk","Improper storage use or identification of toxic substances"
32625,"20120809",103149,"Low Risk","Wiping cloths not clean or properly stored or inadequate sanitizer"
32625,"20120809",103133,"Moderate Risk","Foods not protected from contamination"
32625,"20130220",103133,"Moderate Risk","Foods not protected from contamination"
32654,"20150226",103124,"Moderate Risk","Inadequately cleaned or sanitized food contact surfaces"
32654,"20150226",103120,"Moderate Risk","Moderate risk food holding temperature "
32654,"20150226",103139,"Low Risk","Improper food storage"
32654,"20150226",103154,"Low Risk","Unclean or degraded floors walls or ceilings"
32654,"20150226",103157,"Low Risk","Food safety certificate or food handler card not available"
32654,"20150226",103142,"Low Risk","Unclean nonfood contact surfaces"
32654,"20150226",103119,"Moderate Risk","Inadequate and inaccessible handwashing facilities"
32654,"20131227",103116,"Moderate Risk","Inadequate food safety knowledge or lack of certified food safety manager"
32654,"20131227",103121,"Moderate Risk","Inadequate procedures or records for time as a public health control "
32654,"20131227",103132,"Moderate Risk","Improper thawing methods "
32654,"20131227",103133,"Moderate Risk","Foods not protected from contamination"
32654,"20131227",103142,"Low Risk","Unclean nonfood contact surfaces"
32654,"20131227",103109,"High Risk","Unclean or unsanitary food contact surfaces"
32654,"20131227",103149,"Low Risk","Wiping cloths not clean or properly stored or inadequate sanitizer"
32654,"20131227",103147,"Low Risk","Inadequate ventilation or lighting"
32654,"20130206",103120,"Moderate Risk","Moderate risk food holding temperature "
32654,"20130206",103142,"Low Risk","Unclean nonfood contact surfaces"
32654,"20130206",103161,"Low Risk","Low risk vermin infestation"
32654,"20140611",103154,"Low Risk","Unclean or degraded floors walls or ceilings"
32654,"20140611",103161,"Low Risk","Low risk vermin infestation"
32654,"20140611",103144,"Low Risk","Unapproved or unmaintained equipment or utensils"
32654,"20140611",103142,"Low Risk","Unclean nonfood contact surfaces"
32654,"20140611",103133,"Moderate Risk","Foods not protected from contamination"
32671,"20131009",103161,"Low Risk","Low risk vermin infestation"
32671,"20131009",103116,"Moderate Risk","Inadequate food safety knowledge or lack of certified food safety manager"
32671,"20131126",103139,"Low Risk","Improper food storage"
32671,"20131126",103132,"Moderate Risk","Improper thawing methods "
32671,"20131126",103142,"Low Risk","Unclean nonfood contact surfaces"
32671,"20131126",103157,"Low Risk","Food safety certificate or food handler card not available"
32671,"20130612",103105,"High Risk","Improper cooling methods"
32671,"20130612",103144,"Low Risk","Unapproved or unmaintained equipment or utensils"
32671,"20130612",103120,"Moderate Risk","Moderate risk food holding temperature "
32671,"20130612",103109,"High Risk","Unclean or unsanitary food contact surfaces"
32671,"20130612",103154,"Low Risk","Unclean or degraded floors walls or ceilings"
32671,"20130612",103142,"Low Risk","Unclean nonfood contact surfaces"
32671,"20130612",103131,"Moderate Risk","Moderate risk vermin infestation"
32671,"20120912",103109,"High Risk","Unclean or unsanitary food contact surfaces"
32671,"20120912",103116,"Moderate Risk","Inadequate food safety knowledge or lack of certified food safety manager"
32671,"20120912",103120,"Moderate Risk","Moderate risk food holding temperature "
32671,"20120912",103131,"Moderate Risk","Moderate risk vermin infestation"
32671,"20120912",103154,"Low Risk","Unclean or degraded floors walls or ceilings"
32671,"20120912",103142,"Low Risk","Unclean nonfood contact surfaces"
32671,"20120912",103144,"Low Risk","Unapproved or unmaintained equipment or utensils"
32671,"20140611",103103,"High Risk","High risk food holding temperature "
32671,"20140611",103133,"Moderate Risk","Foods not protected from contamination"
32671,"20140611",103161,"Low Risk","Low risk vermin infestation"
32671,"20140611",103157,"Low Risk","Food safety certificate or food handler card not available"
32671,"20140611",103105,"High Risk","Improper cooling methods"
32671,"20140611",103142,"Low Risk","Unclean nonfood contact surfaces"
32671,"20140611",103156,"Low Risk","Permit license or inspection report not posted"
32671,"20140611",103150,"Low Risk","Improper or defective plumbing"
32683,"20130423",103116,"Moderate Risk","Inadequate food safety knowledge or lack of certified food safety manager"
32683,"20130423",103134,"Moderate Risk","Other moderate risk violation"
32684,"20130423",103102,"High Risk","Unclean hands or improper use of gloves"
32684,"20130423",103116,"Moderate Risk","Inadequate food safety knowledge or lack of certified food safety manager"
32684,"20130423",103102,"High Risk","Unclean hands or improper use of gloves"
32684,"20130423",103112,"High Risk","No hot water or running water"
32684,"20130423",103116,"Moderate Risk","Inadequate food safety knowledge or lack of certified food safety manager"
32684,"20130423",103112,"High Risk","No hot water or running water"
32693,"20141001",103119,"Moderate Risk","Inadequate and inaccessible handwashing facilities"
32693,"20141001",103120,"Moderate Risk","Moderate risk food holding temperature "
32693,"20141001",103124,"Moderate Risk","Inadequately cleaned or sanitized food contact surfaces"
32693,"20130925",103148,"Low Risk","No thermometers or uncalibrated thermometers "
32693,"20130925",103105,"High Risk","Improper cooling methods"
32698,"20140827",103157,"Low Risk","Food safety certificate or food handler card not available"
32698,"20140827",103154,"Low Risk","Unclean or degraded floors walls or ceilings"
32698,"20140827",103161,"Low Risk","Low risk vermin infestation"
32698,"20140827",103144,"Low Risk","Unapproved or unmaintained equipment or utensils"
32698,"20140827",103142,"Low Risk","Unclean nonfood contact surfaces"
32698,"20140827",103138,"Low Risk","Improper storage use or identification of toxic substances"
32698,"20140827",103124,"Moderate Risk","Inadequately cleaned or sanitized food contact surfaces"
32698,"20140827",103120,"Moderate Risk","Moderate risk food holding temperature "
32698,"20150204",103144,"Low Risk","Unapproved or unmaintained equipment or utensils"
32698,"20150204",103124,"Moderate Risk","Inadequately cleaned or sanitized food contact surfaces"
32698,"20150204",103133,"Moderate Risk","Foods not protected from contamination"
32698,"20150204",103154,"Low Risk","Unclean or degraded floors walls or ceilings"
32698,"20150204",103132,"Moderate Risk","Improper thawing methods "
32698,"20150204",103120,"Moderate Risk","Moderate risk food holding temperature "
32698,"20130903",103120,"Moderate Risk","Moderate risk food holding temperature "
32698,"20130903",103154,"Low Risk","Unclean or degraded floors walls or ceilings"
32698,"20130903",103144,"Low Risk","Unapproved or unmaintained equipment or utensils"
32698,"20130903",103139,"Low Risk","Improper food storage"
32698,"20130903",103109,"High Risk","Unclean or unsanitary food contact surfaces"
32698,"20130903",103142,"Low Risk","Unclean nonfood contact surfaces"
32698,"20140124",103132,"Moderate Risk","Improper thawing methods "
32698,"20140124",103139,"Low Risk","Improper food storage"
32698,"20140124",103144,"Low Risk","Unapproved or unmaintained equipment or utensils"
32698,"20140124",103149,"Low Risk","Wiping cloths not clean or properly stored or inadequate sanitizer"
32698,"20140124",103154,"Low Risk","Unclean or degraded floors walls or ceilings"
32698,"20140124",103120,"Moderate Risk","Moderate risk food holding temperature "
32698,"20140124",103124,"Moderate Risk","Inadequately cleaned or sanitized food contact surfaces"
32698,"20130415",103124,"Moderate Risk","Inadequately cleaned or sanitized food contact surfaces"
32698,"20130415",103142,"Low Risk","Unclean nonfood contact surfaces"
32698,"20130415",103154,"Low Risk","Unclean or degraded floors walls or ceilings"
32698,"20130415",103120,"Moderate Risk","Moderate risk food holding temperature "
32698,"20130415",103138,"Low Risk","Improper storage use or identification of toxic substances"
32698,"20121009",103149,"Low Risk","Wiping cloths not clean or properly stored or inadequate sanitizer"
32698,"20121009",103103,"High Risk","High risk food holding temperature "
32698,"20121009",103144,"Low Risk","Unapproved or unmaintained equipment or utensils"
32698,"20121009",103124,"Moderate Risk","Inadequately cleaned or sanitized food contact surfaces"
32698,"20121009",103142,"Low Risk","Unclean nonfood contact surfaces"
32702,"20140807",103119,"Moderate Risk","Inadequate and inaccessible handwashing facilities"
32702,"20140807",103120,"Moderate Risk","Moderate risk food holding temperature "
32702,"20140807",103116,"Moderate Risk","Inadequate food safety knowledge or lack of certified food safety manager"
32702,"20140807",103145,"Low Risk","Improper storage of equipment utensils or linens"
32702,"20140813",103114,"High Risk","High risk vermin infestation"
32702,"20140813",103133,"Moderate Risk","Foods not protected from contamination"
32702,"20140807",103131,"Moderate Risk","Moderate risk vermin infestation"
32703,"20130517",103131,"Moderate Risk","Moderate risk vermin infestation"
32703,"20130517",103154,"Low Risk","Unclean or degraded floors walls or ceilings"
32703,"20130517",103144,"Low Risk","Unapproved or unmaintained equipment or utensils"
32703,"20140219",103130,"Moderate Risk","Inadequate sewage or wastewater disposal"
32703,"20140219",103156,"Low Risk","Permit license or inspection report not posted"
32715,"20140614",103103,"High Risk","High risk food holding temperature "
32729,"20150217",103147,"Low Risk","Inadequate ventilation or lighting"
32729,"20150217",103152,"Low Risk","Unclean unmaintained or improperly constructed toilet facilities"
32729,"20150217",103133,"Moderate Risk","Foods not protected from contamination"
32729,"20130404",103124,"Moderate Risk","Inadequately cleaned or sanitized food contact surfaces"
32729,"20130404",103156,"Low Risk","Permit license or inspection report not posted"
32729,"20130404",103147,"Low Risk","Inadequate ventilation or lighting"
32729,"20130404",103114,"High Risk","High risk vermin infestation"
32729,"20130404",103116,"Moderate Risk","Inadequate food safety knowledge or lack of certified food safety manager"
32729,"20130404",103119,"Moderate Risk","Inadequate and inaccessible handwashing facilities"
32729,"20120912",103124,"Moderate Risk","Inadequately cleaned or sanitized food contact surfaces"
32729,"20120912",103119,"Moderate Risk","Inadequate and inaccessible handwashing facilities"
32729,"20120912",103157,"Low Risk","Food safety certificate or food handler card not available"
32729,"20120912",103154,"Low Risk","Unclean or degraded floors walls or ceilings"
32729,"20120912",103139,"Low Risk","Improper food storage"
32729,"20140729",103116,"Moderate Risk","Inadequate food safety knowledge or lack of certified food safety manager"
32729,"20140729",103119,"Moderate Risk","Inadequate and inaccessible handwashing facilities"
32729,"20140729",103131,"Moderate Risk","Moderate risk vermin infestation"
32729,"20140729",103150,"Low Risk","Improper or defective plumbing"
32729,"20140729",103112,"High Risk","No hot water or running water"
32733,"20131011",103157,"Low Risk","Food safety certificate or food handler card not available"
32736,"20131106",103102,"High Risk","Unclean hands or improper use of gloves"
32736,"20131106",103154,"Low Risk","Unclean or degraded floors walls or ceilings"
32736,"20131106",103145,"Low Risk","Improper storage of equipment utensils or linens"
32736,"20131106",103132,"Moderate Risk","Improper thawing methods "
32736,"20131106",103142,"Low Risk","Unclean nonfood contact surfaces"
32736,"20120612",103131,"Moderate Risk","Moderate risk vermin infestation"
32736,"20120612",103145,"Low Risk","Improper storage of equipment utensils or linens"
32736,"20120612",103142,"Low Risk","Unclean nonfood contact surfaces"
32736,"20120612",103133,"Moderate Risk","Foods not protected from contamination"
32736,"20120612",103132,"Moderate Risk","Improper thawing methods "
32736,"20130204",103142,"Low Risk","Unclean nonfood contact surfaces"
32736,"20130204",103139,"Low Risk","Improper food storage"
32736,"20130204",103119,"Moderate Risk","Inadequate and inaccessible handwashing facilities"
32736,"20140611",103125,"Moderate Risk","Noncompliance with shell fish tags or display"
32736,"20140611",103128,"Moderate Risk","Consumer advisory not provided for raw or undercooked foods"
32736,"20140611",103154,"Low Risk","Unclean or degraded floors walls or ceilings"
32736,"20140611",103102,"High Risk","Unclean hands or improper use of gloves"
32738,"20140110",103161,"Low Risk","Low risk vermin infestation"
32738,"20140721",103103,"High Risk","High risk food holding temperature "
32738,"20140721",103144,"Low Risk","Unapproved or unmaintained equipment or utensils"
32818,"20150302",103103,"High Risk","High risk food holding temperature "
32818,"20150302",103119,"Moderate Risk","Inadequate and inaccessible handwashing facilities"
32818,"20130628",103150,"Low Risk","Improper or defective plumbing"
32818,"20121127",103124,"Moderate Risk","Inadequately cleaned or sanitized food contact surfaces"
32823,"20140505",103154,"Low Risk","Unclean or degraded floors walls or ceilings"
32823,"20120612",103154,"Low Risk","Unclean or degraded floors walls or ceilings"
32835,"20141006",103142,"Low Risk","Unclean nonfood contact surfaces"
32835,"20141006",103144,"Low Risk","Unapproved or unmaintained equipment or utensils"
32835,"20141006",103149,"Low Risk","Wiping cloths not clean or properly stored or inadequate sanitizer"
32835,"20141006",103120,"Moderate Risk","Moderate risk food holding temperature "
32835,"20140121",103131,"Moderate Risk","Moderate risk vermin infestation"
32835,"20140121",103119,"Moderate Risk","Inadequate and inaccessible handwashing facilities"
32835,"20120712",103154,"Low Risk","Unclean or degraded floors walls or ceilings"
32835,"20120712",103144,"Low Risk","Unapproved or unmaintained equipment or utensils"
32835,"20120712",103116,"Moderate Risk","Inadequate food safety knowledge or lack of certified food safety manager"
32835,"20130220",103124,"Moderate Risk","Inadequately cleaned or sanitized food contact surfaces"
32835,"20130220",103121,"Moderate Risk","Inadequate procedures or records for time as a public health control "
32835,"20140609",103144,"Low Risk","Unapproved or unmaintained equipment or utensils"
32835,"20140609",103124,"Moderate Risk","Inadequately cleaned or sanitized food contact surfaces"
32845,"20140308",103149,"Low Risk","Wiping cloths not clean or properly stored or inadequate sanitizer"
32845,"20140308",103120,"Moderate Risk","Moderate risk food holding temperature "
32845,"20140308",103139,"Low Risk","Improper food storage"
32845,"20140308",103133,"Moderate Risk","Foods not protected from contamination"
32845,"20140814",103131,"Moderate Risk","Moderate risk vermin infestation"
32845,"20140814",103129,"Moderate Risk","Insufficient hot water or running water"
32845,"20140814",103120,"Moderate Risk","Moderate risk food holding temperature "
32845,"20140814",103149,"Low Risk","Wiping cloths not clean or properly stored or inadequate sanitizer"
32862,"20150204",103154,"Low Risk","Unclean or degraded floors walls or ceilings"
32862,"20150204",103120,"Moderate Risk","Moderate risk food holding temperature "
32862,"20131104",103161,"Low Risk","Low risk vermin infestation"
32862,"20131104",103154,"Low Risk","Unclean or degraded floors walls or ceilings"
32862,"20131104",103148,"Low Risk","No thermometers or uncalibrated thermometers "
32862,"20131104",103132,"Moderate Risk","Improper thawing methods "
32862,"20131104",103123,"Moderate Risk","Food in poor condition"
32862,"20121203",103124,"Moderate Risk","Inadequately cleaned or sanitized food contact surfaces"
32862,"20121203",103131,"Moderate Risk","Moderate risk vermin infestation"
32862,"20121203",103142,"Low Risk","Unclean nonfood contact surfaces"
32862,"20140611",103142,"Low Risk","Unclean nonfood contact surfaces"
32862,"20140611",103120,"Moderate Risk","Moderate risk food holding temperature "
32862,"20140611",103149,"Low Risk","Wiping cloths not clean or properly stored or inadequate sanitizer"
32872,"20141008",103120,"Moderate Risk","Moderate risk food holding temperature "
32872,"20141008",103142,"Low Risk","Unclean nonfood contact surfaces"
32872,"20141008",103148,"Low Risk","No thermometers or uncalibrated thermometers "
32872,"20141008",103149,"Low Risk","Wiping cloths not clean or properly stored or inadequate sanitizer"
32872,"20141008",103157,"Low Risk","Food safety certificate or food handler card not available"
32872,"20140106",103124,"Moderate Risk","Inadequately cleaned or sanitized food contact surfaces"
32872,"20140106",103133,"Moderate Risk","Foods not protected from contamination"
32872,"20140106",103147,"Low Risk","Inadequate ventilation or lighting"
32872,"20130201",103144,"Low Risk","Unapproved or unmaintained equipment or utensils"
32872,"20130201",103124,"Moderate Risk","Inadequately cleaned or sanitized food contact surfaces"
32887,"20130805",103123,"Moderate Risk","Food in poor condition"
32887,"20130805",103149,"Low Risk","Wiping cloths not clean or properly stored or inadequate sanitizer"
32887,"20130805",103120,"Moderate Risk","Moderate risk food holding temperature "
32887,"20140211",103127,"Moderate Risk","Noncompliance with HAACP plan or variance"
32887,"20140211",103128,"Moderate Risk","Consumer advisory not provided for raw or undercooked foods"
32887,"20140211",103139,"Low Risk","Improper food storage"
32887,"20121001",103102,"High Risk","Unclean hands or improper use of gloves"
32887,"20121001",103154,"Low Risk","Unclean or degraded floors walls or ceilings"
32887,"20121001",103157,"Low Risk","Food safety certificate or food handler card not available"
32887,"20121001",103139,"Low Risk","Improper food storage"
32887,"20121001",103119,"Moderate Risk","Inadequate and inaccessible handwashing facilities"
32887,"20121001",103105,"High Risk","Improper cooling methods"
32887,"20130128",103139,"Low Risk","Improper food storage"
32887,"20130128",103145,"Low Risk","Improper storage of equipment utensils or linens"
32887,"20130128",103157,"Low Risk","Food safety certificate or food handler card not available"
32919,"20130326",103138,"Low Risk","Improper storage use or identification of toxic substances"
32919,"20130326",103134,"Moderate Risk","Other moderate risk violation"
32919,"20130326",103142,"Low Risk","Unclean nonfood contact surfaces"
32919,"20130326",103154,"Low Risk","Unclean or degraded floors walls or ceilings"
32919,"20130326",103157,"Low Risk","Food safety certificate or food handler card not available"
32919,"20130326",103131,"Moderate Risk","Moderate risk vermin infestation"
32925,"20150428",103141,"Low Risk","Improper food labeling or menu misrepresentation"
32925,"20150428",103119,"Moderate Risk","Inadequate and inaccessible handwashing facilities"
32925,"20150428",103139,"Low Risk","Improper food storage"
32925,"20140115",103105,"High Risk","Improper cooling methods"
32925,"20140115",103154,"Low Risk","Unclean or degraded floors walls or ceilings"
32925,"20140115",103141,"Low Risk","Improper food labeling or menu misrepresentation"
32925,"20140115",103139,"Low Risk","Improper food storage"
32925,"20140115",103114,"High Risk","High risk vermin infestation"
32925,"20140115",103103,"High Risk","High risk food holding temperature "
32925,"20130611",103139,"Low Risk","Improper food storage"
32925,"20130611",103133,"Moderate Risk","Foods not protected from contamination"
32925,"20130611",103154,"Low Risk","Unclean or degraded floors walls or ceilings"
32925,"20120611",103123,"Moderate Risk","Food in poor condition"
32925,"20121221",103142,"Low Risk","Unclean nonfood contact surfaces"
32925,"20121221",103149,"Low Risk","Wiping cloths not clean or properly stored or inadequate sanitizer"
32925,"20121221",103145,"Low Risk","Improper storage of equipment utensils or linens"
32925,"20121221",103154,"Low Risk","Unclean or degraded floors walls or ceilings"
32925,"20140519",103114,"High Risk","High risk vermin infestation"
32925,"20140519",103120,"Moderate Risk","Moderate risk food holding temperature "
32925,"20140519",103154,"Low Risk","Unclean or degraded floors walls or ceilings"
32925,"20140519",103105,"High Risk","Improper cooling methods"
32992,"20131209",103114,"High Risk","High risk vermin infestation"
32992,"20140205",103109,"High Risk","Unclean or unsanitary food contact surfaces"
32992,"20131209",103102,"High Risk","Unclean hands or improper use of gloves"
32992,"20131209",103121,"Moderate Risk","Inadequate procedures or records for time as a public health control "
32992,"20131209",103154,"Low Risk","Unclean or degraded floors walls or ceilings"
32992,"20131209",103124,"Moderate Risk","Inadequately cleaned or sanitized food contact surfaces"
32992,"20140205",103119,"Moderate Risk","Inadequate and inaccessible handwashing facilities"
32992,"20140205",103120,"Moderate Risk","Moderate risk food holding temperature "
32992,"20130321",103154,"Low Risk","Unclean or degraded floors walls or ceilings"
32992,"20130321",103124,"Moderate Risk","Inadequately cleaned or sanitized food contact surfaces"
32992,"20130321",103120,"Moderate Risk","Moderate risk food holding temperature "
32992,"20130321",103123,"Moderate Risk","Food in poor condition"
32992,"20130321",103156,"Low Risk","Permit license or inspection report not posted"
32992,"20130321",103150,"Low Risk","Improper or defective plumbing"
32992,"20130321",103139,"Low Risk","Improper food storage"
32992,"20140627",103124,"Moderate Risk","Inadequately cleaned or sanitized food contact surfaces"
32992,"20140627",103104,"High Risk","Unauthorized or unsafe use of time as a public health control measure"
32992,"20140627",103103,"High Risk","High risk food holding temperature "
32992,"20140627",103158,"Low Risk","Unpermitted food facility"
32992,"20140627",103102,"High Risk","Unclean hands or improper use of gloves"
32992,"20140627",103139,"Low Risk","Improper food storage"
32992,"20140627",103132,"Moderate Risk","Improper thawing methods "
33011,"20150226",103142,"Low Risk","Unclean nonfood contact surfaces"
33011,"20150226",103149,"Low Risk","Wiping cloths not clean or properly stored or inadequate sanitizer"
33011,"20150226",103154,"Low Risk","Unclean or degraded floors walls or ceilings"
33011,"20150226",103119,"Moderate Risk","Inadequate and inaccessible handwashing facilities"
33011,"20150226",103109,"High Risk","Unclean or unsanitary food contact surfaces"
33011,"20130521",103119,"Moderate Risk","Inadequate and inaccessible handwashing facilities"
33011,"20120917",103154,"Low Risk","Unclean or degraded floors walls or ceilings"
33011,"20140625",103134,"Moderate Risk","Other moderate risk violation"
33011,"20140625",103120,"Moderate Risk","Moderate risk food holding temperature "
33012,"20131217",103142,"Low Risk","Unclean nonfood contact surfaces"
33012,"20131217",103150,"Low Risk","Improper or defective plumbing"
33012,"20121101",103147,"Low Risk","Inadequate ventilation or lighting"
33012,"20121101",103120,"Moderate Risk","Moderate risk food holding temperature "
33012,"20121101",103154,"Low Risk","Unclean or degraded floors walls or ceilings"
33012,"20121101",103144,"Low Risk","Unapproved or unmaintained equipment or utensils"
33014,"20150204",103154,"Low Risk","Unclean or degraded floors walls or ceilings"
33014,"20131119",103103,"High Risk","High risk food holding temperature "
33014,"20130326",103119,"Moderate Risk","Inadequate and inaccessible handwashing facilities"
33014,"20130326",103145,"Low Risk","Improper storage of equipment utensils or linens"
33014,"20120801",103139,"Low Risk","Improper food storage"
33014,"20120801",103109,"High Risk","Unclean or unsanitary food contact surfaces"
33054,"20130405",103120,"Moderate Risk","Moderate risk food holding temperature "
33054,"20140625",103120,"Moderate Risk","Moderate risk food holding temperature "
33056,"20141215",103154,"Low Risk","Unclean or degraded floors walls or ceilings"
33056,"20141215",103156,"Low Risk","Permit license or inspection report not posted"
33056,"20141215",103145,"Low Risk","Improper storage of equipment utensils or linens"
33056,"20130830",103124,"Moderate Risk","Inadequately cleaned or sanitized food contact surfaces"
33056,"20130830",103145,"Low Risk","Improper storage of equipment utensils or linens"
33056,"20130830",103154,"Low Risk","Unclean or degraded floors walls or ceilings"
33056,"20130830",103116,"Moderate Risk","Inadequate food safety knowledge or lack of certified food safety manager"
33056,"20140411",103145,"Low Risk","Improper storage of equipment utensils or linens"
33056,"20140411",103154,"Low Risk","Unclean or degraded floors walls or ceilings"
33056,"20140411",103119,"Moderate Risk","Inadequate and inaccessible handwashing facilities"
33069,"20141003",103148,"Low Risk","No thermometers or uncalibrated thermometers "
33069,"20141003",103105,"High Risk","Improper cooling methods"
33069,"20130718",103161,"Low Risk","Low risk vermin infestation"
33069,"20130718",103134,"Moderate Risk","Other moderate risk violation"
33069,"20130718",103124,"Moderate Risk","Inadequately cleaned or sanitized food contact surfaces"
33077,"20150127",103105,"High Risk","Improper cooling methods"
33077,"20140110",103154,"Low Risk","Unclean or degraded floors walls or ceilings"
33077,"20140110",103156,"Low Risk","Permit license or inspection report not posted"
33077,"20140110",103105,"High Risk","Improper cooling methods"
33077,"20140110",103142,"Low Risk","Unclean nonfood contact surfaces"
33077,"20140110",103139,"Low Risk","Improper food storage"
33077,"20140110",103131,"Moderate Risk","Moderate risk vermin infestation"
33077,"20140110",103124,"Moderate Risk","Inadequately cleaned or sanitized food contact surfaces"
33077,"20140110",103157,"Low Risk","Food safety certificate or food handler card not available"
33077,"20130529",103139,"Low Risk","Improper food storage"
33077,"20130529",103149,"Low Risk","Wiping cloths not clean or properly stored or inadequate sanitizer"
33077,"20130529",103124,"Moderate Risk","Inadequately cleaned or sanitized food contact surfaces"
33077,"20130529",103142,"Low Risk","Unclean nonfood contact surfaces"
33077,"20130529",103154,"Low Risk","Unclean or degraded floors walls or ceilings"
33077,"20130529",103116,"Moderate Risk","Inadequate food safety knowledge or lack of certified food safety manager"
33077,"20120828",103149,"Low Risk","Wiping cloths not clean or properly stored or inadequate sanitizer"
33077,"20120828",103116,"Moderate Risk","Inadequate food safety knowledge or lack of certified food safety manager"
33077,"20120828",103154,"Low Risk","Unclean or degraded floors walls or ceilings"
33077,"20120828",103151,"Low Risk","Inadequate or unsanitary refuse containers or area or no garbage service"
33077,"20140530",103142,"Low Risk","Unclean nonfood contact surfaces"
33077,"20140530",103124,"Moderate Risk","Inadequately cleaned or sanitized food contact surfaces"
33078,"20140204",103139,"Low Risk","Improper food storage"
33078,"20140204",103154,"Low Risk","Unclean or degraded floors walls or ceilings"
33078,"20121108",103162,"Low Risk","Other low risk violation"
33078,"20121108",103150,"Low Risk","Improper or defective plumbing"
33078,"20121108",103154,"Low Risk","Unclean or degraded floors walls or ceilings"
33078,"20121108",103144,"Low Risk","Unapproved or unmaintained equipment or utensils"
33078,"20121108",103133,"Moderate Risk","Foods not protected from contamination"
33084,"20130402",103143,"Low Risk","Inadequate warewashing facilities or equipment"
33084,"20120614",103131,"Moderate Risk","Moderate risk vermin infestation"
33084,"20120614",103124,"Moderate Risk","Inadequately cleaned or sanitized food contact surfaces"
33084,"20140807",103124,"Moderate Risk","Inadequately cleaned or sanitized food contact surfaces"
33084,"20140807",103177,"Low Risk","Non service animal"
33093,"20141201",103133,"Moderate Risk","Foods not protected from contamination"
33093,"20141201",103143,"Low Risk","Inadequate warewashing facilities or equipment"
33093,"20141201",103149,"Low Risk","Wiping cloths not clean or properly stored or inadequate sanitizer"
33093,"20141201",103103,"High Risk","High risk food holding temperature "
33093,"20130912",103131,"Moderate Risk","Moderate risk vermin infestation"
33093,"20130912",103129,"Moderate Risk","Insufficient hot water or running water"
33093,"20140410",103142,"Low Risk","Unclean nonfood contact surfaces"
33093,"20130130",103149,"Low Risk","Wiping cloths not clean or properly stored or inadequate sanitizer"
33093,"20130130",103130,"Moderate Risk","Inadequate sewage or wastewater disposal"
33096,"20131217",103105,"High Risk","Improper cooling methods"
33096,"20130521",103124,"Moderate Risk","Inadequately cleaned or sanitized food contact surfaces"
33096,"20130521",103133,"Moderate Risk","Foods not protected from contamination"
33096,"20130108",103142,"Low Risk","Unclean nonfood contact surfaces"
33096,"20130108",103133,"Moderate Risk","Foods not protected from contamination"
33096,"20140514",103114,"High Risk","High risk vermin infestation"
33096,"20140514",103116,"Moderate Risk","Inadequate food safety knowledge or lack of certified food safety manager"
33096,"20140514",103139,"Low Risk","Improper food storage"
33110,"20131106",103152,"Low Risk","Unclean unmaintained or improperly constructed toilet facilities"
33110,"20131106",103102,"High Risk","Unclean hands or improper use of gloves"
33110,"20131106",103114,"High Risk","High risk vermin infestation"
33110,"20131106",103132,"Moderate Risk","Improper thawing methods "
33110,"20131106",103149,"Low Risk","Wiping cloths not clean or properly stored or inadequate sanitizer"
33110,"20130604",103154,"Low Risk","Unclean or degraded floors walls or ceilings"
33110,"20130109",103120,"Moderate Risk","Moderate risk food holding temperature "
33110,"20130109",103149,"Low Risk","Wiping cloths not clean or properly stored or inadequate sanitizer"
33110,"20140613",103131,"Moderate Risk","Moderate risk vermin infestation"
33110,"20140613",103124,"Moderate Risk","Inadequately cleaned or sanitized food contact surfaces"
33110,"20140613",103154,"Low Risk","Unclean or degraded floors walls or ceilings"
33113,"20140123",103142,"Low Risk","Unclean nonfood contact surfaces"
33113,"20140123",103120,"Moderate Risk","Moderate risk food holding temperature "
33113,"20130617",103149,"Low Risk","Wiping cloths not clean or properly stored or inadequate sanitizer"
33113,"20120924",103154,"Low Risk","Unclean or degraded floors walls or ceilings"
33113,"20120924",103150,"Low Risk","Improper or defective plumbing"
33117,"20150121",103144,"Low Risk","Unapproved or unmaintained equipment or utensils"
33117,"20150121",103107,"High Risk","Improper reheating of food"
33117,"20150121",103154,"Low Risk","Unclean or degraded floors walls or ceilings"
33117,"20150121",103161,"Low Risk","Low risk vermin infestation"
33117,"20150121",103116,"Moderate Risk","Inadequate food safety knowledge or lack of certified food safety manager"
33117,"20150121",103149,"Low Risk","Wiping cloths not clean or properly stored or inadequate sanitizer"
33117,"20130808",103139,"Low Risk","Improper food storage"
33117,"20130808",103131,"Moderate Risk","Moderate risk vermin infestation"
33117,"20130808",103105,"High Risk","Improper cooling methods"
33117,"20130808",103154,"Low Risk","Unclean or degraded floors walls or ceilings"
33117,"20140409",103105,"High Risk","Improper cooling methods"
33117,"20140409",103139,"Low Risk","Improper food storage"
33117,"20140409",103119,"Moderate Risk","Inadequate and inaccessible handwashing facilities"
33117,"20120807",103161,"Low Risk","Low risk vermin infestation"
33117,"20120807",103154,"Low Risk","Unclean or degraded floors walls or ceilings"
33117,"20120807",103132,"Moderate Risk","Improper thawing methods "
33117,"20120807",103144,"Low Risk","Unapproved or unmaintained equipment or utensils"
33125,"20130916",103148,"Low Risk","No thermometers or uncalibrated thermometers "
33125,"20130916",103133,"Moderate Risk","Foods not protected from contamination"
33125,"20130916",103107,"High Risk","Improper reheating of food"
33125,"20140516",103154,"Low Risk","Unclean or degraded floors walls or ceilings"
33125,"20140516",103133,"Moderate Risk","Foods not protected from contamination"
33125,"20140516",103124,"Moderate Risk","Inadequately cleaned or sanitized food contact surfaces"
33145,"20150309",103156,"Low Risk","Permit license or inspection report not posted"
33145,"20150309",103154,"Low Risk","Unclean or degraded floors walls or ceilings"
33145,"20130930",103157,"Low Risk","Food safety certificate or food handler card not available"
33145,"20130930",103161,"Low Risk","Low risk vermin infestation"
33145,"20130930",103156,"Low Risk","Permit license or inspection report not posted"
33145,"20130930",103154,"Low Risk","Unclean or degraded floors walls or ceilings"
33145,"20130930",103116,"Moderate Risk","Inadequate food safety knowledge or lack of certified food safety manager"
33145,"20130308",103154,"Low Risk","Unclean or degraded floors walls or ceilings"
33145,"20130308",103139,"Low Risk","Improper food storage"
33145,"20130308",103145,"Low Risk","Improper storage of equipment utensils or linens"
33145,"20140226",103119,"Moderate Risk","Inadequate and inaccessible handwashing facilities"
33145,"20140226",103116,"Moderate Risk","Inadequate food safety knowledge or lack of certified food safety manager"
33145,"20140226",103156,"Low Risk","Permit license or inspection report not posted"
33160,"20150302",103145,"Low Risk","Improper storage of equipment utensils or linens"
33160,"20150302",103103,"High Risk","High risk food holding temperature "
33160,"20131122",103120,"Moderate Risk","Moderate risk food holding temperature "
33160,"20131122",103124,"Moderate Risk","Inadequately cleaned or sanitized food contact surfaces"
33160,"20131122",103142,"Low Risk","Unclean nonfood contact surfaces"
33160,"20131122",103154,"Low Risk","Unclean or degraded floors walls or ceilings"
33160,"20120612",103120,"Moderate Risk","Moderate risk food holding temperature "
33160,"20120612",103148,"Low Risk","No thermometers or uncalibrated thermometers "
33173,"20141201",103147,"Low Risk","Inadequate ventilation or lighting"
33173,"20121003",103116,"Moderate Risk","Inadequate food safety knowledge or lack of certified food safety manager"
33173,"20121003",103131,"Moderate Risk","Moderate risk vermin infestation"
33173,"20140519",103156,"Low Risk","Permit license or inspection report not posted"
33173,"20140519",103120,"Moderate Risk","Moderate risk food holding temperature "
33190,"20141002",103119,"Moderate Risk","Inadequate and inaccessible handwashing facilities"
33190,"20140214",103102,"High Risk","Unclean hands or improper use of gloves"
33190,"20120615",103124,"Moderate Risk","Inadequately cleaned or sanitized food contact surfaces"
33190,"20120615",103152,"Low Risk","Unclean unmaintained or improperly constructed toilet facilities"
33190,"20120615",103157,"Low Risk","Food safety certificate or food handler card not available"
33190,"20130130",103139,"Low Risk","Improper food storage"
33190,"20130130",103149,"Low Risk","Wiping cloths not clean or properly stored or inadequate sanitizer"
33190,"20130130",103116,"Moderate Risk","Inadequate food safety knowledge or lack of certified food safety manager"
33198,"20150414",103159,"Low Risk","Worker safety hazards"
33198,"20150414",103149,"Low Risk","Wiping cloths not clean or properly stored or inadequate sanitizer"
33198,"20150414",103154,"Low Risk","Unclean or degraded floors walls or ceilings"
33198,"20131010",103148,"Low Risk","No thermometers or uncalibrated thermometers "
33198,"20131010",103154,"Low Risk","Unclean or degraded floors walls or ceilings"
33198,"20131010",103153,"Low Risk","Inadequate dressing rooms or improper storage of personal items"
33198,"20131010",103119,"Moderate Risk","Inadequate and inaccessible handwashing facilities"
33198,"20131010",103156,"Low Risk","Permit license or inspection report not posted"
33198,"20131010",103116,"Moderate Risk","Inadequate food safety knowledge or lack of certified food safety manager"
33198,"20130308",103116,"Moderate Risk","Inadequate food safety knowledge or lack of certified food safety manager"
33198,"20130308",103109,"High Risk","Unclean or unsanitary food contact surfaces"
33198,"20130308",103154,"Low Risk","Unclean or degraded floors walls or ceilings"
33198,"20130308",103114,"High Risk","High risk vermin infestation"
33198,"20130308",103108,"High Risk","Contaminated or adulterated food"
33198,"20140403",103156,"Low Risk","Permit license or inspection report not posted"
33198,"20140403",103154,"Low Risk","Unclean or degraded floors walls or ceilings"
33198,"20140403",103102,"High Risk","Unclean hands or improper use of gloves"
33198,"20140403",103116,"Moderate Risk","Inadequate food safety knowledge or lack of certified food safety manager"
33222,"20131206",103133,"Moderate Risk","Foods not protected from contamination"
33222,"20131206",103149,"Low Risk","Wiping cloths not clean or properly stored or inadequate sanitizer"
33222,"20140610",103107,"High Risk","Improper reheating of food"
33222,"20140610",103157,"Low Risk","Food safety certificate or food handler card not available"
33247,"20141105",103154,"Low Risk","Unclean or degraded floors walls or ceilings"
33247,"20130829",103124,"Moderate Risk","Inadequately cleaned or sanitized food contact surfaces"
33247,"20140307",103132,"Moderate Risk","Improper thawing methods "
33247,"20140307",103137,"Low Risk","Improperly washed fruits and vegetables"
33247,"20140307",103104,"High Risk","Unauthorized or unsafe use of time as a public health control measure"
33247,"20140307",103142,"Low Risk","Unclean nonfood contact surfaces"
33247,"20121217",103132,"Moderate Risk","Improper thawing methods "
33247,"20121217",103133,"Moderate Risk","Foods not protected from contamination"
33247,"20121217",103149,"Low Risk","Wiping cloths not clean or properly stored or inadequate sanitizer"
33270,"20141105",103154,"Low Risk","Unclean or degraded floors walls or ceilings"
33270,"20130718",103147,"Low Risk","Inadequate ventilation or lighting"
33270,"20130718",103157,"Low Risk","Food safety certificate or food handler card not available"
33270,"20130718",103156,"Low Risk","Permit license or inspection report not posted"
33270,"20130718",103152,"Low Risk","Unclean unmaintained or improperly constructed toilet facilities"
33270,"20130718",103145,"Low Risk","Improper storage of equipment utensils or linens"
33270,"20130718",103144,"Low Risk","Unapproved or unmaintained equipment or utensils"
33270,"20130718",103124,"Moderate Risk","Inadequately cleaned or sanitized food contact surfaces"
33270,"20130718",103109,"High Risk","Unclean or unsanitary food contact surfaces"
33270,"20130718",103154,"Low Risk","Unclean or degraded floors walls or ceilings"
33270,"20140115",103124,"Moderate Risk","Inadequately cleaned or sanitized food contact surfaces"
33270,"20140115",103133,"Moderate Risk","Foods not protected from contamination"
33270,"20140115",103144,"Low Risk","Unapproved or unmaintained equipment or utensils"
33270,"20140115",103153,"Low Risk","Inadequate dressing rooms or improper storage of personal items"
33270,"20140115",103154,"Low Risk","Unclean or degraded floors walls or ceilings"
33315,"20130206",103120,"Moderate Risk","Moderate risk food holding temperature "
33375,"20130726",103123,"Moderate Risk","Food in poor condition"
33375,"20130726",103162,"Low Risk","Other low risk violation"
33375,"20130726",103119,"Moderate Risk","Inadequate and inaccessible handwashing facilities"
33379,"20130726",103119,"Moderate Risk","Inadequate and inaccessible handwashing facilities"
33379,"20130726",103162,"Low Risk","Other low risk violation"
33386,"20140827",103120,"Moderate Risk","Moderate risk food holding temperature "
33386,"20140827",103144,"Low Risk","Unapproved or unmaintained equipment or utensils"
33386,"20140827",103145,"Low Risk","Improper storage of equipment utensils or linens"
33386,"20140827",103150,"Low Risk","Improper or defective plumbing"
33386,"20140827",103109,"High Risk","Unclean or unsanitary food contact surfaces"
33386,"20140506",103149,"Low Risk","Wiping cloths not clean or properly stored or inadequate sanitizer"
33386,"20140506",103139,"Low Risk","Improper food storage"
33386,"20140506",103145,"Low Risk","Improper storage of equipment utensils or linens"
33386,"20121114",103120,"Moderate Risk","Moderate risk food holding temperature "
33387,"20150126",103154,"Low Risk","Unclean or degraded floors walls or ceilings"
33387,"20150126",103144,"Low Risk","Unapproved or unmaintained equipment or utensils"
33387,"20131114",103145,"Low Risk","Improper storage of equipment utensils or linens"
33387,"20131114",103139,"Low Risk","Improper food storage"
33387,"20131114",103124,"Moderate Risk","Inadequately cleaned or sanitized food contact surfaces"
33387,"20131114",103154,"Low Risk","Unclean or degraded floors walls or ceilings"
33387,"20130219",103134,"Moderate Risk","Other moderate risk violation"
33387,"20130219",103124,"Moderate Risk","Inadequately cleaned or sanitized food contact surfaces"
33387,"20130219",103154,"Low Risk","Unclean or degraded floors walls or ceilings"
33387,"20140604",103154,"Low Risk","Unclean or degraded floors walls or ceilings"
33387,"20140604",103142,"Low Risk","Unclean nonfood contact surfaces"
33388,"20131028",103144,"Low Risk","Unapproved or unmaintained equipment or utensils"
33388,"20140425",103119,"Moderate Risk","Inadequate and inaccessible handwashing facilities"
33388,"20130124",103124,"Moderate Risk","Inadequately cleaned or sanitized food contact surfaces"
33388,"20130124",103142,"Low Risk","Unclean nonfood contact surfaces"
33388,"20130124",103147,"Low Risk","Inadequate ventilation or lighting"
33388,"20130124",103149,"Low Risk","Wiping cloths not clean or properly stored or inadequate sanitizer"
33388,"20130124",103154,"Low Risk","Unclean or degraded floors walls or ceilings"
33388,"20130124",103157,"Low Risk","Food safety certificate or food handler card not available"
33388,"20130124",103161,"Low Risk","Low risk vermin infestation"
33388,"20130214",103120,"Moderate Risk","Moderate risk food holding temperature "
33388,"20130124",103144,"Low Risk","Unapproved or unmaintained equipment or utensils"
33413,"20150316",103124,"Moderate Risk","Inadequately cleaned or sanitized food contact surfaces"
33413,"20130912",103139,"Low Risk","Improper food storage"
33413,"20140213",103156,"Low Risk","Permit license or inspection report not posted"
33413,"20140213",103154,"Low Risk","Unclean or degraded floors walls or ceilings"
33436,"20150121",103119,"Moderate Risk","Inadequate and inaccessible handwashing facilities"
33436,"20150121",103114,"High Risk","High risk vermin infestation"
33436,"20150121",103133,"Moderate Risk","Foods not protected from contamination"
33436,"20150121",103144,"Low Risk","Unapproved or unmaintained equipment or utensils"
33436,"20150121",103154,"Low Risk","Unclean or degraded floors walls or ceilings"
33436,"20150121",103109,"High Risk","Unclean or unsanitary food contact surfaces"
33436,"20150121",103145,"Low Risk","Improper storage of equipment utensils or linens"
33436,"20140225",103145,"Low Risk","Improper storage of equipment utensils or linens"
33436,"20140225",103139,"Low Risk","Improper food storage"
33436,"20140225",103129,"Moderate Risk","Insufficient hot water or running water"
33436,"20140225",103124,"Moderate Risk","Inadequately cleaned or sanitized food contact surfaces"
33436,"20140225",103116,"Moderate Risk","Inadequate food safety knowledge or lack of certified food safety manager"
33436,"20140225",103105,"High Risk","Improper cooling methods"
33436,"20140225",103103,"High Risk","High risk food holding temperature "
33436,"20120620",103132,"Moderate Risk","Improper thawing methods "
33436,"20120620",103148,"Low Risk","No thermometers or uncalibrated thermometers "
33436,"20120620",103116,"Moderate Risk","Inadequate food safety knowledge or lack of certified food safety manager"
33436,"20120620",103103,"High Risk","High risk food holding temperature "
33436,"20120620",103105,"High Risk","Improper cooling methods"
33436,"20120620",103142,"Low Risk","Unclean nonfood contact surfaces"
33436,"20120620",103139,"Low Risk","Improper food storage"
33436,"20120620",103154,"Low Risk","Unclean or degraded floors walls or ceilings"
33436,"20120620",103144,"Low Risk","Unapproved or unmaintained equipment or utensils"
33436,"20120620",103149,"Low Risk","Wiping cloths not clean or properly stored or inadequate sanitizer"
33436,"20130226",103132,"Moderate Risk","Improper thawing methods "
33436,"20130226",103149,"Low Risk","Wiping cloths not clean or properly stored or inadequate sanitizer"
33436,"20130226",103119,"Moderate Risk","Inadequate and inaccessible handwashing facilities"
33436,"20130226",103154,"Low Risk","Unclean or degraded floors walls or ceilings"
33436,"20130226",103144,"Low Risk","Unapproved or unmaintained equipment or utensils"
33436,"20130226",103103,"High Risk","High risk food holding temperature "
33436,"20130226",103142,"Low Risk","Unclean nonfood contact surfaces"
33436,"20130226",103129,"Moderate Risk","Insufficient hot water or running water"
33442,"20150130",103102,"High Risk","Unclean hands or improper use of gloves"
33442,"20150130",103124,"Moderate Risk","Inadequately cleaned or sanitized food contact surfaces"
33442,"20150130",103133,"Moderate Risk","Foods not protected from contamination"
33442,"20140416",103154,"Low Risk","Unclean or degraded floors walls or ceilings"
33442,"20140416",103133,"Moderate Risk","Foods not protected from contamination"
33442,"20140416",103136,"Low Risk","Unsanitary employee garments hair or nails"
33442,"20140416",103142,"Low Risk","Unclean nonfood contact surfaces"
33442,"20140416",103144,"Low Risk","Unapproved or unmaintained equipment or utensils"
33442,"20140416",103145,"Low Risk","Improper storage of equipment utensils or linens"
33442,"20140416",103149,"Low Risk","Wiping cloths not clean or properly stored or inadequate sanitizer"
33442,"20130205",103108,"High Risk","Contaminated or adulterated food"
33442,"20130205",103114,"High Risk","High risk vermin infestation"
33445,"20131003",103144,"Low Risk","Unapproved or unmaintained equipment or utensils"
33445,"20131003",103102,"High Risk","Unclean hands or improper use of gloves"
33445,"20121016",103103,"High Risk","High risk food holding temperature "
33445,"20121016",103148,"Low Risk","No thermometers or uncalibrated thermometers "
33445,"20121016",103144,"Low Risk","Unapproved or unmaintained equipment or utensils"
33445,"20121016",103105,"High Risk","Improper cooling methods"
33445,"20121016",103133,"Moderate Risk","Foods not protected from contamination"
33445,"20140604",103105,"High Risk","Improper cooling methods"
33445,"20140604",103149,"Low Risk","Wiping cloths not clean or properly stored or inadequate sanitizer"
33446,"20130627",103103,"High Risk","High risk food holding temperature "
33446,"20130709",103139,"Low Risk","Improper food storage"
33446,"20130709",103144,"Low Risk","Unapproved or unmaintained equipment or utensils"
33446,"20130709",103162,"Low Risk","Other low risk violation"
33446,"20130709",103120,"Moderate Risk","Moderate risk food holding temperature "
33446,"20130709",103135,"Low Risk","No person in charge of food facility"
33446,"20130627",103102,"High Risk","Unclean hands or improper use of gloves"
33446,"20130709",103103,"High Risk","High risk food holding temperature "
33446,"20130718",103120,"Moderate Risk","Moderate risk food holding temperature "
33446,"20130627",103108,"High Risk","Contaminated or adulterated food"
33446,"20130716",103114,"High Risk","High risk vermin infestation"
33446,"20130627",103109,"High Risk","Unclean or unsanitary food contact surfaces"
33446,"20130628",103121,"Moderate Risk","Inadequate procedures or records for time as a public health control "
33446,"20130718",103131,"Moderate Risk","Moderate risk vermin infestation"
33446,"20130627",103114,"High Risk","High risk vermin infestation"
33446,"20130709",103102,"High Risk","Unclean hands or improper use of gloves"
33446,"20131211",103157,"Low Risk","Food safety certificate or food handler card not available"
33446,"20140107",103147,"Low Risk","Inadequate ventilation or lighting"
33446,"20131211",103102,"High Risk","Unclean hands or improper use of gloves"
33446,"20131211",103103,"High Risk","High risk food holding temperature "
33446,"20131211",103109,"High Risk","Unclean or unsanitary food contact surfaces"
33446,"20140107",103142,"Low Risk","Unclean nonfood contact surfaces"
33446,"20131211",103119,"Moderate Risk","Inadequate and inaccessible handwashing facilities"
33446,"20120619",103120,"Moderate Risk","Moderate risk food holding temperature "
33446,"20120619",103133,"Moderate Risk","Foods not protected from contamination"
33446,"20120619",103154,"Low Risk","Unclean or degraded floors walls or ceilings"
33446,"20120619",103119,"Moderate Risk","Inadequate and inaccessible handwashing facilities"
33446,"20120619",103116,"Moderate Risk","Inadequate food safety knowledge or lack of certified food safety manager"
33446,"20120619",103142,"Low Risk","Unclean nonfood contact surfaces"
33446,"20120619",103131,"Moderate Risk","Moderate risk vermin infestation"
33446,"20120619",103108,"High Risk","Contaminated or adulterated food"
33446,"20120619",103138,"Low Risk","Improper storage use or identification of toxic substances"
33446,"20140527",103120,"Moderate Risk","Moderate risk food holding temperature "
33446,"20140527",103131,"Moderate Risk","Moderate risk vermin infestation"
33446,"20140527",103118,"Moderate Risk","Employee eating or smoking"
33446,"20140527",103108,"High Risk","Contaminated or adulterated food"
33446,"20140527",103109,"High Risk","Unclean or unsanitary food contact surfaces"
33448,"20150506",103119,"Moderate Risk","Inadequate and inaccessible handwashing facilities"
33448,"20150506",103144,"Low Risk","Unapproved or unmaintained equipment or utensils"
33448,"20150506",103148,"Low Risk","No thermometers or uncalibrated thermometers "
33448,"20150506",103105,"High Risk","Improper cooling methods"
33448,"20130917",103105,"High Risk","Improper cooling methods"
33448,"20130917",103119,"Moderate Risk","Inadequate and inaccessible handwashing facilities"
33448,"20130917",103116,"Moderate Risk","Inadequate food safety knowledge or lack of certified food safety manager"
33467,"20150320",103154,"Low Risk","Unclean or degraded floors walls or ceilings"
33467,"20150320",103148,"Low Risk","No thermometers or uncalibrated thermometers "
33467,"20150320",103119,"Moderate Risk","Inadequate and inaccessible handwashing facilities"
33467,"20150320",103161,"Low Risk","Low risk vermin infestation"
33467,"20131029",103149,"Low Risk","Wiping cloths not clean or properly stored or inadequate sanitizer"
33467,"20131029",103148,"Low Risk","No thermometers or uncalibrated thermometers "
33467,"20131029",103143,"Low Risk","Inadequate warewashing facilities or equipment"
33467,"20131029",103120,"Moderate Risk","Moderate risk food holding temperature "
33467,"20121203",103129,"Moderate Risk","Insufficient hot water or running water"
33467,"20121203",103119,"Moderate Risk","Inadequate and inaccessible handwashing facilities"
33467,"20121203",103134,"Moderate Risk","Other moderate risk violation"
33468,"20140902",103144,"Low Risk","Unapproved or unmaintained equipment or utensils"
33468,"20140902",103147,"Low Risk","Inadequate ventilation or lighting"
33468,"20140902",103154,"Low Risk","Unclean or degraded floors walls or ceilings"
33468,"20140902",103139,"Low Risk","Improper food storage"
33468,"20140902",103132,"Moderate Risk","Improper thawing methods "
33468,"20130416",103131,"Moderate Risk","Moderate risk vermin infestation"
33468,"20130416",103142,"Low Risk","Unclean nonfood contact surfaces"
33468,"20130416",103148,"Low Risk","No thermometers or uncalibrated thermometers "
33468,"20130416",103154,"Low Risk","Unclean or degraded floors walls or ceilings"
33468,"20130416",103149,"Low Risk","Wiping cloths not clean or properly stored or inadequate sanitizer"
33484,"20131204",103154,"Low Risk","Unclean or degraded floors walls or ceilings"
33484,"20131204",103144,"Low Risk","Unapproved or unmaintained equipment or utensils"
33484,"20131204",103142,"Low Risk","Unclean nonfood contact surfaces"
33484,"20130314",103133,"Moderate Risk","Foods not protected from contamination"
33484,"20130314",103147,"Low Risk","Inadequate ventilation or lighting"
33484,"20130314",103142,"Low Risk","Unclean nonfood contact surfaces"
33484,"20130314",103144,"Low Risk","Unapproved or unmaintained equipment or utensils"
33484,"20130314",103124,"Moderate Risk","Inadequately cleaned or sanitized food contact surfaces"
33484,"20130314",103131,"Moderate Risk","Moderate risk vermin infestation"
33484,"20130314",103154,"Low Risk","Unclean or degraded floors walls or ceilings"
33484,"20140624",103142,"Low Risk","Unclean nonfood contact surfaces"
33484,"20140624",103103,"High Risk","High risk food holding temperature "
33484,"20140624",103119,"Moderate Risk","Inadequate and inaccessible handwashing facilities"
33516,"20141121",103105,"High Risk","Improper cooling methods"
33516,"20130731",103133,"Moderate Risk","Foods not protected from contamination"
33527,"20130708",103131,"Moderate Risk","Moderate risk vermin infestation"
33527,"20130708",103154,"Low Risk","Unclean or degraded floors walls or ceilings"
33527,"20131205",103114,"High Risk","High risk vermin infestation"
33527,"20120620",103120,"Moderate Risk","Moderate risk food holding temperature "
33527,"20120620",103154,"Low Risk","Unclean or degraded floors walls or ceilings"
33527,"20121213",103131,"Moderate Risk","Moderate risk vermin infestation"
33527,"20140609",103103,"High Risk","High risk food holding temperature "
33527,"20140609",103114,"High Risk","High risk vermin infestation"
33546,"20141215",103157,"Low Risk","Food safety certificate or food handler card not available"
33546,"20141215",103156,"Low Risk","Permit license or inspection report not posted"
33546,"20140505",103156,"Low Risk","Permit license or inspection report not posted"
33546,"20130116",103149,"Low Risk","Wiping cloths not clean or properly stored or inadequate sanitizer"
33564,"20131017",103142,"Low Risk","Unclean nonfood contact surfaces"
33564,"20131017",103154,"Low Risk","Unclean or degraded floors walls or ceilings"
33564,"20130425",103154,"Low Risk","Unclean or degraded floors walls or ceilings"
33564,"20140423",103154,"Low Risk","Unclean or degraded floors walls or ceilings"
33564,"20140423",103142,"Low Risk","Unclean nonfood contact surfaces"
33564,"20120911",103154,"Low Risk","Unclean or degraded floors walls or ceilings"
33564,"20120911",103149,"Low Risk","Wiping cloths not clean or properly stored or inadequate sanitizer"
33568,"20141024",103157,"Low Risk","Food safety certificate or food handler card not available"
33568,"20141024",103149,"Low Risk","Wiping cloths not clean or properly stored or inadequate sanitizer"
33568,"20141024",103120,"Moderate Risk","Moderate risk food holding temperature "
33568,"20140122",103139,"Low Risk","Improper food storage"
33568,"20140122",103124,"Moderate Risk","Inadequately cleaned or sanitized food contact surfaces"
33568,"20140122",103119,"Moderate Risk","Inadequate and inaccessible handwashing facilities"
33568,"20130529",103144,"Low Risk","Unapproved or unmaintained equipment or utensils"
33568,"20130529",103133,"Moderate Risk","Foods not protected from contamination"
33568,"20130529",103116,"Moderate Risk","Inadequate food safety knowledge or lack of certified food safety manager"
33568,"20121219",103124,"Moderate Risk","Inadequately cleaned or sanitized food contact surfaces"
33568,"20121219",103116,"Moderate Risk","Inadequate food safety knowledge or lack of certified food safety manager"
33568,"20121219",103144,"Low Risk","Unapproved or unmaintained equipment or utensils"
33568,"20140612",103144,"Low Risk","Unapproved or unmaintained equipment or utensils"
33568,"20140612",103142,"Low Risk","Unclean nonfood contact surfaces"
33568,"20140612",103154,"Low Risk","Unclean or degraded floors walls or ceilings"
33568,"20140612",103149,"Low Risk","Wiping cloths not clean or properly stored or inadequate sanitizer"
33591,"20150204",103102,"High Risk","Unclean hands or improper use of gloves"
33591,"20150204",103149,"Low Risk","Wiping cloths not clean or properly stored or inadequate sanitizer"
33591,"20140113",103142,"Low Risk","Unclean nonfood contact surfaces"
33591,"20140113",103129,"Moderate Risk","Insufficient hot water or running water"
33591,"20140113",103124,"Moderate Risk","Inadequately cleaned or sanitized food contact surfaces"
33591,"20140113",103144,"Low Risk","Unapproved or unmaintained equipment or utensils"
33591,"20130318",103133,"Moderate Risk","Foods not protected from contamination"
33591,"20130318",103156,"Low Risk","Permit license or inspection report not posted"
33591,"20130318",103154,"Low Risk","Unclean or degraded floors walls or ceilings"
33591,"20130318",103139,"Low Risk","Improper food storage"
33591,"20140709",103133,"Moderate Risk","Foods not protected from contamination"
33591,"20140709",103132,"Moderate Risk","Improper thawing methods "
33591,"20140709",103142,"Low Risk","Unclean nonfood contact surfaces"
33619,"20150414",103131,"Moderate Risk","Moderate risk vermin infestation"
33619,"20130807",103119,"Moderate Risk","Inadequate and inaccessible handwashing facilities"
33619,"20130807",103154,"Low Risk","Unclean or degraded floors walls or ceilings"
33619,"20140328",103154,"Low Risk","Unclean or degraded floors walls or ceilings"
33619,"20140328",103133,"Moderate Risk","Foods not protected from contamination"
33620,"20150311",103154,"Low Risk","Unclean or degraded floors walls or ceilings"
33620,"20150311",103124,"Moderate Risk","Inadequately cleaned or sanitized food contact surfaces"
33620,"20140305",103139,"Low Risk","Improper food storage"
33620,"20140305",103149,"Low Risk","Wiping cloths not clean or properly stored or inadequate sanitizer"
33620,"20140305",103142,"Low Risk","Unclean nonfood contact surfaces"
33620,"20121228",103120,"Moderate Risk","Moderate risk food holding temperature "
33620,"20121228",103154,"Low Risk","Unclean or degraded floors walls or ceilings"
33638,"20131025",103152,"Low Risk","Unclean unmaintained or improperly constructed toilet facilities"
33638,"20131025",103154,"Low Risk","Unclean or degraded floors walls or ceilings"
33638,"20140603",103162,"Low Risk","Other low risk violation"
33638,"20140603",103157,"Low Risk","Food safety certificate or food handler card not available"
33641,"20130618",103149,"Low Risk","Wiping cloths not clean or properly stored or inadequate sanitizer"
33641,"20130618",103133,"Moderate Risk","Foods not protected from contamination"
33641,"20130618",103154,"Low Risk","Unclean or degraded floors walls or ceilings"
33641,"20130618",103161,"Low Risk","Low risk vermin infestation"
33641,"20130618",103105,"High Risk","Improper cooling methods"
33641,"20130618",103119,"Moderate Risk","Inadequate and inaccessible handwashing facilities"
33641,"20130618",103116,"Moderate Risk","Inadequate food safety knowledge or lack of certified food safety manager"
33641,"20130618",103144,"Low Risk","Unapproved or unmaintained equipment or utensils"
33641,"20140617",103119,"Moderate Risk","Inadequate and inaccessible handwashing facilities"
33641,"20140617",103132,"Moderate Risk","Improper thawing methods "
33641,"20140617",103154,"Low Risk","Unclean or degraded floors walls or ceilings"
33641,"20140617",103139,"Low Risk","Improper food storage"
33641,"20140617",103161,"Low Risk","Low risk vermin infestation"
33641,"20140617",103120,"Moderate Risk","Moderate risk food holding temperature "
33700,"20141117",103161,"Low Risk","Low risk vermin infestation"
33700,"20141117",103120,"Moderate Risk","Moderate risk food holding temperature "
33700,"20141117",103139,"Low Risk","Improper food storage"
33700,"20141117",103141,"Low Risk","Improper food labeling or menu misrepresentation"
33700,"20130805",103139,"Low Risk","Improper food storage"
33700,"20130805",103138,"Low Risk","Improper storage use or identification of toxic substances"
33700,"20130805",103120,"Moderate Risk","Moderate risk food holding temperature "
33700,"20130805",103154,"Low Risk","Unclean or degraded floors walls or ceilings"
33700,"20140303",103139,"Low Risk","Improper food storage"
33700,"20140303",103120,"Moderate Risk","Moderate risk food holding temperature "
33700,"20140303",103102,"High Risk","Unclean hands or improper use of gloves"
33700,"20140303",103161,"Low Risk","Low risk vermin infestation"
33700,"20120723",103154,"Low Risk","Unclean or degraded floors walls or ceilings"
33700,"20120723",103131,"Moderate Risk","Moderate risk vermin infestation"
33709,"20141015",103151,"Low Risk","Inadequate or unsanitary refuse containers or area or no garbage service"
33709,"20141015",103145,"Low Risk","Improper storage of equipment utensils or linens"
33709,"20141015",103124,"Moderate Risk","Inadequately cleaned or sanitized food contact surfaces"
33709,"20141015",103142,"Low Risk","Unclean nonfood contact surfaces"
33709,"20141015",103154,"Low Risk","Unclean or degraded floors walls or ceilings"
33709,"20130613",103149,"Low Risk","Wiping cloths not clean or properly stored or inadequate sanitizer"
33709,"20130613",103151,"Low Risk","Inadequate or unsanitary refuse containers or area or no garbage service"
33709,"20130613",103154,"Low Risk","Unclean or degraded floors walls or ceilings"
33709,"20140327",103124,"Moderate Risk","Inadequately cleaned or sanitized food contact surfaces"
33709,"20140327",103145,"Low Risk","Improper storage of equipment utensils or linens"
33709,"20140327",103144,"Low Risk","Unapproved or unmaintained equipment or utensils"
33709,"20140327",103124,"Moderate Risk","Inadequately cleaned or sanitized food contact surfaces"
33709,"20140327",103142,"Low Risk","Unclean nonfood contact surfaces"
33709,"20140327",103148,"Low Risk","No thermometers or uncalibrated thermometers "
33709,"20140327",103149,"Low Risk","Wiping cloths not clean or properly stored or inadequate sanitizer"
33709,"20121211",103154,"Low Risk","Unclean or degraded floors walls or ceilings"
33710,"20130606",103154,"Low Risk","Unclean or degraded floors walls or ceilings"
33710,"20130606",103142,"Low Risk","Unclean nonfood contact surfaces"
33710,"20121115",103154,"Low Risk","Unclean or degraded floors walls or ceilings"
33710,"20121115",103131,"Moderate Risk","Moderate risk vermin infestation"
33710,"20121115",103144,"Low Risk","Unapproved or unmaintained equipment or utensils"
33710,"20121115",103120,"Moderate Risk","Moderate risk food holding temperature "
33710,"20140610",103144,"Low Risk","Unapproved or unmaintained equipment or utensils"
33710,"20140610",103154,"Low Risk","Unclean or degraded floors walls or ceilings"
33710,"20140610",103149,"Low Risk","Wiping cloths not clean or properly stored or inadequate sanitizer"
33710,"20140610",103131,"Moderate Risk","Moderate risk vermin infestation"
33710,"20140610",103142,"Low Risk","Unclean nonfood contact surfaces"
33712,"20150422",103149,"Low Risk","Wiping cloths not clean or properly stored or inadequate sanitizer"
33712,"20150422",103154,"Low Risk","Unclean or degraded floors walls or ceilings"
33712,"20150422",103152,"Low Risk","Unclean unmaintained or improperly constructed toilet facilities"
33712,"20150422",103142,"Low Risk","Unclean nonfood contact surfaces"
33712,"20150422",103145,"Low Risk","Improper storage of equipment utensils or linens"
33712,"20150422",103124,"Moderate Risk","Inadequately cleaned or sanitized food contact surfaces"
33712,"20150422",103147,"Low Risk","Inadequate ventilation or lighting"
33712,"20140109",103139,"Low Risk","Improper food storage"
33712,"20140109",103144,"Low Risk","Unapproved or unmaintained equipment or utensils"
33712,"20140109",103149,"Low Risk","Wiping cloths not clean or properly stored or inadequate sanitizer"
33712,"20140109",103161,"Low Risk","Low risk vermin infestation"
33712,"20140109",103120,"Moderate Risk","Moderate risk food holding temperature "
33712,"20130306",103154,"Low Risk","Unclean or degraded floors walls or ceilings"
33712,"20130306",103120,"Moderate Risk","Moderate risk food holding temperature "
33712,"20130306",103142,"Low Risk","Unclean nonfood contact surfaces"
33712,"20130306",103144,"Low Risk","Unapproved or unmaintained equipment or utensils"
33712,"20130306",103102,"High Risk","Unclean hands or improper use of gloves"
33712,"20130306",103145,"Low Risk","Improper storage of equipment utensils or linens"
33712,"20130306",103157,"Low Risk","Food safety certificate or food handler card not available"
33712,"20130306",103139,"Low Risk","Improper food storage"
33712,"20130306",103114,"High Risk","High risk vermin infestation"
33712,"20120718",103144,"Low Risk","Unapproved or unmaintained equipment or utensils"
33712,"20120718",103132,"Moderate Risk","Improper thawing methods "
33712,"20120718",103119,"Moderate Risk","Inadequate and inaccessible handwashing facilities"
33712,"20120718",103133,"Moderate Risk","Foods not protected from contamination"
33712,"20120718",103142,"Low Risk","Unclean nonfood contact surfaces"
33712,"20120718",103161,"Low Risk","Low risk vermin infestation"
33712,"20120718",103156,"Low Risk","Permit license or inspection report not posted"
33728,"20130717",103120,"Moderate Risk","Moderate risk food holding temperature "
33728,"20140507",103120,"Moderate Risk","Moderate risk food holding temperature "
33731,"20150429",103139,"Low Risk","Improper food storage"
33731,"20150429",103103,"High Risk","High risk food holding temperature "
33731,"20150429",103161,"Low Risk","Low risk vermin infestation"
33731,"20150429",103138,"Low Risk","Improper storage use or identification of toxic substances"
33731,"20130801",103119,"Moderate Risk","Inadequate and inaccessible handwashing facilities"
33731,"20130801",103105,"High Risk","Improper cooling methods"
33731,"20120927",103119,"Moderate Risk","Inadequate and inaccessible handwashing facilities"
33731,"20130128",103103,"High Risk","High risk food holding temperature "
33731,"20130128",103142,"Low Risk","Unclean nonfood contact surfaces"
33747,"20141106",103144,"Low Risk","Unapproved or unmaintained equipment or utensils"
33747,"20141106",103142,"Low Risk","Unclean nonfood contact surfaces"
33747,"20141106",103103,"High Risk","High risk food holding temperature "
33747,"20141106",103149,"Low Risk","Wiping cloths not clean or properly stored or inadequate sanitizer"
33747,"20141106",103105,"High Risk","Improper cooling methods"
33747,"20141106",103131,"Moderate Risk","Moderate risk vermin infestation"
33747,"20150313",103113,"High Risk","Sewage or wastewater contamination"
33747,"20131009",103103,"High Risk","High risk food holding temperature "
33747,"20131009",103142,"Low Risk","Unclean nonfood contact surfaces"
33747,"20131009",103133,"Moderate Risk","Foods not protected from contamination"
33747,"20130319",103153,"Low Risk","Inadequate dressing rooms or improper storage of personal items"
33747,"20130319",103119,"Moderate Risk","Inadequate and inaccessible handwashing facilities"
33747,"20130319",103118,"Moderate Risk","Employee eating or smoking"
33747,"20130319",103139,"Low Risk","Improper food storage"
33747,"20120615",103144,"Low Risk","Unapproved or unmaintained equipment or utensils"
33747,"20120615",103142,"Low Risk","Unclean nonfood contact surfaces"
33747,"20120615",103132,"Moderate Risk","Improper thawing methods "
33747,"20120615",103139,"Low Risk","Improper food storage"
33802,"20150107",103119,"Moderate Risk","Inadequate and inaccessible handwashing facilities"
33802,"20150107",103120,"Moderate Risk","Moderate risk food holding temperature "
33802,"20140108",103130,"Moderate Risk","Inadequate sewage or wastewater disposal"
33802,"20140108",103154,"Low Risk","Unclean or degraded floors walls or ceilings"
33802,"20140108",103151,"Low Risk","Inadequate or unsanitary refuse containers or area or no garbage service"
33802,"20140108",103133,"Moderate Risk","Foods not protected from contamination"
33802,"20140108",103124,"Moderate Risk","Inadequately cleaned or sanitized food contact surfaces"
33802,"20140108",103138,"Low Risk","Improper storage use or identification of toxic substances"
33802,"20140108",103144,"Low Risk","Unapproved or unmaintained equipment or utensils"
33802,"20130327",103150,"Low Risk","Improper or defective plumbing"
33802,"20130327",103133,"Moderate Risk","Foods not protected from contamination"
33802,"20130327",103139,"Low Risk","Improper food storage"
33802,"20130327",103144,"Low Risk","Unapproved or unmaintained equipment or utensils"
33802,"20130327",103154,"Low Risk","Unclean or degraded floors walls or ceilings"
33802,"20130327",103103,"High Risk","High risk food holding temperature "
33802,"20130327",103124,"Moderate Risk","Inadequately cleaned or sanitized food contact surfaces"
33802,"20130327",103149,"Low Risk","Wiping cloths not clean or properly stored or inadequate sanitizer"
33831,"20131029",103128,"Moderate Risk","Consumer advisory not provided for raw or undercooked foods"
33831,"20131029",103161,"Low Risk","Low risk vermin infestation"
33831,"20131029",103147,"Low Risk","Inadequate ventilation or lighting"
33831,"20131029",103124,"Moderate Risk","Inadequately cleaned or sanitized food contact surfaces"
33831,"20130312",103133,"Moderate Risk","Foods not protected from contamination"
33831,"20130312",103120,"Moderate Risk","Moderate risk food holding temperature "
33831,"20130312",103131,"Moderate Risk","Moderate risk vermin infestation"
33831,"20130312",103142,"Low Risk","Unclean nonfood contact surfaces"
33831,"20130423",103109,"High Risk","Unclean or unsanitary food contact surfaces"
33831,"20130423",103119,"Moderate Risk","Inadequate and inaccessible handwashing facilities"
33831,"20140610",103129,"Moderate Risk","Insufficient hot water or running water"
33831,"20140610",103116,"Moderate Risk","Inadequate food safety knowledge or lack of certified food safety manager"
33831,"20140610",103131,"Moderate Risk","Moderate risk vermin infestation"
33837,"20150318",103142,"Low Risk","Unclean nonfood contact surfaces"
33837,"20150318",103145,"Low Risk","Improper storage of equipment utensils or linens"
33837,"20150318",103120,"Moderate Risk","Moderate risk food holding temperature "
33837,"20150318",103131,"Moderate Risk","Moderate risk vermin infestation"
33837,"20130201",103154,"Low Risk","Unclean or degraded floors walls or ceilings"
33837,"20140722",103147,"Low Risk","Inadequate ventilation or lighting"
33837,"20140722",103154,"Low Risk","Unclean or degraded floors walls or ceilings"
33841,"20121126",103149,"Low Risk","Wiping cloths not clean or properly stored or inadequate sanitizer"
33841,"20121126",103157,"Low Risk","Food safety certificate or food handler card not available"
33851,"20141105",103154,"Low Risk","Unclean or degraded floors walls or ceilings"
33851,"20141105",103116,"Moderate Risk","Inadequate food safety knowledge or lack of certified food safety manager"
33851,"20140211",103154,"Low Risk","Unclean or degraded floors walls or ceilings"
33851,"20140211",103144,"Low Risk","Unapproved or unmaintained equipment or utensils"
33851,"20140211",103116,"Moderate Risk","Inadequate food safety knowledge or lack of certified food safety manager"
33851,"20140211",103156,"Low Risk","Permit license or inspection report not posted"
33851,"20130110",103162,"Low Risk","Other low risk violation"
33851,"20130110",103154,"Low Risk","Unclean or degraded floors walls or ceilings"
33851,"20130110",103149,"Low Risk","Wiping cloths not clean or properly stored or inadequate sanitizer"
33865,"20140912",103118,"Moderate Risk","Employee eating or smoking"
33865,"20140912",103139,"Low Risk","Improper food storage"
33865,"20140912",103161,"Low Risk","Low risk vermin infestation"
33865,"20140912",103124,"Moderate Risk","Inadequately cleaned or sanitized food contact surfaces"
33865,"20140912",103120,"Moderate Risk","Moderate risk food holding temperature "
33865,"20140912",103105,"High Risk","Improper cooling methods"
33865,"20130509",103109,"High Risk","Unclean or unsanitary food contact surfaces"
33865,"20130509",103161,"Low Risk","Low risk vermin infestation"
33865,"20130509",103120,"Moderate Risk","Moderate risk food holding temperature "
33865,"20130509",103129,"Moderate Risk","Insufficient hot water or running water"
33865,"20130509",103132,"Moderate Risk","Improper thawing methods "
33865,"20130509",103133,"Moderate Risk","Foods not protected from contamination"
33865,"20140207",103145,"Low Risk","Improper storage of equipment utensils or linens"
33865,"20140207",103133,"Moderate Risk","Foods not protected from contamination"
33865,"20140207",103150,"Low Risk","Improper or defective plumbing"
33865,"20140207",103142,"Low Risk","Unclean nonfood contact surfaces"
33884,"20131016",103154,"Low Risk","Unclean or degraded floors walls or ceilings"
33884,"20131016",103129,"Moderate Risk","Insufficient hot water or running water"
33884,"20131016",103103,"High Risk","High risk food holding temperature "
33884,"20131016",103148,"Low Risk","No thermometers or uncalibrated thermometers "
33884,"20121107",103148,"Low Risk","No thermometers or uncalibrated thermometers "
33884,"20121107",103133,"Moderate Risk","Foods not protected from contamination"
33884,"20140603",103120,"Moderate Risk","Moderate risk food holding temperature "
33884,"20140603",103139,"Low Risk","Improper food storage"
33891,"20140304",103124,"Moderate Risk","Inadequately cleaned or sanitized food contact surfaces"
33891,"20140304",103116,"Moderate Risk","Inadequate food safety knowledge or lack of certified food safety manager"
33891,"20140304",103102,"High Risk","Unclean hands or improper use of gloves"
33891,"20130225",103109,"High Risk","Unclean or unsanitary food contact surfaces"
33891,"20130225",103119,"Moderate Risk","Inadequate and inaccessible handwashing facilities"
33891,"20130225",103162,"Low Risk","Other low risk violation"
33911,"20140130",103127,"Moderate Risk","Noncompliance with HAACP plan or variance"
33911,"20140130",103149,"Low Risk","Wiping cloths not clean or properly stored or inadequate sanitizer"
33911,"20140130",103133,"Moderate Risk","Foods not protected from contamination"
33911,"20140130",103138,"Low Risk","Improper storage use or identification of toxic substances"
33911,"20130321",103149,"Low Risk","Wiping cloths not clean or properly stored or inadequate sanitizer"
33911,"20130321",103152,"Low Risk","Unclean unmaintained or improperly constructed toilet facilities"
33911,"20130321",103114,"High Risk","High risk vermin infestation"
33911,"20130321",103154,"Low Risk","Unclean or degraded floors walls or ceilings"
33911,"20120831",103145,"Low Risk","Improper storage of equipment utensils or linens"
33911,"20120831",103154,"Low Risk","Unclean or degraded floors walls or ceilings"
33911,"20120831",103161,"Low Risk","Low risk vermin infestation"
33911,"20140814",103124,"Moderate Risk","Inadequately cleaned or sanitized food contact surfaces"
33911,"20140814",103120,"Moderate Risk","Moderate risk food holding temperature "
33911,"20140814",103119,"Moderate Risk","Inadequate and inaccessible handwashing facilities"
33911,"20140814",103125,"Moderate Risk","Noncompliance with shell fish tags or display"
33911,"20140814",103145,"Low Risk","Improper storage of equipment utensils or linens"
33914,"20141230",103152,"Low Risk","Unclean unmaintained or improperly constructed toilet facilities"
33914,"20141230",103145,"Low Risk","Improper storage of equipment utensils or linens"
33914,"20141230",103156,"Low Risk","Permit license or inspection report not posted"
33914,"20131127",103156,"Low Risk","Permit license or inspection report not posted"
33914,"20130604",103120,"Moderate Risk","Moderate risk food holding temperature "
33914,"20120612",103152,"Low Risk","Unclean unmaintained or improperly constructed toilet facilities"
33914,"20120612",103145,"Low Risk","Improper storage of equipment utensils or linens"
33914,"20120612",103144,"Low Risk","Unapproved or unmaintained equipment or utensils"
33914,"20120612",103103,"High Risk","High risk food holding temperature "
33914,"20121220",103154,"Low Risk","Unclean or degraded floors walls or ceilings"
33914,"20140522",103156,"Low Risk","Permit license or inspection report not posted"
33916,"20141022",103139,"Low Risk","Improper food storage"
33916,"20141022",103124,"Moderate Risk","Inadequately cleaned or sanitized food contact surfaces"
33916,"20130724",103142,"Low Risk","Unclean nonfood contact surfaces"
33916,"20130724",103144,"Low Risk","Unapproved or unmaintained equipment or utensils"
33916,"20130724",103157,"Low Risk","Food safety certificate or food handler card not available"
33916,"20130724",103151,"Low Risk","Inadequate or unsanitary refuse containers or area or no garbage service"
33916,"20130724",103149,"Low Risk","Wiping cloths not clean or properly stored or inadequate sanitizer"
33916,"20140212",103157,"Low Risk","Food safety certificate or food handler card not available"
33916,"20140212",103120,"Moderate Risk","Moderate risk food holding temperature "
33916,"20120614",103154,"Low Risk","Unclean or degraded floors walls or ceilings"
33920,"20150331",103150,"Low Risk","Improper or defective plumbing"
33920,"20150331",103154,"Low Risk","Unclean or degraded floors walls or ceilings"
33920,"20150331",103148,"Low Risk","No thermometers or uncalibrated thermometers "
33920,"20150331",103133,"Moderate Risk","Foods not protected from contamination"
33920,"20150331",103124,"Moderate Risk","Inadequately cleaned or sanitized food contact surfaces"
33920,"20150331",103120,"Moderate Risk","Moderate risk food holding temperature "
33920,"20150331",103116,"Moderate Risk","Inadequate food safety knowledge or lack of certified food safety manager"
33920,"20150331",103105,"High Risk","Improper cooling methods"
33920,"20150331",103102,"High Risk","Unclean hands or improper use of gloves"
33920,"20150331",103132,"Moderate Risk","Improper thawing methods "
33920,"20120926",103142,"Low Risk","Unclean nonfood contact surfaces"
33920,"20120926",103131,"Moderate Risk","Moderate risk vermin infestation"
33920,"20120926",103124,"Moderate Risk","Inadequately cleaned or sanitized food contact surfaces"
33920,"20140717",103120,"Moderate Risk","Moderate risk food holding temperature "
33920,"20140717",103119,"Moderate Risk","Inadequate and inaccessible handwashing facilities"
33920,"20140717",103144,"Low Risk","Unapproved or unmaintained equipment or utensils"
33920,"20140717",103131,"Moderate Risk","Moderate risk vermin infestation"
33920,"20140717",103133,"Moderate Risk","Foods not protected from contamination"
33920,"20140717",103139,"Low Risk","Improper food storage"
33920,"20140717",103105,"High Risk","Improper cooling methods"
33935,"20141010",103120,"Moderate Risk","Moderate risk food holding temperature "
33935,"20131009",103133,"Moderate Risk","Foods not protected from contamination"
33935,"20131009",103124,"Moderate Risk","Inadequately cleaned or sanitized food contact surfaces"
33935,"20131009",103104,"High Risk","Unauthorized or unsafe use of time as a public health control measure"
33935,"20121210",103121,"Moderate Risk","Inadequate procedures or records for time as a public health control "
33935,"20121210",103144,"Low Risk","Unapproved or unmaintained equipment or utensils"
33935,"20140520",103124,"Moderate Risk","Inadequately cleaned or sanitized food contact surfaces"
33940,"20131119",103142,"Low Risk","Unclean nonfood contact surfaces"
33940,"20131119",103129,"Moderate Risk","Insufficient hot water or running water"
33940,"20120717",103120,"Moderate Risk","Moderate risk food holding temperature "
33940,"20120717",103139,"Low Risk","Improper food storage"
33940,"20120717",103149,"Low Risk","Wiping cloths not clean or properly stored or inadequate sanitizer"
33940,"20130204",103142,"Low Risk","Unclean nonfood contact surfaces"
33940,"20140529",103154,"Low Risk","Unclean or degraded floors walls or ceilings"
33940,"20140529",103149,"Low Risk","Wiping cloths not clean or properly stored or inadequate sanitizer"
33940,"20140529",103120,"Moderate Risk","Moderate risk food holding temperature "
33945,"20141204",103119,"Moderate Risk","Inadequate and inaccessible handwashing facilities"
33945,"20141204",103116,"Moderate Risk","Inadequate food safety knowledge or lack of certified food safety manager"
33945,"20141204",103103,"High Risk","High risk food holding temperature "
33945,"20130614",103148,"Low Risk","No thermometers or uncalibrated thermometers "
33945,"20130614",103144,"Low Risk","Unapproved or unmaintained equipment or utensils"
33945,"20121115",103102,"High Risk","Unclean hands or improper use of gloves"
33945,"20121115",103118,"Moderate Risk","Employee eating or smoking"
33980,"20150212",103154,"Low Risk","Unclean or degraded floors walls or ceilings"
33980,"20150212",103139,"Low Risk","Improper food storage"
33980,"20150212",103144,"Low Risk","Unapproved or unmaintained equipment or utensils"
33980,"20131206",103154,"Low Risk","Unclean or degraded floors walls or ceilings"
33980,"20131206",103132,"Moderate Risk","Improper thawing methods "
33980,"20131206",103151,"Low Risk","Inadequate or unsanitary refuse containers or area or no garbage service"
33980,"20140606",103154,"Low Risk","Unclean or degraded floors walls or ceilings"
33981,"20140207",103150,"Low Risk","Improper or defective plumbing"
33981,"20121218",103156,"Low Risk","Permit license or inspection report not posted"
33981,"20121218",103157,"Low Risk","Food safety certificate or food handler card not available"
33999,"20131216",103154,"Low Risk","Unclean or degraded floors walls or ceilings"
33999,"20131216",103150,"Low Risk","Improper or defective plumbing"
33999,"20131216",103145,"Low Risk","Improper storage of equipment utensils or linens"
33999,"20131216",103142,"Low Risk","Unclean nonfood contact surfaces"
33999,"20131216",103133,"Moderate Risk","Foods not protected from contamination"
33999,"20131216",103104,"High Risk","Unauthorized or unsafe use of time as a public health control measure"
33999,"20130313",103154,"Low Risk","Unclean or degraded floors walls or ceilings"
33999,"20130313",103133,"Moderate Risk","Foods not protected from contamination"
33999,"20130313",103121,"Moderate Risk","Inadequate procedures or records for time as a public health control "
33999,"20130313",103145,"Low Risk","Improper storage of equipment utensils or linens"
33999,"20130313",103119,"Moderate Risk","Inadequate and inaccessible handwashing facilities"
33999,"20130313",103144,"Low Risk","Unapproved or unmaintained equipment or utensils"
33999,"20130313",103151,"Low Risk","Inadequate or unsanitary refuse containers or area or no garbage service"
33999,"20120727",103108,"High Risk","Contaminated or adulterated food"
33999,"20120727",103159,"Low Risk","Worker safety hazards"
33999,"20130131",103164,"N/A",
34005,"20131017",103131,"Moderate Risk","Moderate risk vermin infestation"
34005,"20131017",103103,"High Risk","High risk food holding temperature "
34005,"20131017",103145,"Low Risk","Improper storage of equipment utensils or linens"
34005,"20130425",103161,"Low Risk","Low risk vermin infestation"
34005,"20130425",103103,"High Risk","High risk food holding temperature "
34005,"20130425",103124,"Moderate Risk","Inadequately cleaned or sanitized food contact surfaces"
34005,"20130425",103149,"Low Risk","Wiping cloths not clean or properly stored or inadequate sanitizer"
34005,"20140416",103131,"Moderate Risk","Moderate risk vermin infestation"
34005,"20140416",103142,"Low Risk","Unclean nonfood contact surfaces"
34005,"20121029",103103,"High Risk","High risk food holding temperature "
34005,"20121029",103131,"Moderate Risk","Moderate risk vermin infestation"
34033,"20140925",103129,"Moderate Risk","Insufficient hot water or running water"
34033,"20130410",103131,"Moderate Risk","Moderate risk vermin infestation"
34033,"20130410",103154,"Low Risk","Unclean or degraded floors walls or ceilings"
34033,"20120824",103133,"Moderate Risk","Foods not protected from contamination"
34033,"20120824",103154,"Low Risk","Unclean or degraded floors walls or ceilings"
34033,"20120824",103124,"Moderate Risk","Inadequately cleaned or sanitized food contact surfaces"
34056,"20150116",103144,"Low Risk","Unapproved or unmaintained equipment or utensils"
34056,"20150116",103131,"Moderate Risk","Moderate risk vermin infestation"
34056,"20150116",103109,"High Risk","Unclean or unsanitary food contact surfaces"
34056,"20150116",103102,"High Risk","Unclean hands or improper use of gloves"
34056,"20130717",103131,"Moderate Risk","Moderate risk vermin infestation"
34056,"20130717",103142,"Low Risk","Unclean nonfood contact surfaces"
34056,"20130717",103149,"Low Risk","Wiping cloths not clean or properly stored or inadequate sanitizer"
34056,"20130717",103103,"High Risk","High risk food holding temperature "
34056,"20130717",103102,"High Risk","Unclean hands or improper use of gloves"
34056,"20140424",103138,"Low Risk","Improper storage use or identification of toxic substances"
34056,"20121009",103144,"Low Risk","Unapproved or unmaintained equipment or utensils"
34056,"20121009",103103,"High Risk","High risk food holding temperature "
34056,"20121009",103131,"Moderate Risk","Moderate risk vermin infestation"
34056,"20121009",103119,"Moderate Risk","Inadequate and inaccessible handwashing facilities"
34056,"20121009",103149,"Low Risk","Wiping cloths not clean or properly stored or inadequate sanitizer"
34056,"20130115",103161,"Low Risk","Low risk vermin infestation"
34056,"20121115",103133,"Moderate Risk","Foods not protected from contamination"
34056,"20121115",103120,"Moderate Risk","Moderate risk food holding temperature "
34057,"20141002",103142,"Low Risk","Unclean nonfood contact surfaces"
34057,"20130625",103103,"High Risk","High risk food holding temperature "
34057,"20130625",103144,"Low Risk","Unapproved or unmaintained equipment or utensils"
34057,"20130625",103154,"Low Risk","Unclean or degraded floors walls or ceilings"
34057,"20140129",103145,"Low Risk","Improper storage of equipment utensils or linens"
34057,"20140129",103150,"Low Risk","Improper or defective plumbing"
34057,"20140129",103119,"Moderate Risk","Inadequate and inaccessible handwashing facilities"
34057,"20120620",103142,"Low Risk","Unclean nonfood contact surfaces"
34057,"20120620",103104,"High Risk","Unauthorized or unsafe use of time as a public health control measure"
34057,"20120620",103144,"Low Risk","Unapproved or unmaintained equipment or utensils"
34058,"20120711",103131,"Moderate Risk","Moderate risk vermin infestation"
34066,"20131031",103145,"Low Risk","Improper storage of equipment utensils or linens"
34066,"20131031",103139,"Low Risk","Improper food storage"
34066,"20131031",103154,"Low Risk","Unclean or degraded floors walls or ceilings"
34066,"20130502",103119,"Moderate Risk","Inadequate and inaccessible handwashing facilities"
34066,"20130502",103105,"High Risk","Improper cooling methods"
34066,"20130502",103133,"Moderate Risk","Foods not protected from contamination"
34066,"20130502",103120,"Moderate Risk","Moderate risk food holding temperature "
34066,"20140521",103139,"Low Risk","Improper food storage"
34066,"20140521",103133,"Moderate Risk","Foods not protected from contamination"
34066,"20140521",103102,"High Risk","Unclean hands or improper use of gloves"
34066,"20140521",103132,"Moderate Risk","Improper thawing methods "
34079,"20130613",103132,"Moderate Risk","Improper thawing methods "
34079,"20130613",103120,"Moderate Risk","Moderate risk food holding temperature "
34079,"20121113",103123,"Moderate Risk","Food in poor condition"
34079,"20140514",103144,"Low Risk","Unapproved or unmaintained equipment or utensils"
34079,"20140514",103120,"Moderate Risk","Moderate risk food holding temperature "
34079,"20140514",103149,"Low Risk","Wiping cloths not clean or properly stored or inadequate sanitizer"
34079,"20140514",103150,"Low Risk","Improper or defective plumbing"
34079,"20140514",103154,"Low Risk","Unclean or degraded floors walls or ceilings"
34079,"20140514",103133,"Moderate Risk","Foods not protected from contamination"
34079,"20140514",103109,"High Risk","Unclean or unsanitary food contact surfaces"
34079,"20140514",103102,"High Risk","Unclean hands or improper use of gloves"
34102,"20130314",103148,"Low Risk","No thermometers or uncalibrated thermometers "
34102,"20130314",103124,"Moderate Risk","Inadequately cleaned or sanitized food contact surfaces"
34102,"20130314",103152,"Low Risk","Unclean unmaintained or improperly constructed toilet facilities"
34102,"20130314",103116,"Moderate Risk","Inadequate food safety knowledge or lack of certified food safety manager"
34102,"20130314",103131,"Moderate Risk","Moderate risk vermin infestation"
34102,"20140313",103152,"Low Risk","Unclean unmaintained or improperly constructed toilet facilities"
34102,"20140313",103119,"Moderate Risk","Inadequate and inaccessible handwashing facilities"
34102,"20140313",103157,"Low Risk","Food safety certificate or food handler card not available"
34102,"20120912",103131,"Moderate Risk","Moderate risk vermin infestation"
34102,"20120912",103143,"Low Risk","Inadequate warewashing facilities or equipment"
34102,"20120912",103147,"Low Risk","Inadequate ventilation or lighting"
34102,"20120912",103148,"Low Risk","No thermometers or uncalibrated thermometers "
34102,"20120912",103152,"Low Risk","Unclean unmaintained or improperly constructed toilet facilities"
34102,"20120912",103157,"Low Risk","Food safety certificate or food handler card not available"
34102,"20120912",103142,"Low Risk","Unclean nonfood contact surfaces"
34126,"20150317",103148,"Low Risk","No thermometers or uncalibrated thermometers "
34126,"20150317",103119,"Moderate Risk","Inadequate and inaccessible handwashing facilities"
34126,"20150317",103120,"Moderate Risk","Moderate risk food holding temperature "
34126,"20150317",103116,"Moderate Risk","Inadequate food safety knowledge or lack of certified food safety manager"
34126,"20150317",103144,"Low Risk","Unapproved or unmaintained equipment or utensils"
34126,"20150317",103156,"Low Risk","Permit license or inspection report not posted"
34126,"20140218",103157,"Low Risk","Food safety certificate or food handler card not available"
34126,"20140218",103145,"Low Risk","Improper storage of equipment utensils or linens"
34126,"20140218",103132,"Moderate Risk","Improper thawing methods "
34126,"20140218",103118,"Moderate Risk","Employee eating or smoking"
34126,"20130207",103131,"Moderate Risk","Moderate risk vermin infestation"
34126,"20130207",103124,"Moderate Risk","Inadequately cleaned or sanitized food contact surfaces"
34126,"20130207",103145,"Low Risk","Improper storage of equipment utensils or linens"
34126,"20130207",103119,"Moderate Risk","Inadequate and inaccessible handwashing facilities"
34143,"20141010",103148,"Low Risk","No thermometers or uncalibrated thermometers "
34143,"20141010",103139,"Low Risk","Improper food storage"
34143,"20141010",103153,"Low Risk","Inadequate dressing rooms or improper storage of personal items"
34143,"20141010",103119,"Moderate Risk","Inadequate and inaccessible handwashing facilities"
34143,"20130520",103120,"Moderate Risk","Moderate risk food holding temperature "
34143,"20130520",103153,"Low Risk","Inadequate dressing rooms or improper storage of personal items"
34144,"20141027",103150,"Low Risk","Improper or defective plumbing"
34144,"20141027",103131,"Moderate Risk","Moderate risk vermin infestation"
34144,"20141027",103102,"High Risk","Unclean hands or improper use of gloves"
34144,"20141114",103156,"Low Risk","Permit license or inspection report not posted"
34144,"20141027",103157,"Low Risk","Food safety certificate or food handler card not available"
34144,"20130611",103103,"High Risk","High risk food holding temperature "
34144,"20130611",103119,"Moderate Risk","Inadequate and inaccessible handwashing facilities"
34144,"20130611",103150,"Low Risk","Improper or defective plumbing"
34144,"20130611",103145,"Low Risk","Improper storage of equipment utensils or linens"
34144,"20140218",103143,"Low Risk","Inadequate warewashing facilities or equipment"
34144,"20140218",103161,"Low Risk","Low risk vermin infestation"
34144,"20140218",103109,"High Risk","Unclean or unsanitary food contact surfaces"
34144,"20121115",103150,"Low Risk","Improper or defective plumbing"
34144,"20121115",103145,"Low Risk","Improper storage of equipment utensils or linens"
34144,"20121115",103139,"Low Risk","Improper food storage"
34144,"20121115",103103,"High Risk","High risk food holding temperature "
34161,"20130529",103102,"High Risk","Unclean hands or improper use of gloves"
34161,"20130529",103149,"Low Risk","Wiping cloths not clean or properly stored or inadequate sanitizer"
34161,"20130529",103142,"Low Risk","Unclean nonfood contact surfaces"
34161,"20130529",103129,"Moderate Risk","Insufficient hot water or running water"
34161,"20130529",103120,"Moderate Risk","Moderate risk food holding temperature "
34161,"20140501",103160,"Low Risk","Inadequate HACCP plan record keeping"
34161,"20140501",103120,"Moderate Risk","Moderate risk food holding temperature "
34161,"20140501",103116,"Moderate Risk","Inadequate food safety knowledge or lack of certified food safety manager"
34179,"20150306",103120,"Moderate Risk","Moderate risk food holding temperature "
34179,"20131219",103109,"High Risk","Unclean or unsanitary food contact surfaces"
34179,"20131219",103131,"Moderate Risk","Moderate risk vermin infestation"
34179,"20140626",103133,"Moderate Risk","Foods not protected from contamination"
34179,"20140626",103131,"Moderate Risk","Moderate risk vermin infestation"
34179,"20140626",103154,"Low Risk","Unclean or degraded floors walls or ceilings"
34181,"20151230",103129,"Moderate Risk","Insufficient hot water or running water"
34181,"20151230",103149,"Low Risk","Wiping cloths not clean or properly stored or inadequate sanitizer"
34181,"20151230",103154,"Low Risk","Unclean or degraded floors walls or ceilings"
34181,"20151230",103141,"Low Risk","Improper food labeling or menu misrepresentation"
34181,"20151230",103116,"Moderate Risk","Inadequate food safety knowledge or lack of certified food safety manager"
34181,"20151230",103103,"High Risk","High risk food holding temperature "
34181,"20151230",103102,"High Risk","Unclean hands or improper use of gloves"
34181,"20140331",103150,"Low Risk","Improper or defective plumbing"
34181,"20140331",103105,"High Risk","Improper cooling methods"
34181,"20140331",103154,"Low Risk","Unclean or degraded floors walls or ceilings"
34181,"20121024",103154,"Low Risk","Unclean or degraded floors walls or ceilings"
34181,"20121024",103105,"High Risk","Improper cooling methods"
34184,"20141202",103142,"Low Risk","Unclean nonfood contact surfaces"
34184,"20141202",103145,"Low Risk","Improper storage of equipment utensils or linens"
34184,"20141202",103103,"High Risk","High risk food holding temperature "
34184,"20141202",103149,"Low Risk","Wiping cloths not clean or properly stored or inadequate sanitizer"
34184,"20141202",103133,"Moderate Risk","Foods not protected from contamination"
34184,"20131024",103151,"Low Risk","Inadequate or unsanitary refuse containers or area or no garbage service"
34184,"20131024",103120,"Moderate Risk","Moderate risk food holding temperature "
34184,"20131024",103131,"Moderate Risk","Moderate risk vermin infestation"
34184,"20131024",103142,"Low Risk","Unclean nonfood contact surfaces"
34184,"20140603",103104,"High Risk","Unauthorized or unsafe use of time as a public health control measure"
34184,"20140603",103139,"Low Risk","Improper food storage"
34184,"20140603",103142,"Low Risk","Unclean nonfood contact surfaces"
34184,"20140603",103144,"Low Risk","Unapproved or unmaintained equipment or utensils"
34186,"20150324",103139,"Low Risk","Improper food storage"
34186,"20150324",103149,"Low Risk","Wiping cloths not clean or properly stored or inadequate sanitizer"
34186,"20150324",103145,"Low Risk","Improper storage of equipment utensils or linens"
34186,"20130328",103145,"Low Risk","Improper storage of equipment utensils or linens"
34186,"20140225",103142,"Low Risk","Unclean nonfood contact surfaces"
34186,"20120925",103138,"Low Risk","Improper storage use or identification of toxic substances"
34186,"20120925",103120,"Moderate Risk","Moderate risk food holding temperature "
34201,"20130219",103119,"Moderate Risk","Inadequate and inaccessible handwashing facilities"
34220,"20140602",103120,"Moderate Risk","Moderate risk food holding temperature "
34221,"20150527",103149,"Low Risk","Wiping cloths not clean or properly stored or inadequate sanitizer"
34221,"20150527",103120,"Moderate Risk","Moderate risk food holding temperature "
34221,"20150527",103124,"Moderate Risk","Inadequately cleaned or sanitized food contact surfaces"
34221,"20150527",103139,"Low Risk","Improper food storage"
34221,"20150527",103144,"Low Risk","Unapproved or unmaintained equipment or utensils"
34221,"20150527",103145,"Low Risk","Improper storage of equipment utensils or linens"
34221,"20131002",103105,"High Risk","Improper cooling methods"
34221,"20131002",103119,"Moderate Risk","Inadequate and inaccessible handwashing facilities"
34221,"20131002",103124,"Moderate Risk","Inadequately cleaned or sanitized food contact surfaces"
34221,"20131002",103150,"Low Risk","Improper or defective plumbing"
34221,"20131002",103103,"High Risk","High risk food holding temperature "
34221,"20140501",103154,"Low Risk","Unclean or degraded floors walls or ceilings"
34221,"20140501",103109,"High Risk","Unclean or unsanitary food contact surfaces"
34221,"20140501",103116,"Moderate Risk","Inadequate food safety knowledge or lack of certified food safety manager"
34221,"20140501",103119,"Moderate Risk","Inadequate and inaccessible handwashing facilities"
34221,"20140501",103103,"High Risk","High risk food holding temperature "
34221,"20140501",103129,"Moderate Risk","Insufficient hot water or running water"
34221,"20140501",103142,"Low Risk","Unclean nonfood contact surfaces"
34221,"20121025",103124,"Moderate Risk","Inadequately cleaned or sanitized food contact surfaces"
34221,"20121025",103119,"Moderate Risk","Inadequate and inaccessible handwashing facilities"
34221,"20121025",103120,"Moderate Risk","Moderate risk food holding temperature "
34221,"20121025",103139,"Low Risk","Improper food storage"
34221,"20121025",103142,"Low Risk","Unclean nonfood contact surfaces"
34221,"20121025",103144,"Low Risk","Unapproved or unmaintained equipment or utensils"
34221,"20121025",103154,"Low Risk","Unclean or degraded floors walls or ceilings"
34222,"20150527",103120,"Moderate Risk","Moderate risk food holding temperature "
34222,"20150527",103144,"Low Risk","Unapproved or unmaintained equipment or utensils"
34222,"20150527",103149,"Low Risk","Wiping cloths not clean or properly stored or inadequate sanitizer"
34222,"20150527",103154,"Low Risk","Unclean or degraded floors walls or ceilings"
34222,"20150527",103119,"Moderate Risk","Inadequate and inaccessible handwashing facilities"
34222,"20131002",103124,"Moderate Risk","Inadequately cleaned or sanitized food contact surfaces"
34222,"20140501",103142,"Low Risk","Unclean nonfood contact surfaces"
34222,"20140501",103139,"Low Risk","Improper food storage"
34222,"20140501",103109,"High Risk","Unclean or unsanitary food contact surfaces"
34222,"20140501",103154,"Low Risk","Unclean or degraded floors walls or ceilings"
34222,"20140501",103150,"Low Risk","Improper or defective plumbing"
34222,"20121025",103142,"Low Risk","Unclean nonfood contact surfaces"
34222,"20121025",103116,"Moderate Risk","Inadequate food safety knowledge or lack of certified food safety manager"
34222,"20121025",103120,"Moderate Risk","Moderate risk food holding temperature "
34222,"20121025",103139,"Low Risk","Improper food storage"
34222,"20121025",103119,"Moderate Risk","Inadequate and inaccessible handwashing facilities"
34222,"20121025",103154,"Low Risk","Unclean or degraded floors walls or ceilings"
34222,"20121025",103109,"High Risk","Unclean or unsanitary food contact surfaces"
34222,"20121025",103149,"Low Risk","Wiping cloths not clean or properly stored or inadequate sanitizer"
34244,"20141107",103154,"Low Risk","Unclean or degraded floors walls or ceilings"
34244,"20120814",103138,"Low Risk","Improper storage use or identification of toxic substances"
34352,"20131030",103145,"Low Risk","Improper storage of equipment utensils or linens"
34352,"20121105",103139,"Low Risk","Improper food storage"
34353,"20121105",103124,"Moderate Risk","Inadequately cleaned or sanitized food contact surfaces"
34354,"20131030",103124,"Moderate Risk","Inadequately cleaned or sanitized food contact surfaces"
34387,"20141103",103157,"Low Risk","Food safety certificate or food handler card not available"
34387,"20130829",103155,"Low Risk","Unapproved  living quarters in food facility"
34387,"20140307",103124,"Moderate Risk","Inadequately cleaned or sanitized food contact surfaces"
34387,"20121217",103138,"Low Risk","Improper storage use or identification of toxic substances"
34387,"20121217",103124,"Moderate Risk","Inadequately cleaned or sanitized food contact surfaces"
34387,"20121217",103120,"Moderate Risk","Moderate risk food holding temperature "
34388,"20131115",103154,"Low Risk","Unclean or degraded floors walls or ceilings"
34388,"20131115",103142,"Low Risk","Unclean nonfood contact surfaces"
34388,"20130115",103139,"Low Risk","Improper food storage"
34388,"20130115",103161,"Low Risk","Low risk vermin infestation"
34388,"20140612",103121,"Moderate Risk","Inadequate procedures or records for time as a public health control "
34388,"20140612",103156,"Low Risk","Permit license or inspection report not posted"
34388,"20140612",103124,"Moderate Risk","Inadequately cleaned or sanitized food contact surfaces"
34394,"20141110",103157,"Low Risk","Food safety certificate or food handler card not available"
34394,"20141030",103154,"Low Risk","Unclean or degraded floors walls or ceilings"
34394,"20141030",103131,"Moderate Risk","Moderate risk vermin infestation"
34394,"20141030",103138,"Low Risk","Improper storage use or identification of toxic substances"
34394,"20140227",103157,"Low Risk","Food safety certificate or food handler card not available"
34394,"20140310",103124,"Moderate Risk","Inadequately cleaned or sanitized food contact surfaces"
34394,"20140310",103114,"High Risk","High risk vermin infestation"
34394,"20140227",103151,"Low Risk","Inadequate or unsanitary refuse containers or area or no garbage service"
34394,"20140310",103149,"Low Risk","Wiping cloths not clean or properly stored or inadequate sanitizer"
34394,"20140227",103149,"Low Risk","Wiping cloths not clean or properly stored or inadequate sanitizer"
34394,"20120620",103157,"Low Risk","Food safety certificate or food handler card not available"
34394,"20120620",103139,"Low Risk","Improper food storage"
34394,"20141029",103147,"Low Risk","Inadequate ventilation or lighting"
34394,"20120620",103151,"Low Risk","Inadequate or unsanitary refuse containers or area or no garbage service"
34394,"20120620",103147,"Low Risk","Inadequate ventilation or lighting"
34394,"20141029",103142,"Low Risk","Unclean nonfood contact surfaces"
34394,"20121211",103149,"Low Risk","Wiping cloths not clean or properly stored or inadequate sanitizer"
34394,"20121211",103130,"Moderate Risk","Inadequate sewage or wastewater disposal"
34394,"20121211",103103,"High Risk","High risk food holding temperature "
34394,"20121211",103147,"Low Risk","Inadequate ventilation or lighting"
34394,"20121211",103129,"Moderate Risk","Insufficient hot water or running water"
34395,"20130206",103119,"Moderate Risk","Inadequate and inaccessible handwashing facilities"
34395,"20140813",103124,"Moderate Risk","Inadequately cleaned or sanitized food contact surfaces"
34395,"20140813",103157,"Low Risk","Food safety certificate or food handler card not available"
34395,"20140813",103139,"Low Risk","Improper food storage"
34395,"20140813",103150,"Low Risk","Improper or defective plumbing"
34395,"20140813",103144,"Low Risk","Unapproved or unmaintained equipment or utensils"
34395,"20140813",103119,"Moderate Risk","Inadequate and inaccessible handwashing facilities"
34418,"20130904",103120,"Moderate Risk","Moderate risk food holding temperature "
34418,"20120820",103150,"Low Risk","Improper or defective plumbing"
34418,"20140612",103139,"Low Risk","Improper food storage"
34423,"20140925",103109,"High Risk","Unclean or unsanitary food contact surfaces"
34423,"20120719",103120,"Moderate Risk","Moderate risk food holding temperature "
34423,"20120719",103157,"Low Risk","Food safety certificate or food handler card not available"
34423,"20130207",103157,"Low Risk","Food safety certificate or food handler card not available"
34425,"20130826",103120,"Moderate Risk","Moderate risk food holding temperature "
34434,"20131108",103133,"Moderate Risk","Foods not protected from contamination"
34434,"20131108",103124,"Moderate Risk","Inadequately cleaned or sanitized food contact surfaces"
34434,"20131108",103144,"Low Risk","Unapproved or unmaintained equipment or utensils"
34451,"20130308",103149,"Low Risk","Wiping cloths not clean or properly stored or inadequate sanitizer"
34451,"20130308",103119,"Moderate Risk","Inadequate and inaccessible handwashing facilities"
34457,"20150113",103109,"High Risk","Unclean or unsanitary food contact surfaces"
34457,"20150113",103116,"Moderate Risk","Inadequate food safety knowledge or lack of certified food safety manager"
34457,"20150113",103133,"Moderate Risk","Foods not protected from contamination"
34457,"20150113",103154,"Low Risk","Unclean or degraded floors walls or ceilings"
34457,"20150113",103114,"High Risk","High risk vermin infestation"
34457,"20150113",103144,"Low Risk","Unapproved or unmaintained equipment or utensils"
34457,"20131114",103131,"Moderate Risk","Moderate risk vermin infestation"
34457,"20131114",103154,"Low Risk","Unclean or degraded floors walls or ceilings"
34457,"20131114",103108,"High Risk","Contaminated or adulterated food"
34457,"20131114",103133,"Moderate Risk","Foods not protected from contamination"
34457,"20130328",103108,"High Risk","Contaminated or adulterated food"
34457,"20130328",103154,"Low Risk","Unclean or degraded floors walls or ceilings"
34457,"20130328",103144,"Low Risk","Unapproved or unmaintained equipment or utensils"
34457,"20130328",103133,"Moderate Risk","Foods not protected from contamination"
34457,"20130328",103116,"Moderate Risk","Inadequate food safety knowledge or lack of certified food safety manager"
34457,"20130328",103114,"High Risk","High risk vermin infestation"
34457,"20130328",103109,"High Risk","Unclean or unsanitary food contact surfaces"
34458,"20131009",103124,"Moderate Risk","Inadequately cleaned or sanitized food contact surfaces"
34458,"20131009",103103,"High Risk","High risk food holding temperature "
34458,"20140610",103131,"Moderate Risk","Moderate risk vermin infestation"
34458,"20140610",103159,"Low Risk","Worker safety hazards"
34505,"20141027",103139,"Low Risk","Improper food storage"
34505,"20141027",103109,"High Risk","Unclean or unsanitary food contact surfaces"
34505,"20130923",103132,"Moderate Risk","Improper thawing methods "
34505,"20130923",103124,"Moderate Risk","Inadequately cleaned or sanitized food contact surfaces"
34505,"20130923",103139,"Low Risk","Improper food storage"
34505,"20140425",103116,"Moderate Risk","Inadequate food safety knowledge or lack of certified food safety manager"
34505,"20140425",103120,"Moderate Risk","Moderate risk food holding temperature "
34505,"20121113",103121,"Moderate Risk","Inadequate procedures or records for time as a public health control "
34585,"20131016",103105,"High Risk","Improper cooling methods"
34585,"20131016",103119,"Moderate Risk","Inadequate and inaccessible handwashing facilities"
34585,"20131016",103124,"Moderate Risk","Inadequately cleaned or sanitized food contact surfaces"
34585,"20131016",103161,"Low Risk","Low risk vermin infestation"
34585,"20131016",103121,"Moderate Risk","Inadequate procedures or records for time as a public health control "
34585,"20131016",103120,"Moderate Risk","Moderate risk food holding temperature "
34585,"20130523",103133,"Moderate Risk","Foods not protected from contamination"
34585,"20130523",103144,"Low Risk","Unapproved or unmaintained equipment or utensils"
34585,"20130523",103104,"High Risk","Unauthorized or unsafe use of time as a public health control measure"
34585,"20130523",103124,"Moderate Risk","Inadequately cleaned or sanitized food contact surfaces"
34585,"20130523",103150,"Low Risk","Improper or defective plumbing"
34585,"20130523",103103,"High Risk","High risk food holding temperature "
34585,"20130523",103102,"High Risk","Unclean hands or improper use of gloves"
34585,"20121023",103105,"High Risk","Improper cooling methods"
34585,"20120827",103104,"High Risk","Unauthorized or unsafe use of time as a public health control measure"
34585,"20120827",103103,"High Risk","High risk food holding temperature "
34585,"20120827",103102,"High Risk","Unclean hands or improper use of gloves"
34585,"20120827",103119,"Moderate Risk","Inadequate and inaccessible handwashing facilities"
34585,"20120827",103149,"Low Risk","Wiping cloths not clean or properly stored or inadequate sanitizer"
34585,"20120827",103144,"Low Risk","Unapproved or unmaintained equipment or utensils"
34585,"20120827",103139,"Low Risk","Improper food storage"
34585,"20120827",103124,"Moderate Risk","Inadequately cleaned or sanitized food contact surfaces"
34585,"20120827",103108,"High Risk","Contaminated or adulterated food"
34585,"20130205",103133,"Moderate Risk","Foods not protected from contamination"
34585,"20140603",103142,"Low Risk","Unclean nonfood contact surfaces"
34585,"20140603",103116,"Moderate Risk","Inadequate food safety knowledge or lack of certified food safety manager"
34585,"20140603",103103,"High Risk","High risk food holding temperature "
34585,"20140603",103133,"Moderate Risk","Foods not protected from contamination"
34585,"20140603",103121,"Moderate Risk","Inadequate procedures or records for time as a public health control "
34585,"20140603",103144,"Low Risk","Unapproved or unmaintained equipment or utensils"
34585,"20140603",103102,"High Risk","Unclean hands or improper use of gloves"
34591,"20150513",103120,"Moderate Risk","Moderate risk food holding temperature "
34591,"20150513",103145,"Low Risk","Improper storage of equipment utensils or linens"
34591,"20150513",103149,"Low Risk","Wiping cloths not clean or properly stored or inadequate sanitizer"
34591,"20130724",103132,"Moderate Risk","Improper thawing methods "
34591,"20130724",103120,"Moderate Risk","Moderate risk food holding temperature "
34591,"20130724",103105,"High Risk","Improper cooling methods"
34591,"20140415",103120,"Moderate Risk","Moderate risk food holding temperature "
34591,"20140415",103149,"Low Risk","Wiping cloths not clean or properly stored or inadequate sanitizer"
34591,"20140415",103145,"Low Risk","Improper storage of equipment utensils or linens"
34591,"20121017",103102,"High Risk","Unclean hands or improper use of gloves"
34591,"20121017",103142,"Low Risk","Unclean nonfood contact surfaces"
34591,"20121017",103131,"Moderate Risk","Moderate risk vermin infestation"
34591,"20121017",103103,"High Risk","High risk food holding temperature "
34611,"20141007",103133,"Moderate Risk","Foods not protected from contamination"
34611,"20141007",103154,"Low Risk","Unclean or degraded floors walls or ceilings"
34611,"20141007",103119,"Moderate Risk","Inadequate and inaccessible handwashing facilities"
34611,"20141007",103116,"Moderate Risk","Inadequate food safety knowledge or lack of certified food safety manager"
34611,"20141007",103124,"Moderate Risk","Inadequately cleaned or sanitized food contact surfaces"
34611,"20141007",103131,"Moderate Risk","Moderate risk vermin infestation"
34611,"20141007",103120,"Moderate Risk","Moderate risk food holding temperature "
34611,"20130610",103142,"Low Risk","Unclean nonfood contact surfaces"
34611,"20130610",103119,"Moderate Risk","Inadequate and inaccessible handwashing facilities"
34611,"20130610",103124,"Moderate Risk","Inadequately cleaned or sanitized food contact surfaces"
34611,"20130610",103133,"Moderate Risk","Foods not protected from contamination"
34611,"20130617",103121,"Moderate Risk","Inadequate procedures or records for time as a public health control "
34611,"20130617",103149,"Low Risk","Wiping cloths not clean or properly stored or inadequate sanitizer"
34611,"20130610",103149,"Low Risk","Wiping cloths not clean or properly stored or inadequate sanitizer"
34611,"20130610",103161,"Low Risk","Low risk vermin infestation"
34611,"20130610",103154,"Low Risk","Unclean or degraded floors walls or ceilings"
34611,"20120725",103124,"Moderate Risk","Inadequately cleaned or sanitized food contact surfaces"
34611,"20120725",103131,"Moderate Risk","Moderate risk vermin infestation"
34611,"20120725",103156,"Low Risk","Permit license or inspection report not posted"
34611,"20120725",103154,"Low Risk","Unclean or degraded floors walls or ceilings"
34611,"20120725",103149,"Low Risk","Wiping cloths not clean or properly stored or inadequate sanitizer"
34611,"20120725",103133,"Moderate Risk","Foods not protected from contamination"
34611,"20140512",103120,"Moderate Risk","Moderate risk food holding temperature "
34611,"20140512",103109,"High Risk","Unclean or unsanitary food contact surfaces"
34611,"20140512",103154,"Low Risk","Unclean or degraded floors walls or ceilings"
34611,"20140512",103114,"High Risk","High risk vermin infestation"
34611,"20140512",103149,"Low Risk","Wiping cloths not clean or properly stored or inadequate sanitizer"
34611,"20140513",103131,"Moderate Risk","Moderate risk vermin infestation"
34611,"20140512",103133,"Moderate Risk","Foods not protected from contamination"
34613,"20141106",103144,"Low Risk","Unapproved or unmaintained equipment or utensils"
34613,"20141106",103133,"Moderate Risk","Foods not protected from contamination"
34613,"20141106",103134,"Moderate Risk","Other moderate risk violation"
34613,"20141106",103139,"Low Risk","Improper food storage"
34613,"20141106",103119,"Moderate Risk","Inadequate and inaccessible handwashing facilities"
34613,"20141106",103142,"Low Risk","Unclean nonfood contact surfaces"
34613,"20141106",103103,"High Risk","High risk food holding temperature "
34613,"20141106",103154,"Low Risk","Unclean or degraded floors walls or ceilings"
34613,"20141106",103149,"Low Risk","Wiping cloths not clean or properly stored or inadequate sanitizer"
34613,"20141106",103145,"Low Risk","Improper storage of equipment utensils or linens"
34613,"20131015",103157,"Low Risk","Food safety certificate or food handler card not available"
34613,"20131015",103149,"Low Risk","Wiping cloths not clean or properly stored or inadequate sanitizer"
34613,"20131015",103145,"Low Risk","Improper storage of equipment utensils or linens"
34613,"20131015",103144,"Low Risk","Unapproved or unmaintained equipment or utensils"
34613,"20131015",103139,"Low Risk","Improper food storage"
34613,"20131015",103133,"Moderate Risk","Foods not protected from contamination"
34613,"20130327",103133,"Moderate Risk","Foods not protected from contamination"
34613,"20130327",103142,"Low Risk","Unclean nonfood contact surfaces"
34613,"20130327",103157,"Low Risk","Food safety certificate or food handler card not available"
34613,"20130327",103156,"Low Risk","Permit license or inspection report not posted"
34613,"20140428",103162,"Low Risk","Other low risk violation"
34613,"20140428",103156,"Low Risk","Permit license or inspection report not posted"
34613,"20140428",103144,"Low Risk","Unapproved or unmaintained equipment or utensils"
34613,"20140428",103139,"Low Risk","Improper food storage"
34613,"20140428",103142,"Low Risk","Unclean nonfood contact surfaces"
34613,"20120820",103157,"Low Risk","Food safety certificate or food handler card not available"
34613,"20120820",103133,"Moderate Risk","Foods not protected from contamination"
34613,"20120820",103120,"Moderate Risk","Moderate risk food holding temperature "
34623,"20141219",103124,"Moderate Risk","Inadequately cleaned or sanitized food contact surfaces"
34623,"20141219",103142,"Low Risk","Unclean nonfood contact surfaces"
34623,"20141219",103145,"Low Risk","Improper storage of equipment utensils or linens"
34623,"20141219",103154,"Low Risk","Unclean or degraded floors walls or ceilings"
34623,"20141219",103103,"High Risk","High risk food holding temperature "
34623,"20141219",103139,"Low Risk","Improper food storage"
34623,"20141219",103118,"Moderate Risk","Employee eating or smoking"
34623,"20141219",103114,"High Risk","High risk vermin infestation"
34623,"20131112",103154,"Low Risk","Unclean or degraded floors walls or ceilings"
34623,"20131112",103103,"High Risk","High risk food holding temperature "
34623,"20131112",103161,"Low Risk","Low risk vermin infestation"
34623,"20131112",103119,"Moderate Risk","Inadequate and inaccessible handwashing facilities"
34623,"20120625",103120,"Moderate Risk","Moderate risk food holding temperature "
34623,"20120625",103124,"Moderate Risk","Inadequately cleaned or sanitized food contact surfaces"
34623,"20120625",103161,"Low Risk","Low risk vermin infestation"
34623,"20130212",103119,"Moderate Risk","Inadequate and inaccessible handwashing facilities"
34623,"20130212",103120,"Moderate Risk","Moderate risk food holding temperature "
34623,"20130212",103124,"Moderate Risk","Inadequately cleaned or sanitized food contact surfaces"
34623,"20130212",103161,"Low Risk","Low risk vermin infestation"
34635,"20150424",103157,"Low Risk","Food safety certificate or food handler card not available"
34635,"20150424",103124,"Moderate Risk","Inadequately cleaned or sanitized food contact surfaces"
34635,"20150424",103123,"Moderate Risk","Food in poor condition"
34635,"20140319",103157,"Low Risk","Food safety certificate or food handler card not available"
34635,"20140319",103145,"Low Risk","Improper storage of equipment utensils or linens"
34635,"20140319",103149,"Low Risk","Wiping cloths not clean or properly stored or inadequate sanitizer"
34635,"20130115",103154,"Low Risk","Unclean or degraded floors walls or ceilings"
34635,"20130115",103149,"Low Risk","Wiping cloths not clean or properly stored or inadequate sanitizer"
34635,"20130115",103147,"Low Risk","Inadequate ventilation or lighting"
34649,"20150331",103133,"Moderate Risk","Foods not protected from contamination"
34649,"20131028",103154,"Low Risk","Unclean or degraded floors walls or ceilings"
34649,"20131028",103142,"Low Risk","Unclean nonfood contact surfaces"
34649,"20130502",103154,"Low Risk","Unclean or degraded floors walls or ceilings"
34649,"20130502",103142,"Low Risk","Unclean nonfood contact surfaces"
34649,"20121017",103120,"Moderate Risk","Moderate risk food holding temperature "
34649,"20121017",103124,"Moderate Risk","Inadequately cleaned or sanitized food contact surfaces"
34649,"20140509",103149,"Low Risk","Wiping cloths not clean or properly stored or inadequate sanitizer"
34649,"20140509",103142,"Low Risk","Unclean nonfood contact surfaces"
34649,"20140509",103154,"Low Risk","Unclean or degraded floors walls or ceilings"
34661,"20131030",103154,"Low Risk","Unclean or degraded floors walls or ceilings"
34661,"20130522",103142,"Low Risk","Unclean nonfood contact surfaces"
34661,"20130522",103144,"Low Risk","Unapproved or unmaintained equipment or utensils"
34661,"20130522",103154,"Low Risk","Unclean or degraded floors walls or ceilings"
34661,"20121106",103104,"High Risk","Unauthorized or unsafe use of time as a public health control measure"
34661,"20121106",103129,"Moderate Risk","Insufficient hot water or running water"
34661,"20140522",103139,"Low Risk","Improper food storage"
34661,"20140522",103154,"Low Risk","Unclean or degraded floors walls or ceilings"
34662,"20150220",103150,"Low Risk","Improper or defective plumbing"
34662,"20150220",103154,"Low Risk","Unclean or degraded floors walls or ceilings"
34662,"20150220",103109,"High Risk","Unclean or unsanitary food contact surfaces"
34662,"20150220",103108,"High Risk","Contaminated or adulterated food"
34662,"20150220",103114,"High Risk","High risk vermin infestation"
34662,"20150220",103147,"Low Risk","Inadequate ventilation or lighting"
34662,"20150220",103120,"Moderate Risk","Moderate risk food holding temperature "
34662,"20150220",103142,"Low Risk","Unclean nonfood contact surfaces"
34662,"20150220",103119,"Moderate Risk","Inadequate and inaccessible handwashing facilities"
34662,"20121101",103147,"Low Risk","Inadequate ventilation or lighting"
34662,"20121101",103124,"Moderate Risk","Inadequately cleaned or sanitized food contact surfaces"
34662,"20121101",103144,"Low Risk","Unapproved or unmaintained equipment or utensils"
34662,"20121101",103131,"Moderate Risk","Moderate risk vermin infestation"
34662,"20140508",103139,"Low Risk","Improper food storage"
34662,"20140508",103124,"Moderate Risk","Inadequately cleaned or sanitized food contact surfaces"
34662,"20140508",103144,"Low Risk","Unapproved or unmaintained equipment or utensils"
34662,"20140508",103154,"Low Risk","Unclean or degraded floors walls or ceilings"
34662,"20140508",103131,"Moderate Risk","Moderate risk vermin infestation"
34663,"20130924",103131,"Moderate Risk","Moderate risk vermin infestation"
34663,"20130924",103124,"Moderate Risk","Inadequately cleaned or sanitized food contact surfaces"
34663,"20130924",103133,"Moderate Risk","Foods not protected from contamination"
34663,"20130924",103107,"High Risk","Improper reheating of food"
34663,"20130924",103154,"Low Risk","Unclean or degraded floors walls or ceilings"
34663,"20140728",103159,"Low Risk","Worker safety hazards"
34663,"20140728",103124,"Moderate Risk","Inadequately cleaned or sanitized food contact surfaces"
34663,"20140728",103131,"Moderate Risk","Moderate risk vermin infestation"
34665,"20150210",103119,"Moderate Risk","Inadequate and inaccessible handwashing facilities"
34665,"20150210",103149,"Low Risk","Wiping cloths not clean or properly stored or inadequate sanitizer"
34665,"20150210",103139,"Low Risk","Improper food storage"
34665,"20150210",103152,"Low Risk","Unclean unmaintained or improperly constructed toilet facilities"
34665,"20150210",103154,"Low Risk","Unclean or degraded floors walls or ceilings"
34665,"20130924",103120,"Moderate Risk","Moderate risk food holding temperature "
34665,"20130924",103144,"Low Risk","Unapproved or unmaintained equipment or utensils"
34665,"20130924",103156,"Low Risk","Permit license or inspection report not posted"
34665,"20121127",103157,"Low Risk","Food safety certificate or food handler card not available"
34665,"20121127",103119,"Moderate Risk","Inadequate and inaccessible handwashing facilities"
34665,"20121127",103139,"Low Risk","Improper food storage"
34665,"20140509",103139,"Low Risk","Improper food storage"
34665,"20140509",103162,"Low Risk","Other low risk violation"
34676,"20150417",103102,"High Risk","Unclean hands or improper use of gloves"
34676,"20150417",103147,"Low Risk","Inadequate ventilation or lighting"
34676,"20150417",103132,"Moderate Risk","Improper thawing methods "
34676,"20150417",103116,"Moderate Risk","Inadequate food safety knowledge or lack of certified food safety manager"
34676,"20150417",103114,"High Risk","High risk vermin infestation"
34676,"20150417",103109,"High Risk","Unclean or unsanitary food contact surfaces"
34676,"20140106",103109,"High Risk","Unclean or unsanitary food contact surfaces"
34676,"20140106",103142,"Low Risk","Unclean nonfood contact surfaces"
34676,"20140106",103102,"High Risk","Unclean hands or improper use of gloves"
34676,"20140106",103133,"Moderate Risk","Foods not protected from contamination"
34676,"20140106",103120,"Moderate Risk","Moderate risk food holding temperature "
34676,"20130423",103109,"High Risk","Unclean or unsanitary food contact surfaces"
34676,"20130423",103139,"Low Risk","Improper food storage"
34676,"20130423",103131,"Moderate Risk","Moderate risk vermin infestation"
34676,"20130423",103133,"Moderate Risk","Foods not protected from contamination"
34676,"20130423",103149,"Low Risk","Wiping cloths not clean or properly stored or inadequate sanitizer"
34676,"20130423",103130,"Moderate Risk","Inadequate sewage or wastewater disposal"
34685,"20141021",103143,"Low Risk","Inadequate warewashing facilities or equipment"
34685,"20141021",103149,"Low Risk","Wiping cloths not clean or properly stored or inadequate sanitizer"
34685,"20141021",103154,"Low Risk","Unclean or degraded floors walls or ceilings"
34685,"20141021",103129,"Moderate Risk","Insufficient hot water or running water"
34685,"20141021",103114,"High Risk","High risk vermin infestation"
34685,"20140127",103142,"Low Risk","Unclean nonfood contact surfaces"
34685,"20140127",103145,"Low Risk","Improper storage of equipment utensils or linens"
34685,"20140127",103149,"Low Risk","Wiping cloths not clean or properly stored or inadequate sanitizer"
34685,"20140127",103119,"Moderate Risk","Inadequate and inaccessible handwashing facilities"
34685,"20130509",103124,"Moderate Risk","Inadequately cleaned or sanitized food contact surfaces"
34685,"20130509",103119,"Moderate Risk","Inadequate and inaccessible handwashing facilities"
34685,"20130509",103161,"Low Risk","Low risk vermin infestation"
34708,"20141009",103154,"Low Risk","Unclean or degraded floors walls or ceilings"
34708,"20141009",103144,"Low Risk","Unapproved or unmaintained equipment or utensils"
34708,"20141009",103149,"Low Risk","Wiping cloths not clean or properly stored or inadequate sanitizer"
34708,"20141009",103120,"Moderate Risk","Moderate risk food holding temperature "
34708,"20130709",103129,"Moderate Risk","Insufficient hot water or running water"
34708,"20130709",103125,"Moderate Risk","Noncompliance with shell fish tags or display"
34708,"20130709",103116,"Moderate Risk","Inadequate food safety knowledge or lack of certified food safety manager"
34708,"20121024",103157,"Low Risk","Food safety certificate or food handler card not available"
34708,"20121024",103154,"Low Risk","Unclean or degraded floors walls or ceilings"
34708,"20121024",103148,"Low Risk","No thermometers or uncalibrated thermometers "
34708,"20121024",103142,"Low Risk","Unclean nonfood contact surfaces"
34708,"20121024",103144,"Low Risk","Unapproved or unmaintained equipment or utensils"
34708,"20140515",103156,"Low Risk","Permit license or inspection report not posted"
34708,"20140515",103120,"Moderate Risk","Moderate risk food holding temperature "
34708,"20140515",103145,"Low Risk","Improper storage of equipment utensils or linens"
34708,"20140515",103149,"Low Risk","Wiping cloths not clean or properly stored or inadequate sanitizer"
34710,"20150212",103120,"Moderate Risk","Moderate risk food holding temperature "
34710,"20130207",103116,"Moderate Risk","Inadequate food safety knowledge or lack of certified food safety manager"
34710,"20140610",103116,"Moderate Risk","Inadequate food safety knowledge or lack of certified food safety manager"
34726,"20141106",103127,"Moderate Risk","Noncompliance with HAACP plan or variance"
34726,"20141106",103124,"Moderate Risk","Inadequately cleaned or sanitized food contact surfaces"
34726,"20131122",103144,"Low Risk","Unapproved or unmaintained equipment or utensils"
34726,"20131122",103133,"Moderate Risk","Foods not protected from contamination"
34726,"20131122",103112,"High Risk","No hot water or running water"
34726,"20131122",103102,"High Risk","Unclean hands or improper use of gloves"
34726,"20121114",103143,"Low Risk","Inadequate warewashing facilities or equipment"
34726,"20121114",103120,"Moderate Risk","Moderate risk food holding temperature "
34726,"20121114",103154,"Low Risk","Unclean or degraded floors walls or ceilings"
34726,"20121114",103119,"Moderate Risk","Inadequate and inaccessible handwashing facilities"
34726,"20121114",103156,"Low Risk","Permit license or inspection report not posted"
34726,"20121114",103109,"High Risk","Unclean or unsanitary food contact surfaces"
34728,"20150310",103154,"Low Risk","Unclean or degraded floors walls or ceilings"
34728,"20150310",103120,"Moderate Risk","Moderate risk food holding temperature "
34728,"20150310",103149,"Low Risk","Wiping cloths not clean or properly stored or inadequate sanitizer"
34728,"20130325",103105,"High Risk","Improper cooling methods"
34728,"20130325",103143,"Low Risk","Inadequate warewashing facilities or equipment"
34728,"20121018",103124,"Moderate Risk","Inadequately cleaned or sanitized food contact surfaces"
34728,"20121018",103139,"Low Risk","Improper food storage"
34728,"20140619",103154,"Low Risk","Unclean or degraded floors walls or ceilings"
34743,"20150121",103103,"High Risk","High risk food holding temperature "
34743,"20150121",103116,"Moderate Risk","Inadequate food safety knowledge or lack of certified food safety manager"
34743,"20150121",103119,"Moderate Risk","Inadequate and inaccessible handwashing facilities"
34743,"20150121",103143,"Low Risk","Inadequate warewashing facilities or equipment"
34743,"20150121",103153,"Low Risk","Inadequate dressing rooms or improper storage of personal items"
34743,"20150121",103109,"High Risk","Unclean or unsanitary food contact surfaces"
34743,"20130409",103118,"Moderate Risk","Employee eating or smoking"
34743,"20130409",103105,"High Risk","Improper cooling methods"
34746,"20150205",103153,"Low Risk","Inadequate dressing rooms or improper storage of personal items"
34746,"20150205",103124,"Moderate Risk","Inadequately cleaned or sanitized food contact surfaces"
34746,"20150205",103131,"Moderate Risk","Moderate risk vermin infestation"
34746,"20150205",103139,"Low Risk","Improper food storage"
34746,"20131115",103129,"Moderate Risk","Insufficient hot water or running water"
34746,"20131115",103142,"Low Risk","Unclean nonfood contact surfaces"
34746,"20131115",103150,"Low Risk","Improper or defective plumbing"
34746,"20131115",103156,"Low Risk","Permit license or inspection report not posted"
34746,"20120702",103105,"High Risk","Improper cooling methods"
34746,"20120702",103121,"Moderate Risk","Inadequate procedures or records for time as a public health control "
34746,"20120702",103123,"Moderate Risk","Food in poor condition"
34746,"20120702",103124,"Moderate Risk","Inadequately cleaned or sanitized food contact surfaces"
34746,"20130114",103154,"Low Risk","Unclean or degraded floors walls or ceilings"
34746,"20130114",103124,"Moderate Risk","Inadequately cleaned or sanitized food contact surfaces"
34746,"20130114",103104,"High Risk","Unauthorized or unsafe use of time as a public health control measure"
34746,"20130114",103132,"Moderate Risk","Improper thawing methods "
34746,"20140527",103124,"Moderate Risk","Inadequately cleaned or sanitized food contact surfaces"
34746,"20140527",103131,"Moderate Risk","Moderate risk vermin infestation"
34746,"20140527",103154,"Low Risk","Unclean or degraded floors walls or ceilings"
34769,"20130612",103149,"Low Risk","Wiping cloths not clean or properly stored or inadequate sanitizer"
34769,"20130612",103176,"Moderate Risk","Unsanitary mobile food facility"
34769,"20130612",103153,"Low Risk","Inadequate dressing rooms or improper storage of personal items"
34787,"20121024",103139,"Low Risk","Improper food storage"
34787,"20121024",103149,"Low Risk","Wiping cloths not clean or properly stored or inadequate sanitizer"
34787,"20121024",103162,"Low Risk","Other low risk violation"
34787,"20121024",103141,"Low Risk","Improper food labeling or menu misrepresentation"
34814,"20150109",103145,"Low Risk","Improper storage of equipment utensils or linens"
34814,"20150109",103157,"Low Risk","Food safety certificate or food handler card not available"
34814,"20150109",103124,"Moderate Risk","Inadequately cleaned or sanitized food contact surfaces"
34814,"20150109",103139,"Low Risk","Improper food storage"
34814,"20140130",103139,"Low Risk","Improper food storage"
34814,"20140130",103120,"Moderate Risk","Moderate risk food holding temperature "
34814,"20140130",103131,"Moderate Risk","Moderate risk vermin infestation"
34814,"20140130",103124,"Moderate Risk","Inadequately cleaned or sanitized food contact surfaces"
34839,"20130417",103109,"High Risk","Unclean or unsanitary food contact surfaces"
34839,"20130417",103103,"High Risk","High risk food holding temperature "
34839,"20130417",103133,"Moderate Risk","Foods not protected from contamination"
34839,"20130417",103119,"Moderate Risk","Inadequate and inaccessible handwashing facilities"
34839,"20120906",103103,"High Risk","High risk food holding temperature "
34839,"20120906",103144,"Low Risk","Unapproved or unmaintained equipment or utensils"
34839,"20120906",103132,"Moderate Risk","Improper thawing methods "
34865,"20150113",103120,"Moderate Risk","Moderate risk food holding temperature "
34865,"20131105",103133,"Moderate Risk","Foods not protected from contamination"
34865,"20130402",103149,"Low Risk","Wiping cloths not clean or properly stored or inadequate sanitizer"
34865,"20120927",103133,"Moderate Risk","Foods not protected from contamination"
34865,"20120927",103161,"Low Risk","Low risk vermin infestation"
34865,"20140509",103139,"Low Risk","Improper food storage"
34865,"20140509",103150,"Low Risk","Improper or defective plumbing"
34869,"20150420",103150,"Low Risk","Improper or defective plumbing"
34869,"20150420",103157,"Low Risk","Food safety certificate or food handler card not available"
34869,"20150420",103159,"Low Risk","Worker safety hazards"
34869,"20150420",103124,"Moderate Risk","Inadequately cleaned or sanitized food contact surfaces"
34869,"20120724",103139,"Low Risk","Improper food storage"
34869,"20120724",103142,"Low Risk","Unclean nonfood contact surfaces"
34869,"20120724",103150,"Low Risk","Improper or defective plumbing"
34869,"20120724",103152,"Low Risk","Unclean unmaintained or improperly constructed toilet facilities"
34869,"20130214",103103,"High Risk","High risk food holding temperature "
34869,"20130214",103149,"Low Risk","Wiping cloths not clean or properly stored or inadequate sanitizer"
34869,"20130214",103157,"Low Risk","Food safety certificate or food handler card not available"
34869,"20140804",103120,"Moderate Risk","Moderate risk food holding temperature "
34869,"20140804",103116,"Moderate Risk","Inadequate food safety knowledge or lack of certified food safety manager"
34869,"20140813",103103,"High Risk","High risk food holding temperature "
34869,"20140804",103119,"Moderate Risk","Inadequate and inaccessible handwashing facilities"
34869,"20140804",103148,"Low Risk","No thermometers or uncalibrated thermometers "
34869,"20140804",103150,"Low Risk","Improper or defective plumbing"
34869,"20140820",103120,"Moderate Risk","Moderate risk food holding temperature "
34885,"20131118",103131,"Moderate Risk","Moderate risk vermin infestation"
34885,"20131118",103109,"High Risk","Unclean or unsanitary food contact surfaces"
34885,"20130321",103109,"High Risk","Unclean or unsanitary food contact surfaces"
34885,"20130321",103144,"Low Risk","Unapproved or unmaintained equipment or utensils"
34885,"20130321",103142,"Low Risk","Unclean nonfood contact surfaces"
34885,"20130321",103131,"Moderate Risk","Moderate risk vermin infestation"
34885,"20120711",103103,"High Risk","High risk food holding temperature "
34885,"20120711",103131,"Moderate Risk","Moderate risk vermin infestation"
34885,"20120711",103157,"Low Risk","Food safety certificate or food handler card not available"
34885,"20140604",103156,"Low Risk","Permit license or inspection report not posted"
34885,"20140604",103109,"High Risk","Unclean or unsanitary food contact surfaces"
34885,"20140604",103142,"Low Risk","Unclean nonfood contact surfaces"
34885,"20140604",103143,"Low Risk","Inadequate warewashing facilities or equipment"
34910,"20141204",103142,"Low Risk","Unclean nonfood contact surfaces"
34910,"20141204",103144,"Low Risk","Unapproved or unmaintained equipment or utensils"
34910,"20141204",103124,"Moderate Risk","Inadequately cleaned or sanitized food contact surfaces"
34910,"20141204",103133,"Moderate Risk","Foods not protected from contamination"
34910,"20141204",103132,"Moderate Risk","Improper thawing methods "
34910,"20131015",103145,"Low Risk","Improper storage of equipment utensils or linens"
34910,"20131015",103149,"Low Risk","Wiping cloths not clean or properly stored or inadequate sanitizer"
34910,"20131015",103141,"Low Risk","Improper food labeling or menu misrepresentation"
34910,"20131015",103154,"Low Risk","Unclean or degraded floors walls or ceilings"
34910,"20130501",103154,"Low Risk","Unclean or degraded floors walls or ceilings"
34910,"20130501",103121,"Moderate Risk","Inadequate procedures or records for time as a public health control "
34910,"20130501",103123,"Moderate Risk","Food in poor condition"
34910,"20140317",103119,"Moderate Risk","Inadequate and inaccessible handwashing facilities"
34910,"20140317",103121,"Moderate Risk","Inadequate procedures or records for time as a public health control "
34910,"20140317",103145,"Low Risk","Improper storage of equipment utensils or linens"
34910,"20140317",103149,"Low Risk","Wiping cloths not clean or properly stored or inadequate sanitizer"
34910,"20120918",103142,"Low Risk","Unclean nonfood contact surfaces"
34910,"20120918",103154,"Low Risk","Unclean or degraded floors walls or ceilings"
34942,"20150305",103131,"Moderate Risk","Moderate risk vermin infestation"
34942,"20150305",103152,"Low Risk","Unclean unmaintained or improperly constructed toilet facilities"
34942,"20120724",103157,"Low Risk","Food safety certificate or food handler card not available"
34942,"20130204",103119,"Moderate Risk","Inadequate and inaccessible handwashing facilities"
34942,"20140811",103142,"Low Risk","Unclean nonfood contact surfaces"
34942,"20140811",103156,"Low Risk","Permit license or inspection report not posted"
34942,"20140811",103157,"Low Risk","Food safety certificate or food handler card not available"
34969,"20150129",103139,"Low Risk","Improper food storage"
34969,"20150129",103154,"Low Risk","Unclean or degraded floors walls or ceilings"
34969,"20150129",103120,"Moderate Risk","Moderate risk food holding temperature "
34969,"20150129",103161,"Low Risk","Low risk vermin infestation"
34969,"20130425",103103,"High Risk","High risk food holding temperature "
34969,"20130425",103114,"High Risk","High risk vermin infestation"
34969,"20120614",103144,"Low Risk","Unapproved or unmaintained equipment or utensils"
34969,"20120614",103142,"Low Risk","Unclean nonfood contact surfaces"
34969,"20120614",103124,"Moderate Risk","Inadequately cleaned or sanitized food contact surfaces"
34969,"20140521",103103,"High Risk","High risk food holding temperature "
34969,"20140521",103147,"Low Risk","Inadequate ventilation or lighting"
34989,"20140107",103134,"Moderate Risk","Other moderate risk violation"
34989,"20140107",103144,"Low Risk","Unapproved or unmaintained equipment or utensils"
34989,"20120612",103144,"Low Risk","Unapproved or unmaintained equipment or utensils"
34989,"20120612",103154,"Low Risk","Unclean or degraded floors walls or ceilings"
34989,"20121205",103154,"Low Risk","Unclean or degraded floors walls or ceilings"
34989,"20121205",103144,"Low Risk","Unapproved or unmaintained equipment or utensils"
34989,"20121205",103139,"Low Risk","Improper food storage"
34989,"20140604",103142,"Low Risk","Unclean nonfood contact surfaces"
34989,"20140604",103139,"Low Risk","Improper food storage"
34989,"20140604",103124,"Moderate Risk","Inadequately cleaned or sanitized food contact surfaces"
34992,"20130325",103154,"Low Risk","Unclean or degraded floors walls or ceilings"
34992,"20130325",103142,"Low Risk","Unclean nonfood contact surfaces"
34992,"20130325",103161,"Low Risk","Low risk vermin infestation"
34992,"20130325",103148,"Low Risk","No thermometers or uncalibrated thermometers "
34995,"20140102",103142,"Low Risk","Unclean nonfood contact surfaces"
34995,"20130403",103143,"Low Risk","Inadequate warewashing facilities or equipment"
34995,"20130403",103116,"Moderate Risk","Inadequate food safety knowledge or lack of certified food safety manager"
34995,"20120820",103147,"Low Risk","Inadequate ventilation or lighting"
34995,"20120820",103154,"Low Risk","Unclean or degraded floors walls or ceilings"
34995,"20120820",103150,"Low Risk","Improper or defective plumbing"
34995,"20120820",103157,"Low Risk","Food safety certificate or food handler card not available"
34995,"20120820",103120,"Moderate Risk","Moderate risk food holding temperature "
35026,"20150424",103114,"High Risk","High risk vermin infestation"
35026,"20150424",103119,"Moderate Risk","Inadequate and inaccessible handwashing facilities"
35026,"20150424",103133,"Moderate Risk","Foods not protected from contamination"
35026,"20150424",103149,"Low Risk","Wiping cloths not clean or properly stored or inadequate sanitizer"
35026,"20150424",103156,"Low Risk","Permit license or inspection report not posted"
35026,"20130423",103116,"Moderate Risk","Inadequate food safety knowledge or lack of certified food safety manager"
35026,"20130423",103102,"High Risk","Unclean hands or improper use of gloves"
35026,"20130423",103108,"High Risk","Contaminated or adulterated food"
35026,"20130423",103139,"Low Risk","Improper food storage"
35026,"20130423",103114,"High Risk","High risk vermin infestation"
35026,"20130423",103133,"Moderate Risk","Foods not protected from contamination"
35026,"20130423",103109,"High Risk","Unclean or unsanitary food contact surfaces"
35070,"20150107",103142,"Low Risk","Unclean nonfood contact surfaces"
35070,"20150107",103131,"Moderate Risk","Moderate risk vermin infestation"
35070,"20150107",103139,"Low Risk","Improper food storage"
35070,"20121017",103150,"Low Risk","Improper or defective plumbing"
35070,"20121017",103145,"Low Risk","Improper storage of equipment utensils or linens"
35070,"20121017",103142,"Low Risk","Unclean nonfood contact surfaces"
35070,"20121017",103139,"Low Risk","Improper food storage"
35070,"20121017",103114,"High Risk","High risk vermin infestation"
35070,"20121017",103154,"Low Risk","Unclean or degraded floors walls or ceilings"
35070,"20121017",103149,"Low Risk","Wiping cloths not clean or properly stored or inadequate sanitizer"
35070,"20140507",103145,"Low Risk","Improper storage of equipment utensils or linens"
35078,"20150604",103147,"Low Risk","Inadequate ventilation or lighting"
35078,"20150604",103156,"Low Risk","Permit license or inspection report not posted"
35078,"20150604",103151,"Low Risk","Inadequate or unsanitary refuse containers or area or no garbage service"
35078,"20150604",103149,"Low Risk","Wiping cloths not clean or properly stored or inadequate sanitizer"
35078,"20150604",103123,"Moderate Risk","Food in poor condition"
35078,"20131113",103124,"Moderate Risk","Inadequately cleaned or sanitized food contact surfaces"
35078,"20131113",103154,"Low Risk","Unclean or degraded floors walls or ceilings"
35078,"20131113",103114,"High Risk","High risk vermin infestation"
35078,"20131113",103145,"Low Risk","Improper storage of equipment utensils or linens"
35078,"20131113",103139,"Low Risk","Improper food storage"
35078,"20140221",103114,"High Risk","High risk vermin infestation"
35078,"20140221",103105,"High Risk","Improper cooling methods"
35078,"20140221",103124,"Moderate Risk","Inadequately cleaned or sanitized food contact surfaces"
35078,"20121016",103139,"Low Risk","Improper food storage"
35078,"20121016",103131,"Moderate Risk","Moderate risk vermin infestation"
35078,"20121016",103124,"Moderate Risk","Inadequately cleaned or sanitized food contact surfaces"
35078,"20121016",103113,"High Risk","Sewage or wastewater contamination"
35106,"20120925",103119,"Moderate Risk","Inadequate and inaccessible handwashing facilities"
35199,"20141104",103142,"Low Risk","Unclean nonfood contact surfaces"
35199,"20141104",103143,"Low Risk","Inadequate warewashing facilities or equipment"
35199,"20141104",103154,"Low Risk","Unclean or degraded floors walls or ceilings"
35199,"20130625",103120,"Moderate Risk","Moderate risk food holding temperature "
35199,"20130625",103142,"Low Risk","Unclean nonfood contact surfaces"
35199,"20140304",103150,"Low Risk","Improper or defective plumbing"
35199,"20140304",103124,"Moderate Risk","Inadequately cleaned or sanitized food contact surfaces"
35199,"20121205",103132,"Moderate Risk","Improper thawing methods "
35199,"20121205",103142,"Low Risk","Unclean nonfood contact surfaces"
35199,"20121205",103147,"Low Risk","Inadequate ventilation or lighting"
35220,"20131016",103133,"Moderate Risk","Foods not protected from contamination"
35220,"20131016",103120,"Moderate Risk","Moderate risk food holding temperature "
35220,"20130305",103120,"Moderate Risk","Moderate risk food holding temperature "
35220,"20130305",103133,"Moderate Risk","Foods not protected from contamination"
35220,"20121210",103144,"Low Risk","Unapproved or unmaintained equipment or utensils"
35220,"20121210",103120,"Moderate Risk","Moderate risk food holding temperature "
35220,"20140717",103139,"Low Risk","Improper food storage"
35220,"20140717",103103,"High Risk","High risk food holding temperature "
35221,"20150106",103120,"Moderate Risk","Moderate risk food holding temperature "
35221,"20150106",103132,"Moderate Risk","Improper thawing methods "
35221,"20150106",103142,"Low Risk","Unclean nonfood contact surfaces"
35221,"20150106",103154,"Low Risk","Unclean or degraded floors walls or ceilings"
35221,"20131030",103154,"Low Risk","Unclean or degraded floors walls or ceilings"
35221,"20131030",103114,"High Risk","High risk vermin infestation"
35221,"20131030",103129,"Moderate Risk","Insufficient hot water or running water"
35221,"20131030",103133,"Moderate Risk","Foods not protected from contamination"
35221,"20131030",103109,"High Risk","Unclean or unsanitary food contact surfaces"
35221,"20140417",103149,"Low Risk","Wiping cloths not clean or properly stored or inadequate sanitizer"
35221,"20140417",103144,"Low Risk","Unapproved or unmaintained equipment or utensils"
35221,"20140417",103142,"Low Risk","Unclean nonfood contact surfaces"
35221,"20140417",103138,"Low Risk","Improper storage use or identification of toxic substances"
35221,"20120815",103142,"Low Risk","Unclean nonfood contact surfaces"
35221,"20120815",103105,"High Risk","Improper cooling methods"
35221,"20120815",103109,"High Risk","Unclean or unsanitary food contact surfaces"
35221,"20120815",103129,"Moderate Risk","Insufficient hot water or running water"
35221,"20120815",103149,"Low Risk","Wiping cloths not clean or properly stored or inadequate sanitizer"
35221,"20130110",103133,"Moderate Risk","Foods not protected from contamination"
35221,"20130110",103139,"Low Risk","Improper food storage"
35221,"20130110",103150,"Low Risk","Improper or defective plumbing"
35221,"20130110",103131,"Moderate Risk","Moderate risk vermin infestation"
35240,"20131113",103142,"Low Risk","Unclean nonfood contact surfaces"
35240,"20131113",103139,"Low Risk","Improper food storage"
35240,"20130604",103132,"Moderate Risk","Improper thawing methods "
35240,"20130604",103149,"Low Risk","Wiping cloths not clean or properly stored or inadequate sanitizer"
35240,"20130604",103154,"Low Risk","Unclean or degraded floors walls or ceilings"
35240,"20120829",103149,"Low Risk","Wiping cloths not clean or properly stored or inadequate sanitizer"
35240,"20120829",103120,"Moderate Risk","Moderate risk food holding temperature "
35240,"20120829",103118,"Moderate Risk","Employee eating or smoking"
35240,"20140630",103154,"Low Risk","Unclean or degraded floors walls or ceilings"
35240,"20140630",103149,"Low Risk","Wiping cloths not clean or properly stored or inadequate sanitizer"
35240,"20140630",103142,"Low Risk","Unclean nonfood contact surfaces"
35240,"20140630",103157,"Low Risk","Food safety certificate or food handler card not available"
35317,"20140225",103142,"Low Risk","Unclean nonfood contact surfaces"
35317,"20140225",103144,"Low Risk","Unapproved or unmaintained equipment or utensils"
35317,"20140225",103143,"Low Risk","Inadequate warewashing facilities or equipment"
35317,"20140225",103133,"Moderate Risk","Foods not protected from contamination"
35317,"20130204",103144,"Low Risk","Unapproved or unmaintained equipment or utensils"
35340,"20141027",103119,"Moderate Risk","Inadequate and inaccessible handwashing facilities"
35340,"20150320",103139,"Low Risk","Improper food storage"
35359,"20120629",103124,"Moderate Risk","Inadequately cleaned or sanitized food contact surfaces"
35359,"20120629",103154,"Low Risk","Unclean or degraded floors walls or ceilings"
35359,"20120629",103119,"Moderate Risk","Inadequate and inaccessible handwashing facilities"
35415,"20130708",103149,"Low Risk","Wiping cloths not clean or properly stored or inadequate sanitizer"
35415,"20130708",103120,"Moderate Risk","Moderate risk food holding temperature "
35415,"20140603",103130,"Moderate Risk","Inadequate sewage or wastewater disposal"
35415,"20140603",103156,"Low Risk","Permit license or inspection report not posted"
35418,"20130308",103149,"Low Risk","Wiping cloths not clean or properly stored or inadequate sanitizer"
35418,"20140327",103149,"Low Risk","Wiping cloths not clean or properly stored or inadequate sanitizer"
35425,"20131105",103156,"Low Risk","Permit license or inspection report not posted"
35425,"20131105",103150,"Low Risk","Improper or defective plumbing"
35425,"20131105",103145,"Low Risk","Improper storage of equipment utensils or linens"
35425,"20131105",103103,"High Risk","High risk food holding temperature "
35425,"20131105",103131,"Moderate Risk","Moderate risk vermin infestation"
35425,"20130327",103116,"Moderate Risk","Inadequate food safety knowledge or lack of certified food safety manager"
35425,"20130327",103156,"Low Risk","Permit license or inspection report not posted"
35425,"20130327",103149,"Low Risk","Wiping cloths not clean or properly stored or inadequate sanitizer"
35425,"20130327",103103,"High Risk","High risk food holding temperature "
35425,"20130327",103105,"High Risk","Improper cooling methods"
35425,"20130327",103118,"Moderate Risk","Employee eating or smoking"
35425,"20130327",103139,"Low Risk","Improper food storage"
35425,"20130327",103148,"Low Risk","No thermometers or uncalibrated thermometers "
35425,"20130327",103144,"Low Risk","Unapproved or unmaintained equipment or utensils"
35425,"20121030",103145,"Low Risk","Improper storage of equipment utensils or linens"
35425,"20121030",103103,"High Risk","High risk food holding temperature "
35425,"20121030",103131,"Moderate Risk","Moderate risk vermin infestation"
35425,"20140529",103149,"Low Risk","Wiping cloths not clean or properly stored or inadequate sanitizer"
35425,"20140529",103121,"Moderate Risk","Inadequate procedures or records for time as a public health control "
35447,"20130729",103151,"Low Risk","Inadequate or unsanitary refuse containers or area or no garbage service"
35447,"20130729",103156,"Low Risk","Permit license or inspection report not posted"
35447,"20130729",103154,"Low Risk","Unclean or degraded floors walls or ceilings"
35447,"20130729",103139,"Low Risk","Improper food storage"
35447,"20130729",103116,"Moderate Risk","Inadequate food safety knowledge or lack of certified food safety manager"
35447,"20140121",103139,"Low Risk","Improper food storage"
35447,"20140121",103161,"Low Risk","Low risk vermin infestation"
35447,"20140121",103120,"Moderate Risk","Moderate risk food holding temperature "
35447,"20140121",103149,"Low Risk","Wiping cloths not clean or properly stored or inadequate sanitizer"
35447,"20140121",103116,"Moderate Risk","Inadequate food safety knowledge or lack of certified food safety manager"
35447,"20120712",103142,"Low Risk","Unclean nonfood contact surfaces"
35447,"20120712",103103,"High Risk","High risk food holding temperature "
35447,"20120712",103131,"Moderate Risk","Moderate risk vermin infestation"
35447,"20130114",103116,"Moderate Risk","Inadequate food safety knowledge or lack of certified food safety manager"
35447,"20130114",103142,"Low Risk","Unclean nonfood contact surfaces"
35447,"20130114",103150,"Low Risk","Improper or defective plumbing"
35464,"20130625",103144,"Low Risk","Unapproved or unmaintained equipment or utensils"
35464,"20130625",103124,"Moderate Risk","Inadequately cleaned or sanitized food contact surfaces"
35464,"20120924",103119,"Moderate Risk","Inadequate and inaccessible handwashing facilities"
35464,"20120924",103129,"Moderate Risk","Insufficient hot water or running water"
35464,"20120924",103154,"Low Risk","Unclean or degraded floors walls or ceilings"
35464,"20140721",103129,"Moderate Risk","Insufficient hot water or running water"
35464,"20140721",103131,"Moderate Risk","Moderate risk vermin infestation"
35464,"20140721",103154,"Low Risk","Unclean or degraded floors walls or ceilings"
35469,"20131107",103138,"Low Risk","Improper storage use or identification of toxic substances"
35469,"20131107",103120,"Moderate Risk","Moderate risk food holding temperature "
35469,"20131107",103116,"Moderate Risk","Inadequate food safety knowledge or lack of certified food safety manager"
35469,"20121107",103154,"Low Risk","Unclean or degraded floors walls or ceilings"
35469,"20140513",103120,"Moderate Risk","Moderate risk food holding temperature "
35469,"20140513",103116,"Moderate Risk","Inadequate food safety knowledge or lack of certified food safety manager"
35469,"20140513",103135,"Low Risk","No person in charge of food facility"
35469,"20140513",103138,"Low Risk","Improper storage use or identification of toxic substances"
35469,"20140513",103145,"Low Risk","Improper storage of equipment utensils or linens"
35503,"20150601",103116,"Moderate Risk","Inadequate food safety knowledge or lack of certified food safety manager"
35503,"20150601",103150,"Low Risk","Improper or defective plumbing"
35503,"20120927",103123,"Moderate Risk","Food in poor condition"
35503,"20120927",103149,"Low Risk","Wiping cloths not clean or properly stored or inadequate sanitizer"
35503,"20140512",103119,"Moderate Risk","Inadequate and inaccessible handwashing facilities"
35507,"20141205",103103,"High Risk","High risk food holding temperature "
35507,"20141103",103145,"Low Risk","Improper storage of equipment utensils or linens"
35507,"20141103",103148,"Low Risk","No thermometers or uncalibrated thermometers "
35507,"20141103",103149,"Low Risk","Wiping cloths not clean or properly stored or inadequate sanitizer"
35507,"20141103",103120,"Moderate Risk","Moderate risk food holding temperature "
35507,"20141103",103133,"Moderate Risk","Foods not protected from contamination"
35507,"20150306",103127,"Moderate Risk","Noncompliance with HAACP plan or variance"
35507,"20130829",103124,"Moderate Risk","Inadequately cleaned or sanitized food contact surfaces"
35507,"20130829",103103,"High Risk","High risk food holding temperature "
35507,"20140307",103109,"High Risk","Unclean or unsanitary food contact surfaces"
35507,"20140307",103102,"High Risk","Unclean hands or improper use of gloves"
35507,"20140307",103103,"High Risk","High risk food holding temperature "
35507,"20140307",103142,"Low Risk","Unclean nonfood contact surfaces"
35507,"20140307",103133,"Moderate Risk","Foods not protected from contamination"
35507,"20121109",103120,"Moderate Risk","Moderate risk food holding temperature "
35507,"20121109",103154,"Low Risk","Unclean or degraded floors walls or ceilings"
35507,"20121109",103124,"Moderate Risk","Inadequately cleaned or sanitized food contact surfaces"
35565,"20150527",103119,"Moderate Risk","Inadequate and inaccessible handwashing facilities"
35565,"20150527",103131,"Moderate Risk","Moderate risk vermin infestation"
35565,"20150527",103133,"Moderate Risk","Foods not protected from contamination"
35565,"20121011",103119,"Moderate Risk","Inadequate and inaccessible handwashing facilities"
35565,"20121011",103124,"Moderate Risk","Inadequately cleaned or sanitized food contact surfaces"
35565,"20140718",103145,"Low Risk","Improper storage of equipment utensils or linens"
35565,"20140718",103119,"Moderate Risk","Inadequate and inaccessible handwashing facilities"
35565,"20140718",103131,"Moderate Risk","Moderate risk vermin infestation"
35565,"20140718",103133,"Moderate Risk","Foods not protected from contamination"
35565,"20140718",103116,"Moderate Risk","Inadequate food safety knowledge or lack of certified food safety manager"
35591,"20131120",103139,"Low Risk","Improper food storage"
35591,"20130523",103157,"Low Risk","Food safety certificate or food handler card not available"
35591,"20121204",103120,"Moderate Risk","Moderate risk food holding temperature "
35591,"20121204",103114,"High Risk","High risk vermin infestation"
35592,"20130321",103102,"High Risk","Unclean hands or improper use of gloves"
35592,"20130321",103149,"Low Risk","Wiping cloths not clean or properly stored or inadequate sanitizer"
35592,"20130321",103120,"Moderate Risk","Moderate risk food holding temperature "
35592,"20130321",103154,"Low Risk","Unclean or degraded floors walls or ceilings"
35592,"20130321",103107,"High Risk","Improper reheating of food"
35592,"20121012",103124,"Moderate Risk","Inadequately cleaned or sanitized food contact surfaces"
35592,"20121012",103116,"Moderate Risk","Inadequate food safety knowledge or lack of certified food safety manager"
35592,"20121012",103109,"High Risk","Unclean or unsanitary food contact surfaces"
35592,"20121012",103102,"High Risk","Unclean hands or improper use of gloves"
35592,"20121012",103139,"Low Risk","Improper food storage"
35592,"20121012",103148,"Low Risk","No thermometers or uncalibrated thermometers "
35592,"20121012",103154,"Low Risk","Unclean or degraded floors walls or ceilings"
35659,"20140210",103142,"Low Risk","Unclean nonfood contact surfaces"
35659,"20140210",103124,"Moderate Risk","Inadequately cleaned or sanitized food contact surfaces"
35659,"20140210",103103,"High Risk","High risk food holding temperature "
35659,"20140819",103105,"High Risk","Improper cooling methods"
35659,"20140819",103124,"Moderate Risk","Inadequately cleaned or sanitized food contact surfaces"
35659,"20140819",103119,"Moderate Risk","Inadequate and inaccessible handwashing facilities"
35659,"20140819",103103,"High Risk","High risk food holding temperature "
35660,"20130731",103107,"High Risk","Improper reheating of food"
35660,"20130731",103149,"Low Risk","Wiping cloths not clean or properly stored or inadequate sanitizer"
35660,"20130731",103103,"High Risk","High risk food holding temperature "
35660,"20130731",103109,"High Risk","Unclean or unsanitary food contact surfaces"
35660,"20130731",103154,"Low Risk","Unclean or degraded floors walls or ceilings"
35660,"20140204",103156,"Low Risk","Permit license or inspection report not posted"
35660,"20140204",103114,"High Risk","High risk vermin infestation"
35660,"20120926",103142,"Low Risk","Unclean nonfood contact surfaces"
35660,"20130123",103114,"High Risk","High risk vermin infestation"
35660,"20130123",103132,"Moderate Risk","Improper thawing methods "
35671,"20141017",103156,"Low Risk","Permit license or inspection report not posted"
35671,"20141017",103154,"Low Risk","Unclean or degraded floors walls or ceilings"
35671,"20141017",103149,"Low Risk","Wiping cloths not clean or properly stored or inadequate sanitizer"
35671,"20130729",103154,"Low Risk","Unclean or degraded floors walls or ceilings"
35671,"20130729",103119,"Moderate Risk","Inadequate and inaccessible handwashing facilities"
35671,"20130729",103103,"High Risk","High risk food holding temperature "
35671,"20130729",103147,"Low Risk","Inadequate ventilation or lighting"
35671,"20130729",103124,"Moderate Risk","Inadequately cleaned or sanitized food contact surfaces"
35671,"20140403",103105,"High Risk","Improper cooling methods"
35671,"20140403",103103,"High Risk","High risk food holding temperature "
35671,"20140403",103109,"High Risk","Unclean or unsanitary food contact surfaces"
35671,"20140403",103129,"Moderate Risk","Insufficient hot water or running water"
35671,"20120613",103157,"Low Risk","Food safety certificate or food handler card not available"
35690,"20150217",103102,"High Risk","Unclean hands or improper use of gloves"
35690,"20150217",103124,"Moderate Risk","Inadequately cleaned or sanitized food contact surfaces"
35690,"20150217",103116,"Moderate Risk","Inadequate food safety knowledge or lack of certified food safety manager"
35690,"20130410",103119,"Moderate Risk","Inadequate and inaccessible handwashing facilities"
35690,"20130410",103156,"Low Risk","Permit license or inspection report not posted"
35690,"20130410",103154,"Low Risk","Unclean or degraded floors walls or ceilings"
35690,"20130410",103152,"Low Risk","Unclean unmaintained or improperly constructed toilet facilities"
35690,"20130410",103149,"Low Risk","Wiping cloths not clean or properly stored or inadequate sanitizer"
35690,"20130410",103144,"Low Risk","Unapproved or unmaintained equipment or utensils"
35690,"20130410",103109,"High Risk","Unclean or unsanitary food contact surfaces"
35690,"20130410",103132,"Moderate Risk","Improper thawing methods "
35690,"20130410",103114,"High Risk","High risk vermin infestation"
35690,"20130410",103116,"Moderate Risk","Inadequate food safety knowledge or lack of certified food safety manager"
35690,"20130410",103139,"Low Risk","Improper food storage"
35690,"20130410",103142,"Low Risk","Unclean nonfood contact surfaces"
35690,"20120724",103142,"Low Risk","Unclean nonfood contact surfaces"
35690,"20120724",103157,"Low Risk","Food safety certificate or food handler card not available"
35690,"20120724",103124,"Moderate Risk","Inadequately cleaned or sanitized food contact surfaces"
35690,"20120724",103119,"Moderate Risk","Inadequate and inaccessible handwashing facilities"
35690,"20140725",103116,"Moderate Risk","Inadequate food safety knowledge or lack of certified food safety manager"
35690,"20140725",103114,"High Risk","High risk vermin infestation"
35690,"20140725",103102,"High Risk","Unclean hands or improper use of gloves"
35690,"20140725",103156,"Low Risk","Permit license or inspection report not posted"
35690,"20140725",103110,"High Risk","Unapproved food source"
35690,"20140725",103152,"Low Risk","Unclean unmaintained or improperly constructed toilet facilities"
35702,"20130624",103133,"Moderate Risk","Foods not protected from contamination"
35702,"20130624",103138,"Low Risk","Improper storage use or identification of toxic substances"
35702,"20130624",103149,"Low Risk","Wiping cloths not clean or properly stored or inadequate sanitizer"
35702,"20140113",103144,"Low Risk","Unapproved or unmaintained equipment or utensils"
35702,"20140113",103149,"Low Risk","Wiping cloths not clean or properly stored or inadequate sanitizer"
35702,"20140113",103103,"High Risk","High risk food holding temperature "
35702,"20140113",103131,"Moderate Risk","Moderate risk vermin infestation"
35702,"20140113",103142,"Low Risk","Unclean nonfood contact surfaces"
35702,"20121105",103144,"Low Risk","Unapproved or unmaintained equipment or utensils"
35702,"20121105",103142,"Low Risk","Unclean nonfood contact surfaces"
35702,"20121105",103138,"Low Risk","Improper storage use or identification of toxic substances"
35702,"20121105",103114,"High Risk","High risk vermin infestation"
35702,"20140529",103124,"Moderate Risk","Inadequately cleaned or sanitized food contact surfaces"
35702,"20140529",103132,"Moderate Risk","Improper thawing methods "
35702,"20140529",103161,"Low Risk","Low risk vermin infestation"
35702,"20140529",103133,"Moderate Risk","Foods not protected from contamination"
35702,"20140529",103142,"Low Risk","Unclean nonfood contact surfaces"
35771,"20150406",103150,"Low Risk","Improper or defective plumbing"
35771,"20130823",103152,"Low Risk","Unclean unmaintained or improperly constructed toilet facilities"
35771,"20130823",103156,"Low Risk","Permit license or inspection report not posted"
35771,"20140325",103142,"Low Risk","Unclean nonfood contact surfaces"
35771,"20140325",103154,"Low Risk","Unclean or degraded floors walls or ceilings"
35771,"20120928",103149,"Low Risk","Wiping cloths not clean or properly stored or inadequate sanitizer"
35771,"20120928",103154,"Low Risk","Unclean or degraded floors walls or ceilings"
35784,"20141230",103124,"Moderate Risk","Inadequately cleaned or sanitized food contact surfaces"
35784,"20141230",103116,"Moderate Risk","Inadequate food safety knowledge or lack of certified food safety manager"
35784,"20141230",103133,"Moderate Risk","Foods not protected from contamination"
35784,"20141230",103105,"High Risk","Improper cooling methods"
35784,"20131002",103120,"Moderate Risk","Moderate risk food holding temperature "
35784,"20131002",103105,"High Risk","Improper cooling methods"
35784,"20130220",103103,"High Risk","High risk food holding temperature "
35784,"20130220",103142,"Low Risk","Unclean nonfood contact surfaces"
35784,"20130220",103145,"Low Risk","Improper storage of equipment utensils or linens"
35784,"20130220",103133,"Moderate Risk","Foods not protected from contamination"
35784,"20140514",103145,"Low Risk","Improper storage of equipment utensils or linens"
35784,"20140514",103120,"Moderate Risk","Moderate risk food holding temperature "
35786,"20140915",103161,"Low Risk","Low risk vermin infestation"
35786,"20150312",103120,"Moderate Risk","Moderate risk food holding temperature "
35786,"20131007",103157,"Low Risk","Food safety certificate or food handler card not available"
35786,"20130322",103120,"Moderate Risk","Moderate risk food holding temperature "
35786,"20130322",103157,"Low Risk","Food safety certificate or food handler card not available"
35786,"20140324",103150,"Low Risk","Improper or defective plumbing"
35786,"20140324",103153,"Low Risk","Inadequate dressing rooms or improper storage of personal items"
35786,"20120928",103150,"Low Risk","Improper or defective plumbing"
35786,"20120928",103107,"High Risk","Improper reheating of food"
35786,"20120928",103120,"Moderate Risk","Moderate risk food holding temperature "
35786,"20120928",103161,"Low Risk","Low risk vermin infestation"
35805,"20141114",103157,"Low Risk","Food safety certificate or food handler card not available"
35805,"20130306",103143,"Low Risk","Inadequate warewashing facilities or equipment"
35805,"20130306",103145,"Low Risk","Improper storage of equipment utensils or linens"
35805,"20130306",103149,"Low Risk","Wiping cloths not clean or properly stored or inadequate sanitizer"
35805,"20130306",103161,"Low Risk","Low risk vermin infestation"
35805,"20140415",103149,"Low Risk","Wiping cloths not clean or properly stored or inadequate sanitizer"
35805,"20140415",103119,"Moderate Risk","Inadequate and inaccessible handwashing facilities"
35805,"20120910",103162,"Low Risk","Other low risk violation"
35805,"20120910",103161,"Low Risk","Low risk vermin infestation"
35805,"20120910",103152,"Low Risk","Unclean unmaintained or improperly constructed toilet facilities"
35812,"20150520",103139,"Low Risk","Improper food storage"
35812,"20130912",103144,"Low Risk","Unapproved or unmaintained equipment or utensils"
35812,"20130912",103120,"Moderate Risk","Moderate risk food holding temperature "
35828,"20140919",103103,"High Risk","High risk food holding temperature "
35828,"20140919",103109,"High Risk","Unclean or unsanitary food contact surfaces"
35828,"20140919",103131,"Moderate Risk","Moderate risk vermin infestation"
35828,"20140919",103142,"Low Risk","Unclean nonfood contact surfaces"
35828,"20140204",103162,"Low Risk","Other low risk violation"
35828,"20140204",103131,"Moderate Risk","Moderate risk vermin infestation"
35828,"20140204",103142,"Low Risk","Unclean nonfood contact surfaces"
35828,"20140204",103154,"Low Risk","Unclean or degraded floors walls or ceilings"
35828,"20130415",103152,"Low Risk","Unclean unmaintained or improperly constructed toilet facilities"
35828,"20130415",103103,"High Risk","High risk food holding temperature "
35828,"20130415",103142,"Low Risk","Unclean nonfood contact surfaces"
35828,"20120808",103131,"Moderate Risk","Moderate risk vermin infestation"
35828,"20120808",103103,"High Risk","High risk food holding temperature "
35828,"20120808",103124,"Moderate Risk","Inadequately cleaned or sanitized food contact surfaces"
35828,"20120808",103148,"Low Risk","No thermometers or uncalibrated thermometers "
35852,"20140904",103133,"Moderate Risk","Foods not protected from contamination"
35852,"20140904",103145,"Low Risk","Improper storage of equipment utensils or linens"
35852,"20140904",103154,"Low Risk","Unclean or degraded floors walls or ceilings"
35852,"20131205",103149,"Low Risk","Wiping cloths not clean or properly stored or inadequate sanitizer"
35852,"20131205",103109,"High Risk","Unclean or unsanitary food contact surfaces"
35852,"20131206",103161,"Low Risk","Low risk vermin infestation"
35852,"20131205",103139,"Low Risk","Improper food storage"
35852,"20131205",103119,"Moderate Risk","Inadequate and inaccessible handwashing facilities"
35852,"20131205",103116,"Moderate Risk","Inadequate food safety knowledge or lack of certified food safety manager"
35852,"20131205",103114,"High Risk","High risk vermin infestation"
35852,"20131205",103154,"Low Risk","Unclean or degraded floors walls or ceilings"
35852,"20130417",103154,"Low Risk","Unclean or degraded floors walls or ceilings"
35852,"20130417",103149,"Low Risk","Wiping cloths not clean or properly stored or inadequate sanitizer"
35852,"20130417",103116,"Moderate Risk","Inadequate food safety knowledge or lack of certified food safety manager"
35855,"20130919",103103,"High Risk","High risk food holding temperature "
35855,"20130919",103157,"Low Risk","Food safety certificate or food handler card not available"
35855,"20121221",103149,"Low Risk","Wiping cloths not clean or properly stored or inadequate sanitizer"
35855,"20121221",103132,"Moderate Risk","Improper thawing methods "
35855,"20121221",103119,"Moderate Risk","Inadequate and inaccessible handwashing facilities"
35855,"20140519",103142,"Low Risk","Unclean nonfood contact surfaces"
35855,"20140519",103149,"Low Risk","Wiping cloths not clean or properly stored or inadequate sanitizer"
35855,"20140519",103119,"Moderate Risk","Inadequate and inaccessible handwashing facilities"
35855,"20140519",103145,"Low Risk","Improper storage of equipment utensils or linens"
35855,"20140519",103120,"Moderate Risk","Moderate risk food holding temperature "
35862,"20150114",103139,"Low Risk","Improper food storage"
35862,"20150114",103154,"Low Risk","Unclean or degraded floors walls or ceilings"
35862,"20150114",103118,"Moderate Risk","Employee eating or smoking"
35862,"20150114",103149,"Low Risk","Wiping cloths not clean or properly stored or inadequate sanitizer"
35862,"20130807",103145,"Low Risk","Improper storage of equipment utensils or linens"
35862,"20130807",103120,"Moderate Risk","Moderate risk food holding temperature "
35862,"20130807",103154,"Low Risk","Unclean or degraded floors walls or ceilings"
35862,"20130807",103161,"Low Risk","Low risk vermin infestation"
35862,"20140312",103144,"Low Risk","Unapproved or unmaintained equipment or utensils"
35862,"20140312",103154,"Low Risk","Unclean or degraded floors walls or ceilings"
35862,"20140312",103139,"Low Risk","Improper food storage"
35862,"20120822",103154,"Low Risk","Unclean or degraded floors walls or ceilings"
35862,"20120822",103149,"Low Risk","Wiping cloths not clean or properly stored or inadequate sanitizer"
35862,"20120822",103157,"Low Risk","Food safety certificate or food handler card not available"
35882,"20131125",103142,"Low Risk","Unclean nonfood contact surfaces"
35882,"20131125",103116,"Moderate Risk","Inadequate food safety knowledge or lack of certified food safety manager"
35882,"20131125",103156,"Low Risk","Permit license or inspection report not posted"
35882,"20131125",103154,"Low Risk","Unclean or degraded floors walls or ceilings"
35882,"20130422",103154,"Low Risk","Unclean or degraded floors walls or ceilings"
35884,"20141006",103105,"High Risk","Improper cooling methods"
35884,"20141006",103131,"Moderate Risk","Moderate risk vermin infestation"
35884,"20141006",103154,"Low Risk","Unclean or degraded floors walls or ceilings"
35884,"20131206",103154,"Low Risk","Unclean or degraded floors walls or ceilings"
35884,"20131206",103149,"Low Risk","Wiping cloths not clean or properly stored or inadequate sanitizer"
35884,"20130424",103154,"Low Risk","Unclean or degraded floors walls or ceilings"
35884,"20130424",103124,"Moderate Risk","Inadequately cleaned or sanitized food contact surfaces"
35884,"20130424",103103,"High Risk","High risk food holding temperature "
35884,"20130424",103142,"Low Risk","Unclean nonfood contact surfaces"
35884,"20130424",103145,"Low Risk","Improper storage of equipment utensils or linens"
35884,"20120830",103124,"Moderate Risk","Inadequately cleaned or sanitized food contact surfaces"
35884,"20120830",103114,"High Risk","High risk vermin infestation"
35884,"20140618",103105,"High Risk","Improper cooling methods"
35884,"20140618",103142,"Low Risk","Unclean nonfood contact surfaces"
35884,"20140618",103144,"Low Risk","Unapproved or unmaintained equipment or utensils"
35884,"20140618",103156,"Low Risk","Permit license or inspection report not posted"
35884,"20140618",103103,"High Risk","High risk food holding temperature "
35962,"20150219",103154,"Low Risk","Unclean or degraded floors walls or ceilings"
35962,"20150219",103114,"High Risk","High risk vermin infestation"
35962,"20150219",103150,"Low Risk","Improper or defective plumbing"
35962,"20150219",103133,"Moderate Risk","Foods not protected from contamination"
35962,"20150219",103147,"Low Risk","Inadequate ventilation or lighting"
35962,"20150219",103109,"High Risk","Unclean or unsanitary food contact surfaces"
35962,"20150219",103103,"High Risk","High risk food holding temperature "
35962,"20150219",103144,"Low Risk","Unapproved or unmaintained equipment or utensils"
35962,"20150219",103145,"Low Risk","Improper storage of equipment utensils or linens"
35962,"20130619",103131,"Moderate Risk","Moderate risk vermin infestation"
35962,"20130619",103139,"Low Risk","Improper food storage"
35962,"20130619",103124,"Moderate Risk","Inadequately cleaned or sanitized food contact surfaces"
35962,"20130619",103154,"Low Risk","Unclean or degraded floors walls or ceilings"
35962,"20131205",103139,"Low Risk","Improper food storage"
35962,"20131205",103120,"Moderate Risk","Moderate risk food holding temperature "
35962,"20131205",103131,"Moderate Risk","Moderate risk vermin infestation"
35962,"20131205",103154,"Low Risk","Unclean or degraded floors walls or ceilings"
35962,"20121126",103129,"Moderate Risk","Insufficient hot water or running water"
35962,"20121126",103109,"High Risk","Unclean or unsanitary food contact surfaces"
35962,"20121126",103116,"Moderate Risk","Inadequate food safety knowledge or lack of certified food safety manager"
35962,"20121126",103132,"Moderate Risk","Improper thawing methods "
35962,"20121126",103120,"Moderate Risk","Moderate risk food holding temperature "
35962,"20121126",103142,"Low Risk","Unclean nonfood contact surfaces"
35962,"20121126",103134,"Moderate Risk","Other moderate risk violation"
35962,"20140610",103154,"Low Risk","Unclean or degraded floors walls or ceilings"
35962,"20140610",103144,"Low Risk","Unapproved or unmaintained equipment or utensils"
35962,"20140610",103142,"Low Risk","Unclean nonfood contact surfaces"
35962,"20140610",103120,"Moderate Risk","Moderate risk food holding temperature "
35962,"20140610",103139,"Low Risk","Improper food storage"
35963,"20150114",103116,"Moderate Risk","Inadequate food safety knowledge or lack of certified food safety manager"
35963,"20150114",103131,"Moderate Risk","Moderate risk vermin infestation"
35963,"20150114",103143,"Low Risk","Inadequate warewashing facilities or equipment"
35963,"20150114",103144,"Low Risk","Unapproved or unmaintained equipment or utensils"
35963,"20150114",103154,"Low Risk","Unclean or degraded floors walls or ceilings"
35963,"20131119",103142,"Low Risk","Unclean nonfood contact surfaces"
35963,"20131119",103154,"Low Risk","Unclean or degraded floors walls or ceilings"
35963,"20131119",103120,"Moderate Risk","Moderate risk food holding temperature "
35963,"20131119",103114,"High Risk","High risk vermin infestation"
35963,"20131119",103156,"Low Risk","Permit license or inspection report not posted"
35963,"20131119",103124,"Moderate Risk","Inadequately cleaned or sanitized food contact surfaces"
35963,"20140416",103139,"Low Risk","Improper food storage"
35963,"20140416",103144,"Low Risk","Unapproved or unmaintained equipment or utensils"
35963,"20140416",103133,"Moderate Risk","Foods not protected from contamination"
35963,"20140416",103154,"Low Risk","Unclean or degraded floors walls or ceilings"
35963,"20140416",103147,"Low Risk","Inadequate ventilation or lighting"
35963,"20140416",103114,"High Risk","High risk vermin infestation"
35963,"20140416",103142,"Low Risk","Unclean nonfood contact surfaces"
35963,"20130226",103142,"Low Risk","Unclean nonfood contact surfaces"
35963,"20130226",103120,"Moderate Risk","Moderate risk food holding temperature "
35963,"20130226",103124,"Moderate Risk","Inadequately cleaned or sanitized food contact surfaces"
35963,"20130226",103133,"Moderate Risk","Foods not protected from contamination"
35963,"20130226",103154,"Low Risk","Unclean or degraded floors walls or ceilings"
35963,"20130226",103139,"Low Risk","Improper food storage"
35963,"20130226",103114,"High Risk","High risk vermin infestation"
35975,"20130829",103116,"Moderate Risk","Inadequate food safety knowledge or lack of certified food safety manager"
35975,"20130829",103120,"Moderate Risk","Moderate risk food holding temperature "
35975,"20130829",103148,"Low Risk","No thermometers or uncalibrated thermometers "
35975,"20140428",103120,"Moderate Risk","Moderate risk food holding temperature "
35975,"20140428",103142,"Low Risk","Unclean nonfood contact surfaces"
35975,"20120703",103142,"Low Risk","Unclean nonfood contact surfaces"
35975,"20120703",103120,"Moderate Risk","Moderate risk food holding temperature "
35975,"20130114",103142,"Low Risk","Unclean nonfood contact surfaces"
35975,"20130114",103102,"High Risk","Unclean hands or improper use of gloves"
35975,"20130114",103161,"Low Risk","Low risk vermin infestation"
35988,"20150326",103159,"Low Risk","Worker safety hazards"
35988,"20150326",103143,"Low Risk","Inadequate warewashing facilities or equipment"
35988,"20131122",103150,"Low Risk","Improper or defective plumbing"
35988,"20131122",103142,"Low Risk","Unclean nonfood contact surfaces"
35988,"20130116",103159,"Low Risk","Worker safety hazards"
35988,"20130116",103142,"Low Risk","Unclean nonfood contact surfaces"
35988,"20130116",103144,"Low Risk","Unapproved or unmaintained equipment or utensils"
35988,"20130116",103156,"Low Risk","Permit license or inspection report not posted"
35989,"20130501",103103,"High Risk","High risk food holding temperature "
35989,"20130501",103109,"High Risk","Unclean or unsanitary food contact surfaces"
35989,"20130501",103114,"High Risk","High risk vermin infestation"
35989,"20130501",103116,"Moderate Risk","Inadequate food safety knowledge or lack of certified food safety manager"
35989,"20130501",103139,"Low Risk","Improper food storage"
35989,"20130501",103142,"Low Risk","Unclean nonfood contact surfaces"
35989,"20130501",103133,"Moderate Risk","Foods not protected from contamination"
35989,"20140212",103131,"Moderate Risk","Moderate risk vermin infestation"
35989,"20140212",103119,"Moderate Risk","Inadequate and inaccessible handwashing facilities"
35989,"20140212",103150,"Low Risk","Improper or defective plumbing"
35989,"20140212",103109,"High Risk","Unclean or unsanitary food contact surfaces"
35989,"20120612",103142,"Low Risk","Unclean nonfood contact surfaces"
35989,"20120612",103132,"Moderate Risk","Improper thawing methods "
35989,"20120612",103124,"Moderate Risk","Inadequately cleaned or sanitized food contact surfaces"
35989,"20120612",103103,"High Risk","High risk food holding temperature "
35989,"20140722",103144,"Low Risk","Unapproved or unmaintained equipment or utensils"
35989,"20140722",103131,"Moderate Risk","Moderate risk vermin infestation"
35989,"20140722",103139,"Low Risk","Improper food storage"
36001,"20150309",103120,"Moderate Risk","Moderate risk food holding temperature "
36001,"20150309",103116,"Moderate Risk","Inadequate food safety knowledge or lack of certified food safety manager"
36001,"20130930",103120,"Moderate Risk","Moderate risk food holding temperature "
36001,"20140226",103147,"Low Risk","Inadequate ventilation or lighting"
36001,"20140226",103103,"High Risk","High risk food holding temperature "
36001,"20130206",103145,"Low Risk","Improper storage of equipment utensils or linens"
36001,"20130206",103154,"Low Risk","Unclean or degraded floors walls or ceilings"
36001,"20130206",103135,"Low Risk","No person in charge of food facility"
36001,"20130206",103114,"High Risk","High risk vermin infestation"
36001,"20130206",103153,"Low Risk","Inadequate dressing rooms or improper storage of personal items"
36007,"20140106",103142,"Low Risk","Unclean nonfood contact surfaces"
36007,"20140106",103139,"Low Risk","Improper food storage"
36007,"20140106",103119,"Moderate Risk","Inadequate and inaccessible handwashing facilities"
36007,"20140106",103103,"High Risk","High risk food holding temperature "
36007,"20140106",103133,"Moderate Risk","Foods not protected from contamination"
36007,"20130619",103119,"Moderate Risk","Inadequate and inaccessible handwashing facilities"
36007,"20130619",103103,"High Risk","High risk food holding temperature "
36007,"20121217",103103,"High Risk","High risk food holding temperature "
36007,"20121217",103139,"Low Risk","Improper food storage"
36007,"20140623",103142,"Low Risk","Unclean nonfood contact surfaces"
36014,"20130703",103156,"Low Risk","Permit license or inspection report not posted"
36014,"20130703",103154,"Low Risk","Unclean or degraded floors walls or ceilings"
36014,"20130703",103142,"Low Risk","Unclean nonfood contact surfaces"
36014,"20130703",103124,"Moderate Risk","Inadequately cleaned or sanitized food contact surfaces"
36014,"20130703",103150,"Low Risk","Improper or defective plumbing"
36014,"20130703",103144,"Low Risk","Unapproved or unmaintained equipment or utensils"
36014,"20130703",103143,"Low Risk","Inadequate warewashing facilities or equipment"
36014,"20130703",103139,"Low Risk","Improper food storage"
36014,"20130703",103159,"Low Risk","Worker safety hazards"
36014,"20140130",103119,"Moderate Risk","Inadequate and inaccessible handwashing facilities"
36014,"20140130",103120,"Moderate Risk","Moderate risk food holding temperature "
36014,"20140130",103124,"Moderate Risk","Inadequately cleaned or sanitized food contact surfaces"
36014,"20140130",103144,"Low Risk","Unapproved or unmaintained equipment or utensils"
36014,"20140130",103142,"Low Risk","Unclean nonfood contact surfaces"
36014,"20140130",103139,"Low Risk","Improper food storage"
36014,"20130214",103124,"Moderate Risk","Inadequately cleaned or sanitized food contact surfaces"
36020,"20130226",103143,"Low Risk","Inadequate warewashing facilities or equipment"
36022,"20150128",103116,"Moderate Risk","Inadequate food safety knowledge or lack of certified food safety manager"
36022,"20150128",103124,"Moderate Risk","Inadequately cleaned or sanitized food contact surfaces"
36022,"20150128",103132,"Moderate Risk","Improper thawing methods "
36022,"20150128",103154,"Low Risk","Unclean or degraded floors walls or ceilings"
36022,"20150128",103119,"Moderate Risk","Inadequate and inaccessible handwashing facilities"
36022,"20130529",103102,"High Risk","Unclean hands or improper use of gloves"
36022,"20130529",103103,"High Risk","High risk food holding temperature "
36022,"20130529",103109,"High Risk","Unclean or unsanitary food contact surfaces"
36022,"20130529",103144,"Low Risk","Unapproved or unmaintained equipment or utensils"
36022,"20130529",103142,"Low Risk","Unclean nonfood contact surfaces"
36022,"20130529",103148,"Low Risk","No thermometers or uncalibrated thermometers "
36022,"20130529",103154,"Low Risk","Unclean or degraded floors walls or ceilings"
36022,"20140303",103109,"High Risk","Unclean or unsanitary food contact surfaces"
36022,"20140303",103144,"Low Risk","Unapproved or unmaintained equipment or utensils"
36022,"20140303",103147,"Low Risk","Inadequate ventilation or lighting"
36022,"20140303",103133,"Moderate Risk","Foods not protected from contamination"
36022,"20140303",103103,"High Risk","High risk food holding temperature "
36022,"20120912",103154,"Low Risk","Unclean or degraded floors walls or ceilings"
36022,"20120912",103120,"Moderate Risk","Moderate risk food holding temperature "
36022,"20120919",103109,"High Risk","Unclean or unsanitary food contact surfaces"
36022,"20120912",103109,"High Risk","Unclean or unsanitary food contact surfaces"
36022,"20120912",103102,"High Risk","Unclean hands or improper use of gloves"
36022,"20121005",103144,"Low Risk","Unapproved or unmaintained equipment or utensils"
36023,"20150209",103105,"High Risk","Improper cooling methods"
36023,"20150209",103142,"Low Risk","Unclean nonfood contact surfaces"
36023,"20130815",103120,"Moderate Risk","Moderate risk food holding temperature "
36023,"20130815",103118,"Moderate Risk","Employee eating or smoking"
36023,"20130815",103116,"Moderate Risk","Inadequate food safety knowledge or lack of certified food safety manager"
36023,"20140616",103120,"Moderate Risk","Moderate risk food holding temperature "
36024,"20130606",103120,"Moderate Risk","Moderate risk food holding temperature "
36024,"20130606",103139,"Low Risk","Improper food storage"
36024,"20121119",103161,"Low Risk","Low risk vermin infestation"
36024,"20121119",103149,"Low Risk","Wiping cloths not clean or properly stored or inadequate sanitizer"
36024,"20121119",103144,"Low Risk","Unapproved or unmaintained equipment or utensils"
36024,"20121119",103120,"Moderate Risk","Moderate risk food holding temperature "
36024,"20140605",103119,"Moderate Risk","Inadequate and inaccessible handwashing facilities"
36024,"20140605",103157,"Low Risk","Food safety certificate or food handler card not available"
36024,"20140605",103142,"Low Risk","Unclean nonfood contact surfaces"
36048,"20150112",103101,"High Risk","Unreported or unrestricted ill employee with communicable disease"
36160,"20141113",103142,"Low Risk","Unclean nonfood contact surfaces"
36160,"20141113",103116,"Moderate Risk","Inadequate food safety knowledge or lack of certified food safety manager"
36160,"20140416",103139,"Low Risk","Improper food storage"
36160,"20120611",103149,"Low Risk","Wiping cloths not clean or properly stored or inadequate sanitizer"
36177,"20140807",103149,"Low Risk","Wiping cloths not clean or properly stored or inadequate sanitizer"
36177,"20140807",103150,"Low Risk","Improper or defective plumbing"
36178,"20141001",103156,"Low Risk","Permit license or inspection report not posted"
36178,"20141001",103129,"Moderate Risk","Insufficient hot water or running water"
36178,"20150224",103129,"Moderate Risk","Insufficient hot water or running water"
36178,"20150224",103156,"Low Risk","Permit license or inspection report not posted"
36178,"20140204",103120,"Moderate Risk","Moderate risk food holding temperature "
36179,"20140904",103162,"Low Risk","Other low risk violation"
36179,"20150203",103142,"Low Risk","Unclean nonfood contact surfaces"
36179,"20150203",103124,"Moderate Risk","Inadequately cleaned or sanitized food contact surfaces"
36179,"20150203",103154,"Low Risk","Unclean or degraded floors walls or ceilings"
36179,"20150203",103133,"Moderate Risk","Foods not protected from contamination"
36179,"20150203",103144,"Low Risk","Unapproved or unmaintained equipment or utensils"
36179,"20150203",103147,"Low Risk","Inadequate ventilation or lighting"
36179,"20150203",103145,"Low Risk","Improper storage of equipment utensils or linens"
36179,"20150203",103148,"Low Risk","No thermometers or uncalibrated thermometers "
36179,"20150203",103103,"High Risk","High risk food holding temperature "
36179,"20130405",103132,"Moderate Risk","Improper thawing methods "
36179,"20130405",103144,"Low Risk","Unapproved or unmaintained equipment or utensils"
36179,"20130405",103124,"Moderate Risk","Inadequately cleaned or sanitized food contact surfaces"
36179,"20130405",103120,"Moderate Risk","Moderate risk food holding temperature "
36179,"20130405",103119,"Moderate Risk","Inadequate and inaccessible handwashing facilities"
36179,"20130405",103154,"Low Risk","Unclean or degraded floors walls or ceilings"
36179,"20140820",103124,"Moderate Risk","Inadequately cleaned or sanitized food contact surfaces"
36179,"20140820",103118,"Moderate Risk","Employee eating or smoking"
36179,"20140820",103103,"High Risk","High risk food holding temperature "
36179,"20140820",103102,"High Risk","Unclean hands or improper use of gloves"
36179,"20140820",103154,"Low Risk","Unclean or degraded floors walls or ceilings"
36179,"20140820",103147,"Low Risk","Inadequate ventilation or lighting"
36179,"20140820",103145,"Low Risk","Improper storage of equipment utensils or linens"
36179,"20140820",103144,"Low Risk","Unapproved or unmaintained equipment or utensils"
36179,"20140820",103133,"Moderate Risk","Foods not protected from contamination"
36201,"20131115",103105,"High Risk","Improper cooling methods"
36201,"20131115",103103,"High Risk","High risk food holding temperature "
36201,"20131115",103119,"Moderate Risk","Inadequate and inaccessible handwashing facilities"
36201,"20131115",103109,"High Risk","Unclean or unsanitary food contact surfaces"
36201,"20130508",103103,"High Risk","High risk food holding temperature "
36201,"20130606",103133,"Moderate Risk","Foods not protected from contamination"
36201,"20130606",103105,"High Risk","Improper cooling methods"
36201,"20130508",103138,"Low Risk","Improper storage use or identification of toxic substances"
36201,"20140618",103119,"Moderate Risk","Inadequate and inaccessible handwashing facilities"
36201,"20140618",103120,"Moderate Risk","Moderate risk food holding temperature "
36201,"20140618",103133,"Moderate Risk","Foods not protected from contamination"
36208,"20141118",103145,"Low Risk","Improper storage of equipment utensils or linens"
36208,"20141118",103129,"Moderate Risk","Insufficient hot water or running water"
36208,"20141118",103143,"Low Risk","Inadequate warewashing facilities or equipment"
36208,"20140221",103133,"Moderate Risk","Foods not protected from contamination"
36208,"20120702",103120,"Moderate Risk","Moderate risk food holding temperature "
36213,"20131028",103102,"High Risk","Unclean hands or improper use of gloves"
36213,"20130314",103120,"Moderate Risk","Moderate risk food holding temperature "
36213,"20130314",103145,"Low Risk","Improper storage of equipment utensils or linens"
36213,"20130314",103142,"Low Risk","Unclean nonfood contact surfaces"
36213,"20130314",103149,"Low Risk","Wiping cloths not clean or properly stored or inadequate sanitizer"
36213,"20130314",103154,"Low Risk","Unclean or degraded floors walls or ceilings"
36213,"20130314",103156,"Low Risk","Permit license or inspection report not posted"
36213,"20130314",103157,"Low Risk","Food safety certificate or food handler card not available"
36213,"20130314",103144,"Low Risk","Unapproved or unmaintained equipment or utensils"
36213,"20120710",103139,"Low Risk","Improper food storage"
36213,"20120710",103145,"Low Risk","Improper storage of equipment utensils or linens"
36213,"20120710",103149,"Low Risk","Wiping cloths not clean or properly stored or inadequate sanitizer"
36213,"20120710",103156,"Low Risk","Permit license or inspection report not posted"
36214,"20131021",103144,"Low Risk","Unapproved or unmaintained equipment or utensils"
36214,"20130315",103145,"Low Risk","Improper storage of equipment utensils or linens"
36214,"20140623",103144,"Low Risk","Unapproved or unmaintained equipment or utensils"
36215,"20131022",103144,"Low Risk","Unapproved or unmaintained equipment or utensils"
36215,"20130111",103154,"Low Risk","Unclean or degraded floors walls or ceilings"
36215,"20130111",103144,"Low Risk","Unapproved or unmaintained equipment or utensils"
36215,"20140623",103120,"Moderate Risk","Moderate risk food holding temperature "
36216,"20131021",103124,"Moderate Risk","Inadequately cleaned or sanitized food contact surfaces"
36216,"20130111",103119,"Moderate Risk","Inadequate and inaccessible handwashing facilities"
36216,"20130111",103144,"Low Risk","Unapproved or unmaintained equipment or utensils"
36216,"20140623",103156,"Low Risk","Permit license or inspection report not posted"
36216,"20140623",103144,"Low Risk","Unapproved or unmaintained equipment or utensils"
36216,"20140623",103120,"Moderate Risk","Moderate risk food holding temperature "
36274,"20150513",103120,"Moderate Risk","Moderate risk food holding temperature "
36274,"20131030",103153,"Low Risk","Inadequate dressing rooms or improper storage of personal items"
36274,"20130115",103156,"Low Risk","Permit license or inspection report not posted"
36274,"20130115",103119,"Moderate Risk","Inadequate and inaccessible handwashing facilities"
36277,"20131120",103132,"Moderate Risk","Improper thawing methods "
36277,"20131120",103145,"Low Risk","Improper storage of equipment utensils or linens"
36277,"20131120",103157,"Low Risk","Food safety certificate or food handler card not available"
36277,"20130130",103144,"Low Risk","Unapproved or unmaintained equipment or utensils"
36277,"20140625",103143,"Low Risk","Inadequate warewashing facilities or equipment"
36277,"20140625",103154,"Low Risk","Unclean or degraded floors walls or ceilings"
36319,"20130904",103138,"Low Risk","Improper storage use or identification of toxic substances"
36319,"20121217",103144,"Low Risk","Unapproved or unmaintained equipment or utensils"
36319,"20121217",103157,"Low Risk","Food safety certificate or food handler card not available"
36348,"20150303",103120,"Moderate Risk","Moderate risk food holding temperature "
36348,"20131108",103139,"Low Risk","Improper food storage"
36348,"20131108",103143,"Low Risk","Inadequate warewashing facilities or equipment"
36348,"20131108",103145,"Low Risk","Improper storage of equipment utensils or linens"
36348,"20130103",103133,"Moderate Risk","Foods not protected from contamination"
36348,"20130103",103149,"Low Risk","Wiping cloths not clean or properly stored or inadequate sanitizer"
36348,"20140527",103150,"Low Risk","Improper or defective plumbing"
36348,"20140527",103120,"Moderate Risk","Moderate risk food holding temperature "
36348,"20140527",103157,"Low Risk","Food safety certificate or food handler card not available"
36348,"20140527",103145,"Low Risk","Improper storage of equipment utensils or linens"
36378,"20141106",103155,"Low Risk","Unapproved  living quarters in food facility"
36378,"20141106",103154,"Low Risk","Unclean or degraded floors walls or ceilings"
36378,"20141106",103139,"Low Risk","Improper food storage"
36378,"20141106",103132,"Moderate Risk","Improper thawing methods "
36378,"20141106",103119,"Moderate Risk","Inadequate and inaccessible handwashing facilities"
36378,"20141106",103114,"High Risk","High risk vermin infestation"
36378,"20130823",103131,"Moderate Risk","Moderate risk vermin infestation"
36378,"20130823",103156,"Low Risk","Permit license or inspection report not posted"
36378,"20130823",103154,"Low Risk","Unclean or degraded floors walls or ceilings"
36378,"20130823",103145,"Low Risk","Improper storage of equipment utensils or linens"
36378,"20130823",103142,"Low Risk","Unclean nonfood contact surfaces"
36378,"20140319",103147,"Low Risk","Inadequate ventilation or lighting"
36378,"20140319",103154,"Low Risk","Unclean or degraded floors walls or ceilings"
36378,"20140319",103142,"Low Risk","Unclean nonfood contact surfaces"
36378,"20140319",103155,"Low Risk","Unapproved  living quarters in food facility"
36378,"20140319",103157,"Low Risk","Food safety certificate or food handler card not available"
36387,"20150309",103154,"Low Risk","Unclean or degraded floors walls or ceilings"
36387,"20150309",103147,"Low Risk","Inadequate ventilation or lighting"
36387,"20150309",103120,"Moderate Risk","Moderate risk food holding temperature "
36387,"20150309",103145,"Low Risk","Improper storage of equipment utensils or linens"
36387,"20150309",103131,"Moderate Risk","Moderate risk vermin infestation"
36387,"20150309",103133,"Moderate Risk","Foods not protected from contamination"
36387,"20131001",103142,"Low Risk","Unclean nonfood contact surfaces"
36387,"20131001",103144,"Low Risk","Unapproved or unmaintained equipment or utensils"
36387,"20131001",103131,"Moderate Risk","Moderate risk vermin infestation"
36387,"20131001",103154,"Low Risk","Unclean or degraded floors walls or ceilings"
36387,"20130509",103144,"Low Risk","Unapproved or unmaintained equipment or utensils"
36387,"20130509",103145,"Low Risk","Improper storage of equipment utensils or linens"
36387,"20130509",103154,"Low Risk","Unclean or degraded floors walls or ceilings"
36387,"20130509",103149,"Low Risk","Wiping cloths not clean or properly stored or inadequate sanitizer"
36387,"20130509",103131,"Moderate Risk","Moderate risk vermin infestation"
36387,"20130509",103147,"Low Risk","Inadequate ventilation or lighting"
36387,"20130509",103142,"Low Risk","Unclean nonfood contact surfaces"
36387,"20130509",103105,"High Risk","Improper cooling methods"
36387,"20130509",103133,"Moderate Risk","Foods not protected from contamination"
36387,"20140429",103145,"Low Risk","Improper storage of equipment utensils or linens"
36387,"20140429",103131,"Moderate Risk","Moderate risk vermin infestation"
36387,"20140429",103133,"Moderate Risk","Foods not protected from contamination"
36387,"20140429",103154,"Low Risk","Unclean or degraded floors walls or ceilings"
36412,"20131115",103139,"Low Risk","Improper food storage"
36412,"20131115",103154,"Low Risk","Unclean or degraded floors walls or ceilings"
36412,"20130515",103145,"Low Risk","Improper storage of equipment utensils or linens"
36412,"20130515",103161,"Low Risk","Low risk vermin infestation"
36412,"20120821",103142,"Low Risk","Unclean nonfood contact surfaces"
36412,"20120821",103132,"Moderate Risk","Improper thawing methods "
36412,"20120821",103145,"Low Risk","Improper storage of equipment utensils or linens"
36412,"20140516",103154,"Low Risk","Unclean or degraded floors walls or ceilings"
36412,"20140516",103149,"Low Risk","Wiping cloths not clean or properly stored or inadequate sanitizer"
36451,"20130731",103149,"Low Risk","Wiping cloths not clean or properly stored or inadequate sanitizer"
36451,"20130731",103142,"Low Risk","Unclean nonfood contact surfaces"
36451,"20130731",103139,"Low Risk","Improper food storage"
36451,"20140205",103156,"Low Risk","Permit license or inspection report not posted"
36451,"20140205",103119,"Moderate Risk","Inadequate and inaccessible handwashing facilities"
36451,"20140205",103149,"Low Risk","Wiping cloths not clean or properly stored or inadequate sanitizer"
36451,"20120719",103131,"Moderate Risk","Moderate risk vermin infestation"
36451,"20120719",103155,"Low Risk","Unapproved  living quarters in food facility"
36451,"20120719",103154,"Low Risk","Unclean or degraded floors walls or ceilings"
36451,"20140819",103142,"Low Risk","Unclean nonfood contact surfaces"
36452,"20150521",103138,"Low Risk","Improper storage use or identification of toxic substances"
36452,"20150521",103120,"Moderate Risk","Moderate risk food holding temperature "
36452,"20150521",103131,"Moderate Risk","Moderate risk vermin infestation"
36452,"20140204",103154,"Low Risk","Unclean or degraded floors walls or ceilings"
36452,"20140204",103131,"Moderate Risk","Moderate risk vermin infestation"
36452,"20140204",103149,"Low Risk","Wiping cloths not clean or properly stored or inadequate sanitizer"
36452,"20130327",103152,"Low Risk","Unclean unmaintained or improperly constructed toilet facilities"
36452,"20130327",103120,"Moderate Risk","Moderate risk food holding temperature "
36452,"20120612",103161,"Low Risk","Low risk vermin infestation"
36473,"20141006",103119,"Moderate Risk","Inadequate and inaccessible handwashing facilities"
36473,"20141006",103133,"Moderate Risk","Foods not protected from contamination"
36473,"20130731",103120,"Moderate Risk","Moderate risk food holding temperature "
36473,"20130731",103133,"Moderate Risk","Foods not protected from contamination"
36473,"20140211",103148,"Low Risk","No thermometers or uncalibrated thermometers "
36474,"20141205",103119,"Moderate Risk","Inadequate and inaccessible handwashing facilities"
36474,"20141205",103124,"Moderate Risk","Inadequately cleaned or sanitized food contact surfaces"
36474,"20140227",103120,"Moderate Risk","Moderate risk food holding temperature "
36474,"20140227",103119,"Moderate Risk","Inadequate and inaccessible handwashing facilities"
36474,"20130215",103120,"Moderate Risk","Moderate risk food holding temperature "
36474,"20130215",103121,"Moderate Risk","Inadequate procedures or records for time as a public health control "
36474,"20130215",103123,"Moderate Risk","Food in poor condition"
36494,"20130611",103116,"Moderate Risk","Inadequate food safety knowledge or lack of certified food safety manager"
36494,"20130611",103109,"High Risk","Unclean or unsanitary food contact surfaces"
36494,"20130611",103149,"Low Risk","Wiping cloths not clean or properly stored or inadequate sanitizer"
36494,"20140423",103149,"Low Risk","Wiping cloths not clean or properly stored or inadequate sanitizer"
36494,"20140423",103116,"Moderate Risk","Inadequate food safety knowledge or lack of certified food safety manager"
36512,"20140522",103105,"High Risk","Improper cooling methods"
36512,"20140522",103149,"Low Risk","Wiping cloths not clean or properly stored or inadequate sanitizer"
36513,"20140829",103119,"Moderate Risk","Inadequate and inaccessible handwashing facilities"
36513,"20140829",103120,"Moderate Risk","Moderate risk food holding temperature "
36513,"20140829",103105,"High Risk","Improper cooling methods"
36513,"20140829",103148,"Low Risk","No thermometers or uncalibrated thermometers "
36513,"20131007",103149,"Low Risk","Wiping cloths not clean or properly stored or inadequate sanitizer"
36513,"20131007",103105,"High Risk","Improper cooling methods"
36513,"20140630",103102,"High Risk","Unclean hands or improper use of gloves"
36513,"20140630",103120,"Moderate Risk","Moderate risk food holding temperature "
36513,"20140630",103124,"Moderate Risk","Inadequately cleaned or sanitized food contact surfaces"
36519,"20150121",103124,"Moderate Risk","Inadequately cleaned or sanitized food contact surfaces"
36519,"20150121",103107,"High Risk","Improper reheating of food"
36519,"20150121",103161,"Low Risk","Low risk vermin infestation"
36519,"20150121",103144,"Low Risk","Unapproved or unmaintained equipment or utensils"
36519,"20130926",103161,"Low Risk","Low risk vermin infestation"
36519,"20130926",103120,"Moderate Risk","Moderate risk food holding temperature "
36519,"20130926",103116,"Moderate Risk","Inadequate food safety knowledge or lack of certified food safety manager"
36519,"20130131",103120,"Moderate Risk","Moderate risk food holding temperature "
36519,"20130131",103109,"High Risk","Unclean or unsanitary food contact surfaces"
36519,"20130131",103129,"Moderate Risk","Insufficient hot water or running water"
36519,"20140507",103161,"Low Risk","Low risk vermin infestation"
36519,"20140507",103129,"Moderate Risk","Insufficient hot water or running water"
36519,"20140507",103124,"Moderate Risk","Inadequately cleaned or sanitized food contact surfaces"
36519,"20140507",103120,"Moderate Risk","Moderate risk food holding temperature "
36523,"20141113",103133,"Moderate Risk","Foods not protected from contamination"
36523,"20141113",103144,"Low Risk","Unapproved or unmaintained equipment or utensils"
36523,"20130925",103124,"Moderate Risk","Inadequately cleaned or sanitized food contact surfaces"
36523,"20140409",103139,"Low Risk","Improper food storage"
36523,"20140410",103144,"Low Risk","Unapproved or unmaintained equipment or utensils"
36523,"20140409",103144,"Low Risk","Unapproved or unmaintained equipment or utensils"
36523,"20140410",103139,"Low Risk","Improper food storage"
36523,"20121203",103124,"Moderate Risk","Inadequately cleaned or sanitized food contact surfaces"
36523,"20121203",103144,"Low Risk","Unapproved or unmaintained equipment or utensils"
36534,"20150211",103149,"Low Risk","Wiping cloths not clean or properly stored or inadequate sanitizer"
36534,"20150211",103131,"Moderate Risk","Moderate risk vermin infestation"
36534,"20150211",103103,"High Risk","High risk food holding temperature "
36534,"20131112",103105,"High Risk","Improper cooling methods"
36534,"20131112",103149,"Low Risk","Wiping cloths not clean or properly stored or inadequate sanitizer"
36534,"20131112",103148,"Low Risk","No thermometers or uncalibrated thermometers "
36534,"20130215",103145,"Low Risk","Improper storage of equipment utensils or linens"
36534,"20130215",103102,"High Risk","Unclean hands or improper use of gloves"
36570,"20150205",103152,"Low Risk","Unclean unmaintained or improperly constructed toilet facilities"
36570,"20130813",103154,"Low Risk","Unclean or degraded floors walls or ceilings"
36570,"20130813",103151,"Low Risk","Inadequate or unsanitary refuse containers or area or no garbage service"
36570,"20140213",103154,"Low Risk","Unclean or degraded floors walls or ceilings"
36570,"20140213",103139,"Low Risk","Improper food storage"
36570,"20121114",103142,"Low Risk","Unclean nonfood contact surfaces"
36571,"20150306",103124,"Moderate Risk","Inadequately cleaned or sanitized food contact surfaces"
36571,"20140318",103161,"Low Risk","Low risk vermin infestation"
36571,"20140318",103149,"Low Risk","Wiping cloths not clean or properly stored or inadequate sanitizer"
36571,"20140318",103152,"Low Risk","Unclean unmaintained or improperly constructed toilet facilities"
36571,"20121024",103142,"Low Risk","Unclean nonfood contact surfaces"
36571,"20121024",103139,"Low Risk","Improper food storage"
36571,"20121024",103152,"Low Risk","Unclean unmaintained or improperly constructed toilet facilities"
36571,"20121024",103119,"Moderate Risk","Inadequate and inaccessible handwashing facilities"
36578,"20150309",103154,"Low Risk","Unclean or degraded floors walls or ceilings"
36578,"20150309",103145,"Low Risk","Improper storage of equipment utensils or linens"
36578,"20150309",103149,"Low Risk","Wiping cloths not clean or properly stored or inadequate sanitizer"
36578,"20150309",103129,"Moderate Risk","Insufficient hot water or running water"
36578,"20150309",103143,"Low Risk","Inadequate warewashing facilities or equipment"
36578,"20131008",103149,"Low Risk","Wiping cloths not clean or properly stored or inadequate sanitizer"
36578,"20131008",103102,"High Risk","Unclean hands or improper use of gloves"
36578,"20131008",103157,"Low Risk","Food safety certificate or food handler card not available"
36578,"20130308",103149,"Low Risk","Wiping cloths not clean or properly stored or inadequate sanitizer"
36578,"20130308",103102,"High Risk","Unclean hands or improper use of gloves"
36578,"20140425",103116,"Moderate Risk","Inadequate food safety knowledge or lack of certified food safety manager"
36578,"20140425",103142,"Low Risk","Unclean nonfood contact surfaces"
36578,"20140425",103133,"Moderate Risk","Foods not protected from contamination"
36578,"20120907",103144,"Low Risk","Unapproved or unmaintained equipment or utensils"
36578,"20120907",103103,"High Risk","High risk food holding temperature "
36578,"20120907",103148,"Low Risk","No thermometers or uncalibrated thermometers "
36589,"20150528",103131,"Moderate Risk","Moderate risk vermin infestation"
36589,"20150528",103124,"Moderate Risk","Inadequately cleaned or sanitized food contact surfaces"
36589,"20150528",103119,"Moderate Risk","Inadequate and inaccessible handwashing facilities"
36589,"20150528",103154,"Low Risk","Unclean or degraded floors walls or ceilings"
36589,"20150528",103145,"Low Risk","Improper storage of equipment utensils or linens"
36589,"20140306",103142,"Low Risk","Unclean nonfood contact surfaces"
36589,"20140306",103138,"Low Risk","Improper storage use or identification of toxic substances"
36589,"20140306",103144,"Low Risk","Unapproved or unmaintained equipment or utensils"
36589,"20140306",103132,"Moderate Risk","Improper thawing methods "
36589,"20140306",103131,"Moderate Risk","Moderate risk vermin infestation"
36589,"20140306",103109,"High Risk","Unclean or unsanitary food contact surfaces"
36589,"20140306",103119,"Moderate Risk","Inadequate and inaccessible handwashing facilities"
36589,"20121107",103161,"Low Risk","Low risk vermin infestation"
36589,"20121107",103129,"Moderate Risk","Insufficient hot water or running water"
36589,"20121107",103142,"Low Risk","Unclean nonfood contact surfaces"
36589,"20121107",103154,"Low Risk","Unclean or degraded floors walls or ceilings"
36589,"20121107",103145,"Low Risk","Improper storage of equipment utensils or linens"
36589,"20121130",103144,"Low Risk","Unapproved or unmaintained equipment or utensils"
36589,"20121107",103138,"Low Risk","Improper storage use or identification of toxic substances"
36589,"20121107",103133,"Moderate Risk","Foods not protected from contamination"
36602,"20141028",103120,"Moderate Risk","Moderate risk food holding temperature "
36602,"20130104",103142,"Low Risk","Unclean nonfood contact surfaces"
36602,"20130104",103109,"High Risk","Unclean or unsanitary food contact surfaces"
36602,"20130104",103154,"Low Risk","Unclean or degraded floors walls or ceilings"
36602,"20130104",103147,"Low Risk","Inadequate ventilation or lighting"
36602,"20130104",103144,"Low Risk","Unapproved or unmaintained equipment or utensils"
36608,"20150408",103119,"Moderate Risk","Inadequate and inaccessible handwashing facilities"
36608,"20150408",103105,"High Risk","Improper cooling methods"
36608,"20150408",103149,"Low Risk","Wiping cloths not clean or properly stored or inadequate sanitizer"
36608,"20130313",103147,"Low Risk","Inadequate ventilation or lighting"
36608,"20140402",103119,"Moderate Risk","Inadequate and inaccessible handwashing facilities"
36608,"20140402",103120,"Moderate Risk","Moderate risk food holding temperature "
36614,"20130806",103154,"Low Risk","Unclean or degraded floors walls or ceilings"
36614,"20130806",103149,"Low Risk","Wiping cloths not clean or properly stored or inadequate sanitizer"
36614,"20130806",103133,"Moderate Risk","Foods not protected from contamination"
36614,"20130806",103125,"Moderate Risk","Noncompliance with shell fish tags or display"
36614,"20140310",103120,"Moderate Risk","Moderate risk food holding temperature "
36614,"20140310",103149,"Low Risk","Wiping cloths not clean or properly stored or inadequate sanitizer"
36618,"20131121",103144,"Low Risk","Unapproved or unmaintained equipment or utensils"
36618,"20131121",103142,"Low Risk","Unclean nonfood contact surfaces"
36618,"20131121",103119,"Moderate Risk","Inadequate and inaccessible handwashing facilities"
36618,"20131121",103154,"Low Risk","Unclean or degraded floors walls or ceilings"
36618,"20131121",103124,"Moderate Risk","Inadequately cleaned or sanitized food contact surfaces"
36618,"20131121",103116,"Moderate Risk","Inadequate food safety knowledge or lack of certified food safety manager"
36618,"20121204",103119,"Moderate Risk","Inadequate and inaccessible handwashing facilities"
36618,"20121204",103131,"Moderate Risk","Moderate risk vermin infestation"
36618,"20121204",103142,"Low Risk","Unclean nonfood contact surfaces"
36618,"20140604",103142,"Low Risk","Unclean nonfood contact surfaces"
36618,"20140604",103144,"Low Risk","Unapproved or unmaintained equipment or utensils"
36618,"20140604",103124,"Moderate Risk","Inadequately cleaned or sanitized food contact surfaces"
36620,"20130114",103153,"Low Risk","Inadequate dressing rooms or improper storage of personal items"
36620,"20130114",103109,"High Risk","Unclean or unsanitary food contact surfaces"
36620,"20130114",103119,"Moderate Risk","Inadequate and inaccessible handwashing facilities"
36620,"20130114",103144,"Low Risk","Unapproved or unmaintained equipment or utensils"
36620,"20130114",103154,"Low Risk","Unclean or degraded floors walls or ceilings"
36620,"20140821",103154,"Low Risk","Unclean or degraded floors walls or ceilings"
36620,"20140821",103150,"Low Risk","Improper or defective plumbing"
36620,"20140821",103148,"Low Risk","No thermometers or uncalibrated thermometers "
36620,"20140821",103142,"Low Risk","Unclean nonfood contact surfaces"
36620,"20140821",103139,"Low Risk","Improper food storage"
36620,"20140821",103133,"Moderate Risk","Foods not protected from contamination"
36620,"20140821",103129,"Moderate Risk","Insufficient hot water or running water"
36620,"20140821",103124,"Moderate Risk","Inadequately cleaned or sanitized food contact surfaces"
36620,"20140821",103120,"Moderate Risk","Moderate risk food holding temperature "
36620,"20140821",103119,"Moderate Risk","Inadequate and inaccessible handwashing facilities"
36620,"20140821",103114,"High Risk","High risk vermin infestation"
36635,"20150326",103157,"Low Risk","Food safety certificate or food handler card not available"
36635,"20150326",103139,"Low Risk","Improper food storage"
36635,"20150326",103120,"Moderate Risk","Moderate risk food holding temperature "
36635,"20150326",103144,"Low Risk","Unapproved or unmaintained equipment or utensils"
36635,"20150326",103124,"Moderate Risk","Inadequately cleaned or sanitized food contact surfaces"
36635,"20140107",103145,"Low Risk","Improper storage of equipment utensils or linens"
36635,"20140107",103144,"Low Risk","Unapproved or unmaintained equipment or utensils"
36635,"20140107",103142,"Low Risk","Unclean nonfood contact surfaces"
36635,"20130513",103149,"Low Risk","Wiping cloths not clean or properly stored or inadequate sanitizer"
36635,"20130513",103139,"Low Risk","Improper food storage"
36635,"20130513",103138,"Low Risk","Improper storage use or identification of toxic substances"
36635,"20120810",103162,"Low Risk","Other low risk violation"
36635,"20120810",103152,"Low Risk","Unclean unmaintained or improperly constructed toilet facilities"
36635,"20120810",103154,"Low Risk","Unclean or degraded floors walls or ceilings"
36635,"20120810",103142,"Low Risk","Unclean nonfood contact surfaces"
36645,"20141103",103124,"Moderate Risk","Inadequately cleaned or sanitized food contact surfaces"
36645,"20141103",103154,"Low Risk","Unclean or degraded floors walls or ceilings"
36645,"20140422",103105,"High Risk","Improper cooling methods"
36645,"20120813",103124,"Moderate Risk","Inadequately cleaned or sanitized food contact surfaces"
36645,"20120813",103142,"Low Risk","Unclean nonfood contact surfaces"
36645,"20120813",103154,"Low Risk","Unclean or degraded floors walls or ceilings"
36645,"20130222",103149,"Low Risk","Wiping cloths not clean or properly stored or inadequate sanitizer"
36645,"20130222",103156,"Low Risk","Permit license or inspection report not posted"
36645,"20130222",103119,"Moderate Risk","Inadequate and inaccessible handwashing facilities"
36645,"20130222",103147,"Low Risk","Inadequate ventilation or lighting"
36651,"20150210",103139,"Low Risk","Improper food storage"
36651,"20150210",103124,"Moderate Risk","Inadequately cleaned or sanitized food contact surfaces"
36651,"20150210",103131,"Moderate Risk","Moderate risk vermin infestation"
36651,"20150210",103132,"Moderate Risk","Improper thawing methods "
36651,"20150210",103154,"Low Risk","Unclean or degraded floors walls or ceilings"
36651,"20150210",103145,"Low Risk","Improper storage of equipment utensils or linens"
36651,"20130828",103142,"Low Risk","Unclean nonfood contact surfaces"
36651,"20130828",103149,"Low Risk","Wiping cloths not clean or properly stored or inadequate sanitizer"
36651,"20130828",103131,"Moderate Risk","Moderate risk vermin infestation"
36651,"20120626",103142,"Low Risk","Unclean nonfood contact surfaces"
36651,"20120626",103132,"Moderate Risk","Improper thawing methods "
36651,"20120626",103145,"Low Risk","Improper storage of equipment utensils or linens"
36651,"20120626",103131,"Moderate Risk","Moderate risk vermin infestation"
36651,"20120626",103124,"Moderate Risk","Inadequately cleaned or sanitized food contact surfaces"
36654,"20140918",103139,"Low Risk","Improper food storage"
36654,"20140918",103144,"Low Risk","Unapproved or unmaintained equipment or utensils"
36654,"20140918",103142,"Low Risk","Unclean nonfood contact surfaces"
36654,"20140918",103154,"Low Risk","Unclean or degraded floors walls or ceilings"
36654,"20140918",103147,"Low Risk","Inadequate ventilation or lighting"
36654,"20140325",103154,"Low Risk","Unclean or degraded floors walls or ceilings"
36654,"20140325",103149,"Low Risk","Wiping cloths not clean or properly stored or inadequate sanitizer"
36654,"20140325",103139,"Low Risk","Improper food storage"
36654,"20140325",103142,"Low Risk","Unclean nonfood contact surfaces"
36654,"20121002",103149,"Low Risk","Wiping cloths not clean or properly stored or inadequate sanitizer"
36654,"20121002",103131,"Moderate Risk","Moderate risk vermin infestation"
36654,"20121002",103142,"Low Risk","Unclean nonfood contact surfaces"
36654,"20121002",103144,"Low Risk","Unapproved or unmaintained equipment or utensils"
36654,"20121002",103145,"Low Risk","Improper storage of equipment utensils or linens"
36654,"20121002",103151,"Low Risk","Inadequate or unsanitary refuse containers or area or no garbage service"
36654,"20121002",103156,"Low Risk","Permit license or inspection report not posted"
36673,"20150406",103145,"Low Risk","Improper storage of equipment utensils or linens"
36673,"20150406",103159,"Low Risk","Worker safety hazards"
36673,"20150406",103144,"Low Risk","Unapproved or unmaintained equipment or utensils"
36673,"20150406",103149,"Low Risk","Wiping cloths not clean or properly stored or inadequate sanitizer"
36673,"20150406",103132,"Moderate Risk","Improper thawing methods "
36673,"20150406",103124,"Moderate Risk","Inadequately cleaned or sanitized food contact surfaces"
36673,"20150406",103120,"Moderate Risk","Moderate risk food holding temperature "
36673,"20150406",103114,"High Risk","High risk vermin infestation"
36673,"20150406",103157,"Low Risk","Food safety certificate or food handler card not available"
36673,"20130722",103142,"Low Risk","Unclean nonfood contact surfaces"
36673,"20130722",103154,"Low Risk","Unclean or degraded floors walls or ceilings"
36673,"20140121",103142,"Low Risk","Unclean nonfood contact surfaces"
36673,"20140121",103139,"Low Risk","Improper food storage"
36673,"20120730",103120,"Moderate Risk","Moderate risk food holding temperature "
36673,"20120730",103161,"Low Risk","Low risk vermin infestation"
36673,"20130128",103131,"Moderate Risk","Moderate risk vermin infestation"
36673,"20130128",103154,"Low Risk","Unclean or degraded floors walls or ceilings"
36673,"20140616",103142,"Low Risk","Unclean nonfood contact surfaces"
36673,"20140616",103139,"Low Risk","Improper food storage"
36673,"20140616",103145,"Low Risk","Improper storage of equipment utensils or linens"
36673,"20140616",103124,"Moderate Risk","Inadequately cleaned or sanitized food contact surfaces"
36673,"20140616",103154,"Low Risk","Unclean or degraded floors walls or ceilings"
36685,"20141229",103145,"Low Risk","Improper storage of equipment utensils or linens"
36685,"20141229",103139,"Low Risk","Improper food storage"
36685,"20141229",103120,"Moderate Risk","Moderate risk food holding temperature "
36685,"20130819",103154,"Low Risk","Unclean or degraded floors walls or ceilings"
36685,"20140313",103131,"Moderate Risk","Moderate risk vermin infestation"
36685,"20140313",103139,"Low Risk","Improper food storage"
36685,"20121212",103162,"Low Risk","Other low risk violation"
36685,"20121212",103145,"Low Risk","Improper storage of equipment utensils or linens"
36685,"20121212",103142,"Low Risk","Unclean nonfood contact surfaces"
36685,"20121212",103119,"Moderate Risk","Inadequate and inaccessible handwashing facilities"
36687,"20150519",103149,"Low Risk","Wiping cloths not clean or properly stored or inadequate sanitizer"
36687,"20120925",103119,"Moderate Risk","Inadequate and inaccessible handwashing facilities"
36687,"20120925",103149,"Low Risk","Wiping cloths not clean or properly stored or inadequate sanitizer"
36687,"20120925",103154,"Low Risk","Unclean or degraded floors walls or ceilings"
36687,"20120925",103105,"High Risk","Improper cooling methods"
36687,"20130124",103154,"Low Risk","Unclean or degraded floors walls or ceilings"
36687,"20130124",103157,"Low Risk","Food safety certificate or food handler card not available"
36695,"20131007",103149,"Low Risk","Wiping cloths not clean or properly stored or inadequate sanitizer"
36695,"20131007",103143,"Low Risk","Inadequate warewashing facilities or equipment"
36695,"20140415",103149,"Low Risk","Wiping cloths not clean or properly stored or inadequate sanitizer"
36695,"20140415",103152,"Low Risk","Unclean unmaintained or improperly constructed toilet facilities"
36695,"20140415",103161,"Low Risk","Low risk vermin infestation"
36695,"20140415",103119,"Moderate Risk","Inadequate and inaccessible handwashing facilities"
36695,"20120801",103120,"Moderate Risk","Moderate risk food holding temperature "
36695,"20120801",103161,"Low Risk","Low risk vermin infestation"
36695,"20120801",103133,"Moderate Risk","Foods not protected from contamination"
36699,"20141211",103114,"High Risk","High risk vermin infestation"
36699,"20141211",103154,"Low Risk","Unclean or degraded floors walls or ceilings"
36699,"20141211",103149,"Low Risk","Wiping cloths not clean or properly stored or inadequate sanitizer"
36699,"20141211",103147,"Low Risk","Inadequate ventilation or lighting"
36699,"20141211",103161,"Low Risk","Low risk vermin infestation"
36699,"20141211",103124,"Moderate Risk","Inadequately cleaned or sanitized food contact surfaces"
36699,"20141211",103142,"Low Risk","Unclean nonfood contact surfaces"
36699,"20141211",103119,"Moderate Risk","Inadequate and inaccessible handwashing facilities"
36699,"20141211",103144,"Low Risk","Unapproved or unmaintained equipment or utensils"
36699,"20130827",103149,"Low Risk","Wiping cloths not clean or properly stored or inadequate sanitizer"
36699,"20130827",103154,"Low Risk","Unclean or degraded floors walls or ceilings"
36699,"20130827",103142,"Low Risk","Unclean nonfood contact surfaces"
36699,"20130827",103139,"Low Risk","Improper food storage"
36699,"20130827",103120,"Moderate Risk","Moderate risk food holding temperature "
36699,"20130827",103115,"High Risk","Other high risk violation"
36699,"20140317",103157,"Low Risk","Food safety certificate or food handler card not available"
36699,"20140317",103154,"Low Risk","Unclean or degraded floors walls or ceilings"
36699,"20140317",103144,"Low Risk","Unapproved or unmaintained equipment or utensils"
36699,"20140317",103142,"Low Risk","Unclean nonfood contact surfaces"
36699,"20140317",103131,"Moderate Risk","Moderate risk vermin infestation"
36699,"20121003",103103,"High Risk","High risk food holding temperature "
36699,"20121003",103114,"High Risk","High risk vermin infestation"
36699,"20121003",103115,"High Risk","Other high risk violation"
36699,"20121003",103149,"Low Risk","Wiping cloths not clean or properly stored or inadequate sanitizer"
36728,"20150204",103120,"Moderate Risk","Moderate risk food holding temperature "
36728,"20131022",103154,"Low Risk","Unclean or degraded floors walls or ceilings"
36728,"20131022",103151,"Low Risk","Inadequate or unsanitary refuse containers or area or no garbage service"
36728,"20131022",103142,"Low Risk","Unclean nonfood contact surfaces"
36728,"20121217",103114,"High Risk","High risk vermin infestation"
36728,"20121106",103154,"Low Risk","Unclean or degraded floors walls or ceilings"
36728,"20121106",103142,"Low Risk","Unclean nonfood contact surfaces"
36728,"20121106",103112,"High Risk","No hot water or running water"
36728,"20121106",103109,"High Risk","Unclean or unsanitary food contact surfaces"
36728,"20121106",103150,"Low Risk","Improper or defective plumbing"
36728,"20121106",103103,"High Risk","High risk food holding temperature "
36728,"20140604",103154,"Low Risk","Unclean or degraded floors walls or ceilings"
36728,"20140604",103156,"Low Risk","Permit license or inspection report not posted"
36728,"20140604",103142,"Low Risk","Unclean nonfood contact surfaces"
36730,"20150417",103157,"Low Risk","Food safety certificate or food handler card not available"
36730,"20150417",103154,"Low Risk","Unclean or degraded floors walls or ceilings"
36730,"20140311",103154,"Low Risk","Unclean or degraded floors walls or ceilings"
36730,"20121116",103120,"Moderate Risk","Moderate risk food holding temperature "
36730,"20121116",103149,"Low Risk","Wiping cloths not clean or properly stored or inadequate sanitizer"
36730,"20121116",103127,"Moderate Risk","Noncompliance with HAACP plan or variance"
36744,"20130426",103105,"High Risk","Improper cooling methods"
36744,"20130426",103142,"Low Risk","Unclean nonfood contact surfaces"
36744,"20130426",103119,"Moderate Risk","Inadequate and inaccessible handwashing facilities"
36744,"20130426",103145,"Low Risk","Improper storage of equipment utensils or linens"
36744,"20130426",103156,"Low Risk","Permit license or inspection report not posted"
36744,"20140616",103133,"Moderate Risk","Foods not protected from contamination"
36744,"20140616",103154,"Low Risk","Unclean or degraded floors walls or ceilings"
36744,"20140616",103105,"High Risk","Improper cooling methods"
36744,"20140616",103132,"Moderate Risk","Improper thawing methods "
36745,"20150112",103142,"Low Risk","Unclean nonfood contact surfaces"
36745,"20150112",103114,"High Risk","High risk vermin infestation"
36745,"20150112",103154,"Low Risk","Unclean or degraded floors walls or ceilings"
36745,"20150112",103120,"Moderate Risk","Moderate risk food holding temperature "
36745,"20150112",103144,"Low Risk","Unapproved or unmaintained equipment or utensils"
36745,"20130530",103154,"Low Risk","Unclean or degraded floors walls or ceilings"
36745,"20130530",103144,"Low Risk","Unapproved or unmaintained equipment or utensils"
36745,"20130530",103133,"Moderate Risk","Foods not protected from contamination"
36745,"20130607",103161,"Low Risk","Low risk vermin infestation"
36745,"20130530",103142,"Low Risk","Unclean nonfood contact surfaces"
36745,"20130530",103114,"High Risk","High risk vermin infestation"
36745,"20130530",103147,"Low Risk","Inadequate ventilation or lighting"
36745,"20140219",103154,"Low Risk","Unclean or degraded floors walls or ceilings"
36745,"20140219",103139,"Low Risk","Improper food storage"
36745,"20140219",103153,"Low Risk","Inadequate dressing rooms or improper storage of personal items"
36745,"20140219",103149,"Low Risk","Wiping cloths not clean or properly stored or inadequate sanitizer"
36745,"20140219",103133,"Moderate Risk","Foods not protected from contamination"
36745,"20140219",103142,"Low Risk","Unclean nonfood contact surfaces"
36745,"20140219",103156,"Low Risk","Permit license or inspection report not posted"
36745,"20140219",103114,"High Risk","High risk vermin infestation"
36745,"20120823",103157,"Low Risk","Food safety certificate or food handler card not available"
36745,"20120823",103120,"Moderate Risk","Moderate risk food holding temperature "
36745,"20120823",103149,"Low Risk","Wiping cloths not clean or properly stored or inadequate sanitizer"
36750,"20130719",103124,"Moderate Risk","Inadequately cleaned or sanitized food contact surfaces"
36750,"20130719",103131,"Moderate Risk","Moderate risk vermin infestation"
36750,"20130719",103139,"Low Risk","Improper food storage"
36750,"20140401",103161,"Low Risk","Low risk vermin infestation"
36750,"20140401",103105,"High Risk","Improper cooling methods"
36750,"20140401",103138,"Low Risk","Improper storage use or identification of toxic substances"
36750,"20121130",103116,"Moderate Risk","Inadequate food safety knowledge or lack of certified food safety manager"
36750,"20121130",103120,"Moderate Risk","Moderate risk food holding temperature "
36758,"20140307",103149,"Low Risk","Wiping cloths not clean or properly stored or inadequate sanitizer"
36758,"20140307",103114,"High Risk","High risk vermin infestation"
36758,"20130213",103162,"Low Risk","Other low risk violation"
36758,"20130213",103149,"Low Risk","Wiping cloths not clean or properly stored or inadequate sanitizer"
36758,"20130213",103119,"Moderate Risk","Inadequate and inaccessible handwashing facilities"
36758,"20130213",103157,"Low Risk","Food safety certificate or food handler card not available"
36786,"20140109",103103,"High Risk","High risk food holding temperature "
36786,"20140109",103142,"Low Risk","Unclean nonfood contact surfaces"
36786,"20140109",103131,"Moderate Risk","Moderate risk vermin infestation"
36786,"20140728",103114,"High Risk","High risk vermin infestation"
36786,"20140728",103103,"High Risk","High risk food holding temperature "
36786,"20140728",103133,"Moderate Risk","Foods not protected from contamination"
36786,"20140728",103159,"Low Risk","Worker safety hazards"
36817,"20130503",103156,"Low Risk","Permit license or inspection report not posted"
36817,"20140822",103139,"Low Risk","Improper food storage"
36840,"20131028",103142,"Low Risk","Unclean nonfood contact surfaces"
36840,"20131028",103129,"Moderate Risk","Insufficient hot water or running water"
36840,"20130430",103154,"Low Risk","Unclean or degraded floors walls or ceilings"
36840,"20130430",103114,"High Risk","High risk vermin infestation"
36840,"20140418",103131,"Moderate Risk","Moderate risk vermin infestation"
36840,"20121107",103109,"High Risk","Unclean or unsanitary food contact surfaces"
36840,"20121107",103154,"Low Risk","Unclean or degraded floors walls or ceilings"
36850,"20130305",103120,"Moderate Risk","Moderate risk food holding temperature "
36850,"20130305",103157,"Low Risk","Food safety certificate or food handler card not available"
36850,"20140324",103139,"Low Risk","Improper food storage"
36850,"20121024",103120,"Moderate Risk","Moderate risk food holding temperature "
36850,"20121024",103162,"Low Risk","Other low risk violation"
36861,"20140903",103154,"Low Risk","Unclean or degraded floors walls or ceilings"
36861,"20140903",103139,"Low Risk","Improper food storage"
36861,"20130402",103120,"Moderate Risk","Moderate risk food holding temperature "
36861,"20130402",103133,"Moderate Risk","Foods not protected from contamination"
36861,"20130402",103142,"Low Risk","Unclean nonfood contact surfaces"
36861,"20130402",103129,"Moderate Risk","Insufficient hot water or running water"
36875,"20150220",103145,"Low Risk","Improper storage of equipment utensils or linens"
36875,"20150220",103119,"Moderate Risk","Inadequate and inaccessible handwashing facilities"
36875,"20130702",103109,"High Risk","Unclean or unsanitary food contact surfaces"
36875,"20130702",103142,"Low Risk","Unclean nonfood contact surfaces"
36875,"20130702",103119,"Moderate Risk","Inadequate and inaccessible handwashing facilities"
36875,"20140219",103154,"Low Risk","Unclean or degraded floors walls or ceilings"
36875,"20140219",103144,"Low Risk","Unapproved or unmaintained equipment or utensils"
36875,"20140219",103142,"Low Risk","Unclean nonfood contact surfaces"
36875,"20140219",103124,"Moderate Risk","Inadequately cleaned or sanitized food contact surfaces"
36875,"20140219",103156,"Low Risk","Permit license or inspection report not posted"
36875,"20140219",103120,"Moderate Risk","Moderate risk food holding temperature "
36875,"20120808",103157,"Low Risk","Food safety certificate or food handler card not available"
36875,"20120808",103124,"Moderate Risk","Inadequately cleaned or sanitized food contact surfaces"
36875,"20120808",103139,"Low Risk","Improper food storage"
36875,"20120808",103154,"Low Risk","Unclean or degraded floors walls or ceilings"
36876,"20150526",103144,"Low Risk","Unapproved or unmaintained equipment or utensils"
36876,"20130906",103133,"Moderate Risk","Foods not protected from contamination"
36876,"20130906",103120,"Moderate Risk","Moderate risk food holding temperature "
36876,"20130429",103144,"Low Risk","Unapproved or unmaintained equipment or utensils"
36876,"20130429",103130,"Moderate Risk","Inadequate sewage or wastewater disposal"
36876,"20130429",103142,"Low Risk","Unclean nonfood contact surfaces"
36876,"20130429",103103,"High Risk","High risk food holding temperature "
36876,"20130429",103124,"Moderate Risk","Inadequately cleaned or sanitized food contact surfaces"
36876,"20130429",103119,"Moderate Risk","Inadequate and inaccessible handwashing facilities"
36876,"20140401",103103,"High Risk","High risk food holding temperature "
36876,"20140401",103133,"Moderate Risk","Foods not protected from contamination"
36876,"20140401",103119,"Moderate Risk","Inadequate and inaccessible handwashing facilities"
36876,"20120906",103109,"High Risk","Unclean or unsanitary food contact surfaces"
36876,"20120906",103139,"Low Risk","Improper food storage"
36876,"20120906",103118,"Moderate Risk","Employee eating or smoking"
36876,"20120906",103142,"Low Risk","Unclean nonfood contact surfaces"
36876,"20120906",103145,"Low Risk","Improper storage of equipment utensils or linens"
36876,"20120906",103162,"Low Risk","Other low risk violation"
36876,"20120906",103136,"Low Risk","Unsanitary employee garments hair or nails"
36911,"20141029",103162,"Low Risk","Other low risk violation"
36911,"20141029",103120,"Moderate Risk","Moderate risk food holding temperature "
36911,"20141029",103109,"High Risk","Unclean or unsanitary food contact surfaces"
36911,"20141029",103157,"Low Risk","Food safety certificate or food handler card not available"
36911,"20141029",103132,"Moderate Risk","Improper thawing methods "
36911,"20130716",103109,"High Risk","Unclean or unsanitary food contact surfaces"
36911,"20130716",103144,"Low Risk","Unapproved or unmaintained equipment or utensils"
36911,"20130716",103133,"Moderate Risk","Foods not protected from contamination"
36911,"20140131",103144,"Low Risk","Unapproved or unmaintained equipment or utensils"
36911,"20130319",103133,"Moderate Risk","Foods not protected from contamination"
36911,"20120912",103133,"Moderate Risk","Foods not protected from contamination"
36911,"20120912",103120,"Moderate Risk","Moderate risk food holding temperature "
36911,"20120912",103144,"Low Risk","Unapproved or unmaintained equipment or utensils"
36911,"20120912",103109,"High Risk","Unclean or unsanitary food contact surfaces"
37021,"20150318",103120,"Moderate Risk","Moderate risk food holding temperature "
37021,"20131218",103143,"Low Risk","Inadequate warewashing facilities or equipment"
37021,"20130318",103133,"Moderate Risk","Foods not protected from contamination"
37021,"20140410",103120,"Moderate Risk","Moderate risk food holding temperature "
37038,"20130923",103161,"Low Risk","Low risk vermin infestation"
37038,"20130923",103144,"Low Risk","Unapproved or unmaintained equipment or utensils"
37038,"20121126",103144,"Low Risk","Unapproved or unmaintained equipment or utensils"
37038,"20121126",103118,"Moderate Risk","Employee eating or smoking"
37038,"20121126",103114,"High Risk","High risk vermin infestation"
37038,"20140522",103165,"Low Risk","No plan review or Building Permit"
37038,"20140522",103124,"Moderate Risk","Inadequately cleaned or sanitized food contact surfaces"
37053,"20140227",103156,"Low Risk","Permit license or inspection report not posted"
37060,"20141114",103150,"Low Risk","Improper or defective plumbing"
37060,"20141114",103124,"Moderate Risk","Inadequately cleaned or sanitized food contact surfaces"
37060,"20150331",103157,"Low Risk","Food safety certificate or food handler card not available"
37060,"20150331",103124,"Moderate Risk","Inadequately cleaned or sanitized food contact surfaces"
37060,"20140409",103157,"Low Risk","Food safety certificate or food handler card not available"
37060,"20120620",103154,"Low Risk","Unclean or degraded floors walls or ceilings"
37060,"20120620",103139,"Low Risk","Improper food storage"
37060,"20121220",103149,"Low Risk","Wiping cloths not clean or properly stored or inadequate sanitizer"
37060,"20121220",103142,"Low Risk","Unclean nonfood contact surfaces"
37060,"20121220",103144,"Low Risk","Unapproved or unmaintained equipment or utensils"
37060,"20121220",103161,"Low Risk","Low risk vermin infestation"
37090,"20150113",103119,"Moderate Risk","Inadequate and inaccessible handwashing facilities"
37090,"20150113",103124,"Moderate Risk","Inadequately cleaned or sanitized food contact surfaces"
37090,"20150113",103142,"Low Risk","Unclean nonfood contact surfaces"
37090,"20150113",103103,"High Risk","High risk food holding temperature "
37090,"20150113",103145,"Low Risk","Improper storage of equipment utensils or linens"
37090,"20150113",103144,"Low Risk","Unapproved or unmaintained equipment or utensils"
37090,"20150113",103108,"High Risk","Contaminated or adulterated food"
37090,"20140110",103119,"Moderate Risk","Inadequate and inaccessible handwashing facilities"
37090,"20140110",103120,"Moderate Risk","Moderate risk food holding temperature "
37090,"20140110",103124,"Moderate Risk","Inadequately cleaned or sanitized food contact surfaces"
37090,"20140110",103133,"Moderate Risk","Foods not protected from contamination"
37090,"20140110",103139,"Low Risk","Improper food storage"
37090,"20140110",103142,"Low Risk","Unclean nonfood contact surfaces"
37090,"20140110",103143,"Low Risk","Inadequate warewashing facilities or equipment"
37090,"20140110",103144,"Low Risk","Unapproved or unmaintained equipment or utensils"
37090,"20140110",103154,"Low Risk","Unclean or degraded floors walls or ceilings"
37090,"20130221",103148,"Low Risk","No thermometers or uncalibrated thermometers "
37090,"20130221",103154,"Low Risk","Unclean or degraded floors walls or ceilings"
37115,"20140306",103105,"High Risk","Improper cooling methods"
37115,"20140825",103105,"High Risk","Improper cooling methods"
37141,"20150602",103131,"Moderate Risk","Moderate risk vermin infestation"
37141,"20150602",103103,"High Risk","High risk food holding temperature "
37141,"20150602",103142,"Low Risk","Unclean nonfood contact surfaces"
37141,"20150602",103102,"High Risk","Unclean hands or improper use of gloves"
37141,"20150602",103149,"Low Risk","Wiping cloths not clean or properly stored or inadequate sanitizer"
37141,"20150602",103157,"Low Risk","Food safety certificate or food handler card not available"
37141,"20150602",103162,"Low Risk","Other low risk violation"
37141,"20150602",103116,"Moderate Risk","Inadequate food safety knowledge or lack of certified food safety manager"
37141,"20150602",103133,"Moderate Risk","Foods not protected from contamination"
37141,"20130802",103131,"Moderate Risk","Moderate risk vermin infestation"
37141,"20130802",103116,"Moderate Risk","Inadequate food safety knowledge or lack of certified food safety manager"
37141,"20130802",103108,"High Risk","Contaminated or adulterated food"
37141,"20130802",103149,"Low Risk","Wiping cloths not clean or properly stored or inadequate sanitizer"
37141,"20130802",103102,"High Risk","Unclean hands or improper use of gloves"
37141,"20130802",103103,"High Risk","High risk food holding temperature "
37141,"20140206",103114,"High Risk","High risk vermin infestation"
37141,"20140206",103116,"Moderate Risk","Inadequate food safety knowledge or lack of certified food safety manager"
37141,"20140206",103144,"Low Risk","Unapproved or unmaintained equipment or utensils"
37141,"20140206",103139,"Low Risk","Improper food storage"
37141,"20121001",103131,"Moderate Risk","Moderate risk vermin infestation"
37141,"20130129",103144,"Low Risk","Unapproved or unmaintained equipment or utensils"
37151,"20150420",103154,"Low Risk","Unclean or degraded floors walls or ceilings"
37151,"20150420",103124,"Moderate Risk","Inadequately cleaned or sanitized food contact surfaces"
37151,"20150420",103139,"Low Risk","Improper food storage"
37151,"20150420",103144,"Low Risk","Unapproved or unmaintained equipment or utensils"
37151,"20150420",103143,"Low Risk","Inadequate warewashing facilities or equipment"
37151,"20150420",103133,"Moderate Risk","Foods not protected from contamination"
37151,"20130905",103103,"High Risk","High risk food holding temperature "
37151,"20130905",103143,"Low Risk","Inadequate warewashing facilities or equipment"
37151,"20130905",103139,"Low Risk","Improper food storage"
37151,"20130905",103131,"Moderate Risk","Moderate risk vermin infestation"
37151,"20130905",103124,"Moderate Risk","Inadequately cleaned or sanitized food contact surfaces"
37151,"20130905",103119,"Moderate Risk","Inadequate and inaccessible handwashing facilities"
37151,"20130102",103103,"High Risk","High risk food holding temperature "
37151,"20130102",103144,"Low Risk","Unapproved or unmaintained equipment or utensils"
37151,"20130102",103119,"Moderate Risk","Inadequate and inaccessible handwashing facilities"
37151,"20130102",103139,"Low Risk","Improper food storage"
37151,"20140514",103142,"Low Risk","Unclean nonfood contact surfaces"
37151,"20140514",103154,"Low Risk","Unclean or degraded floors walls or ceilings"
37151,"20140514",103139,"Low Risk","Improper food storage"
37151,"20140514",103131,"Moderate Risk","Moderate risk vermin infestation"
37151,"20140514",103120,"Moderate Risk","Moderate risk food holding temperature "
37151,"20140514",103119,"Moderate Risk","Inadequate and inaccessible handwashing facilities"
37151,"20140514",103156,"Low Risk","Permit license or inspection report not posted"
37152,"20131203",103133,"Moderate Risk","Foods not protected from contamination"
37152,"20131203",103154,"Low Risk","Unclean or degraded floors walls or ceilings"
37152,"20131203",103148,"Low Risk","No thermometers or uncalibrated thermometers "
37152,"20131203",103139,"Low Risk","Improper food storage"
37152,"20131203",103124,"Moderate Risk","Inadequately cleaned or sanitized food contact surfaces"
37152,"20131203",103116,"Moderate Risk","Inadequate food safety knowledge or lack of certified food safety manager"
37152,"20131203",103105,"High Risk","Improper cooling methods"
37152,"20131203",103103,"High Risk","High risk food holding temperature "
37152,"20131203",103142,"Low Risk","Unclean nonfood contact surfaces"
37152,"20130227",103142,"Low Risk","Unclean nonfood contact surfaces"
37152,"20130227",103103,"High Risk","High risk food holding temperature "
37152,"20130227",103154,"Low Risk","Unclean or degraded floors walls or ceilings"
37152,"20130227",103132,"Moderate Risk","Improper thawing methods "
37152,"20130227",103139,"Low Risk","Improper food storage"
37152,"20130227",103116,"Moderate Risk","Inadequate food safety knowledge or lack of certified food safety manager"
37152,"20140617",103139,"Low Risk","Improper food storage"
37152,"20140617",103103,"High Risk","High risk food holding temperature "
37152,"20140617",103124,"Moderate Risk","Inadequately cleaned or sanitized food contact surfaces"
37152,"20140617",103142,"Low Risk","Unclean nonfood contact surfaces"
37152,"20140617",103144,"Low Risk","Unapproved or unmaintained equipment or utensils"
37152,"20140617",103154,"Low Risk","Unclean or degraded floors walls or ceilings"
37166,"20131115",103120,"Moderate Risk","Moderate risk food holding temperature "
37166,"20130517",103109,"High Risk","Unclean or unsanitary food contact surfaces"
37166,"20130517",103119,"Moderate Risk","Inadequate and inaccessible handwashing facilities"
37166,"20130517",103120,"Moderate Risk","Moderate risk food holding temperature "
37166,"20121206",103104,"High Risk","Unauthorized or unsafe use of time as a public health control measure"
37166,"20121206",103120,"Moderate Risk","Moderate risk food holding temperature "
37166,"20121206",103133,"Moderate Risk","Foods not protected from contamination"
37166,"20121206",103127,"Moderate Risk","Noncompliance with HAACP plan or variance"
37166,"20140521",103120,"Moderate Risk","Moderate risk food holding temperature "
37166,"20140521",103119,"Moderate Risk","Inadequate and inaccessible handwashing facilities"
37167,"20131115",103120,"Moderate Risk","Moderate risk food holding temperature "
37167,"20130517",103120,"Moderate Risk","Moderate risk food holding temperature "
37167,"20140521",103120,"Moderate Risk","Moderate risk food holding temperature "
37168,"20130517",103120,"Moderate Risk","Moderate risk food holding temperature "
37168,"20121206",103120,"Moderate Risk","Moderate risk food holding temperature "
37168,"20121206",103142,"Low Risk","Unclean nonfood contact surfaces"
37168,"20121206",103138,"Low Risk","Improper storage use or identification of toxic substances"
37168,"20140521",103119,"Moderate Risk","Inadequate and inaccessible handwashing facilities"
37168,"20140521",103116,"Moderate Risk","Inadequate food safety knowledge or lack of certified food safety manager"
37169,"20121206",103138,"Low Risk","Improper storage use or identification of toxic substances"
37171,"20131115",103133,"Moderate Risk","Foods not protected from contamination"
37171,"20131115",103120,"Moderate Risk","Moderate risk food holding temperature "
37171,"20130517",103133,"Moderate Risk","Foods not protected from contamination"
37171,"20121206",103109,"High Risk","Unclean or unsanitary food contact surfaces"
37171,"20121206",103119,"Moderate Risk","Inadequate and inaccessible handwashing facilities"
37171,"20121206",103133,"Moderate Risk","Foods not protected from contamination"
37171,"20140521",103129,"Moderate Risk","Insufficient hot water or running water"
37231,"20121127",103105,"High Risk","Improper cooling methods"
37231,"20121127",103103,"High Risk","High risk food holding temperature "
37231,"20121127",103139,"Low Risk","Improper food storage"
37231,"20121127",103124,"Moderate Risk","Inadequately cleaned or sanitized food contact surfaces"
37231,"20121127",103133,"Moderate Risk","Foods not protected from contamination"
37231,"20121127",103142,"Low Risk","Unclean nonfood contact surfaces"
37231,"20121127",103156,"Low Risk","Permit license or inspection report not posted"
37231,"20140508",103105,"High Risk","Improper cooling methods"
37231,"20140508",103154,"Low Risk","Unclean or degraded floors walls or ceilings"
37231,"20140508",103133,"Moderate Risk","Foods not protected from contamination"
37231,"20140508",103118,"Moderate Risk","Employee eating or smoking"
37231,"20140508",103114,"High Risk","High risk vermin infestation"
37232,"20131022",103124,"Moderate Risk","Inadequately cleaned or sanitized food contact surfaces"
37232,"20131112",103109,"High Risk","Unclean or unsanitary food contact surfaces"
37232,"20131022",103131,"Moderate Risk","Moderate risk vermin infestation"
37232,"20121109",103142,"Low Risk","Unclean nonfood contact surfaces"
37234,"20150402",103124,"Moderate Risk","Inadequately cleaned or sanitized food contact surfaces"
37234,"20150402",103154,"Low Risk","Unclean or degraded floors walls or ceilings"
37256,"20150306",103143,"Low Risk","Inadequate warewashing facilities or equipment"
37256,"20150306",103131,"Moderate Risk","Moderate risk vermin infestation"
37256,"20150306",103150,"Low Risk","Improper or defective plumbing"
37256,"20130905",103131,"Moderate Risk","Moderate risk vermin infestation"
37256,"20130108",103144,"Low Risk","Unapproved or unmaintained equipment or utensils"
37256,"20130108",103149,"Low Risk","Wiping cloths not clean or properly stored or inadequate sanitizer"
37256,"20130108",103161,"Low Risk","Low risk vermin infestation"
37256,"20130108",103142,"Low Risk","Unclean nonfood contact surfaces"
37256,"20140507",103149,"Low Risk","Wiping cloths not clean or properly stored or inadequate sanitizer"
37256,"20140507",103161,"Low Risk","Low risk vermin infestation"
37256,"20140507",103144,"Low Risk","Unapproved or unmaintained equipment or utensils"
37304,"20130703",103152,"Low Risk","Unclean unmaintained or improperly constructed toilet facilities"
37304,"20130703",103143,"Low Risk","Inadequate warewashing facilities or equipment"
37304,"20130703",103149,"Low Risk","Wiping cloths not clean or properly stored or inadequate sanitizer"
37304,"20130703",103142,"Low Risk","Unclean nonfood contact surfaces"
37304,"20140514",103119,"Moderate Risk","Inadequate and inaccessible handwashing facilities"
37304,"20140514",103142,"Low Risk","Unclean nonfood contact surfaces"
37304,"20140514",103144,"Low Risk","Unapproved or unmaintained equipment or utensils"
37304,"20140514",103145,"Low Risk","Improper storage of equipment utensils or linens"
37319,"20140102",103144,"Low Risk","Unapproved or unmaintained equipment or utensils"
37319,"20140102",103149,"Low Risk","Wiping cloths not clean or properly stored or inadequate sanitizer"
37319,"20140520",103139,"Low Risk","Improper food storage"
37344,"20130430",103120,"Moderate Risk","Moderate risk food holding temperature "
37344,"20130430",103161,"Low Risk","Low risk vermin infestation"
37344,"20130430",103142,"Low Risk","Unclean nonfood contact surfaces"
37344,"20130430",103116,"Moderate Risk","Inadequate food safety knowledge or lack of certified food safety manager"
37344,"20130430",103154,"Low Risk","Unclean or degraded floors walls or ceilings"
37350,"20131108",103149,"Low Risk","Wiping cloths not clean or properly stored or inadequate sanitizer"
37350,"20131108",103144,"Low Risk","Unapproved or unmaintained equipment or utensils"
37350,"20121212",103153,"Low Risk","Inadequate dressing rooms or improper storage of personal items"
37350,"20121212",103119,"Moderate Risk","Inadequate and inaccessible handwashing facilities"
37350,"20121212",103123,"Moderate Risk","Food in poor condition"
37350,"20121212",103153,"Low Risk","Inadequate dressing rooms or improper storage of personal items"
37361,"20141210",103124,"Moderate Risk","Inadequately cleaned or sanitized food contact surfaces"
37361,"20140502",103154,"Low Risk","Unclean or degraded floors walls or ceilings"
37361,"20140502",103131,"Moderate Risk","Moderate risk vermin infestation"
37361,"20121119",103150,"Low Risk","Improper or defective plumbing"
37364,"20150210",103142,"Low Risk","Unclean nonfood contact surfaces"
37364,"20150210",103119,"Moderate Risk","Inadequate and inaccessible handwashing facilities"
37364,"20150210",103149,"Low Risk","Wiping cloths not clean or properly stored or inadequate sanitizer"
37364,"20150210",103157,"Low Risk","Food safety certificate or food handler card not available"
37364,"20131230",103103,"High Risk","High risk food holding temperature "
37364,"20131230",103148,"Low Risk","No thermometers or uncalibrated thermometers "
37364,"20140625",103153,"Low Risk","Inadequate dressing rooms or improper storage of personal items"
37364,"20140625",103145,"Low Risk","Improper storage of equipment utensils or linens"
37364,"20140625",103138,"Low Risk","Improper storage use or identification of toxic substances"
37364,"20140625",103157,"Low Risk","Food safety certificate or food handler card not available"
37389,"20130808",103139,"Low Risk","Improper food storage"
37389,"20130808",103119,"Moderate Risk","Inadequate and inaccessible handwashing facilities"
37389,"20140416",103119,"Moderate Risk","Inadequate and inaccessible handwashing facilities"
37389,"20140416",103131,"Moderate Risk","Moderate risk vermin infestation"
37389,"20140416",103154,"Low Risk","Unclean or degraded floors walls or ceilings"
37389,"20140416",103120,"Moderate Risk","Moderate risk food holding temperature "
37390,"20150420",103138,"Low Risk","Improper storage use or identification of toxic substances"
37390,"20140206",103154,"Low Risk","Unclean or degraded floors walls or ceilings"
37390,"20140206",103119,"Moderate Risk","Inadequate and inaccessible handwashing facilities"
37398,"20140827",103132,"Moderate Risk","Improper thawing methods "
37398,"20140827",103133,"Moderate Risk","Foods not protected from contamination"
37398,"20140827",103124,"Moderate Risk","Inadequately cleaned or sanitized food contact surfaces"
37398,"20140827",103121,"Moderate Risk","Inadequate procedures or records for time as a public health control "
37398,"20140827",103105,"High Risk","Improper cooling methods"
37398,"20140827",103103,"High Risk","High risk food holding temperature "
37398,"20140827",103102,"High Risk","Unclean hands or improper use of gloves"
37398,"20140827",103131,"Moderate Risk","Moderate risk vermin infestation"
37398,"20140123",103109,"High Risk","Unclean or unsanitary food contact surfaces"
37398,"20140123",103131,"Moderate Risk","Moderate risk vermin infestation"
37398,"20140123",103103,"High Risk","High risk food holding temperature "
37398,"20140123",103102,"High Risk","Unclean hands or improper use of gloves"
37398,"20140123",103104,"High Risk","Unauthorized or unsafe use of time as a public health control measure"
37398,"20130314",103102,"High Risk","Unclean hands or improper use of gloves"
37398,"20130314",103116,"Moderate Risk","Inadequate food safety knowledge or lack of certified food safety manager"
37398,"20130314",103119,"Moderate Risk","Inadequate and inaccessible handwashing facilities"
37398,"20130219",103132,"Moderate Risk","Improper thawing methods "
37398,"20130219",103142,"Low Risk","Unclean nonfood contact surfaces"
37398,"20130219",103109,"High Risk","Unclean or unsanitary food contact surfaces"
37398,"20130219",103129,"Moderate Risk","Insufficient hot water or running water"
37398,"20130219",103131,"Moderate Risk","Moderate risk vermin infestation"
37398,"20130219",103133,"Moderate Risk","Foods not protected from contamination"
37398,"20130219",103103,"High Risk","High risk food holding temperature "
37405,"20140308",103157,"Low Risk","Food safety certificate or food handler card not available"
37405,"20140308",103149,"Low Risk","Wiping cloths not clean or properly stored or inadequate sanitizer"
37405,"20121130",103139,"Low Risk","Improper food storage"
37405,"20121130",103138,"Low Risk","Improper storage use or identification of toxic substances"
37405,"20121130",103154,"Low Risk","Unclean or degraded floors walls or ceilings"
37405,"20121130",103149,"Low Risk","Wiping cloths not clean or properly stored or inadequate sanitizer"
37407,"20150601",103114,"High Risk","High risk vermin infestation"
37407,"20150601",103139,"Low Risk","Improper food storage"
37407,"20150601",103103,"High Risk","High risk food holding temperature "
37407,"20150601",103102,"High Risk","Unclean hands or improper use of gloves"
37407,"20150601",103147,"Low Risk","Inadequate ventilation or lighting"
37407,"20150601",103154,"Low Risk","Unclean or degraded floors walls or ceilings"
37407,"20150601",103105,"High Risk","Improper cooling methods"
37407,"20131011",103151,"Low Risk","Inadequate or unsanitary refuse containers or area or no garbage service"
37407,"20131011",103149,"Low Risk","Wiping cloths not clean or properly stored or inadequate sanitizer"
37407,"20130409",103119,"Moderate Risk","Inadequate and inaccessible handwashing facilities"
37407,"20130409",103139,"Low Risk","Improper food storage"
37407,"20130409",103105,"High Risk","Improper cooling methods"
37407,"20130409",103149,"Low Risk","Wiping cloths not clean or properly stored or inadequate sanitizer"
37407,"20140407",103102,"High Risk","Unclean hands or improper use of gloves"
37407,"20140407",103120,"Moderate Risk","Moderate risk food holding temperature "
37407,"20140407",103154,"Low Risk","Unclean or degraded floors walls or ceilings"
37407,"20121022",103145,"Low Risk","Improper storage of equipment utensils or linens"
37407,"20121022",103103,"High Risk","High risk food holding temperature "
37456,"20141107",103133,"Moderate Risk","Foods not protected from contamination"
37456,"20141107",103145,"Low Risk","Improper storage of equipment utensils or linens"
37456,"20141107",103156,"Low Risk","Permit license or inspection report not posted"
37456,"20130918",103154,"Low Risk","Unclean or degraded floors walls or ceilings"
37456,"20130918",103142,"Low Risk","Unclean nonfood contact surfaces"
37456,"20130918",103131,"Moderate Risk","Moderate risk vermin infestation"
37456,"20130918",103123,"Moderate Risk","Food in poor condition"
37456,"20130918",103149,"Low Risk","Wiping cloths not clean or properly stored or inadequate sanitizer"
37456,"20140402",103142,"Low Risk","Unclean nonfood contact surfaces"
37456,"20140402",103139,"Low Risk","Improper food storage"
37456,"20140402",103149,"Low Risk","Wiping cloths not clean or properly stored or inadequate sanitizer"
37456,"20140402",103144,"Low Risk","Unapproved or unmaintained equipment or utensils"
37456,"20130111",103149,"Low Risk","Wiping cloths not clean or properly stored or inadequate sanitizer"
37456,"20130111",103103,"High Risk","High risk food holding temperature "
37462,"20130814",103144,"Low Risk","Unapproved or unmaintained equipment or utensils"
37462,"20130814",103133,"Moderate Risk","Foods not protected from contamination"
37462,"20130814",103120,"Moderate Risk","Moderate risk food holding temperature "
37462,"20130814",103109,"High Risk","Unclean or unsanitary food contact surfaces"
37462,"20130814",103116,"Moderate Risk","Inadequate food safety knowledge or lack of certified food safety manager"
37462,"20140428",103120,"Moderate Risk","Moderate risk food holding temperature "
37462,"20140428",103133,"Moderate Risk","Foods not protected from contamination"
37462,"20140428",103124,"Moderate Risk","Inadequately cleaned or sanitized food contact surfaces"
37462,"20140428",103157,"Low Risk","Food safety certificate or food handler card not available"
37462,"20130107",103119,"Moderate Risk","Inadequate and inaccessible handwashing facilities"
37462,"20130107",103120,"Moderate Risk","Moderate risk food holding temperature "
37462,"20130107",103144,"Low Risk","Unapproved or unmaintained equipment or utensils"
37462,"20130107",103150,"Low Risk","Improper or defective plumbing"
37462,"20130107",103154,"Low Risk","Unclean or degraded floors walls or ceilings"
37462,"20130107",103161,"Low Risk","Low risk vermin infestation"
37462,"20140813",103119,"Moderate Risk","Inadequate and inaccessible handwashing facilities"
37462,"20140813",103144,"Low Risk","Unapproved or unmaintained equipment or utensils"
37480,"20131204",103149,"Low Risk","Wiping cloths not clean or properly stored or inadequate sanitizer"
37480,"20130306",103119,"Moderate Risk","Inadequate and inaccessible handwashing facilities"
37480,"20130306",103149,"Low Risk","Wiping cloths not clean or properly stored or inadequate sanitizer"
37482,"20131107",103116,"Moderate Risk","Inadequate food safety knowledge or lack of certified food safety manager"
37482,"20131107",103103,"High Risk","High risk food holding temperature "
37482,"20131107",103144,"Low Risk","Unapproved or unmaintained equipment or utensils"
37482,"20131107",103105,"High Risk","Improper cooling methods"
37482,"20131107",103142,"Low Risk","Unclean nonfood contact surfaces"
37482,"20130222",103119,"Moderate Risk","Inadequate and inaccessible handwashing facilities"
37482,"20130222",103120,"Moderate Risk","Moderate risk food holding temperature "
37482,"20130222",103144,"Low Risk","Unapproved or unmaintained equipment or utensils"
37482,"20130222",103147,"Low Risk","Inadequate ventilation or lighting"
37482,"20130222",103124,"Moderate Risk","Inadequately cleaned or sanitized food contact surfaces"
37482,"20130222",103133,"Moderate Risk","Foods not protected from contamination"
37482,"20140626",103124,"Moderate Risk","Inadequately cleaned or sanitized food contact surfaces"
37482,"20140626",103133,"Moderate Risk","Foods not protected from contamination"
37482,"20140626",103116,"Moderate Risk","Inadequate food safety knowledge or lack of certified food safety manager"
37482,"20140626",103120,"Moderate Risk","Moderate risk food holding temperature "
37483,"20150317",103157,"Low Risk","Food safety certificate or food handler card not available"
37483,"20140206",103156,"Low Risk","Permit license or inspection report not posted"
37483,"20140206",103143,"Low Risk","Inadequate warewashing facilities or equipment"
37483,"20140206",103157,"Low Risk","Food safety certificate or food handler card not available"
37507,"20141014",103145,"Low Risk","Improper storage of equipment utensils or linens"
37575,"20140311",103119,"Moderate Risk","Inadequate and inaccessible handwashing facilities"
37575,"20140311",103139,"Low Risk","Improper food storage"
37575,"20140311",103131,"Moderate Risk","Moderate risk vermin infestation"
37633,"20141217",103161,"Low Risk","Low risk vermin infestation"
37633,"20141217",103142,"Low Risk","Unclean nonfood contact surfaces"
37633,"20141217",103154,"Low Risk","Unclean or degraded floors walls or ceilings"
37633,"20140219",103142,"Low Risk","Unclean nonfood contact surfaces"
37633,"20140219",103162,"Low Risk","Other low risk violation"
37633,"20140219",103149,"Low Risk","Wiping cloths not clean or properly stored or inadequate sanitizer"
37633,"20121128",103105,"High Risk","Improper cooling methods"
37633,"20121128",103149,"Low Risk","Wiping cloths not clean or properly stored or inadequate sanitizer"
37633,"20121128",103139,"Low Risk","Improper food storage"
37633,"20121128",103119,"Moderate Risk","Inadequate and inaccessible handwashing facilities"
37639,"20150202",103103,"High Risk","High risk food holding temperature "
37639,"20130813",103120,"Moderate Risk","Moderate risk food holding temperature "
37639,"20140325",103120,"Moderate Risk","Moderate risk food holding temperature "
37650,"20150211",103145,"Low Risk","Improper storage of equipment utensils or linens"
37650,"20150211",103147,"Low Risk","Inadequate ventilation or lighting"
37650,"20150211",103120,"Moderate Risk","Moderate risk food holding temperature "
37650,"20130326",103119,"Moderate Risk","Inadequate and inaccessible handwashing facilities"
37650,"20130326",103131,"Moderate Risk","Moderate risk vermin infestation"
37650,"20130326",103156,"Low Risk","Permit license or inspection report not posted"
37650,"20130326",103142,"Low Risk","Unclean nonfood contact surfaces"
37650,"20130326",103109,"High Risk","Unclean or unsanitary food contact surfaces"
37651,"20141024",103142,"Low Risk","Unclean nonfood contact surfaces"
37651,"20141024",103144,"Low Risk","Unapproved or unmaintained equipment or utensils"
37651,"20141024",103143,"Low Risk","Inadequate warewashing facilities or equipment"
37651,"20131213",103138,"Low Risk","Improper storage use or identification of toxic substances"
37651,"20131213",103142,"Low Risk","Unclean nonfood contact surfaces"
37651,"20130408",103114,"High Risk","High risk vermin infestation"
37651,"20120821",103131,"Moderate Risk","Moderate risk vermin infestation"
37651,"20120821",103150,"Low Risk","Improper or defective plumbing"
37654,"20150421",103157,"Low Risk","Food safety certificate or food handler card not available"
37654,"20140318",103149,"Low Risk","Wiping cloths not clean or properly stored or inadequate sanitizer"
37654,"20140318",103156,"Low Risk","Permit license or inspection report not posted"
37656,"20140923",103154,"Low Risk","Unclean or degraded floors walls or ceilings"
37656,"20130911",103142,"Low Risk","Unclean nonfood contact surfaces"
37656,"20130911",103154,"Low Risk","Unclean or degraded floors walls or ceilings"
37658,"20131210",103147,"Low Risk","Inadequate ventilation or lighting"
37658,"20131210",103150,"Low Risk","Improper or defective plumbing"
37658,"20130515",103154,"Low Risk","Unclean or degraded floors walls or ceilings"
37658,"20130515",103119,"Moderate Risk","Inadequate and inaccessible handwashing facilities"
37667,"20130724",103154,"Low Risk","Unclean or degraded floors walls or ceilings"
37667,"20130724",103142,"Low Risk","Unclean nonfood contact surfaces"
37667,"20130724",103119,"Moderate Risk","Inadequate and inaccessible handwashing facilities"
37667,"20130724",103144,"Low Risk","Unapproved or unmaintained equipment or utensils"
37667,"20130724",103114,"High Risk","High risk vermin infestation"
37670,"20131031",103142,"Low Risk","Unclean nonfood contact surfaces"
37670,"20131031",103139,"Low Risk","Improper food storage"
37670,"20131031",103144,"Low Risk","Unapproved or unmaintained equipment or utensils"
37670,"20131031",103154,"Low Risk","Unclean or degraded floors walls or ceilings"
37670,"20140610",103156,"Low Risk","Permit license or inspection report not posted"
37670,"20140610",103154,"Low Risk","Unclean or degraded floors walls or ceilings"
37670,"20140610",103142,"Low Risk","Unclean nonfood contact surfaces"
37670,"20140610",103161,"Low Risk","Low risk vermin infestation"
37670,"20140610",103136,"Low Risk","Unsanitary employee garments hair or nails"
37682,"20150306",103109,"High Risk","Unclean or unsanitary food contact surfaces"
37682,"20150306",103142,"Low Risk","Unclean nonfood contact surfaces"
37682,"20150306",103138,"Low Risk","Improper storage use or identification of toxic substances"
37682,"20150306",103114,"High Risk","High risk vermin infestation"
37682,"20130319",103120,"Moderate Risk","Moderate risk food holding temperature "
37682,"20130319",103142,"Low Risk","Unclean nonfood contact surfaces"
37682,"20130319",103154,"Low Risk","Unclean or degraded floors walls or ceilings"
37682,"20140421",103154,"Low Risk","Unclean or degraded floors walls or ceilings"
37682,"20140421",103139,"Low Risk","Improper food storage"
37682,"20140421",103124,"Moderate Risk","Inadequately cleaned or sanitized food contact surfaces"
37682,"20140421",103114,"High Risk","High risk vermin infestation"
37682,"20120914",103139,"Low Risk","Improper food storage"
37682,"20120914",103105,"High Risk","Improper cooling methods"
37682,"20120914",103150,"Low Risk","Improper or defective plumbing"
37682,"20120914",103154,"Low Risk","Unclean or degraded floors walls or ceilings"
37688,"20131017",103143,"Low Risk","Inadequate warewashing facilities or equipment"
37688,"20131017",103158,"Low Risk","Unpermitted food facility"
37688,"20131017",103120,"Moderate Risk","Moderate risk food holding temperature "
37688,"20140409",103131,"Moderate Risk","Moderate risk vermin infestation"
37688,"20140409",103142,"Low Risk","Unclean nonfood contact surfaces"
37688,"20140409",103154,"Low Risk","Unclean or degraded floors walls or ceilings"
37688,"20140409",103145,"Low Risk","Improper storage of equipment utensils or linens"
37688,"20140409",103124,"Moderate Risk","Inadequately cleaned or sanitized food contact surfaces"
37692,"20131217",103139,"Low Risk","Improper food storage"
37692,"20131217",103145,"Low Risk","Improper storage of equipment utensils or linens"
37692,"20131217",103103,"High Risk","High risk food holding temperature "
37698,"20150521",103119,"Moderate Risk","Inadequate and inaccessible handwashing facilities"
37698,"20150521",103131,"Moderate Risk","Moderate risk vermin infestation"
37698,"20150521",103144,"Low Risk","Unapproved or unmaintained equipment or utensils"
37698,"20121022",103154,"Low Risk","Unclean or degraded floors walls or ceilings"
37698,"20121022",103147,"Low Risk","Inadequate ventilation or lighting"
37698,"20130213",103149,"Low Risk","Wiping cloths not clean or properly stored or inadequate sanitizer"
37698,"20140804",103154,"Low Risk","Unclean or degraded floors walls or ceilings"
37698,"20140804",103133,"Moderate Risk","Foods not protected from contamination"
37717,"20150206",103139,"Low Risk","Improper food storage"
37717,"20150206",103145,"Low Risk","Improper storage of equipment utensils or linens"
37717,"20130816",103131,"Moderate Risk","Moderate risk vermin infestation"
37717,"20130816",103138,"Low Risk","Improper storage use or identification of toxic substances"
37717,"20130816",103124,"Moderate Risk","Inadequately cleaned or sanitized food contact surfaces"
37717,"20130816",103120,"Moderate Risk","Moderate risk food holding temperature "
37717,"20130816",103144,"Low Risk","Unapproved or unmaintained equipment or utensils"
37717,"20140410",103120,"Moderate Risk","Moderate risk food holding temperature "
37731,"20130829",103102,"High Risk","Unclean hands or improper use of gloves"
37731,"20130829",103143,"Low Risk","Inadequate warewashing facilities or equipment"
37731,"20140320",103154,"Low Risk","Unclean or degraded floors walls or ceilings"
37731,"20140805",103121,"Moderate Risk","Inadequate procedures or records for time as a public health control "
37731,"20140805",103154,"Low Risk","Unclean or degraded floors walls or ceilings"
37731,"20140805",103131,"Moderate Risk","Moderate risk vermin infestation"
37732,"20130403",103157,"Low Risk","Food safety certificate or food handler card not available"
37732,"20140729",103105,"High Risk","Improper cooling methods"
37732,"20140729",103120,"Moderate Risk","Moderate risk food holding temperature "
37732,"20140729",103133,"Moderate Risk","Foods not protected from contamination"
37732,"20140729",103124,"Moderate Risk","Inadequately cleaned or sanitized food contact surfaces"
37792,"20131127",103120,"Moderate Risk","Moderate risk food holding temperature "
37792,"20130529",103102,"High Risk","Unclean hands or improper use of gloves"
37792,"20140530",103120,"Moderate Risk","Moderate risk food holding temperature "
37802,"20150105",103103,"High Risk","High risk food holding temperature "
37802,"20150105",103124,"Moderate Risk","Inadequately cleaned or sanitized food contact surfaces"
37802,"20140407",103116,"Moderate Risk","Inadequate food safety knowledge or lack of certified food safety manager"
37802,"20140407",103120,"Moderate Risk","Moderate risk food holding temperature "
37802,"20140407",103129,"Moderate Risk","Insufficient hot water or running water"
37818,"20150112",103154,"Low Risk","Unclean or degraded floors walls or ceilings"
37818,"20150112",103133,"Moderate Risk","Foods not protected from contamination"
37818,"20150112",103144,"Low Risk","Unapproved or unmaintained equipment or utensils"
37818,"20150112",103124,"Moderate Risk","Inadequately cleaned or sanitized food contact surfaces"
37818,"20140218",103154,"Low Risk","Unclean or degraded floors walls or ceilings"
37818,"20140218",103119,"Moderate Risk","Inadequate and inaccessible handwashing facilities"
37818,"20140218",103142,"Low Risk","Unclean nonfood contact surfaces"
37818,"20140218",103114,"High Risk","High risk vermin infestation"
37818,"20130122",103150,"Low Risk","Improper or defective plumbing"
37818,"20130122",103114,"High Risk","High risk vermin infestation"
37818,"20130122",103154,"Low Risk","Unclean or degraded floors walls or ceilings"
37818,"20130122",103142,"Low Risk","Unclean nonfood contact surfaces"
37818,"20130122",103129,"Moderate Risk","Insufficient hot water or running water"
37818,"20130122",103119,"Moderate Risk","Inadequate and inaccessible handwashing facilities"
37820,"20120711",103120,"Moderate Risk","Moderate risk food holding temperature "
37820,"20130206",103120,"Moderate Risk","Moderate risk food holding temperature "
37832,"20140919",103150,"Low Risk","Improper or defective plumbing"
37832,"20140919",103119,"Moderate Risk","Inadequate and inaccessible handwashing facilities"
37832,"20140919",103157,"Low Risk","Food safety certificate or food handler card not available"
37832,"20140919",103114,"High Risk","High risk vermin infestation"
37832,"20140919",103112,"High Risk","No hot water or running water"
37832,"20140919",103156,"Low Risk","Permit license or inspection report not posted"
37832,"20140919",103139,"Low Risk","Improper food storage"
37832,"20140919",103142,"Low Risk","Unclean nonfood contact surfaces"
37832,"20140919",103124,"Moderate Risk","Inadequately cleaned or sanitized food contact surfaces"
37832,"20140919",103154,"Low Risk","Unclean or degraded floors walls or ceilings"
37832,"20120914",103114,"High Risk","High risk vermin infestation"
37832,"20120914",103139,"Low Risk","Improper food storage"
37832,"20120914",103150,"Low Risk","Improper or defective plumbing"
37832,"20120914",103124,"Moderate Risk","Inadequately cleaned or sanitized food contact surfaces"
37832,"20130122",103142,"Low Risk","Unclean nonfood contact surfaces"
37832,"20130122",103154,"Low Risk","Unclean or degraded floors walls or ceilings"
37832,"20130122",103156,"Low Risk","Permit license or inspection report not posted"
37832,"20130122",103119,"Moderate Risk","Inadequate and inaccessible handwashing facilities"
37832,"20130122",103157,"Low Risk","Food safety certificate or food handler card not available"
37833,"20130726",103144,"Low Risk","Unapproved or unmaintained equipment or utensils"
37833,"20130726",103149,"Low Risk","Wiping cloths not clean or properly stored or inadequate sanitizer"
37833,"20130726",103116,"Moderate Risk","Inadequate food safety knowledge or lack of certified food safety manager"
37833,"20140415",103131,"Moderate Risk","Moderate risk vermin infestation"
37833,"20140415",103124,"Moderate Risk","Inadequately cleaned or sanitized food contact surfaces"
37833,"20121214",103142,"Low Risk","Unclean nonfood contact surfaces"
37833,"20121214",103161,"Low Risk","Low risk vermin infestation"
37833,"20121214",103129,"Moderate Risk","Insufficient hot water or running water"
37879,"20130712",103109,"High Risk","Unclean or unsanitary food contact surfaces"
37879,"20130712",103133,"Moderate Risk","Foods not protected from contamination"
37879,"20130712",103132,"Moderate Risk","Improper thawing methods "
37879,"20130712",103102,"High Risk","Unclean hands or improper use of gloves"
37879,"20130712",103103,"High Risk","High risk food holding temperature "
37879,"20130712",103105,"High Risk","Improper cooling methods"
37879,"20130712",103129,"Moderate Risk","Insufficient hot water or running water"
37879,"20140331",103124,"Moderate Risk","Inadequately cleaned or sanitized food contact surfaces"
37879,"20140331",103103,"High Risk","High risk food holding temperature "
37879,"20140331",103116,"Moderate Risk","Inadequate food safety knowledge or lack of certified food safety manager"
37879,"20140331",103119,"Moderate Risk","Inadequate and inaccessible handwashing facilities"
37879,"20140331",103133,"Moderate Risk","Foods not protected from contamination"
37882,"20140909",103119,"Moderate Risk","Inadequate and inaccessible handwashing facilities"
37882,"20140909",103157,"Low Risk","Food safety certificate or food handler card not available"
37882,"20140909",103154,"Low Risk","Unclean or degraded floors walls or ceilings"
37882,"20140909",103149,"Low Risk","Wiping cloths not clean or properly stored or inadequate sanitizer"
37882,"20140909",103142,"Low Risk","Unclean nonfood contact surfaces"
37882,"20140909",103153,"Low Risk","Inadequate dressing rooms or improper storage of personal items"
37882,"20140909",103144,"Low Risk","Unapproved or unmaintained equipment or utensils"
37882,"20140909",103145,"Low Risk","Improper storage of equipment utensils or linens"
37882,"20140909",103139,"Low Risk","Improper food storage"
37882,"20140909",103103,"High Risk","High risk food holding temperature "
37882,"20140909",103109,"High Risk","Unclean or unsanitary food contact surfaces"
37882,"20140909",103116,"Moderate Risk","Inadequate food safety knowledge or lack of certified food safety manager"
37882,"20140909",103114,"High Risk","High risk vermin infestation"
37882,"20150303",103142,"Low Risk","Unclean nonfood contact surfaces"
37882,"20150303",103144,"Low Risk","Unapproved or unmaintained equipment or utensils"
37882,"20150303",103134,"Moderate Risk","Other moderate risk violation"
37882,"20150303",103124,"Moderate Risk","Inadequately cleaned or sanitized food contact surfaces"
37882,"20150303",103154,"Low Risk","Unclean or degraded floors walls or ceilings"
37882,"20150303",103114,"High Risk","High risk vermin infestation"
37882,"20140213",103116,"Moderate Risk","Inadequate food safety knowledge or lack of certified food safety manager"
37882,"20140213",103109,"High Risk","Unclean or unsanitary food contact surfaces"
37882,"20140213",103114,"High Risk","High risk vermin infestation"
37882,"20140213",103144,"Low Risk","Unapproved or unmaintained equipment or utensils"
37882,"20140213",103154,"Low Risk","Unclean or degraded floors walls or ceilings"
37882,"20140213",103119,"Moderate Risk","Inadequate and inaccessible handwashing facilities"
37882,"20140213",103139,"Low Risk","Improper food storage"
37882,"20140213",103145,"Low Risk","Improper storage of equipment utensils or linens"
37882,"20140213",103120,"Moderate Risk","Moderate risk food holding temperature "
37882,"20140213",103142,"Low Risk","Unclean nonfood contact surfaces"
37882,"20121221",103145,"Low Risk","Improper storage of equipment utensils or linens"
37882,"20121221",103114,"High Risk","High risk vermin infestation"
37882,"20121221",103139,"Low Risk","Improper food storage"
37882,"20121221",103120,"Moderate Risk","Moderate risk food holding temperature "
37882,"20121221",103144,"Low Risk","Unapproved or unmaintained equipment or utensils"
37882,"20121221",103109,"High Risk","Unclean or unsanitary food contact surfaces"
37882,"20121221",103142,"Low Risk","Unclean nonfood contact surfaces"
37882,"20121221",103116,"Moderate Risk","Inadequate food safety knowledge or lack of certified food safety manager"
37882,"20121221",103119,"Moderate Risk","Inadequate and inaccessible handwashing facilities"
37882,"20121221",103154,"Low Risk","Unclean or degraded floors walls or ceilings"
37918,"20130925",103154,"Low Risk","Unclean or degraded floors walls or ceilings"
37918,"20130925",103124,"Moderate Risk","Inadequately cleaned or sanitized food contact surfaces"
37918,"20130925",103114,"High Risk","High risk vermin infestation"
37918,"20130530",103108,"High Risk","Contaminated or adulterated food"
37918,"20130530",103131,"Moderate Risk","Moderate risk vermin infestation"
37918,"20130530",103139,"Low Risk","Improper food storage"
37918,"20130530",103149,"Low Risk","Wiping cloths not clean or properly stored or inadequate sanitizer"
37918,"20130530",103151,"Low Risk","Inadequate or unsanitary refuse containers or area or no garbage service"
37918,"20130530",103103,"High Risk","High risk food holding temperature "
37918,"20120710",103142,"Low Risk","Unclean nonfood contact surfaces"
37918,"20120710",103162,"Low Risk","Other low risk violation"
37918,"20120710",103148,"Low Risk","No thermometers or uncalibrated thermometers "
37918,"20140513",103114,"High Risk","High risk vermin infestation"
37918,"20140513",103143,"Low Risk","Inadequate warewashing facilities or equipment"
37918,"20140513",103139,"Low Risk","Improper food storage"
37969,"20150505",103142,"Low Risk","Unclean nonfood contact surfaces"
37969,"20150505",103103,"High Risk","High risk food holding temperature "
37969,"20150505",103102,"High Risk","Unclean hands or improper use of gloves"
37969,"20150505",103144,"Low Risk","Unapproved or unmaintained equipment or utensils"
37969,"20150505",103119,"Moderate Risk","Inadequate and inaccessible handwashing facilities"
37969,"20150505",103139,"Low Risk","Improper food storage"
37969,"20150505",103124,"Moderate Risk","Inadequately cleaned or sanitized food contact surfaces"
37969,"20150505",103141,"Low Risk","Improper food labeling or menu misrepresentation"
37969,"20130812",103139,"Low Risk","Improper food storage"
37969,"20130812",103108,"High Risk","Contaminated or adulterated food"
37969,"20130812",103149,"Low Risk","Wiping cloths not clean or properly stored or inadequate sanitizer"
37969,"20130812",103144,"Low Risk","Unapproved or unmaintained equipment or utensils"
37969,"20130812",103131,"Moderate Risk","Moderate risk vermin infestation"
37969,"20130812",103103,"High Risk","High risk food holding temperature "
37969,"20130812",103102,"High Risk","Unclean hands or improper use of gloves"
37969,"20130812",103109,"High Risk","Unclean or unsanitary food contact surfaces"
37969,"20130812",103142,"Low Risk","Unclean nonfood contact surfaces"
37969,"20140311",103119,"Moderate Risk","Inadequate and inaccessible handwashing facilities"
37969,"20140311",103114,"High Risk","High risk vermin infestation"
37969,"20140311",103103,"High Risk","High risk food holding temperature "
37969,"20140311",103116,"Moderate Risk","Inadequate food safety knowledge or lack of certified food safety manager"
37969,"20140311",103154,"Low Risk","Unclean or degraded floors walls or ceilings"
37969,"20140311",103144,"Low Risk","Unapproved or unmaintained equipment or utensils"
37969,"20140311",103124,"Moderate Risk","Inadequately cleaned or sanitized food contact surfaces"
37969,"20140311",103132,"Moderate Risk","Improper thawing methods "
37969,"20120710",103120,"Moderate Risk","Moderate risk food holding temperature "
37969,"20120705",103142,"Low Risk","Unclean nonfood contact surfaces"
37969,"20120705",103109,"High Risk","Unclean or unsanitary food contact surfaces"
37969,"20120710",103131,"Moderate Risk","Moderate risk vermin infestation"
37969,"20120705",103144,"Low Risk","Unapproved or unmaintained equipment or utensils"
37969,"20120705",103154,"Low Risk","Unclean or degraded floors walls or ceilings"
37969,"20120710",103139,"Low Risk","Improper food storage"
37969,"20130102",103154,"Low Risk","Unclean or degraded floors walls or ceilings"
37969,"20130102",103142,"Low Risk","Unclean nonfood contact surfaces"
37969,"20130102",103139,"Low Risk","Improper food storage"
37969,"20130102",103103,"High Risk","High risk food holding temperature "
37971,"20130604",103145,"Low Risk","Improper storage of equipment utensils or linens"
37971,"20130604",103132,"Moderate Risk","Improper thawing methods "
37971,"20130604",103109,"High Risk","Unclean or unsanitary food contact surfaces"
37971,"20130604",103114,"High Risk","High risk vermin infestation"
37971,"20130604",103119,"Moderate Risk","Inadequate and inaccessible handwashing facilities"
37971,"20130604",103139,"Low Risk","Improper food storage"
37971,"20120618",103103,"High Risk","High risk food holding temperature "
37971,"20120618",103132,"Moderate Risk","Improper thawing methods "
37971,"20120618",103124,"Moderate Risk","Inadequately cleaned or sanitized food contact surfaces"
37985,"20141121",103124,"Moderate Risk","Inadequately cleaned or sanitized food contact surfaces"
37985,"20141121",103149,"Low Risk","Wiping cloths not clean or properly stored or inadequate sanitizer"
37985,"20141121",103144,"Low Risk","Unapproved or unmaintained equipment or utensils"
37985,"20141121",103138,"Low Risk","Improper storage use or identification of toxic substances"
37985,"20141121",103114,"High Risk","High risk vermin infestation"
37985,"20130807",103154,"Low Risk","Unclean or degraded floors walls or ceilings"
37985,"20140430",103138,"Low Risk","Improper storage use or identification of toxic substances"
37985,"20140430",103149,"Low Risk","Wiping cloths not clean or properly stored or inadequate sanitizer"
37985,"20121129",103124,"Moderate Risk","Inadequately cleaned or sanitized food contact surfaces"
37986,"20150114",103129,"Moderate Risk","Insufficient hot water or running water"
37986,"20150114",103116,"Moderate Risk","Inadequate food safety knowledge or lack of certified food safety manager"
37986,"20150114",103124,"Moderate Risk","Inadequately cleaned or sanitized food contact surfaces"
37986,"20130905",103142,"Low Risk","Unclean nonfood contact surfaces"
37986,"20130905",103124,"Moderate Risk","Inadequately cleaned or sanitized food contact surfaces"
37986,"20130905",103120,"Moderate Risk","Moderate risk food holding temperature "
37986,"20130905",103154,"Low Risk","Unclean or degraded floors walls or ceilings"
37986,"20140410",103154,"Low Risk","Unclean or degraded floors walls or ceilings"
37986,"20140410",103142,"Low Risk","Unclean nonfood contact surfaces"
37986,"20140410",103124,"Moderate Risk","Inadequately cleaned or sanitized food contact surfaces"
37986,"20140410",103120,"Moderate Risk","Moderate risk food holding temperature "
37986,"20130102",103154,"Low Risk","Unclean or degraded floors walls or ceilings"
37986,"20130102",103119,"Moderate Risk","Inadequate and inaccessible handwashing facilities"
38030,"20121221",103124,"Moderate Risk","Inadequately cleaned or sanitized food contact surfaces"
38030,"20121221",103139,"Low Risk","Improper food storage"
38030,"20121221",103154,"Low Risk","Unclean or degraded floors walls or ceilings"
38030,"20121221",103157,"Low Risk","Food safety certificate or food handler card not available"
38067,"20141201",103120,"Moderate Risk","Moderate risk food holding temperature "
38067,"20130423",103148,"Low Risk","No thermometers or uncalibrated thermometers "
38067,"20130423",103119,"Moderate Risk","Inadequate and inaccessible handwashing facilities"
38067,"20121030",103148,"Low Risk","No thermometers or uncalibrated thermometers "
38067,"20121030",103103,"High Risk","High risk food holding temperature "
38067,"20121030",103139,"Low Risk","Improper food storage"
38070,"20131002",103109,"High Risk","Unclean or unsanitary food contact surfaces"
38070,"20131002",103133,"Moderate Risk","Foods not protected from contamination"
38070,"20131002",103119,"Moderate Risk","Inadequate and inaccessible handwashing facilities"
38070,"20131002",103103,"High Risk","High risk food holding temperature "
38070,"20120801",103161,"Low Risk","Low risk vermin infestation"
38070,"20140514",103154,"Low Risk","Unclean or degraded floors walls or ceilings"
38070,"20140514",103105,"High Risk","Improper cooling methods"
38070,"20140514",103129,"Moderate Risk","Insufficient hot water or running water"
38070,"20140514",103131,"Moderate Risk","Moderate risk vermin infestation"
38070,"20140514",103142,"Low Risk","Unclean nonfood contact surfaces"
38070,"20140514",103149,"Low Risk","Wiping cloths not clean or properly stored or inadequate sanitizer"
38070,"20140514",103161,"Low Risk","Low risk vermin infestation"
38070,"20140514",103145,"Low Risk","Improper storage of equipment utensils or linens"
38070,"20140514",103144,"Low Risk","Unapproved or unmaintained equipment or utensils"
38072,"20150304",103157,"Low Risk","Food safety certificate or food handler card not available"
38072,"20150304",103147,"Low Risk","Inadequate ventilation or lighting"
38072,"20150304",103144,"Low Risk","Unapproved or unmaintained equipment or utensils"
38072,"20150304",103120,"Moderate Risk","Moderate risk food holding temperature "
38072,"20130624",103161,"Low Risk","Low risk vermin infestation"
38072,"20130624",103149,"Low Risk","Wiping cloths not clean or properly stored or inadequate sanitizer"
38072,"20130624",103156,"Low Risk","Permit license or inspection report not posted"
38072,"20130624",103144,"Low Risk","Unapproved or unmaintained equipment or utensils"
38072,"20140606",103157,"Low Risk","Food safety certificate or food handler card not available"
38072,"20140606",103154,"Low Risk","Unclean or degraded floors walls or ceilings"
38072,"20140606",103150,"Low Risk","Improper or defective plumbing"
38072,"20140606",103131,"Moderate Risk","Moderate risk vermin infestation"
38073,"20150427",103149,"Low Risk","Wiping cloths not clean or properly stored or inadequate sanitizer"
38073,"20150427",103120,"Moderate Risk","Moderate risk food holding temperature "
38073,"20150427",103142,"Low Risk","Unclean nonfood contact surfaces"
38073,"20150427",103124,"Moderate Risk","Inadequately cleaned or sanitized food contact surfaces"
38073,"20131211",103103,"High Risk","High risk food holding temperature "
38073,"20131211",103142,"Low Risk","Unclean nonfood contact surfaces"
38073,"20131211",103149,"Low Risk","Wiping cloths not clean or properly stored or inadequate sanitizer"
38073,"20130522",103112,"High Risk","No hot water or running water"
38073,"20140623",103142,"Low Risk","Unclean nonfood contact surfaces"
38073,"20140623",103150,"Low Risk","Improper or defective plumbing"
38073,"20140623",103161,"Low Risk","Low risk vermin infestation"
38083,"20150311",103152,"Low Risk","Unclean unmaintained or improperly constructed toilet facilities"
38083,"20150311",103142,"Low Risk","Unclean nonfood contact surfaces"
38083,"20130620",103149,"Low Risk","Wiping cloths not clean or properly stored or inadequate sanitizer"
38083,"20130620",103154,"Low Risk","Unclean or degraded floors walls or ceilings"
38083,"20140214",103139,"Low Risk","Improper food storage"
38083,"20140214",103152,"Low Risk","Unclean unmaintained or improperly constructed toilet facilities"
38083,"20140214",103120,"Moderate Risk","Moderate risk food holding temperature "
38083,"20140214",103157,"Low Risk","Food safety certificate or food handler card not available"
38083,"20120625",103157,"Low Risk","Food safety certificate or food handler card not available"
38083,"20120625",103151,"Low Risk","Inadequate or unsanitary refuse containers or area or no garbage service"
38083,"20120625",103138,"Low Risk","Improper storage use or identification of toxic substances"
38083,"20130104",103138,"Low Risk","Improper storage use or identification of toxic substances"
38083,"20130104",103149,"Low Risk","Wiping cloths not clean or properly stored or inadequate sanitizer"
38083,"20130104",103152,"Low Risk","Unclean unmaintained or improperly constructed toilet facilities"
38083,"20130104",103157,"Low Risk","Food safety certificate or food handler card not available"
38091,"20141027",103120,"Moderate Risk","Moderate risk food holding temperature "
38091,"20141027",103124,"Moderate Risk","Inadequately cleaned or sanitized food contact surfaces"
38091,"20141027",103144,"Low Risk","Unapproved or unmaintained equipment or utensils"
38091,"20141027",103154,"Low Risk","Unclean or degraded floors walls or ceilings"
38091,"20141027",103150,"Low Risk","Improper or defective plumbing"
38091,"20141027",103116,"Moderate Risk","Inadequate food safety knowledge or lack of certified food safety manager"
38091,"20131104",103145,"Low Risk","Improper storage of equipment utensils or linens"
38091,"20131104",103149,"Low Risk","Wiping cloths not clean or properly stored or inadequate sanitizer"
38091,"20131104",103124,"Moderate Risk","Inadequately cleaned or sanitized food contact surfaces"
38091,"20131104",103144,"Low Risk","Unapproved or unmaintained equipment or utensils"
38091,"20131104",103135,"Low Risk","No person in charge of food facility"
38091,"20131104",103154,"Low Risk","Unclean or degraded floors walls or ceilings"
38091,"20131104",103129,"Moderate Risk","Insufficient hot water or running water"
38091,"20120625",103120,"Moderate Risk","Moderate risk food holding temperature "
38091,"20120625",103144,"Low Risk","Unapproved or unmaintained equipment or utensils"
38091,"20120625",103150,"Low Risk","Improper or defective plumbing"
38091,"20120625",103154,"Low Risk","Unclean or degraded floors walls or ceilings"
38091,"20140616",103144,"Low Risk","Unapproved or unmaintained equipment or utensils"
38091,"20140616",103133,"Moderate Risk","Foods not protected from contamination"
38091,"20140616",103135,"Low Risk","No person in charge of food facility"
38091,"20140616",103142,"Low Risk","Unclean nonfood contact surfaces"
38091,"20140616",103149,"Low Risk","Wiping cloths not clean or properly stored or inadequate sanitizer"
38091,"20140616",103157,"Low Risk","Food safety certificate or food handler card not available"
38106,"20150408",103119,"Moderate Risk","Inadequate and inaccessible handwashing facilities"
38106,"20120820",103154,"Low Risk","Unclean or degraded floors walls or ceilings"
38106,"20120829",103161,"Low Risk","Low risk vermin infestation"
38106,"20120820",103131,"Moderate Risk","Moderate risk vermin infestation"
38106,"20120820",103138,"Low Risk","Improper storage use or identification of toxic substances"
38106,"20120820",103142,"Low Risk","Unclean nonfood contact surfaces"
38106,"20120820",103151,"Low Risk","Inadequate or unsanitary refuse containers or area or no garbage service"
38112,"20131028",103119,"Moderate Risk","Inadequate and inaccessible handwashing facilities"
38112,"20131028",103121,"Moderate Risk","Inadequate procedures or records for time as a public health control "
38112,"20131028",103124,"Moderate Risk","Inadequately cleaned or sanitized food contact surfaces"
38112,"20131028",103132,"Moderate Risk","Improper thawing methods "
38112,"20131028",103116,"Moderate Risk","Inadequate food safety knowledge or lack of certified food safety manager"
38112,"20130501",103145,"Low Risk","Improper storage of equipment utensils or linens"
38112,"20130501",103149,"Low Risk","Wiping cloths not clean or properly stored or inadequate sanitizer"
38112,"20130501",103119,"Moderate Risk","Inadequate and inaccessible handwashing facilities"
38112,"20140418",103156,"Low Risk","Permit license or inspection report not posted"
38112,"20140418",103142,"Low Risk","Unclean nonfood contact surfaces"
38112,"20140418",103119,"Moderate Risk","Inadequate and inaccessible handwashing facilities"
38112,"20121108",103161,"Low Risk","Low risk vermin infestation"
38112,"20121108",103104,"High Risk","Unauthorized or unsafe use of time as a public health control measure"
38112,"20121108",103151,"Low Risk","Inadequate or unsanitary refuse containers or area or no garbage service"
38112,"20121108",103159,"Low Risk","Worker safety hazards"
38126,"20140910",103147,"Low Risk","Inadequate ventilation or lighting"
38126,"20140910",103142,"Low Risk","Unclean nonfood contact surfaces"
38126,"20140325",103150,"Low Risk","Improper or defective plumbing"
38126,"20140325",103109,"High Risk","Unclean or unsanitary food contact surfaces"
38126,"20120619",103154,"Low Risk","Unclean or degraded floors walls or ceilings"
38126,"20120619",103161,"Low Risk","Low risk vermin infestation"
38126,"20120619",103150,"Low Risk","Improper or defective plumbing"
38126,"20120619",103129,"Moderate Risk","Insufficient hot water or running water"
38126,"20120619",103116,"Moderate Risk","Inadequate food safety knowledge or lack of certified food safety manager"
38146,"20131217",103120,"Moderate Risk","Moderate risk food holding temperature "
38146,"20131217",103157,"Low Risk","Food safety certificate or food handler card not available"
38146,"20130318",103120,"Moderate Risk","Moderate risk food holding temperature "
38146,"20140312",103157,"Low Risk","Food safety certificate or food handler card not available"
38146,"20120829",103144,"Low Risk","Unapproved or unmaintained equipment or utensils"
38146,"20120829",103124,"Moderate Risk","Inadequately cleaned or sanitized food contact surfaces"
38179,"20130313",103142,"Low Risk","Unclean nonfood contact surfaces"
38179,"20130313",103124,"Moderate Risk","Inadequately cleaned or sanitized food contact surfaces"
38179,"20130313",103145,"Low Risk","Improper storage of equipment utensils or linens"
38179,"20140219",103119,"Moderate Risk","Inadequate and inaccessible handwashing facilities"
38182,"20140905",103109,"High Risk","Unclean or unsanitary food contact surfaces"
38182,"20140905",103148,"Low Risk","No thermometers or uncalibrated thermometers "
38182,"20131126",103154,"Low Risk","Unclean or degraded floors walls or ceilings"
38182,"20131126",103116,"Moderate Risk","Inadequate food safety knowledge or lack of certified food safety manager"
38182,"20131126",103127,"Moderate Risk","Noncompliance with HAACP plan or variance"
38182,"20130103",103124,"Moderate Risk","Inadequately cleaned or sanitized food contact surfaces"
38197,"20141205",103156,"Low Risk","Permit license or inspection report not posted"
38197,"20141205",103120,"Moderate Risk","Moderate risk food holding temperature "
38197,"20131030",103119,"Moderate Risk","Inadequate and inaccessible handwashing facilities"
38197,"20131030",103149,"Low Risk","Wiping cloths not clean or properly stored or inadequate sanitizer"
38197,"20140613",103120,"Moderate Risk","Moderate risk food holding temperature "
38197,"20140613",103145,"Low Risk","Improper storage of equipment utensils or linens"
38201,"20130621",103148,"Low Risk","No thermometers or uncalibrated thermometers "
38201,"20130621",103133,"Moderate Risk","Foods not protected from contamination"
38201,"20130621",103103,"High Risk","High risk food holding temperature "
38201,"20130621",103144,"Low Risk","Unapproved or unmaintained equipment or utensils"
38201,"20130621",103149,"Low Risk","Wiping cloths not clean or properly stored or inadequate sanitizer"
38201,"20140331",103107,"High Risk","Improper reheating of food"
38201,"20140331",103142,"Low Risk","Unclean nonfood contact surfaces"
38201,"20140331",103120,"Moderate Risk","Moderate risk food holding temperature "
38201,"20140331",103105,"High Risk","Improper cooling methods"
38201,"20121016",103120,"Moderate Risk","Moderate risk food holding temperature "
38201,"20121016",103105,"High Risk","Improper cooling methods"
38201,"20121016",103119,"Moderate Risk","Inadequate and inaccessible handwashing facilities"
38202,"20140108",103144,"Low Risk","Unapproved or unmaintained equipment or utensils"
38202,"20140108",103105,"High Risk","Improper cooling methods"
38202,"20140108",103162,"Low Risk","Other low risk violation"
38202,"20140108",103119,"Moderate Risk","Inadequate and inaccessible handwashing facilities"
38202,"20130424",103131,"Moderate Risk","Moderate risk vermin infestation"
38202,"20130424",103142,"Low Risk","Unclean nonfood contact surfaces"
38202,"20130424",103120,"Moderate Risk","Moderate risk food holding temperature "
38202,"20120906",103148,"Low Risk","No thermometers or uncalibrated thermometers "
38202,"20120906",103120,"Moderate Risk","Moderate risk food holding temperature "
38202,"20120906",103142,"Low Risk","Unclean nonfood contact surfaces"
38202,"20140715",103124,"Moderate Risk","Inadequately cleaned or sanitized food contact surfaces"
38202,"20140715",103142,"Low Risk","Unclean nonfood contact surfaces"
38231,"20140206",103144,"Low Risk","Unapproved or unmaintained equipment or utensils"
38231,"20140206",103132,"Moderate Risk","Improper thawing methods "
38231,"20140206",103154,"Low Risk","Unclean or degraded floors walls or ceilings"
38231,"20130610",103149,"Low Risk","Wiping cloths not clean or properly stored or inadequate sanitizer"
38231,"20130610",103144,"Low Risk","Unapproved or unmaintained equipment or utensils"
38231,"20140820",103131,"Moderate Risk","Moderate risk vermin infestation"
38231,"20140820",103119,"Moderate Risk","Inadequate and inaccessible handwashing facilities"
38231,"20140820",103154,"Low Risk","Unclean or degraded floors walls or ceilings"
38231,"20140820",103109,"High Risk","Unclean or unsanitary food contact surfaces"
38247,"20140915",103139,"Low Risk","Improper food storage"
38247,"20131007",103139,"Low Risk","Improper food storage"
38247,"20130422",103139,"Low Risk","Improper food storage"
38247,"20130422",103153,"Low Risk","Inadequate dressing rooms or improper storage of personal items"
38247,"20130422",103119,"Moderate Risk","Inadequate and inaccessible handwashing facilities"
38247,"20140324",103153,"Low Risk","Inadequate dressing rooms or improper storage of personal items"
38258,"20131211",103142,"Low Risk","Unclean nonfood contact surfaces"
38258,"20131211",103109,"High Risk","Unclean or unsanitary food contact surfaces"
38258,"20131211",103143,"Low Risk","Inadequate warewashing facilities or equipment"
38258,"20131211",103131,"Moderate Risk","Moderate risk vermin infestation"
38258,"20131211",103157,"Low Risk","Food safety certificate or food handler card not available"
38258,"20130321",103145,"Low Risk","Improper storage of equipment utensils or linens"
38258,"20130321",103157,"Low Risk","Food safety certificate or food handler card not available"
38258,"20130321",103142,"Low Risk","Unclean nonfood contact surfaces"
38258,"20130321",103109,"High Risk","Unclean or unsanitary food contact surfaces"
38258,"20120724",103142,"Low Risk","Unclean nonfood contact surfaces"
38258,"20120724",103147,"Low Risk","Inadequate ventilation or lighting"
38258,"20120724",103157,"Low Risk","Food safety certificate or food handler card not available"
38258,"20140612",103144,"Low Risk","Unapproved or unmaintained equipment or utensils"
38258,"20140612",103124,"Moderate Risk","Inadequately cleaned or sanitized food contact surfaces"
38258,"20140612",103103,"High Risk","High risk food holding temperature "
38258,"20140612",103161,"Low Risk","Low risk vermin infestation"
38258,"20140612",103154,"Low Risk","Unclean or degraded floors walls or ceilings"
38259,"20150108",103149,"Low Risk","Wiping cloths not clean or properly stored or inadequate sanitizer"
38259,"20150108",103109,"High Risk","Unclean or unsanitary food contact surfaces"
38259,"20150108",103139,"Low Risk","Improper food storage"
38259,"20150108",103119,"Moderate Risk","Inadequate and inaccessible handwashing facilities"
38259,"20150108",103120,"Moderate Risk","Moderate risk food holding temperature "
38259,"20150108",103154,"Low Risk","Unclean or degraded floors walls or ceilings"
38259,"20150108",103133,"Moderate Risk","Foods not protected from contamination"
38259,"20121205",103150,"Low Risk","Improper or defective plumbing"
38306,"20130517",103139,"Low Risk","Improper food storage"
38306,"20140218",103139,"Low Risk","Improper food storage"
38306,"20140218",103157,"Low Risk","Food safety certificate or food handler card not available"
38307,"20141118",103119,"Moderate Risk","Inadequate and inaccessible handwashing facilities"
38307,"20141118",103124,"Moderate Risk","Inadequately cleaned or sanitized food contact surfaces"
38307,"20131204",103144,"Low Risk","Unapproved or unmaintained equipment or utensils"
38307,"20131204",103124,"Moderate Risk","Inadequately cleaned or sanitized food contact surfaces"
38307,"20131204",103119,"Moderate Risk","Inadequate and inaccessible handwashing facilities"
38307,"20130508",103133,"Moderate Risk","Foods not protected from contamination"
38307,"20130508",103120,"Moderate Risk","Moderate risk food holding temperature "
38307,"20130508",103143,"Low Risk","Inadequate warewashing facilities or equipment"
38307,"20120925",103104,"High Risk","Unauthorized or unsafe use of time as a public health control measure"
38307,"20120925",103145,"Low Risk","Improper storage of equipment utensils or linens"
38330,"20140418",103120,"Moderate Risk","Moderate risk food holding temperature "
38379,"20130923",103119,"Moderate Risk","Inadequate and inaccessible handwashing facilities"
38379,"20130923",103142,"Low Risk","Unclean nonfood contact surfaces"
38379,"20130923",103139,"Low Risk","Improper food storage"
38379,"20130313",103119,"Moderate Risk","Inadequate and inaccessible handwashing facilities"
38379,"20130313",103161,"Low Risk","Low risk vermin infestation"
38379,"20130313",103138,"Low Risk","Improper storage use or identification of toxic substances"
38379,"20140319",103112,"High Risk","No hot water or running water"
38379,"20140319",103154,"Low Risk","Unclean or degraded floors walls or ceilings"
38379,"20120801",103142,"Low Risk","Unclean nonfood contact surfaces"
38379,"20120801",103157,"Low Risk","Food safety certificate or food handler card not available"
38379,"20120801",103161,"Low Risk","Low risk vermin infestation"
38392,"20141124",103124,"Moderate Risk","Inadequately cleaned or sanitized food contact surfaces"
38392,"20141124",103133,"Moderate Risk","Foods not protected from contamination"
38392,"20141124",103145,"Low Risk","Improper storage of equipment utensils or linens"
38392,"20130823",103133,"Moderate Risk","Foods not protected from contamination"
38392,"20130823",103143,"Low Risk","Inadequate warewashing facilities or equipment"
38392,"20140214",103129,"Moderate Risk","Insufficient hot water or running water"
38392,"20121227",103154,"Low Risk","Unclean or degraded floors walls or ceilings"
38423,"20131211",103156,"Low Risk","Permit license or inspection report not posted"
38423,"20131211",103120,"Moderate Risk","Moderate risk food holding temperature "
38423,"20130606",103149,"Low Risk","Wiping cloths not clean or properly stored or inadequate sanitizer"
38423,"20130606",103120,"Moderate Risk","Moderate risk food holding temperature "
38423,"20120918",103138,"Low Risk","Improper storage use or identification of toxic substances"
38423,"20120918",103131,"Moderate Risk","Moderate risk vermin infestation"
38423,"20120918",103142,"Low Risk","Unclean nonfood contact surfaces"
38423,"20120918",103154,"Low Risk","Unclean or degraded floors walls or ceilings"
38423,"20120918",103149,"Low Risk","Wiping cloths not clean or properly stored or inadequate sanitizer"
38427,"20141008",103157,"Low Risk","Food safety certificate or food handler card not available"
38427,"20141008",103152,"Low Risk","Unclean unmaintained or improperly constructed toilet facilities"
38427,"20141008",103142,"Low Risk","Unclean nonfood contact surfaces"
38427,"20141008",103119,"Moderate Risk","Inadequate and inaccessible handwashing facilities"
38427,"20130513",103103,"High Risk","High risk food holding temperature "
38427,"20130513",103142,"Low Risk","Unclean nonfood contact surfaces"
38427,"20130513",103152,"Low Risk","Unclean unmaintained or improperly constructed toilet facilities"
38427,"20130513",103131,"Moderate Risk","Moderate risk vermin infestation"
38427,"20130513",103119,"Moderate Risk","Inadequate and inaccessible handwashing facilities"
38427,"20130513",103156,"Low Risk","Permit license or inspection report not posted"
38427,"20130513",103157,"Low Risk","Food safety certificate or food handler card not available"
38427,"20140213",103154,"Low Risk","Unclean or degraded floors walls or ceilings"
38427,"20140213",103156,"Low Risk","Permit license or inspection report not posted"
38427,"20140213",103152,"Low Risk","Unclean unmaintained or improperly constructed toilet facilities"
38427,"20140213",103119,"Moderate Risk","Inadequate and inaccessible handwashing facilities"
38427,"20140213",103157,"Low Risk","Food safety certificate or food handler card not available"
38427,"20140213",103142,"Low Risk","Unclean nonfood contact surfaces"
38427,"20140213",103143,"Low Risk","Inadequate warewashing facilities or equipment"
38427,"20140213",103138,"Low Risk","Improper storage use or identification of toxic substances"
38427,"20120817",103142,"Low Risk","Unclean nonfood contact surfaces"
38427,"20120817",103119,"Moderate Risk","Inadequate and inaccessible handwashing facilities"
38427,"20120817",103116,"Moderate Risk","Inadequate food safety knowledge or lack of certified food safety manager"
38427,"20120817",103109,"High Risk","Unclean or unsanitary food contact surfaces"
38428,"20130626",103138,"Low Risk","Improper storage use or identification of toxic substances"
38428,"20130626",103154,"Low Risk","Unclean or degraded floors walls or ceilings"
38428,"20130626",103120,"Moderate Risk","Moderate risk food holding temperature "
38428,"20130626",103116,"Moderate Risk","Inadequate food safety knowledge or lack of certified food safety manager"
38428,"20130626",103133,"Moderate Risk","Foods not protected from contamination"
38428,"20130626",103124,"Moderate Risk","Inadequately cleaned or sanitized food contact surfaces"
38428,"20130626",103102,"High Risk","Unclean hands or improper use of gloves"
38428,"20130626",103143,"Low Risk","Inadequate warewashing facilities or equipment"
38428,"20120626",103120,"Moderate Risk","Moderate risk food holding temperature "
38428,"20120626",103143,"Low Risk","Inadequate warewashing facilities or equipment"
38428,"20120626",103142,"Low Risk","Unclean nonfood contact surfaces"
38428,"20120626",103154,"Low Risk","Unclean or degraded floors walls or ceilings"
38428,"20120626",103102,"High Risk","Unclean hands or improper use of gloves"
38428,"20120626",103157,"Low Risk","Food safety certificate or food handler card not available"
38428,"20140519",103156,"Low Risk","Permit license or inspection report not posted"
38428,"20140519",103142,"Low Risk","Unclean nonfood contact surfaces"
38428,"20140519",103120,"Moderate Risk","Moderate risk food holding temperature "
38428,"20140519",103144,"Low Risk","Unapproved or unmaintained equipment or utensils"
38428,"20140519",103124,"Moderate Risk","Inadequately cleaned or sanitized food contact surfaces"
38428,"20140519",103161,"Low Risk","Low risk vermin infestation"
38428,"20140519",103119,"Moderate Risk","Inadequate and inaccessible handwashing facilities"
38442,"20130926",103154,"Low Risk","Unclean or degraded floors walls or ceilings"
38442,"20130926",103120,"Moderate Risk","Moderate risk food holding temperature "
38442,"20130926",103149,"Low Risk","Wiping cloths not clean or properly stored or inadequate sanitizer"
38442,"20130926",103142,"Low Risk","Unclean nonfood contact surfaces"
38442,"20130926",103139,"Low Risk","Improper food storage"
38442,"20130926",103130,"Moderate Risk","Inadequate sewage or wastewater disposal"
38442,"20140310",103120,"Moderate Risk","Moderate risk food holding temperature "
38442,"20140310",103154,"Low Risk","Unclean or degraded floors walls or ceilings"
38442,"20140310",103114,"High Risk","High risk vermin infestation"
38442,"20140310",103124,"Moderate Risk","Inadequately cleaned or sanitized food contact surfaces"
38442,"20140310",103142,"Low Risk","Unclean nonfood contact surfaces"
38442,"20120725",103114,"High Risk","High risk vermin infestation"
38442,"20120725",103149,"Low Risk","Wiping cloths not clean or properly stored or inadequate sanitizer"
38442,"20120725",103142,"Low Risk","Unclean nonfood contact surfaces"
38442,"20120725",103103,"High Risk","High risk food holding temperature "
38442,"20120725",103120,"Moderate Risk","Moderate risk food holding temperature "
38442,"20120725",103132,"Moderate Risk","Improper thawing methods "
38442,"20130220",103154,"Low Risk","Unclean or degraded floors walls or ceilings"
38442,"20130220",103161,"Low Risk","Low risk vermin infestation"
38442,"20130220",103120,"Moderate Risk","Moderate risk food holding temperature "
38442,"20130220",103142,"Low Risk","Unclean nonfood contact surfaces"
38442,"20130220",103124,"Moderate Risk","Inadequately cleaned or sanitized food contact surfaces"
38447,"20150202",103144,"Low Risk","Unapproved or unmaintained equipment or utensils"
38447,"20150202",103139,"Low Risk","Improper food storage"
38447,"20150202",103110,"High Risk","Unapproved food source"
38447,"20150202",103154,"Low Risk","Unclean or degraded floors walls or ceilings"
38447,"20130827",103144,"Low Risk","Unapproved or unmaintained equipment or utensils"
38447,"20130827",103149,"Low Risk","Wiping cloths not clean or properly stored or inadequate sanitizer"
38447,"20130827",103136,"Low Risk","Unsanitary employee garments hair or nails"
38447,"20140326",103154,"Low Risk","Unclean or degraded floors walls or ceilings"
38447,"20140326",103139,"Low Risk","Improper food storage"
38447,"20140326",103124,"Moderate Risk","Inadequately cleaned or sanitized food contact surfaces"
38447,"20121016",103124,"Moderate Risk","Inadequately cleaned or sanitized food contact surfaces"
38447,"20121016",103114,"High Risk","High risk vermin infestation"
38447,"20121016",103162,"Low Risk","Other low risk violation"
38458,"20141203",103109,"High Risk","Unclean or unsanitary food contact surfaces"
38458,"20141203",103114,"High Risk","High risk vermin infestation"
38458,"20141203",103120,"Moderate Risk","Moderate risk food holding temperature "
38458,"20141203",103129,"Moderate Risk","Insufficient hot water or running water"
38458,"20141203",103161,"Low Risk","Low risk vermin infestation"
38458,"20130710",103142,"Low Risk","Unclean nonfood contact surfaces"
38458,"20130710",103154,"Low Risk","Unclean or degraded floors walls or ceilings"
38458,"20131204",103120,"Moderate Risk","Moderate risk food holding temperature "
38458,"20131204",103114,"High Risk","High risk vermin infestation"
38458,"20121120",103142,"Low Risk","Unclean nonfood contact surfaces"
38458,"20121120",103149,"Low Risk","Wiping cloths not clean or properly stored or inadequate sanitizer"
38458,"20121120",103154,"Low Risk","Unclean or degraded floors walls or ceilings"
38458,"20140612",103103,"High Risk","High risk food holding temperature "
38458,"20140612",103114,"High Risk","High risk vermin infestation"
38458,"20140612",103149,"Low Risk","Wiping cloths not clean or properly stored or inadequate sanitizer"
38479,"20131213",103154,"Low Risk","Unclean or degraded floors walls or ceilings"
38479,"20130122",103133,"Moderate Risk","Foods not protected from contamination"
38479,"20130122",103154,"Low Risk","Unclean or degraded floors walls or ceilings"
38479,"20130122",103120,"Moderate Risk","Moderate risk food holding temperature "
38479,"20140617",103124,"Moderate Risk","Inadequately cleaned or sanitized food contact surfaces"
38479,"20140617",103148,"Low Risk","No thermometers or uncalibrated thermometers "
38479,"20140617",103120,"Moderate Risk","Moderate risk food holding temperature "
38485,"20141202",103133,"Moderate Risk","Foods not protected from contamination"
38485,"20141202",103149,"Low Risk","Wiping cloths not clean or properly stored or inadequate sanitizer"
38485,"20141202",103118,"Moderate Risk","Employee eating or smoking"
38485,"20150309",103142,"Low Risk","Unclean nonfood contact surfaces"
38485,"20150309",103114,"High Risk","High risk vermin infestation"
38485,"20150309",103144,"Low Risk","Unapproved or unmaintained equipment or utensils"
38485,"20150309",103109,"High Risk","Unclean or unsanitary food contact surfaces"
38485,"20150309",103154,"Low Risk","Unclean or degraded floors walls or ceilings"
38485,"20130625",103142,"Low Risk","Unclean nonfood contact surfaces"
38485,"20130625",103120,"Moderate Risk","Moderate risk food holding temperature "
38485,"20130625",103131,"Moderate Risk","Moderate risk vermin infestation"
38485,"20130625",103109,"High Risk","Unclean or unsanitary food contact surfaces"
38485,"20140122",103156,"Low Risk","Permit license or inspection report not posted"
38485,"20140122",103142,"Low Risk","Unclean nonfood contact surfaces"
38485,"20140122",103131,"Moderate Risk","Moderate risk vermin infestation"
38485,"20120924",103142,"Low Risk","Unclean nonfood contact surfaces"
38485,"20120924",103149,"Low Risk","Wiping cloths not clean or properly stored or inadequate sanitizer"
38485,"20120924",103120,"Moderate Risk","Moderate risk food holding temperature "
38485,"20140513",103161,"Low Risk","Low risk vermin infestation"
38485,"20140513",103156,"Low Risk","Permit license or inspection report not posted"
38485,"20140513",103103,"High Risk","High risk food holding temperature "
38530,"20141202",103150,"Low Risk","Improper or defective plumbing"
38530,"20141202",103103,"High Risk","High risk food holding temperature "
38530,"20141202",103133,"Moderate Risk","Foods not protected from contamination"
38530,"20130816",103154,"Low Risk","Unclean or degraded floors walls or ceilings"
38530,"20130816",103124,"Moderate Risk","Inadequately cleaned or sanitized food contact surfaces"
38530,"20130816",103119,"Moderate Risk","Inadequate and inaccessible handwashing facilities"
38530,"20140417",103159,"Low Risk","Worker safety hazards"
38530,"20140417",103154,"Low Risk","Unclean or degraded floors walls or ceilings"
38530,"20140417",103103,"High Risk","High risk food holding temperature "
38530,"20140417",103133,"Moderate Risk","Foods not protected from contamination"
38530,"20140417",103124,"Moderate Risk","Inadequately cleaned or sanitized food contact surfaces"
38530,"20120928",103154,"Low Risk","Unclean or degraded floors walls or ceilings"
38564,"20130426",103119,"Moderate Risk","Inadequate and inaccessible handwashing facilities"
38564,"20130426",103150,"Low Risk","Improper or defective plumbing"
38564,"20130426",103116,"Moderate Risk","Inadequate food safety knowledge or lack of certified food safety manager"
38564,"20130426",103103,"High Risk","High risk food holding temperature "
38564,"20130426",103139,"Low Risk","Improper food storage"
38564,"20140519",103156,"Low Risk","Permit license or inspection report not posted"
38564,"20140519",103154,"Low Risk","Unclean or degraded floors walls or ceilings"
38564,"20140519",103151,"Low Risk","Inadequate or unsanitary refuse containers or area or no garbage service"
38564,"20140519",103149,"Low Risk","Wiping cloths not clean or properly stored or inadequate sanitizer"
38564,"20140519",103119,"Moderate Risk","Inadequate and inaccessible handwashing facilities"
38564,"20140519",103116,"Moderate Risk","Inadequate food safety knowledge or lack of certified food safety manager"
38564,"20140519",103102,"High Risk","Unclean hands or improper use of gloves"
38564,"20140519",103120,"Moderate Risk","Moderate risk food holding temperature "
38565,"20121211",103129,"Moderate Risk","Insufficient hot water or running water"
38565,"20121211",103119,"Moderate Risk","Inadequate and inaccessible handwashing facilities"
38566,"20140324",103133,"Moderate Risk","Foods not protected from contamination"
38566,"20140324",103103,"High Risk","High risk food holding temperature "
38566,"20120814",103105,"High Risk","Improper cooling methods"
38566,"20120814",103139,"Low Risk","Improper food storage"
38566,"20120814",103119,"Moderate Risk","Inadequate and inaccessible handwashing facilities"
38566,"20121206",103118,"Moderate Risk","Employee eating or smoking"
38566,"20121206",103105,"High Risk","Improper cooling methods"
38580,"20140904",103120,"Moderate Risk","Moderate risk food holding temperature "
38580,"20140904",103116,"Moderate Risk","Inadequate food safety knowledge or lack of certified food safety manager"
38580,"20140904",103149,"Low Risk","Wiping cloths not clean or properly stored or inadequate sanitizer"
38580,"20140904",103144,"Low Risk","Unapproved or unmaintained equipment or utensils"
38580,"20140904",103131,"Moderate Risk","Moderate risk vermin infestation"
38580,"20140904",103109,"High Risk","Unclean or unsanitary food contact surfaces"
38580,"20140904",103119,"Moderate Risk","Inadequate and inaccessible handwashing facilities"
38580,"20140904",103142,"Low Risk","Unclean nonfood contact surfaces"
38580,"20130904",103131,"Moderate Risk","Moderate risk vermin infestation"
38580,"20130904",103144,"Low Risk","Unapproved or unmaintained equipment or utensils"
38580,"20130904",103120,"Moderate Risk","Moderate risk food holding temperature "
38580,"20130904",103139,"Low Risk","Improper food storage"
38580,"20130904",103133,"Moderate Risk","Foods not protected from contamination"
38580,"20130904",103154,"Low Risk","Unclean or degraded floors walls or ceilings"
38580,"20130904",103149,"Low Risk","Wiping cloths not clean or properly stored or inadequate sanitizer"
38580,"20130904",103105,"High Risk","Improper cooling methods"
38580,"20130904",103109,"High Risk","Unclean or unsanitary food contact surfaces"
38580,"20130904",103142,"Low Risk","Unclean nonfood contact surfaces"
38580,"20120828",103116,"Moderate Risk","Inadequate food safety knowledge or lack of certified food safety manager"
38580,"20120828",103119,"Moderate Risk","Inadequate and inaccessible handwashing facilities"
38580,"20120828",103109,"High Risk","Unclean or unsanitary food contact surfaces"
38580,"20120828",103120,"Moderate Risk","Moderate risk food holding temperature "
38580,"20120828",103133,"Moderate Risk","Foods not protected from contamination"
38580,"20120828",103142,"Low Risk","Unclean nonfood contact surfaces"
38580,"20120828",103144,"Low Risk","Unapproved or unmaintained equipment or utensils"
38580,"20120828",103154,"Low Risk","Unclean or degraded floors walls or ceilings"
38580,"20120830",103142,"Low Risk","Unclean nonfood contact surfaces"
38580,"20120830",103139,"Low Risk","Improper food storage"
38580,"20120828",103105,"High Risk","Improper cooling methods"
38580,"20120830",103165,"Low Risk","No plan review or Building Permit"
38580,"20120828",103114,"High Risk","High risk vermin infestation"
38595,"20131203",103142,"Low Risk","Unclean nonfood contact surfaces"
38595,"20130617",103154,"Low Risk","Unclean or degraded floors walls or ceilings"
38595,"20130617",103139,"Low Risk","Improper food storage"
38595,"20140505",103120,"Moderate Risk","Moderate risk food holding temperature "
38595,"20140505",103139,"Low Risk","Improper food storage"
38595,"20121113",103149,"Low Risk","Wiping cloths not clean or properly stored or inadequate sanitizer"
38606,"20131031",103144,"Low Risk","Unapproved or unmaintained equipment or utensils"
38606,"20131031",103142,"Low Risk","Unclean nonfood contact surfaces"
38606,"20131031",103161,"Low Risk","Low risk vermin infestation"
38606,"20131031",103145,"Low Risk","Improper storage of equipment utensils or linens"
38606,"20130312",103149,"Low Risk","Wiping cloths not clean or properly stored or inadequate sanitizer"
38606,"20130312",103142,"Low Risk","Unclean nonfood contact surfaces"
38606,"20130312",103144,"Low Risk","Unapproved or unmaintained equipment or utensils"
38606,"20120904",103132,"Moderate Risk","Improper thawing methods "
38606,"20120904",103124,"Moderate Risk","Inadequately cleaned or sanitized food contact surfaces"
38606,"20120904",103119,"Moderate Risk","Inadequate and inaccessible handwashing facilities"
38611,"20130926",103115,"High Risk","Other high risk violation"
38611,"20130926",103116,"Moderate Risk","Inadequate food safety knowledge or lack of certified food safety manager"
38611,"20130926",103124,"Moderate Risk","Inadequately cleaned or sanitized food contact surfaces"
38611,"20130926",103103,"High Risk","High risk food holding temperature "
38611,"20120919",103105,"High Risk","Improper cooling methods"
38611,"20120919",103116,"Moderate Risk","Inadequate food safety knowledge or lack of certified food safety manager"
38611,"20120919",103119,"Moderate Risk","Inadequate and inaccessible handwashing facilities"
38611,"20140508",103105,"High Risk","Improper cooling methods"
38649,"20131204",103133,"Moderate Risk","Foods not protected from contamination"
38649,"20131204",103142,"Low Risk","Unclean nonfood contact surfaces"
38649,"20130306",103124,"Moderate Risk","Inadequately cleaned or sanitized food contact surfaces"
38649,"20140804",103154,"Low Risk","Unclean or degraded floors walls or ceilings"
38698,"20141209",103131,"Moderate Risk","Moderate risk vermin infestation"
38698,"20141209",103133,"Moderate Risk","Foods not protected from contamination"
38698,"20141209",103132,"Moderate Risk","Improper thawing methods "
38698,"20141209",103154,"Low Risk","Unclean or degraded floors walls or ceilings"
38698,"20141209",103116,"Moderate Risk","Inadequate food safety knowledge or lack of certified food safety manager"
38698,"20140203",103154,"Low Risk","Unclean or degraded floors walls or ceilings"
38698,"20140203",103144,"Low Risk","Unapproved or unmaintained equipment or utensils"
38698,"20140203",103138,"Low Risk","Improper storage use or identification of toxic substances"
38698,"20140203",103105,"High Risk","Improper cooling methods"
38698,"20140203",103124,"Moderate Risk","Inadequately cleaned or sanitized food contact surfaces"
38698,"20130327",103154,"Low Risk","Unclean or degraded floors walls or ceilings"
38698,"20130327",103144,"Low Risk","Unapproved or unmaintained equipment or utensils"
38698,"20130327",103142,"Low Risk","Unclean nonfood contact surfaces"
38709,"20150116",103107,"High Risk","Improper reheating of food"
38709,"20130308",103118,"Moderate Risk","Employee eating or smoking"
38709,"20140627",103105,"High Risk","Improper cooling methods"
38709,"20140627",103120,"Moderate Risk","Moderate risk food holding temperature "
38752,"20130806",103131,"Moderate Risk","Moderate risk vermin infestation"
38752,"20121221",103143,"Low Risk","Inadequate warewashing facilities or equipment"
38752,"20121221",103142,"Low Risk","Unclean nonfood contact surfaces"
38788,"20131223",103133,"Moderate Risk","Foods not protected from contamination"
38788,"20130314",103145,"Low Risk","Improper storage of equipment utensils or linens"
38788,"20140730",103121,"Moderate Risk","Inadequate procedures or records for time as a public health control "
38797,"20130531",103154,"Low Risk","Unclean or degraded floors walls or ceilings"
38797,"20121109",103120,"Moderate Risk","Moderate risk food holding temperature "
38797,"20121109",103119,"Moderate Risk","Inadequate and inaccessible handwashing facilities"
38797,"20140522",103144,"Low Risk","Unapproved or unmaintained equipment or utensils"
38798,"20140930",103149,"Low Risk","Wiping cloths not clean or properly stored or inadequate sanitizer"
38798,"20140930",103162,"Low Risk","Other low risk violation"
38798,"20150325",103149,"Low Risk","Wiping cloths not clean or properly stored or inadequate sanitizer"
38798,"20131002",103103,"High Risk","High risk food holding temperature "
38798,"20130320",103142,"Low Risk","Unclean nonfood contact surfaces"
38798,"20130320",103152,"Low Risk","Unclean unmaintained or improperly constructed toilet facilities"
38798,"20140404",103154,"Low Risk","Unclean or degraded floors walls or ceilings"
38798,"20120907",103119,"Moderate Risk","Inadequate and inaccessible handwashing facilities"
38798,"20120907",103139,"Low Risk","Improper food storage"
38808,"20141215",103139,"Low Risk","Improper food storage"
38808,"20141215",103103,"High Risk","High risk food holding temperature "
38808,"20141215",103144,"Low Risk","Unapproved or unmaintained equipment or utensils"
38808,"20131015",103114,"High Risk","High risk vermin infestation"
38808,"20131015",103144,"Low Risk","Unapproved or unmaintained equipment or utensils"
38808,"20131015",103142,"Low Risk","Unclean nonfood contact surfaces"
38808,"20130415",103144,"Low Risk","Unapproved or unmaintained equipment or utensils"
38808,"20130415",103131,"Moderate Risk","Moderate risk vermin infestation"
38808,"20140414",103120,"Moderate Risk","Moderate risk food holding temperature "
38808,"20140414",103144,"Low Risk","Unapproved or unmaintained equipment or utensils"
38808,"20121001",103103,"High Risk","High risk food holding temperature "
38808,"20121001",103148,"Low Risk","No thermometers or uncalibrated thermometers "
38808,"20121001",103145,"Low Risk","Improper storage of equipment utensils or linens"
38808,"20121001",103124,"Moderate Risk","Inadequately cleaned or sanitized food contact surfaces"
38808,"20121001",103138,"Low Risk","Improper storage use or identification of toxic substances"
38822,"20130627",103139,"Low Risk","Improper food storage"
38822,"20130627",103149,"Low Risk","Wiping cloths not clean or properly stored or inadequate sanitizer"
38822,"20130627",103119,"Moderate Risk","Inadequate and inaccessible handwashing facilities"
38822,"20140128",103145,"Low Risk","Improper storage of equipment utensils or linens"
38822,"20140128",103118,"Moderate Risk","Employee eating or smoking"
38822,"20140128",103139,"Low Risk","Improper food storage"
38822,"20120717",103143,"Low Risk","Inadequate warewashing facilities or equipment"
38822,"20120717",103142,"Low Risk","Unclean nonfood contact surfaces"
38822,"20140820",103133,"Moderate Risk","Foods not protected from contamination"
38875,"20150515",103154,"Low Risk","Unclean or degraded floors walls or ceilings"
38875,"20150515",103149,"Low Risk","Wiping cloths not clean or properly stored or inadequate sanitizer"
38875,"20150515",103144,"Low Risk","Unapproved or unmaintained equipment or utensils"
38875,"20150515",103142,"Low Risk","Unclean nonfood contact surfaces"
38875,"20140115",103142,"Low Risk","Unclean nonfood contact surfaces"
38875,"20140115",103133,"Moderate Risk","Foods not protected from contamination"
38875,"20140115",103154,"Low Risk","Unclean or degraded floors walls or ceilings"
38875,"20130503",103103,"High Risk","High risk food holding temperature "
38875,"20130503",103161,"Low Risk","Low risk vermin infestation"
38875,"20130503",103149,"Low Risk","Wiping cloths not clean or properly stored or inadequate sanitizer"
38875,"20130503",103142,"Low Risk","Unclean nonfood contact surfaces"
38875,"20120809",103114,"High Risk","High risk vermin infestation"
38875,"20120809",103120,"Moderate Risk","Moderate risk food holding temperature "
38875,"20120809",103149,"Low Risk","Wiping cloths not clean or properly stored or inadequate sanitizer"
38875,"20120810",103161,"Low Risk","Low risk vermin infestation"
38875,"20120809",103109,"High Risk","Unclean or unsanitary food contact surfaces"
38875,"20140822",103142,"Low Risk","Unclean nonfood contact surfaces"
38875,"20140822",103139,"Low Risk","Improper food storage"
38875,"20140822",103147,"Low Risk","Inadequate ventilation or lighting"
38875,"20140822",103144,"Low Risk","Unapproved or unmaintained equipment or utensils"
38875,"20140822",103143,"Low Risk","Inadequate warewashing facilities or equipment"
38885,"20131203",103120,"Moderate Risk","Moderate risk food holding temperature "
38885,"20131203",103119,"Moderate Risk","Inadequate and inaccessible handwashing facilities"
38885,"20120806",103131,"Moderate Risk","Moderate risk vermin infestation"
38917,"20141008",103161,"Low Risk","Low risk vermin infestation"
38917,"20141008",103102,"High Risk","Unclean hands or improper use of gloves"
38917,"20130403",103145,"Low Risk","Improper storage of equipment utensils or linens"
38917,"20130403",103154,"Low Risk","Unclean or degraded floors walls or ceilings"
38917,"20130403",103148,"Low Risk","No thermometers or uncalibrated thermometers "
38917,"20130403",103144,"Low Risk","Unapproved or unmaintained equipment or utensils"
38917,"20130403",103138,"Low Risk","Improper storage use or identification of toxic substances"
38917,"20130403",103119,"Moderate Risk","Inadequate and inaccessible handwashing facilities"
38917,"20130403",103103,"High Risk","High risk food holding temperature "
38917,"20130403",103149,"Low Risk","Wiping cloths not clean or properly stored or inadequate sanitizer"
38917,"20130403",103161,"Low Risk","Low risk vermin infestation"
38917,"20140325",103133,"Moderate Risk","Foods not protected from contamination"
38917,"20140325",103103,"High Risk","High risk food holding temperature "
38917,"20140325",103139,"Low Risk","Improper food storage"
38917,"20140325",103145,"Low Risk","Improper storage of equipment utensils or linens"
38917,"20140325",103149,"Low Risk","Wiping cloths not clean or properly stored or inadequate sanitizer"
38917,"20140325",103161,"Low Risk","Low risk vermin infestation"
38917,"20140512",103120,"Moderate Risk","Moderate risk food holding temperature "
38929,"20150506",103143,"Low Risk","Inadequate warewashing facilities or equipment"
38929,"20150506",103139,"Low Risk","Improper food storage"
38929,"20150506",103120,"Moderate Risk","Moderate risk food holding temperature "
38929,"20150506",103154,"Low Risk","Unclean or degraded floors walls or ceilings"
38929,"20131216",103144,"Low Risk","Unapproved or unmaintained equipment or utensils"
38929,"20131216",103161,"Low Risk","Low risk vermin infestation"
38929,"20131216",103145,"Low Risk","Improper storage of equipment utensils or linens"
38929,"20131216",103139,"Low Risk","Improper food storage"
38929,"20131216",103116,"Moderate Risk","Inadequate food safety knowledge or lack of certified food safety manager"
38929,"20140129",103143,"Low Risk","Inadequate warewashing facilities or equipment"
38929,"20140129",103157,"Low Risk","Food safety certificate or food handler card not available"
38929,"20131216",103119,"Moderate Risk","Inadequate and inaccessible handwashing facilities"
38929,"20130612",103116,"Moderate Risk","Inadequate food safety knowledge or lack of certified food safety manager"
38929,"20130612",103119,"Moderate Risk","Inadequate and inaccessible handwashing facilities"
38929,"20130612",103142,"Low Risk","Unclean nonfood contact surfaces"
38929,"20130612",103144,"Low Risk","Unapproved or unmaintained equipment or utensils"
38979,"20130820",103156,"Low Risk","Permit license or inspection report not posted"
38979,"20130820",103142,"Low Risk","Unclean nonfood contact surfaces"
38979,"20140325",103149,"Low Risk","Wiping cloths not clean or properly stored or inadequate sanitizer"
38979,"20120802",103154,"Low Risk","Unclean or degraded floors walls or ceilings"
38979,"20120802",103144,"Low Risk","Unapproved or unmaintained equipment or utensils"
38979,"20130227",103144,"Low Risk","Unapproved or unmaintained equipment or utensils"
38979,"20130227",103154,"Low Risk","Unclean or degraded floors walls or ceilings"
39024,"20150202",103157,"Low Risk","Food safety certificate or food handler card not available"
39024,"20150202",103149,"Low Risk","Wiping cloths not clean or properly stored or inadequate sanitizer"
39024,"20150202",103124,"Moderate Risk","Inadequately cleaned or sanitized food contact surfaces"
39024,"20150202",103103,"High Risk","High risk food holding temperature "
39024,"20140207",103154,"Low Risk","Unclean or degraded floors walls or ceilings"
39024,"20140207",103142,"Low Risk","Unclean nonfood contact surfaces"
39024,"20140207",103124,"Moderate Risk","Inadequately cleaned or sanitized food contact surfaces"
39024,"20140207",103114,"High Risk","High risk vermin infestation"
39024,"20130128",103149,"Low Risk","Wiping cloths not clean or properly stored or inadequate sanitizer"
39024,"20130128",103142,"Low Risk","Unclean nonfood contact surfaces"
39024,"20130128",103154,"Low Risk","Unclean or degraded floors walls or ceilings"
39024,"20130128",103109,"High Risk","Unclean or unsanitary food contact surfaces"
39024,"20130128",103114,"High Risk","High risk vermin infestation"
39025,"20121009",103156,"Low Risk","Permit license or inspection report not posted"
39025,"20121009",103142,"Low Risk","Unclean nonfood contact surfaces"
39025,"20121009",103157,"Low Risk","Food safety certificate or food handler card not available"
39025,"20130215",103156,"Low Risk","Permit license or inspection report not posted"
39025,"20130215",103119,"Moderate Risk","Inadequate and inaccessible handwashing facilities"
39025,"20130215",103149,"Low Risk","Wiping cloths not clean or properly stored or inadequate sanitizer"
39025,"20130215",103139,"Low Risk","Improper food storage"
39025,"20130215",103151,"Low Risk","Inadequate or unsanitary refuse containers or area or no garbage service"
39025,"20130215",103142,"Low Risk","Unclean nonfood contact surfaces"
39031,"20130524",103143,"Low Risk","Inadequate warewashing facilities or equipment"
39031,"20130524",103138,"Low Risk","Improper storage use or identification of toxic substances"
39031,"20140305",103142,"Low Risk","Unclean nonfood contact surfaces"
39031,"20140305",103145,"Low Risk","Improper storage of equipment utensils or linens"
39031,"20120914",103120,"Moderate Risk","Moderate risk food holding temperature "
39031,"20120914",103131,"Moderate Risk","Moderate risk vermin infestation"
39031,"20120914",103142,"Low Risk","Unclean nonfood contact surfaces"
39031,"20120914",103150,"Low Risk","Improper or defective plumbing"
39031,"20140819",103149,"Low Risk","Wiping cloths not clean or properly stored or inadequate sanitizer"
39031,"20140819",103143,"Low Risk","Inadequate warewashing facilities or equipment"
39047,"20131025",103145,"Low Risk","Improper storage of equipment utensils or linens"
39047,"20131025",103149,"Low Risk","Wiping cloths not clean or properly stored or inadequate sanitizer"
39047,"20131025",103154,"Low Risk","Unclean or degraded floors walls or ceilings"
39047,"20131025",103114,"High Risk","High risk vermin infestation"
39047,"20131025",103116,"Moderate Risk","Inadequate food safety knowledge or lack of certified food safety manager"
39047,"20131025",103103,"High Risk","High risk food holding temperature "
39047,"20131025",103109,"High Risk","Unclean or unsanitary food contact surfaces"
39047,"20140708",103103,"High Risk","High risk food holding temperature "
39047,"20140708",103145,"Low Risk","Improper storage of equipment utensils or linens"
39047,"20140708",103149,"Low Risk","Wiping cloths not clean or properly stored or inadequate sanitizer"
39047,"20140708",103156,"Low Risk","Permit license or inspection report not posted"
39048,"20141222",103131,"Moderate Risk","Moderate risk vermin infestation"
39048,"20131009",103119,"Moderate Risk","Inadequate and inaccessible handwashing facilities"
39048,"20131009",103109,"High Risk","Unclean or unsanitary food contact surfaces"
39048,"20131009",103102,"High Risk","Unclean hands or improper use of gloves"
39048,"20140516",103103,"High Risk","High risk food holding temperature "
39048,"20140516",103149,"Low Risk","Wiping cloths not clean or properly stored or inadequate sanitizer"
39048,"20140516",103156,"Low Risk","Permit license or inspection report not posted"
39048,"20140516",103119,"Moderate Risk","Inadequate and inaccessible handwashing facilities"
39049,"20141205",103159,"Low Risk","Worker safety hazards"
39049,"20141205",103124,"Moderate Risk","Inadequately cleaned or sanitized food contact surfaces"
39049,"20141205",103120,"Moderate Risk","Moderate risk food holding temperature "
39049,"20131030",103154,"Low Risk","Unclean or degraded floors walls or ceilings"
39049,"20131030",103114,"High Risk","High risk vermin infestation"
39049,"20131030",103139,"Low Risk","Improper food storage"
39049,"20140613",103139,"Low Risk","Improper food storage"
39049,"20140613",103103,"High Risk","High risk food holding temperature "
39049,"20140613",103149,"Low Risk","Wiping cloths not clean or properly stored or inadequate sanitizer"
39049,"20140613",103159,"Low Risk","Worker safety hazards"
39049,"20140613",103153,"Low Risk","Inadequate dressing rooms or improper storage of personal items"
39050,"20150113",103103,"High Risk","High risk food holding temperature "
39050,"20130731",103120,"Moderate Risk","Moderate risk food holding temperature "
39050,"20121025",103145,"Low Risk","Improper storage of equipment utensils or linens"
39050,"20121025",103149,"Low Risk","Wiping cloths not clean or properly stored or inadequate sanitizer"
39050,"20121025",103161,"Low Risk","Low risk vermin infestation"
39050,"20121025",103119,"Moderate Risk","Inadequate and inaccessible handwashing facilities"
39050,"20121025",103142,"Low Risk","Unclean nonfood contact surfaces"
39050,"20121025",103144,"Low Risk","Unapproved or unmaintained equipment or utensils"
39052,"20130312",103161,"Low Risk","Low risk vermin infestation"
39052,"20130312",103139,"Low Risk","Improper food storage"
39052,"20130312",103145,"Low Risk","Improper storage of equipment utensils or linens"
39052,"20140328",103120,"Moderate Risk","Moderate risk food holding temperature "
39052,"20140328",103154,"Low Risk","Unclean or degraded floors walls or ceilings"
39052,"20140328",103134,"Moderate Risk","Other moderate risk violation"
39052,"20140328",103131,"Moderate Risk","Moderate risk vermin infestation"
39053,"20140919",103119,"Moderate Risk","Inadequate and inaccessible handwashing facilities"
39053,"20140919",103120,"Moderate Risk","Moderate risk food holding temperature "
39053,"20140303",103153,"Low Risk","Inadequate dressing rooms or improper storage of personal items"
39053,"20120628",103148,"Low Risk","No thermometers or uncalibrated thermometers "
39053,"20120628",103103,"High Risk","High risk food holding temperature "
39053,"20120628",103119,"Moderate Risk","Inadequate and inaccessible handwashing facilities"
39053,"20120628",103118,"Moderate Risk","Employee eating or smoking"
39053,"20130211",103119,"Moderate Risk","Inadequate and inaccessible handwashing facilities"
39053,"20130211",103118,"Moderate Risk","Employee eating or smoking"
39053,"20130211",103102,"High Risk","Unclean hands or improper use of gloves"
39054,"20150313",103109,"High Risk","Unclean or unsanitary food contact surfaces"
39054,"20150313",103119,"Moderate Risk","Inadequate and inaccessible handwashing facilities"
39054,"20150313",103152,"Low Risk","Unclean unmaintained or improperly constructed toilet facilities"
39054,"20130227",103103,"High Risk","High risk food holding temperature "
39054,"20130227",103105,"High Risk","Improper cooling methods"
39054,"20130227",103136,"Low Risk","Unsanitary employee garments hair or nails"
39054,"20130227",103152,"Low Risk","Unclean unmaintained or improperly constructed toilet facilities"
39054,"20140227",103139,"Low Risk","Improper food storage"
39054,"20140227",103119,"Moderate Risk","Inadequate and inaccessible handwashing facilities"
39054,"20140227",103143,"Low Risk","Inadequate warewashing facilities or equipment"
39076,"20150401",103154,"Low Risk","Unclean or degraded floors walls or ceilings"
39076,"20140401",103162,"Low Risk","Other low risk violation"
39076,"20140401",103103,"High Risk","High risk food holding temperature "
39076,"20140401",103139,"Low Risk","Improper food storage"
39076,"20121101",103157,"Low Risk","Food safety certificate or food handler card not available"
39076,"20121101",103142,"Low Risk","Unclean nonfood contact surfaces"
39076,"20121101",103147,"Low Risk","Inadequate ventilation or lighting"
39076,"20121101",103149,"Low Risk","Wiping cloths not clean or properly stored or inadequate sanitizer"
39076,"20121101",103156,"Low Risk","Permit license or inspection report not posted"
39076,"20121101",103152,"Low Risk","Unclean unmaintained or improperly constructed toilet facilities"
39076,"20121101",103145,"Low Risk","Improper storage of equipment utensils or linens"
39076,"20121101",103109,"High Risk","Unclean or unsanitary food contact surfaces"
39076,"20121101",103119,"Moderate Risk","Inadequate and inaccessible handwashing facilities"
39086,"20140709",103129,"Moderate Risk","Insufficient hot water or running water"
39086,"20140709",103141,"Low Risk","Improper food labeling or menu misrepresentation"
39113,"20140109",103120,"Moderate Risk","Moderate risk food holding temperature "
39113,"20131114",103119,"Moderate Risk","Inadequate and inaccessible handwashing facilities"
39113,"20131114",103106,"High Risk","Improper cooking time or temperatures"
39113,"20131114",103105,"High Risk","Improper cooling methods"
39113,"20131114",103103,"High Risk","High risk food holding temperature "
39113,"20131114",103109,"High Risk","Unclean or unsanitary food contact surfaces"
39113,"20131114",103133,"Moderate Risk","Foods not protected from contamination"
39113,"20131114",103142,"Low Risk","Unclean nonfood contact surfaces"
39113,"20131202",103149,"Low Risk","Wiping cloths not clean or properly stored or inadequate sanitizer"
39113,"20131114",103157,"Low Risk","Food safety certificate or food handler card not available"
39113,"20131202",103144,"Low Risk","Unapproved or unmaintained equipment or utensils"
39113,"20131202",103132,"Moderate Risk","Improper thawing methods "
39113,"20131114",103138,"Low Risk","Improper storage use or identification of toxic substances"
39113,"20121017",103105,"High Risk","Improper cooling methods"
39113,"20121017",103119,"Moderate Risk","Inadequate and inaccessible handwashing facilities"
39113,"20121017",103120,"Moderate Risk","Moderate risk food holding temperature "
39113,"20121017",103109,"High Risk","Unclean or unsanitary food contact surfaces"
39113,"20121017",103142,"Low Risk","Unclean nonfood contact surfaces"
39113,"20121017",103138,"Low Risk","Improper storage use or identification of toxic substances"
39119,"20140419",103149,"Low Risk","Wiping cloths not clean or properly stored or inadequate sanitizer"
39119,"20140419",103120,"Moderate Risk","Moderate risk food holding temperature "
39119,"20140419",103150,"Low Risk","Improper or defective plumbing"
39119,"20130220",103127,"Moderate Risk","Noncompliance with HAACP plan or variance"
39119,"20130220",103149,"Low Risk","Wiping cloths not clean or properly stored or inadequate sanitizer"
39119,"20130220",103147,"Low Risk","Inadequate ventilation or lighting"
39169,"20141028",103116,"Moderate Risk","Inadequate food safety knowledge or lack of certified food safety manager"
39169,"20141028",103124,"Moderate Risk","Inadequately cleaned or sanitized food contact surfaces"
39169,"20130501",103120,"Moderate Risk","Moderate risk food holding temperature "
39169,"20130501",103157,"Low Risk","Food safety certificate or food handler card not available"
39169,"20130501",103149,"Low Risk","Wiping cloths not clean or properly stored or inadequate sanitizer"
39169,"20140206",103144,"Low Risk","Unapproved or unmaintained equipment or utensils"
39176,"20141030",103103,"High Risk","High risk food holding temperature "
39176,"20141030",103116,"Moderate Risk","Inadequate food safety knowledge or lack of certified food safety manager"
39176,"20141030",103131,"Moderate Risk","Moderate risk vermin infestation"
39176,"20141030",103149,"Low Risk","Wiping cloths not clean or properly stored or inadequate sanitizer"
39176,"20141030",103133,"Moderate Risk","Foods not protected from contamination"
39176,"20141030",103142,"Low Risk","Unclean nonfood contact surfaces"
39176,"20130619",103114,"High Risk","High risk vermin infestation"
39176,"20130522",103131,"Moderate Risk","Moderate risk vermin infestation"
39176,"20130522",103139,"Low Risk","Improper food storage"
39176,"20130522",103124,"Moderate Risk","Inadequately cleaned or sanitized food contact surfaces"
39176,"20130522",103142,"Low Risk","Unclean nonfood contact surfaces"
39176,"20130522",103156,"Low Risk","Permit license or inspection report not posted"
39176,"20130522",103120,"Moderate Risk","Moderate risk food holding temperature "
39176,"20130522",103116,"Moderate Risk","Inadequate food safety knowledge or lack of certified food safety manager"
39176,"20140305",103112,"High Risk","No hot water or running water"
39176,"20140305",103154,"Low Risk","Unclean or degraded floors walls or ceilings"
39176,"20140305",103114,"High Risk","High risk vermin infestation"
39176,"20121009",103154,"Low Risk","Unclean or degraded floors walls or ceilings"
39176,"20121009",103142,"Low Risk","Unclean nonfood contact surfaces"
39176,"20121009",103139,"Low Risk","Improper food storage"
39176,"20121009",103103,"High Risk","High risk food holding temperature "
39176,"20121009",103142,"Low Risk","Unclean nonfood contact surfaces"
39176,"20121009",103150,"Low Risk","Improper or defective plumbing"
39176,"20121009",103116,"Moderate Risk","Inadequate food safety knowledge or lack of certified food safety manager"
39205,"20141117",103103,"High Risk","High risk food holding temperature "
39205,"20141117",103118,"Moderate Risk","Employee eating or smoking"
39205,"20141117",103139,"Low Risk","Improper food storage"
39205,"20130724",103119,"Moderate Risk","Inadequate and inaccessible handwashing facilities"
39205,"20130724",103161,"Low Risk","Low risk vermin infestation"
39205,"20140304",103120,"Moderate Risk","Moderate risk food holding temperature "
39205,"20140304",103131,"Moderate Risk","Moderate risk vermin infestation"
39205,"20120717",103131,"Moderate Risk","Moderate risk vermin infestation"
39205,"20120717",103142,"Low Risk","Unclean nonfood contact surfaces"
39246,"20141105",103132,"Moderate Risk","Improper thawing methods "
39246,"20141105",103133,"Moderate Risk","Foods not protected from contamination"
39246,"20130814",103133,"Moderate Risk","Foods not protected from contamination"
39246,"20130814",103120,"Moderate Risk","Moderate risk food holding temperature "
39246,"20130916",103102,"High Risk","Unclean hands or improper use of gloves"
39246,"20130814",103154,"Low Risk","Unclean or degraded floors walls or ceilings"
39246,"20140325",103120,"Moderate Risk","Moderate risk food holding temperature "
39246,"20140325",103108,"High Risk","Contaminated or adulterated food"
39246,"20121127",103132,"Moderate Risk","Improper thawing methods "
39246,"20121127",103121,"Moderate Risk","Inadequate procedures or records for time as a public health control "
39246,"20121127",103142,"Low Risk","Unclean nonfood contact surfaces"
39246,"20121127",103139,"Low Risk","Improper food storage"
39246,"20121127",103109,"High Risk","Unclean or unsanitary food contact surfaces"
39246,"20121127",103103,"High Risk","High risk food holding temperature "
39294,"20150128",103144,"Low Risk","Unapproved or unmaintained equipment or utensils"
39294,"20150128",103147,"Low Risk","Inadequate ventilation or lighting"
39294,"20150128",103107,"High Risk","Improper reheating of food"
39294,"20150128",103142,"Low Risk","Unclean nonfood contact surfaces"
39294,"20130905",103107,"High Risk","Improper reheating of food"
39294,"20130905",103133,"Moderate Risk","Foods not protected from contamination"
39294,"20130905",103116,"Moderate Risk","Inadequate food safety knowledge or lack of certified food safety manager"
39294,"20130905",103119,"Moderate Risk","Inadequate and inaccessible handwashing facilities"
39294,"20140410",103103,"High Risk","High risk food holding temperature "
39294,"20140410",103139,"Low Risk","Improper food storage"
39294,"20140410",103153,"Low Risk","Inadequate dressing rooms or improper storage of personal items"
39295,"20140915",103156,"Low Risk","Permit license or inspection report not posted"
39295,"20140915",103154,"Low Risk","Unclean or degraded floors walls or ceilings"
39295,"20140915",103145,"Low Risk","Improper storage of equipment utensils or linens"
39295,"20130513",103150,"Low Risk","Improper or defective plumbing"
39295,"20130513",103124,"Moderate Risk","Inadequately cleaned or sanitized food contact surfaces"
39295,"20130513",103119,"Moderate Risk","Inadequate and inaccessible handwashing facilities"
39295,"20130513",103154,"Low Risk","Unclean or degraded floors walls or ceilings"
39296,"20131120",103157,"Low Risk","Food safety certificate or food handler card not available"
39296,"20131120",103149,"Low Risk","Wiping cloths not clean or properly stored or inadequate sanitizer"
39296,"20131120",103142,"Low Risk","Unclean nonfood contact surfaces"
39296,"20120615",103135,"Low Risk","No person in charge of food facility"
39296,"20120615",103149,"Low Risk","Wiping cloths not clean or properly stored or inadequate sanitizer"
39296,"20120615",103154,"Low Risk","Unclean or degraded floors walls or ceilings"
39296,"20120615",103124,"Moderate Risk","Inadequately cleaned or sanitized food contact surfaces"
39296,"20120615",103145,"Low Risk","Improper storage of equipment utensils or linens"
39296,"20120615",103148,"Low Risk","No thermometers or uncalibrated thermometers "
39296,"20120615",103103,"High Risk","High risk food holding temperature "
39296,"20121126",103132,"Moderate Risk","Improper thawing methods "
39296,"20121126",103120,"Moderate Risk","Moderate risk food holding temperature "
39296,"20140613",103149,"Low Risk","Wiping cloths not clean or properly stored or inadequate sanitizer"
39296,"20140613",103154,"Low Risk","Unclean or degraded floors walls or ceilings"
39296,"20140613",103143,"Low Risk","Inadequate warewashing facilities or equipment"
39396,"20131030",103133,"Moderate Risk","Foods not protected from contamination"
39396,"20131030",103156,"Low Risk","Permit license or inspection report not posted"
39396,"20131030",103149,"Low Risk","Wiping cloths not clean or properly stored or inadequate sanitizer"
39396,"20131030",103139,"Low Risk","Improper food storage"
39396,"20131030",103124,"Moderate Risk","Inadequately cleaned or sanitized food contact surfaces"
39396,"20131030",103119,"Moderate Risk","Inadequate and inaccessible handwashing facilities"
39396,"20131030",103103,"High Risk","High risk food holding temperature "
39396,"20131030",103145,"Low Risk","Improper storage of equipment utensils or linens"
39396,"20130416",103156,"Low Risk","Permit license or inspection report not posted"
39396,"20130416",103142,"Low Risk","Unclean nonfood contact surfaces"
39396,"20130416",103149,"Low Risk","Wiping cloths not clean or properly stored or inadequate sanitizer"
39396,"20130416",103154,"Low Risk","Unclean or degraded floors walls or ceilings"
39396,"20130416",103133,"Moderate Risk","Foods not protected from contamination"
39396,"20130416",103139,"Low Risk","Improper food storage"
39396,"20130416",103119,"Moderate Risk","Inadequate and inaccessible handwashing facilities"
39396,"20130416",103124,"Moderate Risk","Inadequately cleaned or sanitized food contact surfaces"
39396,"20130416",103114,"High Risk","High risk vermin infestation"
39396,"20120719",103154,"Low Risk","Unclean or degraded floors walls or ceilings"
39396,"20120719",103139,"Low Risk","Improper food storage"
39396,"20120719",103133,"Moderate Risk","Foods not protected from contamination"
39396,"20120719",103103,"High Risk","High risk food holding temperature "
39396,"20120719",103114,"High Risk","High risk vermin infestation"
39396,"20120719",103142,"Low Risk","Unclean nonfood contact surfaces"
39396,"20120719",103132,"Moderate Risk","Improper thawing methods "
39396,"20120719",103149,"Low Risk","Wiping cloths not clean or properly stored or inadequate sanitizer"
39396,"20120719",103124,"Moderate Risk","Inadequately cleaned or sanitized food contact surfaces"
39396,"20120719",103119,"Moderate Risk","Inadequate and inaccessible handwashing facilities"
39396,"20140602",103142,"Low Risk","Unclean nonfood contact surfaces"
39396,"20140602",103144,"Low Risk","Unapproved or unmaintained equipment or utensils"
39396,"20140602",103154,"Low Risk","Unclean or degraded floors walls or ceilings"
39396,"20140602",103156,"Low Risk","Permit license or inspection report not posted"
39396,"20140602",103131,"Moderate Risk","Moderate risk vermin infestation"
39396,"20140602",103124,"Moderate Risk","Inadequately cleaned or sanitized food contact surfaces"
39396,"20140602",103119,"Moderate Risk","Inadequate and inaccessible handwashing facilities"
39396,"20140602",103139,"Low Risk","Improper food storage"
39398,"20140822",103149,"Low Risk","Wiping cloths not clean or properly stored or inadequate sanitizer"
39398,"20140822",103142,"Low Risk","Unclean nonfood contact surfaces"
39398,"20140822",103154,"Low Risk","Unclean or degraded floors walls or ceilings"
39398,"20140822",103144,"Low Risk","Unapproved or unmaintained equipment or utensils"
39398,"20140822",103143,"Low Risk","Inadequate warewashing facilities or equipment"
39398,"20130731",103119,"Moderate Risk","Inadequate and inaccessible handwashing facilities"
39398,"20130731",103103,"High Risk","High risk food holding temperature "
39398,"20130731",103142,"Low Risk","Unclean nonfood contact surfaces"
39398,"20130731",103109,"High Risk","Unclean or unsanitary food contact surfaces"
39398,"20130731",103143,"Low Risk","Inadequate warewashing facilities or equipment"
39398,"20140317",103103,"High Risk","High risk food holding temperature "
39398,"20140317",103119,"Moderate Risk","Inadequate and inaccessible handwashing facilities"
39398,"20140317",103154,"Low Risk","Unclean or degraded floors walls or ceilings"
39398,"20140317",103150,"Low Risk","Improper or defective plumbing"
39398,"20140317",103152,"Low Risk","Unclean unmaintained or improperly constructed toilet facilities"
39398,"20130123",103139,"Low Risk","Improper food storage"
39398,"20130123",103142,"Low Risk","Unclean nonfood contact surfaces"
39401,"20130814",103132,"Moderate Risk","Improper thawing methods "
39401,"20120717",103150,"Low Risk","Improper or defective plumbing"
39401,"20130204",103124,"Moderate Risk","Inadequately cleaned or sanitized food contact surfaces"
39401,"20140730",103120,"Moderate Risk","Moderate risk food holding temperature "
39403,"20130910",103144,"Low Risk","Unapproved or unmaintained equipment or utensils"
39403,"20140422",103154,"Low Risk","Unclean or degraded floors walls or ceilings"
39403,"20120612",103131,"Moderate Risk","Moderate risk vermin infestation"
39403,"20120612",103142,"Low Risk","Unclean nonfood contact surfaces"
39403,"20130114",103129,"Moderate Risk","Insufficient hot water or running water"
39420,"20130802",103116,"Moderate Risk","Inadequate food safety knowledge or lack of certified food safety manager"
39420,"20120920",103109,"High Risk","Unclean or unsanitary food contact surfaces"
39426,"20130806",103112,"High Risk","No hot water or running water"
39426,"20130806",103102,"High Risk","Unclean hands or improper use of gloves"
39426,"20130806",103119,"Moderate Risk","Inadequate and inaccessible handwashing facilities"
39426,"20130806",103124,"Moderate Risk","Inadequately cleaned or sanitized food contact surfaces"
39426,"20130806",103147,"Low Risk","Inadequate ventilation or lighting"
39426,"20130806",103148,"Low Risk","No thermometers or uncalibrated thermometers "
39426,"20130806",103116,"Moderate Risk","Inadequate food safety knowledge or lack of certified food safety manager"
39426,"20130806",103157,"Low Risk","Food safety certificate or food handler card not available"
39426,"20130806",103162,"Low Risk","Other low risk violation"
39481,"20130905",103147,"Low Risk","Inadequate ventilation or lighting"
39481,"20130905",103112,"High Risk","No hot water or running water"
39481,"20130905",103103,"High Risk","High risk food holding temperature "
39481,"20131021",103147,"Low Risk","Inadequate ventilation or lighting"
39481,"20131021",103124,"Moderate Risk","Inadequately cleaned or sanitized food contact surfaces"
39481,"20131021",103103,"High Risk","High risk food holding temperature "
39481,"20131021",103102,"High Risk","Unclean hands or improper use of gloves"
39481,"20140307",103153,"Low Risk","Inadequate dressing rooms or improper storage of personal items"
39481,"20140307",103147,"Low Risk","Inadequate ventilation or lighting"
39481,"20140307",103120,"Moderate Risk","Moderate risk food holding temperature "
39481,"20140307",103144,"Low Risk","Unapproved or unmaintained equipment or utensils"
39481,"20140307",103162,"Low Risk","Other low risk violation"
39482,"20130824",103119,"Moderate Risk","Inadequate and inaccessible handwashing facilities"
39495,"20150402",103154,"Low Risk","Unclean or degraded floors walls or ceilings"
39495,"20130425",103154,"Low Risk","Unclean or degraded floors walls or ceilings"
39495,"20120928",103124,"Moderate Risk","Inadequately cleaned or sanitized food contact surfaces"
39495,"20120928",103154,"Low Risk","Unclean or degraded floors walls or ceilings"
39495,"20120928",103116,"Moderate Risk","Inadequate food safety knowledge or lack of certified food safety manager"
39495,"20140616",103124,"Moderate Risk","Inadequately cleaned or sanitized food contact surfaces"
39528,"20140825",103124,"Moderate Risk","Inadequately cleaned or sanitized food contact surfaces"
39528,"20140825",103116,"Moderate Risk","Inadequate food safety knowledge or lack of certified food safety manager"
39528,"20140825",103133,"Moderate Risk","Foods not protected from contamination"
39528,"20140825",103119,"Moderate Risk","Inadequate and inaccessible handwashing facilities"
39528,"20140825",103161,"Low Risk","Low risk vermin infestation"
39528,"20130919",103103,"High Risk","High risk food holding temperature "
39528,"20130919",103139,"Low Risk","Improper food storage"
39528,"20130919",103156,"Low Risk","Permit license or inspection report not posted"
39528,"20121011",103119,"Moderate Risk","Inadequate and inaccessible handwashing facilities"
39528,"20140507",103154,"Low Risk","Unclean or degraded floors walls or ceilings"
39528,"20140507",103144,"Low Risk","Unapproved or unmaintained equipment or utensils"
39528,"20140507",103142,"Low Risk","Unclean nonfood contact surfaces"
39551,"20150122",103154,"Low Risk","Unclean or degraded floors walls or ceilings"
39551,"20150122",103145,"Low Risk","Improper storage of equipment utensils or linens"
39551,"20150122",103148,"Low Risk","No thermometers or uncalibrated thermometers "
39551,"20150122",103120,"Moderate Risk","Moderate risk food holding temperature "
39551,"20131018",103103,"High Risk","High risk food holding temperature "
39551,"20131018",103119,"Moderate Risk","Inadequate and inaccessible handwashing facilities"
39551,"20131018",103154,"Low Risk","Unclean or degraded floors walls or ceilings"
39551,"20131018",103139,"Low Risk","Improper food storage"
39551,"20130118",103120,"Moderate Risk","Moderate risk food holding temperature "
39551,"20130118",103154,"Low Risk","Unclean or degraded floors walls or ceilings"
39551,"20130118",103142,"Low Risk","Unclean nonfood contact surfaces"
39551,"20140530",103154,"Low Risk","Unclean or degraded floors walls or ceilings"
39551,"20140530",103120,"Moderate Risk","Moderate risk food holding temperature "
39586,"20130619",103124,"Moderate Risk","Inadequately cleaned or sanitized food contact surfaces"
39586,"20130619",103154,"Low Risk","Unclean or degraded floors walls or ceilings"
39586,"20130619",103150,"Low Risk","Improper or defective plumbing"
39586,"20130626",103164,"N/A",
39586,"20130619",103114,"High Risk","High risk vermin infestation"
39586,"20131115",103114,"High Risk","High risk vermin infestation"
39586,"20131115",103124,"Moderate Risk","Inadequately cleaned or sanitized food contact surfaces"
39586,"20131115",103154,"Low Risk","Unclean or degraded floors walls or ceilings"
39586,"20131115",103157,"Low Risk","Food safety certificate or food handler card not available"
39586,"20130118",103109,"High Risk","Unclean or unsanitary food contact surfaces"
39586,"20130118",103139,"Low Risk","Improper food storage"
39586,"20130118",103114,"High Risk","High risk vermin infestation"
39586,"20130118",103150,"Low Risk","Improper or defective plumbing"
39586,"20130118",103119,"Moderate Risk","Inadequate and inaccessible handwashing facilities"
39586,"20130118",103102,"High Risk","Unclean hands or improper use of gloves"
39586,"20140529",103119,"Moderate Risk","Inadequate and inaccessible handwashing facilities"
39586,"20140529",103124,"Moderate Risk","Inadequately cleaned or sanitized food contact surfaces"
39586,"20140529",103154,"Low Risk","Unclean or degraded floors walls or ceilings"
39586,"20140529",103142,"Low Risk","Unclean nonfood contact surfaces"
39606,"20120627",103138,"Low Risk","Improper storage use or identification of toxic substances"
39606,"20120627",103105,"High Risk","Improper cooling methods"
39606,"20120718",103109,"High Risk","Unclean or unsanitary food contact surfaces"
39606,"20120627",103103,"High Risk","High risk food holding temperature "
39606,"20130219",103156,"Low Risk","Permit license or inspection report not posted"
39606,"20130219",103116,"Moderate Risk","Inadequate food safety knowledge or lack of certified food safety manager"
39606,"20140527",103150,"Low Risk","Improper or defective plumbing"
39606,"20140527",103144,"Low Risk","Unapproved or unmaintained equipment or utensils"
39606,"20140527",103149,"Low Risk","Wiping cloths not clean or properly stored or inadequate sanitizer"
39608,"20141110",103154,"Low Risk","Unclean or degraded floors walls or ceilings"
39608,"20141110",103138,"Low Risk","Improper storage use or identification of toxic substances"
39608,"20141110",103144,"Low Risk","Unapproved or unmaintained equipment or utensils"
39608,"20131113",103132,"Moderate Risk","Improper thawing methods "
39608,"20131113",103139,"Low Risk","Improper food storage"
39608,"20131113",103102,"High Risk","Unclean hands or improper use of gloves"
39608,"20131113",103124,"Moderate Risk","Inadequately cleaned or sanitized food contact surfaces"
39608,"20131113",103133,"Moderate Risk","Foods not protected from contamination"
39608,"20130425",103139,"Low Risk","Improper food storage"
39608,"20130425",103133,"Moderate Risk","Foods not protected from contamination"
39608,"20130425",103154,"Low Risk","Unclean or degraded floors walls or ceilings"
39608,"20130425",103142,"Low Risk","Unclean nonfood contact surfaces"
39608,"20140418",103119,"Moderate Risk","Inadequate and inaccessible handwashing facilities"
39608,"20140418",103132,"Moderate Risk","Improper thawing methods "
39608,"20140418",103139,"Low Risk","Improper food storage"
39608,"20140418",103142,"Low Risk","Unclean nonfood contact surfaces"
39608,"20140418",103157,"Low Risk","Food safety certificate or food handler card not available"
39608,"20140418",103109,"High Risk","Unclean or unsanitary food contact surfaces"
39608,"20140418",103133,"Moderate Risk","Foods not protected from contamination"
39608,"20121108",103133,"Moderate Risk","Foods not protected from contamination"
39608,"20121108",103144,"Low Risk","Unapproved or unmaintained equipment or utensils"
39608,"20121108",103149,"Low Risk","Wiping cloths not clean or properly stored or inadequate sanitizer"
39608,"20121108",103119,"Moderate Risk","Inadequate and inaccessible handwashing facilities"
39608,"20121108",103154,"Low Risk","Unclean or degraded floors walls or ceilings"
39615,"20130820",103154,"Low Risk","Unclean or degraded floors walls or ceilings"
39615,"20130820",103142,"Low Risk","Unclean nonfood contact surfaces"
39615,"20140205",103149,"Low Risk","Wiping cloths not clean or properly stored or inadequate sanitizer"
39615,"20140205",103154,"Low Risk","Unclean or degraded floors walls or ceilings"
39615,"20120802",103120,"Moderate Risk","Moderate risk food holding temperature "
39615,"20130227",103142,"Low Risk","Unclean nonfood contact surfaces"
39615,"20130227",103154,"Low Risk","Unclean or degraded floors walls or ceilings"
39625,"20131216",103142,"Low Risk","Unclean nonfood contact surfaces"
39625,"20131216",103131,"Moderate Risk","Moderate risk vermin infestation"
39625,"20130313",103131,"Moderate Risk","Moderate risk vermin infestation"
39625,"20130313",103119,"Moderate Risk","Inadequate and inaccessible handwashing facilities"
39625,"20130313",103142,"Low Risk","Unclean nonfood contact surfaces"
39625,"20130313",103124,"Moderate Risk","Inadequately cleaned or sanitized food contact surfaces"
39625,"20130313",103154,"Low Risk","Unclean or degraded floors walls or ceilings"
39625,"20140630",103131,"Moderate Risk","Moderate risk vermin infestation"
39665,"20141107",103157,"Low Risk","Food safety certificate or food handler card not available"
39665,"20141107",103143,"Low Risk","Inadequate warewashing facilities or equipment"
39665,"20141107",103145,"Low Risk","Improper storage of equipment utensils or linens"
39665,"20141107",103119,"Moderate Risk","Inadequate and inaccessible handwashing facilities"
39665,"20130718",103156,"Low Risk","Permit license or inspection report not posted"
39665,"20140205",103144,"Low Risk","Unapproved or unmaintained equipment or utensils"
39665,"20140205",103153,"Low Risk","Inadequate dressing rooms or improper storage of personal items"
39665,"20140205",103156,"Low Risk","Permit license or inspection report not posted"
39667,"20141201",103119,"Moderate Risk","Inadequate and inaccessible handwashing facilities"
39667,"20141201",103148,"Low Risk","No thermometers or uncalibrated thermometers "
39667,"20131010",103131,"Moderate Risk","Moderate risk vermin infestation"
39667,"20131010",103119,"Moderate Risk","Inadequate and inaccessible handwashing facilities"
39667,"20130412",103116,"Moderate Risk","Inadequate food safety knowledge or lack of certified food safety manager"
39667,"20121002",103119,"Moderate Risk","Inadequate and inaccessible handwashing facilities"
39667,"20121002",103161,"Low Risk","Low risk vermin infestation"
39667,"20121002",103124,"Moderate Risk","Inadequately cleaned or sanitized food contact surfaces"
39667,"20121002",103148,"Low Risk","No thermometers or uncalibrated thermometers "
39687,"20131004",103154,"Low Risk","Unclean or degraded floors walls or ceilings"
39687,"20130402",103139,"Low Risk","Improper food storage"
39687,"20130402",103150,"Low Risk","Improper or defective plumbing"
39687,"20130402",103154,"Low Risk","Unclean or degraded floors walls or ceilings"
39687,"20130402",103116,"Moderate Risk","Inadequate food safety knowledge or lack of certified food safety manager"
39687,"20140424",103120,"Moderate Risk","Moderate risk food holding temperature "
39687,"20140424",103139,"Low Risk","Improper food storage"
39687,"20140424",103131,"Moderate Risk","Moderate risk vermin infestation"
39693,"20150212",103103,"High Risk","High risk food holding temperature "
39693,"20150212",103124,"Moderate Risk","Inadequately cleaned or sanitized food contact surfaces"
39693,"20150212",103139,"Low Risk","Improper food storage"
39693,"20150212",103142,"Low Risk","Unclean nonfood contact surfaces"
39693,"20150212",103154,"Low Risk","Unclean or degraded floors walls or ceilings"
39693,"20150212",103114,"High Risk","High risk vermin infestation"
39693,"20130516",103157,"Low Risk","Food safety certificate or food handler card not available"
39693,"20130516",103124,"Moderate Risk","Inadequately cleaned or sanitized food contact surfaces"
39693,"20130516",103131,"Moderate Risk","Moderate risk vermin infestation"
39693,"20130516",103133,"Moderate Risk","Foods not protected from contamination"
39693,"20130516",103156,"Low Risk","Permit license or inspection report not posted"
39693,"20130516",103120,"Moderate Risk","Moderate risk food holding temperature "
39693,"20130516",103154,"Low Risk","Unclean or degraded floors walls or ceilings"
39693,"20120910",103154,"Low Risk","Unclean or degraded floors walls or ceilings"
39693,"20120910",103120,"Moderate Risk","Moderate risk food holding temperature "
39693,"20120910",103156,"Low Risk","Permit license or inspection report not posted"
39693,"20120910",103142,"Low Risk","Unclean nonfood contact surfaces"
39693,"20120910",103133,"Moderate Risk","Foods not protected from contamination"
39693,"20120910",103139,"Low Risk","Improper food storage"
39693,"20120910",103119,"Moderate Risk","Inadequate and inaccessible handwashing facilities"
39693,"20140507",103114,"High Risk","High risk vermin infestation"
39693,"20140507",103119,"Moderate Risk","Inadequate and inaccessible handwashing facilities"
39693,"20140507",103109,"High Risk","Unclean or unsanitary food contact surfaces"
39695,"20140902",103129,"Moderate Risk","Insufficient hot water or running water"
39695,"20140902",103148,"Low Risk","No thermometers or uncalibrated thermometers "
39695,"20130315",103120,"Moderate Risk","Moderate risk food holding temperature "
39695,"20130315",103141,"Low Risk","Improper food labeling or menu misrepresentation"
39695,"20140331",103149,"Low Risk","Wiping cloths not clean or properly stored or inadequate sanitizer"
39695,"20140331",103133,"Moderate Risk","Foods not protected from contamination"
39695,"20140331",103145,"Low Risk","Improper storage of equipment utensils or linens"
39706,"20150414",103154,"Low Risk","Unclean or degraded floors walls or ceilings"
39706,"20150414",103144,"Low Risk","Unapproved or unmaintained equipment or utensils"
39706,"20121126",103148,"Low Risk","No thermometers or uncalibrated thermometers "
39706,"20121126",103149,"Low Risk","Wiping cloths not clean or properly stored or inadequate sanitizer"
39706,"20121126",103152,"Low Risk","Unclean unmaintained or improperly constructed toilet facilities"
39707,"20130518",103138,"Low Risk","Improper storage use or identification of toxic substances"
39707,"20130518",103124,"Moderate Risk","Inadequately cleaned or sanitized food contact surfaces"
39707,"20120808",103120,"Moderate Risk","Moderate risk food holding temperature "
39707,"20140604",103120,"Moderate Risk","Moderate risk food holding temperature "
39708,"20131101",103134,"Moderate Risk","Other moderate risk violation"
39708,"20131101",103148,"Low Risk","No thermometers or uncalibrated thermometers "
39708,"20131101",103120,"Moderate Risk","Moderate risk food holding temperature "
39708,"20121010",103120,"Moderate Risk","Moderate risk food holding temperature "
39708,"20121010",103139,"Low Risk","Improper food storage"
39708,"20121010",103161,"Low Risk","Low risk vermin infestation"
39708,"20140521",103154,"Low Risk","Unclean or degraded floors walls or ceilings"
39708,"20140521",103142,"Low Risk","Unclean nonfood contact surfaces"
39708,"20140521",103139,"Low Risk","Improper food storage"
39708,"20140521",103120,"Moderate Risk","Moderate risk food holding temperature "
39773,"20130722",103120,"Moderate Risk","Moderate risk food holding temperature "
39773,"20130722",103149,"Low Risk","Wiping cloths not clean or properly stored or inadequate sanitizer"
39773,"20140404",103133,"Moderate Risk","Foods not protected from contamination"
39773,"20140404",103131,"Moderate Risk","Moderate risk vermin infestation"
39773,"20121031",103116,"Moderate Risk","Inadequate food safety knowledge or lack of certified food safety manager"
39773,"20121031",103120,"Moderate Risk","Moderate risk food holding temperature "
39773,"20121228",103132,"Moderate Risk","Improper thawing methods "
39773,"20121210",103105,"High Risk","Improper cooling methods"
39776,"20130924",103139,"Low Risk","Improper food storage"
39776,"20130924",103149,"Low Risk","Wiping cloths not clean or properly stored or inadequate sanitizer"
39776,"20130924",103102,"High Risk","Unclean hands or improper use of gloves"
39776,"20130924",103142,"Low Risk","Unclean nonfood contact surfaces"
39776,"20130315",103139,"Low Risk","Improper food storage"
39776,"20130315",103142,"Low Risk","Unclean nonfood contact surfaces"
39776,"20130315",103149,"Low Risk","Wiping cloths not clean or properly stored or inadequate sanitizer"
39776,"20140319",103118,"Moderate Risk","Employee eating or smoking"
39776,"20140319",103157,"Low Risk","Food safety certificate or food handler card not available"
39776,"20140319",103152,"Low Risk","Unclean unmaintained or improperly constructed toilet facilities"
39776,"20140319",103142,"Low Risk","Unclean nonfood contact surfaces"
39776,"20140319",103132,"Moderate Risk","Improper thawing methods "
39776,"20140319",103120,"Moderate Risk","Moderate risk food holding temperature "
39776,"20120802",103119,"Moderate Risk","Inadequate and inaccessible handwashing facilities"
39776,"20120802",103149,"Low Risk","Wiping cloths not clean or properly stored or inadequate sanitizer"
39776,"20120802",103154,"Low Risk","Unclean or degraded floors walls or ceilings"
39810,"20140321",103139,"Low Risk","Improper food storage"
39810,"20140321",103154,"Low Risk","Unclean or degraded floors walls or ceilings"
39810,"20140321",103133,"Moderate Risk","Foods not protected from contamination"
39810,"20140321",103150,"Low Risk","Improper or defective plumbing"
39810,"20130221",103139,"Low Risk","Improper food storage"
39810,"20130221",103157,"Low Risk","Food safety certificate or food handler card not available"
39810,"20130221",103149,"Low Risk","Wiping cloths not clean or properly stored or inadequate sanitizer"
39824,"20140321",103105,"High Risk","Improper cooling methods"
39824,"20140321",103149,"Low Risk","Wiping cloths not clean or properly stored or inadequate sanitizer"
39824,"20140321",103119,"Moderate Risk","Inadequate and inaccessible handwashing facilities"
39824,"20130220",103116,"Moderate Risk","Inadequate food safety knowledge or lack of certified food safety manager"
39851,"20150519",103124,"Moderate Risk","Inadequately cleaned or sanitized food contact surfaces"
39851,"20150519",103131,"Moderate Risk","Moderate risk vermin infestation"
39851,"20150519",103133,"Moderate Risk","Foods not protected from contamination"
39851,"20150519",103154,"Low Risk","Unclean or degraded floors walls or ceilings"
39851,"20131119",103120,"Moderate Risk","Moderate risk food holding temperature "
39851,"20121211",103120,"Moderate Risk","Moderate risk food holding temperature "
39851,"20140527",103119,"Moderate Risk","Inadequate and inaccessible handwashing facilities"
39851,"20140527",103123,"Moderate Risk","Food in poor condition"
39862,"20131016",103157,"Low Risk","Food safety certificate or food handler card not available"
39862,"20130410",103120,"Moderate Risk","Moderate risk food holding temperature "
39862,"20130410",103139,"Low Risk","Improper food storage"
39862,"20130410",103157,"Low Risk","Food safety certificate or food handler card not available"
39862,"20120724",103103,"High Risk","High risk food holding temperature "
39875,"20150126",103144,"Low Risk","Unapproved or unmaintained equipment or utensils"
39875,"20121207",103120,"Moderate Risk","Moderate risk food holding temperature "
39875,"20140728",103124,"Moderate Risk","Inadequately cleaned or sanitized food contact surfaces"
39875,"20140728",103119,"Moderate Risk","Inadequate and inaccessible handwashing facilities"
39888,"20141106",103149,"Low Risk","Wiping cloths not clean or properly stored or inadequate sanitizer"
39888,"20141106",103133,"Moderate Risk","Foods not protected from contamination"
39888,"20131015",103133,"Moderate Risk","Foods not protected from contamination"
39888,"20130327",103149,"Low Risk","Wiping cloths not clean or properly stored or inadequate sanitizer"
39888,"20130327",103142,"Low Risk","Unclean nonfood contact surfaces"
39888,"20140425",103103,"High Risk","High risk food holding temperature "
39888,"20140425",103144,"Low Risk","Unapproved or unmaintained equipment or utensils"
39888,"20120820",103103,"High Risk","High risk food holding temperature "
39936,"20141017",103103,"High Risk","High risk food holding temperature "
39936,"20141017",103116,"Moderate Risk","Inadequate food safety knowledge or lack of certified food safety manager"
39936,"20141017",103147,"Low Risk","Inadequate ventilation or lighting"
39936,"20141017",103102,"High Risk","Unclean hands or improper use of gloves"
39936,"20141017",103133,"Moderate Risk","Foods not protected from contamination"
39936,"20130503",103103,"High Risk","High risk food holding temperature "
39936,"20120918",103154,"Low Risk","Unclean or degraded floors walls or ceilings"
39936,"20120918",103139,"Low Risk","Improper food storage"
39937,"20130503",103116,"Moderate Risk","Inadequate food safety knowledge or lack of certified food safety manager"
39937,"20140822",103152,"Low Risk","Unclean unmaintained or improperly constructed toilet facilities"
39980,"20141029",103131,"Moderate Risk","Moderate risk vermin infestation"
39980,"20140210",103131,"Moderate Risk","Moderate risk vermin infestation"
40001,"20130612",103105,"High Risk","Improper cooling methods"
40001,"20121115",103120,"Moderate Risk","Moderate risk food holding temperature "
40001,"20140610",103154,"Low Risk","Unclean or degraded floors walls or ceilings"
40008,"20141006",103124,"Moderate Risk","Inadequately cleaned or sanitized food contact surfaces"
40008,"20130830",103156,"Low Risk","Permit license or inspection report not posted"
40008,"20140328",103124,"Moderate Risk","Inadequately cleaned or sanitized food contact surfaces"
40008,"20140328",103116,"Moderate Risk","Inadequate food safety knowledge or lack of certified food safety manager"
40029,"20131016",103154,"Low Risk","Unclean or degraded floors walls or ceilings"
40029,"20131016",103124,"Moderate Risk","Inadequately cleaned or sanitized food contact surfaces"
40029,"20131016",103129,"Moderate Risk","Insufficient hot water or running water"
40029,"20120627",103142,"Low Risk","Unclean nonfood contact surfaces"
40029,"20120627",103139,"Low Risk","Improper food storage"
40029,"20130205",103139,"Low Risk","Improper food storage"
40123,"20131205",103150,"Low Risk","Improper or defective plumbing"
40123,"20131205",103144,"Low Risk","Unapproved or unmaintained equipment or utensils"
40144,"20140925",103161,"Low Risk","Low risk vermin infestation"
40144,"20140925",103154,"Low Risk","Unclean or degraded floors walls or ceilings"
40144,"20140925",103144,"Low Risk","Unapproved or unmaintained equipment or utensils"
40144,"20130722",103156,"Low Risk","Permit license or inspection report not posted"
40144,"20130722",103161,"Low Risk","Low risk vermin infestation"
40144,"20130722",103139,"Low Risk","Improper food storage"
40144,"20140325",103161,"Low Risk","Low risk vermin infestation"
40144,"20140325",103154,"Low Risk","Unclean or degraded floors walls or ceilings"
40144,"20140325",103156,"Low Risk","Permit license or inspection report not posted"
40144,"20140325",103149,"Low Risk","Wiping cloths not clean or properly stored or inadequate sanitizer"
40144,"20140325",103116,"Moderate Risk","Inadequate food safety knowledge or lack of certified food safety manager"
40144,"20140325",103142,"Low Risk","Unclean nonfood contact surfaces"
40144,"20140325",103144,"Low Risk","Unapproved or unmaintained equipment or utensils"
40144,"20120705",103150,"Low Risk","Improper or defective plumbing"
40144,"20120705",103116,"Moderate Risk","Inadequate food safety knowledge or lack of certified food safety manager"
40144,"20120705",103144,"Low Risk","Unapproved or unmaintained equipment or utensils"
40144,"20130102",103144,"Low Risk","Unapproved or unmaintained equipment or utensils"
40144,"20130102",103129,"Moderate Risk","Insufficient hot water or running water"
40144,"20130102",103154,"Low Risk","Unclean or degraded floors walls or ceilings"
40151,"20141029",103139,"Low Risk","Improper food storage"
40151,"20141029",103157,"Low Risk","Food safety certificate or food handler card not available"
40151,"20130917",103157,"Low Risk","Food safety certificate or food handler card not available"
40151,"20130917",103124,"Moderate Risk","Inadequately cleaned or sanitized food contact surfaces"
40151,"20140326",103157,"Low Risk","Food safety certificate or food handler card not available"
40151,"20140326",103144,"Low Risk","Unapproved or unmaintained equipment or utensils"
40151,"20140326",103133,"Moderate Risk","Foods not protected from contamination"
40151,"20140326",103147,"Low Risk","Inadequate ventilation or lighting"
40185,"20140910",103156,"Low Risk","Permit license or inspection report not posted"
40185,"20140910",103119,"Moderate Risk","Inadequate and inaccessible handwashing facilities"
40185,"20140910",103120,"Moderate Risk","Moderate risk food holding temperature "
40185,"20130311",103124,"Moderate Risk","Inadequately cleaned or sanitized food contact surfaces"
40185,"20130311",103154,"Low Risk","Unclean or degraded floors walls or ceilings"
40185,"20130311",103156,"Low Risk","Permit license or inspection report not posted"
40185,"20130311",103142,"Low Risk","Unclean nonfood contact surfaces"
40185,"20130311",103131,"Moderate Risk","Moderate risk vermin infestation"
40185,"20130311",103150,"Low Risk","Improper or defective plumbing"
40185,"20130311",103139,"Low Risk","Improper food storage"
40185,"20130311",103119,"Moderate Risk","Inadequate and inaccessible handwashing facilities"
40197,"20130717",103112,"High Risk","No hot water or running water"
40197,"20131106",103138,"Low Risk","Improper storage use or identification of toxic substances"
40216,"20141203",103144,"Low Risk","Unapproved or unmaintained equipment or utensils"
40216,"20141203",103133,"Moderate Risk","Foods not protected from contamination"
40216,"20141203",103132,"Moderate Risk","Improper thawing methods "
40216,"20141203",103124,"Moderate Risk","Inadequately cleaned or sanitized food contact surfaces"
40216,"20141203",103119,"Moderate Risk","Inadequate and inaccessible handwashing facilities"
40216,"20141203",103154,"Low Risk","Unclean or degraded floors walls or ceilings"
40216,"20130904",103157,"Low Risk","Food safety certificate or food handler card not available"
40216,"20130904",103154,"Low Risk","Unclean or degraded floors walls or ceilings"
40216,"20130904",103147,"Low Risk","Inadequate ventilation or lighting"
40216,"20130904",103142,"Low Risk","Unclean nonfood contact surfaces"
40216,"20130904",103120,"Moderate Risk","Moderate risk food holding temperature "
40216,"20130904",103144,"Low Risk","Unapproved or unmaintained equipment or utensils"
40216,"20130307",103149,"Low Risk","Wiping cloths not clean or properly stored or inadequate sanitizer"
40216,"20130307",103134,"Moderate Risk","Other moderate risk violation"
40216,"20130307",103131,"Moderate Risk","Moderate risk vermin infestation"
40216,"20130307",103147,"Low Risk","Inadequate ventilation or lighting"
40216,"20130307",103142,"Low Risk","Unclean nonfood contact surfaces"
40216,"20140226",103142,"Low Risk","Unclean nonfood contact surfaces"
40216,"20140226",103144,"Low Risk","Unapproved or unmaintained equipment or utensils"
40216,"20140226",103154,"Low Risk","Unclean or degraded floors walls or ceilings"
40216,"20140226",103120,"Moderate Risk","Moderate risk food holding temperature "
40216,"20140226",103131,"Moderate Risk","Moderate risk vermin infestation"
40216,"20120830",103115,"High Risk","Other high risk violation"
40216,"20120830",103150,"Low Risk","Improper or defective plumbing"
40216,"20120830",103161,"Low Risk","Low risk vermin infestation"
40216,"20120830",103154,"Low Risk","Unclean or degraded floors walls or ceilings"
40217,"20130516",103154,"Low Risk","Unclean or degraded floors walls or ceilings"
40217,"20130516",103149,"Low Risk","Wiping cloths not clean or properly stored or inadequate sanitizer"
40217,"20121026",103120,"Moderate Risk","Moderate risk food holding temperature "
40217,"20121026",103133,"Moderate Risk","Foods not protected from contamination"
40217,"20121026",103149,"Low Risk","Wiping cloths not clean or properly stored or inadequate sanitizer"
40217,"20121026",103161,"Low Risk","Low risk vermin infestation"
40217,"20140606",103150,"Low Risk","Improper or defective plumbing"
40217,"20140606",103161,"Low Risk","Low risk vermin infestation"
40217,"20140606",103139,"Low Risk","Improper food storage"
40227,"20141215",103124,"Moderate Risk","Inadequately cleaned or sanitized food contact surfaces"
40227,"20141215",103148,"Low Risk","No thermometers or uncalibrated thermometers "
40227,"20141215",103139,"Low Risk","Improper food storage"
40227,"20141215",103154,"Low Risk","Unclean or degraded floors walls or ceilings"
40227,"20130606",103156,"Low Risk","Permit license or inspection report not posted"
40227,"20130606",103154,"Low Risk","Unclean or degraded floors walls or ceilings"
40227,"20140328",103154,"Low Risk","Unclean or degraded floors walls or ceilings"
57552,"20150526",103161,"Low Risk","Low risk vermin infestation"
57552,"20150526",103119,"Moderate Risk","Inadequate and inaccessible handwashing facilities"
57552,"20150526",103120,"Moderate Risk","Moderate risk food holding temperature "
57552,"20150526",103133,"Moderate Risk","Foods not protected from contamination"
57552,"20150526",103154,"Low Risk","Unclean or degraded floors walls or ceilings"
57552,"20150526",103157,"Low Risk","Food safety certificate or food handler card not available"
57552,"20130315",103144,"Low Risk","Unapproved or unmaintained equipment or utensils"
57552,"20140328",103162,"Low Risk","Other low risk violation"
57552,"20140328",103157,"Low Risk","Food safety certificate or food handler card not available"
57552,"20140328",103149,"Low Risk","Wiping cloths not clean or properly stored or inadequate sanitizer"
57552,"20140328",103139,"Low Risk","Improper food storage"
57552,"20140328",103119,"Moderate Risk","Inadequate and inaccessible handwashing facilities"
57552,"20140328",103103,"High Risk","High risk food holding temperature "
57552,"20120718",103133,"Moderate Risk","Foods not protected from contamination"
57552,"20120718",103129,"Moderate Risk","Insufficient hot water or running water"
57552,"20120718",103142,"Low Risk","Unclean nonfood contact surfaces"
57552,"20120725",103144,"Low Risk","Unapproved or unmaintained equipment or utensils"
57552,"20120718",103144,"Low Risk","Unapproved or unmaintained equipment or utensils"
57552,"20120718",103149,"Low Risk","Wiping cloths not clean or properly stored or inadequate sanitizer"
57552,"20120718",103120,"Moderate Risk","Moderate risk food holding temperature "
57552,"20120718",103156,"Low Risk","Permit license or inspection report not posted"
57552,"20120718",103105,"High Risk","Improper cooling methods"
57552,"20130220",103154,"Low Risk","Unclean or degraded floors walls or ceilings"
57552,"20130220",103142,"Low Risk","Unclean nonfood contact surfaces"
57552,"20130220",103149,"Low Risk","Wiping cloths not clean or properly stored or inadequate sanitizer"
57552,"20130220",103135,"Low Risk","No person in charge of food facility"
57552,"20130220",103120,"Moderate Risk","Moderate risk food holding temperature "
57552,"20130220",103156,"Low Risk","Permit license or inspection report not posted"
57552,"20130220",103115,"High Risk","Other high risk violation"
57552,"20130220",103119,"Moderate Risk","Inadequate and inaccessible handwashing facilities"
57552,"20130220",103159,"Low Risk","Worker safety hazards"
57552,"20130220",103144,"Low Risk","Unapproved or unmaintained equipment or utensils"
57579,"20141007",103154,"Low Risk","Unclean or degraded floors walls or ceilings"
57579,"20141007",103150,"Low Risk","Improper or defective plumbing"
57579,"20141007",103149,"Low Risk","Wiping cloths not clean or properly stored or inadequate sanitizer"
57579,"20141007",103145,"Low Risk","Improper storage of equipment utensils or linens"
57579,"20141007",103142,"Low Risk","Unclean nonfood contact surfaces"
57579,"20141007",103133,"Moderate Risk","Foods not protected from contamination"
57579,"20141007",103131,"Moderate Risk","Moderate risk vermin infestation"
57579,"20141007",103119,"Moderate Risk","Inadequate and inaccessible handwashing facilities"
57579,"20141007",103123,"Moderate Risk","Food in poor condition"
57579,"20130717",103119,"Moderate Risk","Inadequate and inaccessible handwashing facilities"
57579,"20130717",103157,"Low Risk","Food safety certificate or food handler card not available"
57579,"20130717",103144,"Low Risk","Unapproved or unmaintained equipment or utensils"
57579,"20130717",103129,"Moderate Risk","Insufficient hot water or running water"
57579,"20121015",103157,"Low Risk","Food safety certificate or food handler card not available"
57579,"20121015",103112,"High Risk","No hot water or running water"
57579,"20121015",103139,"Low Risk","Improper food storage"
57579,"20121015",103144,"Low Risk","Unapproved or unmaintained equipment or utensils"
57579,"20140512",103131,"Moderate Risk","Moderate risk vermin infestation"
57579,"20140512",103142,"Low Risk","Unclean nonfood contact surfaces"
57579,"20140512",103129,"Moderate Risk","Insufficient hot water or running water"
57579,"20140512",103149,"Low Risk","Wiping cloths not clean or properly stored or inadequate sanitizer"
57579,"20140512",103151,"Low Risk","Inadequate or unsanitary refuse containers or area or no garbage service"
57579,"20140512",103119,"Moderate Risk","Inadequate and inaccessible handwashing facilities"
57579,"20140512",103145,"Low Risk","Improper storage of equipment utensils or linens"
57579,"20140512",103147,"Low Risk","Inadequate ventilation or lighting"
57581,"20140225",103102,"High Risk","Unclean hands or improper use of gloves"
57584,"20130415",103147,"Low Risk","Inadequate ventilation or lighting"
57584,"20130415",103109,"High Risk","Unclean or unsanitary food contact surfaces"
57584,"20130415",103112,"High Risk","No hot water or running water"
57584,"20130415",103153,"Low Risk","Inadequate dressing rooms or improper storage of personal items"
57584,"20130415",103131,"Moderate Risk","Moderate risk vermin infestation"
57584,"20130415",103142,"Low Risk","Unclean nonfood contact surfaces"
57584,"20130415",103150,"Low Risk","Improper or defective plumbing"
57584,"20130415",103144,"Low Risk","Unapproved or unmaintained equipment or utensils"
57584,"20130415",103149,"Low Risk","Wiping cloths not clean or properly stored or inadequate sanitizer"
57584,"20140409",103120,"Moderate Risk","Moderate risk food holding temperature "
57584,"20140409",103124,"Moderate Risk","Inadequately cleaned or sanitized food contact surfaces"
57584,"20140409",103153,"Low Risk","Inadequate dressing rooms or improper storage of personal items"
57584,"20120718",103149,"Low Risk","Wiping cloths not clean or properly stored or inadequate sanitizer"
57584,"20120718",103142,"Low Risk","Unclean nonfood contact surfaces"
57584,"20120718",103144,"Low Risk","Unapproved or unmaintained equipment or utensils"
57599,"20150430",103132,"Moderate Risk","Improper thawing methods "
57599,"20150430",103119,"Moderate Risk","Inadequate and inaccessible handwashing facilities"
57599,"20150430",103120,"Moderate Risk","Moderate risk food holding temperature "
57599,"20150430",103124,"Moderate Risk","Inadequately cleaned or sanitized food contact surfaces"
57599,"20150430",103131,"Moderate Risk","Moderate risk vermin infestation"
57599,"20150430",103133,"Moderate Risk","Foods not protected from contamination"
57599,"20150430",103158,"Low Risk","Unpermitted food facility"
57599,"20130412",103131,"Moderate Risk","Moderate risk vermin infestation"
57599,"20130412",103102,"High Risk","Unclean hands or improper use of gloves"
57599,"20130412",103149,"Low Risk","Wiping cloths not clean or properly stored or inadequate sanitizer"
57599,"20120726",103124,"Moderate Risk","Inadequately cleaned or sanitized food contact surfaces"
57599,"20120726",103119,"Moderate Risk","Inadequate and inaccessible handwashing facilities"
57599,"20120726",103144,"Low Risk","Unapproved or unmaintained equipment or utensils"
57601,"20150429",103119,"Moderate Risk","Inadequate and inaccessible handwashing facilities"
57623,"20141021",103116,"Moderate Risk","Inadequate food safety knowledge or lack of certified food safety manager"
57623,"20141021",103109,"High Risk","Unclean or unsanitary food contact surfaces"
57623,"20141021",103156,"Low Risk","Permit license or inspection report not posted"
57623,"20141021",103103,"High Risk","High risk food holding temperature "
57623,"20140226",103149,"Low Risk","Wiping cloths not clean or properly stored or inadequate sanitizer"
57623,"20140226",103103,"High Risk","High risk food holding temperature "
57628,"20150108",103144,"Low Risk","Unapproved or unmaintained equipment or utensils"
57628,"20130919",103157,"Low Risk","Food safety certificate or food handler card not available"
57628,"20130919",103102,"High Risk","Unclean hands or improper use of gloves"
57628,"20130515",103120,"Moderate Risk","Moderate risk food holding temperature "
57628,"20140416",103139,"Low Risk","Improper food storage"
57628,"20140416",103124,"Moderate Risk","Inadequately cleaned or sanitized food contact surfaces"
57628,"20120613",103116,"Moderate Risk","Inadequate food safety knowledge or lack of certified food safety manager"
57628,"20121115",103139,"Low Risk","Improper food storage"
57628,"20121115",103118,"Moderate Risk","Employee eating or smoking"
57630,"20150203",103139,"Low Risk","Improper food storage"
57630,"20150203",103131,"Moderate Risk","Moderate risk vermin infestation"
57630,"20120619",103142,"Low Risk","Unclean nonfood contact surfaces"
57630,"20120619",103148,"Low Risk","No thermometers or uncalibrated thermometers "
57630,"20130109",103154,"Low Risk","Unclean or degraded floors walls or ceilings"
57630,"20140612",103138,"Low Risk","Improper storage use or identification of toxic substances"
57630,"20140612",103120,"Moderate Risk","Moderate risk food holding temperature "
57653,"20150306",103124,"Moderate Risk","Inadequately cleaned or sanitized food contact surfaces"
57653,"20150306",103149,"Low Risk","Wiping cloths not clean or properly stored or inadequate sanitizer"
57653,"20150306",103147,"Low Risk","Inadequate ventilation or lighting"
57653,"20140303",103148,"Low Risk","No thermometers or uncalibrated thermometers "
57653,"20140303",103124,"Moderate Risk","Inadequately cleaned or sanitized food contact surfaces"
57653,"20140303",103138,"Low Risk","Improper storage use or identification of toxic substances"
57653,"20140303",103119,"Moderate Risk","Inadequate and inaccessible handwashing facilities"
57653,"20140303",103149,"Low Risk","Wiping cloths not clean or properly stored or inadequate sanitizer"
57653,"20140303",103156,"Low Risk","Permit license or inspection report not posted"
57653,"20140303",103157,"Low Risk","Food safety certificate or food handler card not available"
57653,"20140303",103129,"Moderate Risk","Insufficient hot water or running water"
57653,"20130118",103147,"Low Risk","Inadequate ventilation or lighting"
57653,"20130118",103116,"Moderate Risk","Inadequate food safety knowledge or lack of certified food safety manager"
57653,"20130118",103154,"Low Risk","Unclean or degraded floors walls or ceilings"
57668,"20130724",103139,"Low Risk","Improper food storage"
57668,"20130724",103144,"Low Risk","Unapproved or unmaintained equipment or utensils"
57668,"20130724",103161,"Low Risk","Low risk vermin infestation"
57668,"20130724",103149,"Low Risk","Wiping cloths not clean or properly stored or inadequate sanitizer"
57668,"20140224",103102,"High Risk","Unclean hands or improper use of gloves"
57668,"20140224",103120,"Moderate Risk","Moderate risk food holding temperature "
57668,"20140224",103139,"Low Risk","Improper food storage"
57668,"20120719",103139,"Low Risk","Improper food storage"
57668,"20120719",103119,"Moderate Risk","Inadequate and inaccessible handwashing facilities"
57668,"20120719",103157,"Low Risk","Food safety certificate or food handler card not available"
57698,"20150225",103139,"Low Risk","Improper food storage"
57698,"20150225",103145,"Low Risk","Improper storage of equipment utensils or linens"
57698,"20150225",103133,"Moderate Risk","Foods not protected from contamination"
57698,"20150225",103124,"Moderate Risk","Inadequately cleaned or sanitized food contact surfaces"
57698,"20150225",103138,"Low Risk","Improper storage use or identification of toxic substances"
57698,"20150225",103154,"Low Risk","Unclean or degraded floors walls or ceilings"
57698,"20131009",103103,"High Risk","High risk food holding temperature "
57698,"20131009",103131,"Moderate Risk","Moderate risk vermin infestation"
57698,"20131009",103124,"Moderate Risk","Inadequately cleaned or sanitized food contact surfaces"
57698,"20140529",103121,"Moderate Risk","Inadequate procedures or records for time as a public health control "
57698,"20140529",103131,"Moderate Risk","Moderate risk vermin infestation"
57698,"20140529",103124,"Moderate Risk","Inadequately cleaned or sanitized food contact surfaces"
57732,"20120705",103144,"Low Risk","Unapproved or unmaintained equipment or utensils"
57732,"20120705",103139,"Low Risk","Improper food storage"
57732,"20120705",103150,"Low Risk","Improper or defective plumbing"
57732,"20130221",103149,"Low Risk","Wiping cloths not clean or properly stored or inadequate sanitizer"
57732,"20130221",103142,"Low Risk","Unclean nonfood contact surfaces"
57751,"20150420",103131,"Moderate Risk","Moderate risk vermin infestation"
57751,"20150420",103144,"Low Risk","Unapproved or unmaintained equipment or utensils"
57751,"20140307",103149,"Low Risk","Wiping cloths not clean or properly stored or inadequate sanitizer"
57751,"20140307",103133,"Moderate Risk","Foods not protected from contamination"
57751,"20120928",103131,"Moderate Risk","Moderate risk vermin infestation"
57751,"20120706",103118,"Moderate Risk","Employee eating or smoking"
57751,"20120706",103143,"Low Risk","Inadequate warewashing facilities or equipment"
57751,"20120928",103154,"Low Risk","Unclean or degraded floors walls or ceilings"
57751,"20130207",103124,"Moderate Risk","Inadequately cleaned or sanitized food contact surfaces"
57751,"20130207",103120,"Moderate Risk","Moderate risk food holding temperature "
57755,"20140313",103157,"Low Risk","Food safety certificate or food handler card not available"
57755,"20140313",103120,"Moderate Risk","Moderate risk food holding temperature "
57755,"20130111",103119,"Moderate Risk","Inadequate and inaccessible handwashing facilities"
57755,"20130111",103149,"Low Risk","Wiping cloths not clean or properly stored or inadequate sanitizer"
57755,"20130111",103157,"Low Risk","Food safety certificate or food handler card not available"
57774,"20150505",103103,"High Risk","High risk food holding temperature "
57774,"20140422",103116,"Moderate Risk","Inadequate food safety knowledge or lack of certified food safety manager"
57774,"20140422",103149,"Low Risk","Wiping cloths not clean or properly stored or inadequate sanitizer"
57774,"20121101",103142,"Low Risk","Unclean nonfood contact surfaces"
58573,"20140904",103120,"Moderate Risk","Moderate risk food holding temperature "
58573,"20140904",103131,"Moderate Risk","Moderate risk vermin infestation"
58573,"20140904",103143,"Low Risk","Inadequate warewashing facilities or equipment"
58573,"20140904",103156,"Low Risk","Permit license or inspection report not posted"
58573,"20140904",103157,"Low Risk","Food safety certificate or food handler card not available"
58573,"20130924",103151,"Low Risk","Inadequate or unsanitary refuse containers or area or no garbage service"
58573,"20130924",103124,"Moderate Risk","Inadequately cleaned or sanitized food contact surfaces"
58573,"20131009",103161,"Low Risk","Low risk vermin infestation"
58573,"20131009",103143,"Low Risk","Inadequate warewashing facilities or equipment"
58573,"20130924",103108,"High Risk","Contaminated or adulterated food"
58573,"20130924",103114,"High Risk","High risk vermin infestation"
58573,"20131009",103109,"High Risk","Unclean or unsanitary food contact surfaces"
58573,"20130924",103120,"Moderate Risk","Moderate risk food holding temperature "
58573,"20130403",103138,"Low Risk","Improper storage use or identification of toxic substances"
58573,"20130403",103142,"Low Risk","Unclean nonfood contact surfaces"
58573,"20130403",103119,"Moderate Risk","Inadequate and inaccessible handwashing facilities"
58573,"20120705",103120,"Moderate Risk","Moderate risk food holding temperature "
58573,"20120705",103149,"Low Risk","Wiping cloths not clean or properly stored or inadequate sanitizer"
58574,"20131202",103129,"Moderate Risk","Insufficient hot water or running water"
58574,"20131202",103124,"Moderate Risk","Inadequately cleaned or sanitized food contact surfaces"
58574,"20121221",103150,"Low Risk","Improper or defective plumbing"
58574,"20140604",103103,"High Risk","High risk food holding temperature "
58576,"20131022",103161,"Low Risk","Low risk vermin infestation"
58576,"20130424",103103,"High Risk","High risk food holding temperature "
58576,"20130424",103114,"High Risk","High risk vermin infestation"
58576,"20140417",103120,"Moderate Risk","Moderate risk food holding temperature "
58576,"20121030",103133,"Moderate Risk","Foods not protected from contamination"
58576,"20121030",103114,"High Risk","High risk vermin infestation"
58576,"20121030",103103,"High Risk","High risk food holding temperature "
58576,"20121030",103154,"Low Risk","Unclean or degraded floors walls or ceilings"
58576,"20121030",103109,"High Risk","Unclean or unsanitary food contact surfaces"
58576,"20121030",103102,"High Risk","Unclean hands or improper use of gloves"
58610,"20141002",103144,"Low Risk","Unapproved or unmaintained equipment or utensils"
58610,"20141002",103103,"High Risk","High risk food holding temperature "
58610,"20150227",103133,"Moderate Risk","Foods not protected from contamination"
58610,"20130404",103120,"Moderate Risk","Moderate risk food holding temperature "
58610,"20130404",103102,"High Risk","Unclean hands or improper use of gloves"
58610,"20140227",103109,"High Risk","Unclean or unsanitary food contact surfaces"
58610,"20140227",103120,"Moderate Risk","Moderate risk food holding temperature "
58610,"20140227",103119,"Moderate Risk","Inadequate and inaccessible handwashing facilities"
58611,"20130522",103124,"Moderate Risk","Inadequately cleaned or sanitized food contact surfaces"
58611,"20130522",103156,"Low Risk","Permit license or inspection report not posted"
58611,"20130522",103119,"Moderate Risk","Inadequate and inaccessible handwashing facilities"
58611,"20121105",103145,"Low Risk","Improper storage of equipment utensils or linens"
58611,"20121105",103139,"Low Risk","Improper food storage"
58611,"20121105",103103,"High Risk","High risk food holding temperature "
58611,"20140820",103119,"Moderate Risk","Inadequate and inaccessible handwashing facilities"
58611,"20140820",103139,"Low Risk","Improper food storage"
58611,"20140820",103124,"Moderate Risk","Inadequately cleaned or sanitized food contact surfaces"
58628,"20131025",103116,"Moderate Risk","Inadequate food safety knowledge or lack of certified food safety manager"
58628,"20140122",103144,"Low Risk","Unapproved or unmaintained equipment or utensils"
58628,"20131025",103131,"Moderate Risk","Moderate risk vermin infestation"
58628,"20140122",103145,"Low Risk","Improper storage of equipment utensils or linens"
58628,"20131025",103109,"High Risk","Unclean or unsanitary food contact surfaces"
58628,"20121203",103131,"Moderate Risk","Moderate risk vermin infestation"
58628,"20121203",103120,"Moderate Risk","Moderate risk food holding temperature "
58628,"20121203",103154,"Low Risk","Unclean or degraded floors walls or ceilings"
58628,"20140820",103105,"High Risk","Improper cooling methods"
58628,"20140820",103149,"Low Risk","Wiping cloths not clean or properly stored or inadequate sanitizer"
58629,"20140903",103154,"Low Risk","Unclean or degraded floors walls or ceilings"
58629,"20140903",103145,"Low Risk","Improper storage of equipment utensils or linens"
58637,"20130422",103120,"Moderate Risk","Moderate risk food holding temperature "
58637,"20130422",103154,"Low Risk","Unclean or degraded floors walls or ceilings"
58637,"20130422",103129,"Moderate Risk","Insufficient hot water or running water"
58637,"20140423",103112,"High Risk","No hot water or running water"
58637,"20140423",103120,"Moderate Risk","Moderate risk food holding temperature "
58637,"20140423",103149,"Low Risk","Wiping cloths not clean or properly stored or inadequate sanitizer"
58659,"20141002",103133,"Moderate Risk","Foods not protected from contamination"
58659,"20141002",103120,"Moderate Risk","Moderate risk food holding temperature "
58659,"20141002",103149,"Low Risk","Wiping cloths not clean or properly stored or inadequate sanitizer"
58659,"20130822",103120,"Moderate Risk","Moderate risk food holding temperature "
58659,"20140228",103144,"Low Risk","Unapproved or unmaintained equipment or utensils"
58659,"20140228",103112,"High Risk","No hot water or running water"
58659,"20140228",103157,"Low Risk","Food safety certificate or food handler card not available"
58659,"20140228",103156,"Low Risk","Permit license or inspection report not posted"
58659,"20140228",103133,"Moderate Risk","Foods not protected from contamination"
58659,"20140228",103103,"High Risk","High risk food holding temperature "
58673,"20150505",103119,"Moderate Risk","Inadequate and inaccessible handwashing facilities"
58673,"20150505",103124,"Moderate Risk","Inadequately cleaned or sanitized food contact surfaces"
58673,"20150505",103133,"Moderate Risk","Foods not protected from contamination"
58673,"20150505",103151,"Low Risk","Inadequate or unsanitary refuse containers or area or no garbage service"
58673,"20150505",103114,"High Risk","High risk vermin infestation"
58673,"20150505",103144,"Low Risk","Unapproved or unmaintained equipment or utensils"
58673,"20150505",103154,"Low Risk","Unclean or degraded floors walls or ceilings"
58673,"20150505",103145,"Low Risk","Improper storage of equipment utensils or linens"
58673,"20130711",103102,"High Risk","Unclean hands or improper use of gloves"
58673,"20130711",103109,"High Risk","Unclean or unsanitary food contact surfaces"
58673,"20130711",103113,"High Risk","Sewage or wastewater contamination"
58673,"20130711",103114,"High Risk","High risk vermin infestation"
58673,"20130711",103133,"Moderate Risk","Foods not protected from contamination"
58673,"20130711",103151,"Low Risk","Inadequate or unsanitary refuse containers or area or no garbage service"
58673,"20140617",103122,"Moderate Risk","Reservice of previously served foods"
58673,"20140617",103138,"Low Risk","Improper storage use or identification of toxic substances"
58673,"20140617",103171,"High Risk","No restroom facility within 200 feet of mobile food facility"
58673,"20140617",103143,"Low Risk","Inadequate warewashing facilities or equipment"
58673,"20140617",103118,"Moderate Risk","Employee eating or smoking"
58710,"20130606",103148,"Low Risk","No thermometers or uncalibrated thermometers "
58710,"20130606",103131,"Moderate Risk","Moderate risk vermin infestation"
58710,"20130606",103154,"Low Risk","Unclean or degraded floors walls or ceilings"
58710,"20130606",103119,"Moderate Risk","Inadequate and inaccessible handwashing facilities"
58710,"20130606",103162,"Low Risk","Other low risk violation"
58710,"20121101",103120,"Moderate Risk","Moderate risk food holding temperature "
58710,"20121101",103124,"Moderate Risk","Inadequately cleaned or sanitized food contact surfaces"
58710,"20121101",103132,"Moderate Risk","Improper thawing methods "
58710,"20121101",103142,"Low Risk","Unclean nonfood contact surfaces"
58710,"20121101",103149,"Low Risk","Wiping cloths not clean or properly stored or inadequate sanitizer"
58710,"20121101",103156,"Low Risk","Permit license or inspection report not posted"
58710,"20121101",103157,"Low Risk","Food safety certificate or food handler card not available"
58710,"20121101",103102,"High Risk","Unclean hands or improper use of gloves"
58710,"20140529",103144,"Low Risk","Unapproved or unmaintained equipment or utensils"
58710,"20140529",103133,"Moderate Risk","Foods not protected from contamination"
58710,"20140529",103119,"Moderate Risk","Inadequate and inaccessible handwashing facilities"
58710,"20140529",103142,"Low Risk","Unclean nonfood contact surfaces"
58718,"20131203",103154,"Low Risk","Unclean or degraded floors walls or ceilings"
58718,"20131203",103102,"High Risk","Unclean hands or improper use of gloves"
58718,"20130523",103120,"Moderate Risk","Moderate risk food holding temperature "
58718,"20130523",103116,"Moderate Risk","Inadequate food safety knowledge or lack of certified food safety manager"
58718,"20130523",103154,"Low Risk","Unclean or degraded floors walls or ceilings"
58718,"20120910",103144,"Low Risk","Unapproved or unmaintained equipment or utensils"
58718,"20120910",103142,"Low Risk","Unclean nonfood contact surfaces"
58718,"20120910",103154,"Low Risk","Unclean or degraded floors walls or ceilings"
58718,"20140515",103116,"Moderate Risk","Inadequate food safety knowledge or lack of certified food safety manager"
58718,"20140515",103109,"High Risk","Unclean or unsanitary food contact surfaces"
58718,"20140515",103154,"Low Risk","Unclean or degraded floors walls or ceilings"
58735,"20130801",103142,"Low Risk","Unclean nonfood contact surfaces"
58735,"20130801",103156,"Low Risk","Permit license or inspection report not posted"
58735,"20130801",103154,"Low Risk","Unclean or degraded floors walls or ceilings"
58735,"20130801",103150,"Low Risk","Improper or defective plumbing"
58735,"20130801",103147,"Low Risk","Inadequate ventilation or lighting"
58735,"20130801",103120,"Moderate Risk","Moderate risk food holding temperature "
58735,"20130801",103157,"Low Risk","Food safety certificate or food handler card not available"
58735,"20140124",103154,"Low Risk","Unclean or degraded floors walls or ceilings"
58735,"20140124",103131,"Moderate Risk","Moderate risk vermin infestation"
58735,"20140124",103120,"Moderate Risk","Moderate risk food holding temperature "
58735,"20140124",103109,"High Risk","Unclean or unsanitary food contact surfaces"
58735,"20140124",103105,"High Risk","Improper cooling methods"
58735,"20120726",103109,"High Risk","Unclean or unsanitary food contact surfaces"
58735,"20120726",103102,"High Risk","Unclean hands or improper use of gloves"
58735,"20120726",103154,"Low Risk","Unclean or degraded floors walls or ceilings"
58735,"20130206",103161,"Low Risk","Low risk vermin infestation"
58735,"20130206",103105,"High Risk","Improper cooling methods"
58735,"20130206",103103,"High Risk","High risk food holding temperature "
58735,"20130206",103129,"Moderate Risk","Insufficient hot water or running water"
58745,"20130924",103154,"Low Risk","Unclean or degraded floors walls or ceilings"
58745,"20130924",103150,"Low Risk","Improper or defective plumbing"
58745,"20130924",103149,"Low Risk","Wiping cloths not clean or properly stored or inadequate sanitizer"
58745,"20130924",103133,"Moderate Risk","Foods not protected from contamination"
58745,"20130924",103103,"High Risk","High risk food holding temperature "
58745,"20121016",103103,"High Risk","High risk food holding temperature "
58745,"20140528",103156,"Low Risk","Permit license or inspection report not posted"
58745,"20140528",103139,"Low Risk","Improper food storage"
58745,"20140528",103145,"Low Risk","Improper storage of equipment utensils or linens"
58745,"20140528",103149,"Low Risk","Wiping cloths not clean or properly stored or inadequate sanitizer"
58745,"20140528",103154,"Low Risk","Unclean or degraded floors walls or ceilings"
58745,"20140528",103150,"Low Risk","Improper or defective plumbing"
58745,"20140528",103142,"Low Risk","Unclean nonfood contact surfaces"
58781,"20120717",103150,"Low Risk","Improper or defective plumbing"
58803,"20141203",103109,"High Risk","Unclean or unsanitary food contact surfaces"
58803,"20141203",103119,"Moderate Risk","Inadequate and inaccessible handwashing facilities"
58803,"20141203",103144,"Low Risk","Unapproved or unmaintained equipment or utensils"
58803,"20141203",103143,"Low Risk","Inadequate warewashing facilities or equipment"
58803,"20141203",103132,"Moderate Risk","Improper thawing methods "
58803,"20130806",103139,"Low Risk","Improper food storage"
58803,"20130806",103143,"Low Risk","Inadequate warewashing facilities or equipment"
58803,"20130806",103131,"Moderate Risk","Moderate risk vermin infestation"
58803,"20130806",103109,"High Risk","Unclean or unsanitary food contact surfaces"
58803,"20121106",103119,"Moderate Risk","Inadequate and inaccessible handwashing facilities"
58803,"20121106",103142,"Low Risk","Unclean nonfood contact surfaces"
58850,"20150408",103133,"Moderate Risk","Foods not protected from contamination"
58850,"20150408",103131,"Moderate Risk","Moderate risk vermin infestation"
58850,"20150408",103156,"Low Risk","Permit license or inspection report not posted"
58850,"20150408",103139,"Low Risk","Improper food storage"
58850,"20150408",103152,"Low Risk","Unclean unmaintained or improperly constructed toilet facilities"
58850,"20130729",103139,"Low Risk","Improper food storage"
58850,"20130729",103154,"Low Risk","Unclean or degraded floors walls or ceilings"
58850,"20130729",103142,"Low Risk","Unclean nonfood contact surfaces"
58850,"20131217",103139,"Low Risk","Improper food storage"
58850,"20131217",103154,"Low Risk","Unclean or degraded floors walls or ceilings"
58850,"20131217",103142,"Low Risk","Unclean nonfood contact surfaces"
58850,"20120730",103145,"Low Risk","Improper storage of equipment utensils or linens"
58850,"20120730",103142,"Low Risk","Unclean nonfood contact surfaces"
58850,"20120730",103154,"Low Risk","Unclean or degraded floors walls or ceilings"
58850,"20130220",103154,"Low Risk","Unclean or degraded floors walls or ceilings"
58850,"20130220",103142,"Low Risk","Unclean nonfood contact surfaces"
58850,"20130220",103145,"Low Risk","Improper storage of equipment utensils or linens"
58850,"20140606",103139,"Low Risk","Improper food storage"
58850,"20140606",103142,"Low Risk","Unclean nonfood contact surfaces"
58850,"20140606",103154,"Low Risk","Unclean or degraded floors walls or ceilings"
58861,"20130717",103139,"Low Risk","Improper food storage"
58861,"20140124",103103,"High Risk","High risk food holding temperature "
58861,"20140124",103133,"Moderate Risk","Foods not protected from contamination"
58861,"20120817",103107,"High Risk","Improper reheating of food"
58879,"20141113",103142,"Low Risk","Unclean nonfood contact surfaces"
58879,"20141113",103103,"High Risk","High risk food holding temperature "
58879,"20141113",103139,"Low Risk","Improper food storage"
58879,"20141113",103124,"Moderate Risk","Inadequately cleaned or sanitized food contact surfaces"
58879,"20141113",103119,"Moderate Risk","Inadequate and inaccessible handwashing facilities"
58879,"20130925",103120,"Moderate Risk","Moderate risk food holding temperature "
58879,"20130925",103109,"High Risk","Unclean or unsanitary food contact surfaces"
58879,"20121023",103109,"High Risk","Unclean or unsanitary food contact surfaces"
58879,"20121023",103145,"Low Risk","Improper storage of equipment utensils or linens"
58922,"20150514",103103,"High Risk","High risk food holding temperature "
58922,"20150514",103131,"Moderate Risk","Moderate risk vermin infestation"
58922,"20150514",103142,"Low Risk","Unclean nonfood contact surfaces"
58922,"20150514",103102,"High Risk","Unclean hands or improper use of gloves"
58922,"20150514",103144,"Low Risk","Unapproved or unmaintained equipment or utensils"
58922,"20150514",103156,"Low Risk","Permit license or inspection report not posted"
58922,"20131029",103119,"Moderate Risk","Inadequate and inaccessible handwashing facilities"
58922,"20131029",103142,"Low Risk","Unclean nonfood contact surfaces"
58922,"20130109",103124,"Moderate Risk","Inadequately cleaned or sanitized food contact surfaces"
58922,"20130109",103156,"Low Risk","Permit license or inspection report not posted"
58922,"20130109",103131,"Moderate Risk","Moderate risk vermin infestation"
58922,"20130109",103149,"Low Risk","Wiping cloths not clean or properly stored or inadequate sanitizer"
58922,"20140527",103143,"Low Risk","Inadequate warewashing facilities or equipment"
58922,"20140527",103142,"Low Risk","Unclean nonfood contact surfaces"
58922,"20140527",103109,"High Risk","Unclean or unsanitary food contact surfaces"
58922,"20140527",103139,"Low Risk","Improper food storage"
58945,"20130618",103148,"Low Risk","No thermometers or uncalibrated thermometers "
58945,"20130618",103103,"High Risk","High risk food holding temperature "
58945,"20140430",103104,"High Risk","Unauthorized or unsafe use of time as a public health control measure"
58945,"20120928",103133,"Moderate Risk","Foods not protected from contamination"
58945,"20120928",103148,"Low Risk","No thermometers or uncalibrated thermometers "
58945,"20120928",103154,"Low Risk","Unclean or degraded floors walls or ceilings"
58945,"20120928",103149,"Low Risk","Wiping cloths not clean or properly stored or inadequate sanitizer"
59002,"20150122",103104,"High Risk","Unauthorized or unsafe use of time as a public health control measure"
59002,"20150122",103109,"High Risk","Unclean or unsanitary food contact surfaces"
59002,"20150122",103133,"Moderate Risk","Foods not protected from contamination"
59002,"20150122",103156,"Low Risk","Permit license or inspection report not posted"
59002,"20150122",103138,"Low Risk","Improper storage use or identification of toxic substances"
59002,"20150122",103116,"Moderate Risk","Inadequate food safety knowledge or lack of certified food safety manager"
59002,"20150122",103154,"Low Risk","Unclean or degraded floors walls or ceilings"
59002,"20150122",103131,"Moderate Risk","Moderate risk vermin infestation"
59002,"20131217",103156,"Low Risk","Permit license or inspection report not posted"
59002,"20131217",103104,"High Risk","Unauthorized or unsafe use of time as a public health control measure"
59002,"20131217",103157,"Low Risk","Food safety certificate or food handler card not available"
59002,"20131217",103116,"Moderate Risk","Inadequate food safety knowledge or lack of certified food safety manager"
59002,"20130619",103116,"Moderate Risk","Inadequate food safety knowledge or lack of certified food safety manager"
59002,"20130619",103120,"Moderate Risk","Moderate risk food holding temperature "
59002,"20130619",103139,"Low Risk","Improper food storage"
59002,"20130619",103142,"Low Risk","Unclean nonfood contact surfaces"
59002,"20130619",103156,"Low Risk","Permit license or inspection report not posted"
59002,"20130619",103104,"High Risk","Unauthorized or unsafe use of time as a public health control measure"
59002,"20140508",103131,"Moderate Risk","Moderate risk vermin infestation"
59002,"20140508",103154,"Low Risk","Unclean or degraded floors walls or ceilings"
59002,"20140508",103133,"Moderate Risk","Foods not protected from contamination"
59002,"20140508",103119,"Moderate Risk","Inadequate and inaccessible handwashing facilities"
59009,"20150127",103154,"Low Risk","Unclean or degraded floors walls or ceilings"
59009,"20150127",103116,"Moderate Risk","Inadequate food safety knowledge or lack of certified food safety manager"
59009,"20140110",103161,"Low Risk","Low risk vermin infestation"
59009,"20140110",103121,"Moderate Risk","Inadequate procedures or records for time as a public health control "
59009,"20140110",103119,"Moderate Risk","Inadequate and inaccessible handwashing facilities"
59009,"20130528",103120,"Moderate Risk","Moderate risk food holding temperature "
59009,"20130528",103150,"Low Risk","Improper or defective plumbing"
59009,"20121220",103144,"Low Risk","Unapproved or unmaintained equipment or utensils"
59009,"20121220",103150,"Low Risk","Improper or defective plumbing"
59009,"20140612",103129,"Moderate Risk","Insufficient hot water or running water"
59009,"20140612",103139,"Low Risk","Improper food storage"
59009,"20140612",103114,"High Risk","High risk vermin infestation"
59016,"20150505",103116,"Moderate Risk","Inadequate food safety knowledge or lack of certified food safety manager"
59016,"20121011",103103,"High Risk","High risk food holding temperature "
59019,"20141218",103144,"Low Risk","Unapproved or unmaintained equipment or utensils"
59019,"20141218",103103,"High Risk","High risk food holding temperature "
59019,"20131011",103119,"Moderate Risk","Inadequate and inaccessible handwashing facilities"
59019,"20130301",103120,"Moderate Risk","Moderate risk food holding temperature "
59019,"20130301",103118,"Moderate Risk","Employee eating or smoking"
59021,"20130621",103131,"Moderate Risk","Moderate risk vermin infestation"
59021,"20121130",103119,"Moderate Risk","Inadequate and inaccessible handwashing facilities"
59023,"20141104",103157,"Low Risk","Food safety certificate or food handler card not available"
59023,"20141104",103143,"Low Risk","Inadequate warewashing facilities or equipment"
59023,"20141104",103131,"Moderate Risk","Moderate risk vermin infestation"
59023,"20130723",103114,"High Risk","High risk vermin infestation"
59023,"20130723",103162,"Low Risk","Other low risk violation"
59023,"20130723",103119,"Moderate Risk","Inadequate and inaccessible handwashing facilities"
59023,"20130723",103157,"Low Risk","Food safety certificate or food handler card not available"
59023,"20130723",103109,"High Risk","Unclean or unsanitary food contact surfaces"
59023,"20130723",103152,"Low Risk","Unclean unmaintained or improperly constructed toilet facilities"
59023,"20130723",103150,"Low Risk","Improper or defective plumbing"
59023,"20140304",103156,"Low Risk","Permit license or inspection report not posted"
59023,"20140304",103143,"Low Risk","Inadequate warewashing facilities or equipment"
59023,"20140304",103131,"Moderate Risk","Moderate risk vermin infestation"
59023,"20140304",103124,"Moderate Risk","Inadequately cleaned or sanitized food contact surfaces"
59023,"20140304",103157,"Low Risk","Food safety certificate or food handler card not available"
59023,"20130102",103103,"High Risk","High risk food holding temperature "
59023,"20130102",103124,"Moderate Risk","Inadequately cleaned or sanitized food contact surfaces"
59023,"20130102",103142,"Low Risk","Unclean nonfood contact surfaces"
59023,"20130102",103157,"Low Risk","Food safety certificate or food handler card not available"
59023,"20130102",103162,"Low Risk","Other low risk violation"
59025,"20130916",103114,"High Risk","High risk vermin infestation"
59025,"20130916",103124,"Moderate Risk","Inadequately cleaned or sanitized food contact surfaces"
59025,"20130916",103133,"Moderate Risk","Foods not protected from contamination"
59025,"20130916",103139,"Low Risk","Improper food storage"
59025,"20130916",103154,"Low Risk","Unclean or degraded floors walls or ceilings"
59025,"20130916",103157,"Low Risk","Food safety certificate or food handler card not available"
59025,"20130916",103144,"Low Risk","Unapproved or unmaintained equipment or utensils"
59025,"20120829",103144,"Low Risk","Unapproved or unmaintained equipment or utensils"
59025,"20140708",103139,"Low Risk","Improper food storage"
59025,"20140708",103124,"Moderate Risk","Inadequately cleaned or sanitized food contact surfaces"
59025,"20140708",103103,"High Risk","High risk food holding temperature "
59025,"20140708",103119,"Moderate Risk","Inadequate and inaccessible handwashing facilities"
59040,"20130221",103142,"Low Risk","Unclean nonfood contact surfaces"
59040,"20130221",103131,"Moderate Risk","Moderate risk vermin infestation"
59040,"20130221",103144,"Low Risk","Unapproved or unmaintained equipment or utensils"
59041,"20130417",103116,"Moderate Risk","Inadequate food safety knowledge or lack of certified food safety manager"
59041,"20130417",103149,"Low Risk","Wiping cloths not clean or properly stored or inadequate sanitizer"
59041,"20130417",103133,"Moderate Risk","Foods not protected from contamination"
59041,"20140806",103109,"High Risk","Unclean or unsanitary food contact surfaces"
59041,"20140806",103139,"Low Risk","Improper food storage"
59041,"20140806",103119,"Moderate Risk","Inadequate and inaccessible handwashing facilities"
59041,"20140806",103116,"Moderate Risk","Inadequate food safety knowledge or lack of certified food safety manager"
59044,"20130904",103114,"High Risk","High risk vermin infestation"
59044,"20130904",103102,"High Risk","Unclean hands or improper use of gloves"
59044,"20130904",103143,"Low Risk","Inadequate warewashing facilities or equipment"
59044,"20130904",103151,"Low Risk","Inadequate or unsanitary refuse containers or area or no garbage service"
59044,"20130904",103159,"Low Risk","Worker safety hazards"
59044,"20130904",103158,"Low Risk","Unpermitted food facility"
59044,"20130311",103139,"Low Risk","Improper food storage"
59044,"20130311",103142,"Low Risk","Unclean nonfood contact surfaces"
59044,"20130311",103119,"Moderate Risk","Inadequate and inaccessible handwashing facilities"
59044,"20130311",103157,"Low Risk","Food safety certificate or food handler card not available"
59044,"20130311",103149,"Low Risk","Wiping cloths not clean or properly stored or inadequate sanitizer"
59044,"20140225",103154,"Low Risk","Unclean or degraded floors walls or ceilings"
59044,"20140225",103145,"Low Risk","Improper storage of equipment utensils or linens"
59044,"20140225",103157,"Low Risk","Food safety certificate or food handler card not available"
59044,"20140225",103103,"High Risk","High risk food holding temperature "
59044,"20140225",103156,"Low Risk","Permit license or inspection report not posted"
59044,"20120724",103105,"High Risk","Improper cooling methods"
59044,"20120724",103116,"Moderate Risk","Inadequate food safety knowledge or lack of certified food safety manager"
59044,"20120724",103144,"Low Risk","Unapproved or unmaintained equipment or utensils"
59044,"20120724",103119,"Moderate Risk","Inadequate and inaccessible handwashing facilities"
59044,"20120724",103103,"High Risk","High risk food holding temperature "
59065,"20141118",103133,"Moderate Risk","Foods not protected from contamination"
59065,"20141118",103149,"Low Risk","Wiping cloths not clean or properly stored or inadequate sanitizer"
59065,"20140407",103107,"High Risk","Improper reheating of food"
59065,"20140407",103159,"Low Risk","Worker safety hazards"
59066,"20140318",103157,"Low Risk","Food safety certificate or food handler card not available"
59066,"20120809",103149,"Low Risk","Wiping cloths not clean or properly stored or inadequate sanitizer"
59066,"20120809",103120,"Moderate Risk","Moderate risk food holding temperature "
59066,"20130220",103162,"Low Risk","Other low risk violation"
59124,"20140428",103120,"Moderate Risk","Moderate risk food holding temperature "
59124,"20120627",103142,"Low Risk","Unclean nonfood contact surfaces"
59141,"20130604",103144,"Low Risk","Unapproved or unmaintained equipment or utensils"
59141,"20130109",103157,"Low Risk","Food safety certificate or food handler card not available"
59153,"20141209",103157,"Low Risk","Food safety certificate or food handler card not available"
59153,"20141209",103124,"Moderate Risk","Inadequately cleaned or sanitized food contact surfaces"
59153,"20141209",103116,"Moderate Risk","Inadequate food safety knowledge or lack of certified food safety manager"
59153,"20140121",103131,"Moderate Risk","Moderate risk vermin infestation"
59153,"20140121",103124,"Moderate Risk","Inadequately cleaned or sanitized food contact surfaces"
59153,"20140121",103119,"Moderate Risk","Inadequate and inaccessible handwashing facilities"
59153,"20130211",103124,"Moderate Risk","Inadequately cleaned or sanitized food contact surfaces"
59153,"20130211",103144,"Low Risk","Unapproved or unmaintained equipment or utensils"
59154,"20140227",103154,"Low Risk","Unclean or degraded floors walls or ceilings"
59154,"20140227",103142,"Low Risk","Unclean nonfood contact surfaces"
59154,"20140227",103145,"Low Risk","Improper storage of equipment utensils or linens"
59154,"20140227",103133,"Moderate Risk","Foods not protected from contamination"
59154,"20130109",103149,"Low Risk","Wiping cloths not clean or properly stored or inadequate sanitizer"
59154,"20130109",103125,"Moderate Risk","Noncompliance with shell fish tags or display"
59178,"20150302",103105,"High Risk","Improper cooling methods"
59178,"20150302",103131,"Moderate Risk","Moderate risk vermin infestation"
59178,"20150302",103133,"Moderate Risk","Foods not protected from contamination"
59178,"20150302",103149,"Low Risk","Wiping cloths not clean or properly stored or inadequate sanitizer"
59178,"20130501",103124,"Moderate Risk","Inadequately cleaned or sanitized food contact surfaces"
59178,"20130501",103103,"High Risk","High risk food holding temperature "
59178,"20130501",103143,"Low Risk","Inadequate warewashing facilities or equipment"
59178,"20130501",103114,"High Risk","High risk vermin infestation"
59178,"20130501",103144,"Low Risk","Unapproved or unmaintained equipment or utensils"
59178,"20130501",103133,"Moderate Risk","Foods not protected from contamination"
59178,"20130501",103149,"Low Risk","Wiping cloths not clean or properly stored or inadequate sanitizer"
59178,"20130501",103154,"Low Risk","Unclean or degraded floors walls or ceilings"
59178,"20140310",103132,"Moderate Risk","Improper thawing methods "
59178,"20140310",103144,"Low Risk","Unapproved or unmaintained equipment or utensils"
59178,"20140310",103131,"Moderate Risk","Moderate risk vermin infestation"
59178,"20140310",103154,"Low Risk","Unclean or degraded floors walls or ceilings"
59178,"20140310",103120,"Moderate Risk","Moderate risk food holding temperature "
59178,"20140310",103105,"High Risk","Improper cooling methods"
59178,"20121011",103124,"Moderate Risk","Inadequately cleaned or sanitized food contact surfaces"
59178,"20121011",103114,"High Risk","High risk vermin infestation"
59178,"20121011",103120,"Moderate Risk","Moderate risk food holding temperature "
59178,"20121011",103154,"Low Risk","Unclean or degraded floors walls or ceilings"
59178,"20121011",103144,"Low Risk","Unapproved or unmaintained equipment or utensils"
59178,"20121011",103123,"Moderate Risk","Food in poor condition"
59178,"20121011",103149,"Low Risk","Wiping cloths not clean or properly stored or inadequate sanitizer"
59178,"20121011",103147,"Low Risk","Inadequate ventilation or lighting"
59178,"20121011",103139,"Low Risk","Improper food storage"
59178,"20121011",103142,"Low Risk","Unclean nonfood contact surfaces"
59178,"20121011",103150,"Low Risk","Improper or defective plumbing"
59179,"20150402",103144,"Low Risk","Unapproved or unmaintained equipment or utensils"
59179,"20150402",103139,"Low Risk","Improper food storage"
59179,"20150402",103132,"Moderate Risk","Improper thawing methods "
59179,"20150402",103119,"Moderate Risk","Inadequate and inaccessible handwashing facilities"
59179,"20150402",103103,"High Risk","High risk food holding temperature "
59179,"20140206",103119,"Moderate Risk","Inadequate and inaccessible handwashing facilities"
59179,"20140206",103105,"High Risk","Improper cooling methods"
59215,"20131112",103124,"Moderate Risk","Inadequately cleaned or sanitized food contact surfaces"
59215,"20120706",103154,"Low Risk","Unclean or degraded floors walls or ceilings"
59215,"20130124",103119,"Moderate Risk","Inadequate and inaccessible handwashing facilities"
59215,"20140609",103154,"Low Risk","Unclean or degraded floors walls or ceilings"
59251,"20131230",103124,"Moderate Risk","Inadequately cleaned or sanitized food contact surfaces"
59251,"20131230",103116,"Moderate Risk","Inadequate food safety knowledge or lack of certified food safety manager"
59251,"20131230",103144,"Low Risk","Unapproved or unmaintained equipment or utensils"
59251,"20131230",103114,"High Risk","High risk vermin infestation"
59251,"20131230",103108,"High Risk","Contaminated or adulterated food"
59251,"20131230",103119,"Moderate Risk","Inadequate and inaccessible handwashing facilities"
59251,"20131230",103139,"Low Risk","Improper food storage"
59251,"20131230",103156,"Low Risk","Permit license or inspection report not posted"
59251,"20130610",103124,"Moderate Risk","Inadequately cleaned or sanitized food contact surfaces"
59251,"20130610",103116,"Moderate Risk","Inadequate food safety knowledge or lack of certified food safety manager"
59251,"20130610",103154,"Low Risk","Unclean or degraded floors walls or ceilings"
59251,"20130610",103156,"Low Risk","Permit license or inspection report not posted"
59251,"20140709",103119,"Moderate Risk","Inadequate and inaccessible handwashing facilities"
59251,"20140709",103131,"Moderate Risk","Moderate risk vermin infestation"
59251,"20140709",103144,"Low Risk","Unapproved or unmaintained equipment or utensils"
59251,"20140709",103156,"Low Risk","Permit license or inspection report not posted"
59289,"20150224",103150,"Low Risk","Improper or defective plumbing"
59289,"20130304",103142,"Low Risk","Unclean nonfood contact surfaces"
59289,"20130304",103147,"Low Risk","Inadequate ventilation or lighting"
59289,"20130304",103149,"Low Risk","Wiping cloths not clean or properly stored or inadequate sanitizer"
59289,"20130304",103154,"Low Risk","Unclean or degraded floors walls or ceilings"
59289,"20130304",103157,"Low Risk","Food safety certificate or food handler card not available"
59289,"20130304",103127,"Moderate Risk","Noncompliance with HAACP plan or variance"
59289,"20140419",103149,"Low Risk","Wiping cloths not clean or properly stored or inadequate sanitizer"
59289,"20140419",103154,"Low Risk","Unclean or degraded floors walls or ceilings"
59289,"20140419",103120,"Moderate Risk","Moderate risk food holding temperature "
59316,"20130116",103144,"Low Risk","Unapproved or unmaintained equipment or utensils"
59331,"20140911",103145,"Low Risk","Improper storage of equipment utensils or linens"
59331,"20140911",103157,"Low Risk","Food safety certificate or food handler card not available"
59331,"20150302",103139,"Low Risk","Improper food storage"
59331,"20150302",103149,"Low Risk","Wiping cloths not clean or properly stored or inadequate sanitizer"
59331,"20150302",103119,"Moderate Risk","Inadequate and inaccessible handwashing facilities"
59331,"20130823",103112,"High Risk","No hot water or running water"
59331,"20140305",103133,"Moderate Risk","Foods not protected from contamination"
59331,"20140305",103124,"Moderate Risk","Inadequately cleaned or sanitized food contact surfaces"
59331,"20120709",103103,"High Risk","High risk food holding temperature "
59331,"20120709",103109,"High Risk","Unclean or unsanitary food contact surfaces"
59331,"20130208",103145,"Low Risk","Improper storage of equipment utensils or linens"
59338,"20140114",103102,"High Risk","Unclean hands or improper use of gloves"
59338,"20140114",103120,"Moderate Risk","Moderate risk food holding temperature "
59338,"20140114",103142,"Low Risk","Unclean nonfood contact surfaces"
59338,"20140114",103108,"High Risk","Contaminated or adulterated food"
59338,"20140114",103132,"Moderate Risk","Improper thawing methods "
59338,"20140114",103105,"High Risk","Improper cooling methods"
59338,"20140114",103124,"Moderate Risk","Inadequately cleaned or sanitized food contact surfaces"
59338,"20130507",103133,"Moderate Risk","Foods not protected from contamination"
59338,"20130507",103103,"High Risk","High risk food holding temperature "
59338,"20130507",103105,"High Risk","Improper cooling methods"
59338,"20130507",103119,"Moderate Risk","Inadequate and inaccessible handwashing facilities"
59338,"20130507",103124,"Moderate Risk","Inadequately cleaned or sanitized food contact surfaces"
59338,"20140811",103120,"Moderate Risk","Moderate risk food holding temperature "
59338,"20140612",103133,"Moderate Risk","Foods not protected from contamination"
59338,"20140811",103144,"Low Risk","Unapproved or unmaintained equipment or utensils"
59338,"20140811",103142,"Low Risk","Unclean nonfood contact surfaces"
59338,"20140811",103124,"Moderate Risk","Inadequately cleaned or sanitized food contact surfaces"
59338,"20140811",103133,"Moderate Risk","Foods not protected from contamination"
59374,"20131016",103116,"Moderate Risk","Inadequate food safety knowledge or lack of certified food safety manager"
59374,"20131016",103156,"Low Risk","Permit license or inspection report not posted"
59374,"20130501",103118,"Moderate Risk","Employee eating or smoking"
59374,"20130501",103120,"Moderate Risk","Moderate risk food holding temperature "
59374,"20130501",103133,"Moderate Risk","Foods not protected from contamination"
59374,"20130501",103109,"High Risk","Unclean or unsanitary food contact surfaces"
59374,"20130501",103156,"Low Risk","Permit license or inspection report not posted"
59374,"20140219",103116,"Moderate Risk","Inadequate food safety knowledge or lack of certified food safety manager"
59374,"20140428",103144,"Low Risk","Unapproved or unmaintained equipment or utensils"
59374,"20121003",103116,"Moderate Risk","Inadequate food safety knowledge or lack of certified food safety manager"
59374,"20121003",103156,"Low Risk","Permit license or inspection report not posted"
59374,"20121003",103154,"Low Risk","Unclean or degraded floors walls or ceilings"
59374,"20121003",103142,"Low Risk","Unclean nonfood contact surfaces"
59374,"20121003",103133,"Moderate Risk","Foods not protected from contamination"
59374,"20121003",103119,"Moderate Risk","Inadequate and inaccessible handwashing facilities"
59396,"20150105",103109,"High Risk","Unclean or unsanitary food contact surfaces"
59396,"20150105",103107,"High Risk","Improper reheating of food"
59396,"20130321",103142,"Low Risk","Unclean nonfood contact surfaces"
59396,"20130321",103131,"Moderate Risk","Moderate risk vermin infestation"
59396,"20130321",103154,"Low Risk","Unclean or degraded floors walls or ceilings"
59396,"20140306",103139,"Low Risk","Improper food storage"
59396,"20140306",103133,"Moderate Risk","Foods not protected from contamination"
59396,"20140306",103142,"Low Risk","Unclean nonfood contact surfaces"
59396,"20140306",103109,"High Risk","Unclean or unsanitary food contact surfaces"
59396,"20140306",103124,"Moderate Risk","Inadequately cleaned or sanitized food contact surfaces"
59396,"20140306",103103,"High Risk","High risk food holding temperature "
59396,"20140306",103150,"Low Risk","Improper or defective plumbing"
59396,"20120725",103147,"Low Risk","Inadequate ventilation or lighting"
59396,"20120725",103154,"Low Risk","Unclean or degraded floors walls or ceilings"
59396,"20120725",103157,"Low Risk","Food safety certificate or food handler card not available"
59396,"20120725",103139,"Low Risk","Improper food storage"
59396,"20120725",103148,"Low Risk","No thermometers or uncalibrated thermometers "
59397,"20150504",103139,"Low Risk","Improper food storage"
59397,"20150504",103133,"Moderate Risk","Foods not protected from contamination"
59397,"20150504",103119,"Moderate Risk","Inadequate and inaccessible handwashing facilities"
59397,"20150504",103144,"Low Risk","Unapproved or unmaintained equipment or utensils"
59397,"20131216",103105,"High Risk","Improper cooling methods"
59397,"20131216",103139,"Low Risk","Improper food storage"
59397,"20131216",103112,"High Risk","No hot water or running water"
59397,"20131216",103157,"Low Risk","Food safety certificate or food handler card not available"
59397,"20131216",103149,"Low Risk","Wiping cloths not clean or properly stored or inadequate sanitizer"
59397,"20130606",103119,"Moderate Risk","Inadequate and inaccessible handwashing facilities"
59397,"20130606",103150,"Low Risk","Improper or defective plumbing"
59397,"20130606",103116,"Moderate Risk","Inadequate food safety knowledge or lack of certified food safety manager"
59397,"20120926",103154,"Low Risk","Unclean or degraded floors walls or ceilings"
59397,"20120926",103150,"Low Risk","Improper or defective plumbing"
59397,"20120926",103145,"Low Risk","Improper storage of equipment utensils or linens"
59397,"20120926",103119,"Moderate Risk","Inadequate and inaccessible handwashing facilities"
59407,"20150317",103143,"Low Risk","Inadequate warewashing facilities or equipment"
59407,"20150317",103109,"High Risk","Unclean or unsanitary food contact surfaces"
59407,"20150317",103116,"Moderate Risk","Inadequate food safety knowledge or lack of certified food safety manager"
59407,"20150317",103142,"Low Risk","Unclean nonfood contact surfaces"
59407,"20130722",103109,"High Risk","Unclean or unsanitary food contact surfaces"
59407,"20140123",103124,"Moderate Risk","Inadequately cleaned or sanitized food contact surfaces"
59407,"20140123",103119,"Moderate Risk","Inadequate and inaccessible handwashing facilities"
59407,"20140123",103142,"Low Risk","Unclean nonfood contact surfaces"
59407,"20140123",103154,"Low Risk","Unclean or degraded floors walls or ceilings"
59407,"20120717",103131,"Moderate Risk","Moderate risk vermin infestation"
59407,"20120717",103142,"Low Risk","Unclean nonfood contact surfaces"
59407,"20120717",103145,"Low Risk","Improper storage of equipment utensils or linens"
59407,"20130122",103119,"Moderate Risk","Inadequate and inaccessible handwashing facilities"
59407,"20130122",103116,"Moderate Risk","Inadequate food safety knowledge or lack of certified food safety manager"
59407,"20130122",103124,"Moderate Risk","Inadequately cleaned or sanitized food contact surfaces"
59407,"20130122",103130,"Moderate Risk","Inadequate sewage or wastewater disposal"
59407,"20130122",103138,"Low Risk","Improper storage use or identification of toxic substances"
59407,"20140617",103142,"Low Risk","Unclean nonfood contact surfaces"
59407,"20140617",103109,"High Risk","Unclean or unsanitary food contact surfaces"
59422,"20141009",103143,"Low Risk","Inadequate warewashing facilities or equipment"
59422,"20141009",103157,"Low Risk","Food safety certificate or food handler card not available"
59422,"20141009",103102,"High Risk","Unclean hands or improper use of gloves"
59422,"20121113",103144,"Low Risk","Unapproved or unmaintained equipment or utensils"
59422,"20121113",103154,"Low Risk","Unclean or degraded floors walls or ceilings"
59484,"20140128",103112,"High Risk","No hot water or running water"
59484,"20140128",103116,"Moderate Risk","Inadequate food safety knowledge or lack of certified food safety manager"
59484,"20140128",103119,"Moderate Risk","Inadequate and inaccessible handwashing facilities"
59484,"20130517",103150,"Low Risk","Improper or defective plumbing"
59484,"20130517",103142,"Low Risk","Unclean nonfood contact surfaces"
59484,"20130517",103119,"Moderate Risk","Inadequate and inaccessible handwashing facilities"
59484,"20120913",103150,"Low Risk","Improper or defective plumbing"
59484,"20120913",103119,"Moderate Risk","Inadequate and inaccessible handwashing facilities"
59484,"20120913",103124,"Moderate Risk","Inadequately cleaned or sanitized food contact surfaces"
59484,"20120913",103131,"Moderate Risk","Moderate risk vermin infestation"
59484,"20140717",103145,"Low Risk","Improper storage of equipment utensils or linens"
59484,"20140717",103148,"Low Risk","No thermometers or uncalibrated thermometers "
59515,"20140103",103124,"Moderate Risk","Inadequately cleaned or sanitized food contact surfaces"
59515,"20140103",103148,"Low Risk","No thermometers or uncalibrated thermometers "
59515,"20140103",103153,"Low Risk","Inadequate dressing rooms or improper storage of personal items"
59515,"20140103",103154,"Low Risk","Unclean or degraded floors walls or ceilings"
59515,"20140103",103145,"Low Risk","Improper storage of equipment utensils or linens"
59515,"20140103",103104,"High Risk","Unauthorized or unsafe use of time as a public health control measure"
59515,"20140103",103142,"Low Risk","Unclean nonfood contact surfaces"
59515,"20140103",103138,"Low Risk","Improper storage use or identification of toxic substances"
59515,"20140103",103103,"High Risk","High risk food holding temperature "
59515,"20140103",103133,"Moderate Risk","Foods not protected from contamination"
59515,"20130322",103103,"High Risk","High risk food holding temperature "
59515,"20130322",103105,"High Risk","Improper cooling methods"
59515,"20130313",103124,"Moderate Risk","Inadequately cleaned or sanitized food contact surfaces"
59515,"20130313",103133,"Moderate Risk","Foods not protected from contamination"
59515,"20130322",103109,"High Risk","Unclean or unsanitary food contact surfaces"
59515,"20130313",103154,"Low Risk","Unclean or degraded floors walls or ceilings"
59515,"20130313",103139,"Low Risk","Improper food storage"
59515,"20130313",103120,"Moderate Risk","Moderate risk food holding temperature "
59515,"20140624",103154,"Low Risk","Unclean or degraded floors walls or ceilings"
59515,"20140624",103114,"High Risk","High risk vermin infestation"
59515,"20140624",103124,"Moderate Risk","Inadequately cleaned or sanitized food contact surfaces"
59515,"20140624",103139,"Low Risk","Improper food storage"
59515,"20140624",103142,"Low Risk","Unclean nonfood contact surfaces"
59517,"20121106",103120,"Moderate Risk","Moderate risk food holding temperature "
59517,"20121106",103143,"Low Risk","Inadequate warewashing facilities or equipment"
59517,"20121106",103156,"Low Risk","Permit license or inspection report not posted"
59520,"20121003",103120,"Moderate Risk","Moderate risk food holding temperature "
59574,"20150225",103139,"Low Risk","Improper food storage"
59574,"20150225",103120,"Moderate Risk","Moderate risk food holding temperature "
59574,"20150225",103131,"Moderate Risk","Moderate risk vermin infestation"
59574,"20130916",103120,"Moderate Risk","Moderate risk food holding temperature "
59574,"20130916",103131,"Moderate Risk","Moderate risk vermin infestation"
59574,"20130916",103139,"Low Risk","Improper food storage"
59574,"20130916",103144,"Low Risk","Unapproved or unmaintained equipment or utensils"
59574,"20130409",103149,"Low Risk","Wiping cloths not clean or properly stored or inadequate sanitizer"
59574,"20130409",103147,"Low Risk","Inadequate ventilation or lighting"
59574,"20130409",103142,"Low Risk","Unclean nonfood contact surfaces"
59574,"20130409",103154,"Low Risk","Unclean or degraded floors walls or ceilings"
59574,"20130409",103144,"Low Risk","Unapproved or unmaintained equipment or utensils"
59574,"20130409",103131,"Moderate Risk","Moderate risk vermin infestation"
59574,"20130409",103109,"High Risk","Unclean or unsanitary food contact surfaces"
59574,"20140415",103150,"Low Risk","Improper or defective plumbing"
59574,"20140415",103144,"Low Risk","Unapproved or unmaintained equipment or utensils"
59577,"20130930",103144,"Low Risk","Unapproved or unmaintained equipment or utensils"
59577,"20130930",103138,"Low Risk","Improper storage use or identification of toxic substances"
59577,"20130930",103149,"Low Risk","Wiping cloths not clean or properly stored or inadequate sanitizer"
59577,"20130930",103142,"Low Risk","Unclean nonfood contact surfaces"
59577,"20130930",103154,"Low Risk","Unclean or degraded floors walls or ceilings"
59577,"20130930",103161,"Low Risk","Low risk vermin infestation"
59577,"20130930",103105,"High Risk","Improper cooling methods"
59577,"20130930",103103,"High Risk","High risk food holding temperature "
59577,"20130320",103154,"Low Risk","Unclean or degraded floors walls or ceilings"
59577,"20130320",103142,"Low Risk","Unclean nonfood contact surfaces"
59577,"20130320",103109,"High Risk","Unclean or unsanitary food contact surfaces"
59577,"20130320",103138,"Low Risk","Improper storage use or identification of toxic substances"
59577,"20120904",103109,"High Risk","Unclean or unsanitary food contact surfaces"
59577,"20120904",103131,"Moderate Risk","Moderate risk vermin infestation"
59577,"20120904",103154,"Low Risk","Unclean or degraded floors walls or ceilings"
59577,"20120904",103105,"High Risk","Improper cooling methods"
59577,"20120904",103103,"High Risk","High risk food holding temperature "
59577,"20120904",103144,"Low Risk","Unapproved or unmaintained equipment or utensils"
59577,"20140603",103105,"High Risk","Improper cooling methods"
59577,"20140603",103157,"Low Risk","Food safety certificate or food handler card not available"
59577,"20140603",103108,"High Risk","Contaminated or adulterated food"
59577,"20140603",103131,"Moderate Risk","Moderate risk vermin infestation"
59599,"20131028",103124,"Moderate Risk","Inadequately cleaned or sanitized food contact surfaces"
59599,"20131028",103145,"Low Risk","Improper storage of equipment utensils or linens"
59599,"20131028",103133,"Moderate Risk","Foods not protected from contamination"
59599,"20131028",103138,"Low Risk","Improper storage use or identification of toxic substances"
59599,"20121227",103120,"Moderate Risk","Moderate risk food holding temperature "
59599,"20121227",103116,"Moderate Risk","Inadequate food safety knowledge or lack of certified food safety manager"
59599,"20121227",103133,"Moderate Risk","Foods not protected from contamination"
59637,"20131025",103121,"Moderate Risk","Inadequate procedures or records for time as a public health control "
59637,"20120619",103102,"High Risk","Unclean hands or improper use of gloves"
59637,"20120619",103120,"Moderate Risk","Moderate risk food holding temperature "
59638,"20150402",103145,"Low Risk","Improper storage of equipment utensils or linens"
59638,"20130719",103129,"Moderate Risk","Insufficient hot water or running water"
59638,"20130719",103161,"Low Risk","Low risk vermin infestation"
59651,"20140203",103152,"Low Risk","Unclean unmaintained or improperly constructed toilet facilities"
59651,"20140203",103144,"Low Risk","Unapproved or unmaintained equipment or utensils"
59651,"20140203",103124,"Moderate Risk","Inadequately cleaned or sanitized food contact surfaces"
59651,"20140203",103143,"Low Risk","Inadequate warewashing facilities or equipment"
59651,"20140203",103150,"Low Risk","Improper or defective plumbing"
59651,"20130523",103142,"Low Risk","Unclean nonfood contact surfaces"
59651,"20130523",103150,"Low Risk","Improper or defective plumbing"
59651,"20130523",103131,"Moderate Risk","Moderate risk vermin infestation"
59651,"20130523",103129,"Moderate Risk","Insufficient hot water or running water"
59651,"20120807",103157,"Low Risk","Food safety certificate or food handler card not available"
59651,"20120807",103142,"Low Risk","Unclean nonfood contact surfaces"
59651,"20140724",103161,"Low Risk","Low risk vermin infestation"
59651,"20140724",103124,"Moderate Risk","Inadequately cleaned or sanitized food contact surfaces"
59691,"20150309",103105,"High Risk","Improper cooling methods"
59691,"20150309",103124,"Moderate Risk","Inadequately cleaned or sanitized food contact surfaces"
59691,"20150309",103149,"Low Risk","Wiping cloths not clean or properly stored or inadequate sanitizer"
59691,"20130826",103120,"Moderate Risk","Moderate risk food holding temperature "
59691,"20130826",103105,"High Risk","Improper cooling methods"
59691,"20140219",103108,"High Risk","Contaminated or adulterated food"
59691,"20140219",103103,"High Risk","High risk food holding temperature "
59691,"20140219",103142,"Low Risk","Unclean nonfood contact surfaces"
59691,"20140219",103105,"High Risk","Improper cooling methods"
59691,"20140219",103133,"Moderate Risk","Foods not protected from contamination"
59691,"20130212",103139,"Low Risk","Improper food storage"
59691,"20130212",103132,"Moderate Risk","Improper thawing methods "
59691,"20130212",103119,"Moderate Risk","Inadequate and inaccessible handwashing facilities"
59717,"20141022",103139,"Low Risk","Improper food storage"
59717,"20130725",103156,"Low Risk","Permit license or inspection report not posted"
59717,"20140212",103157,"Low Risk","Food safety certificate or food handler card not available"
59727,"20131016",103103,"High Risk","High risk food holding temperature "
59727,"20131016",103119,"Moderate Risk","Inadequate and inaccessible handwashing facilities"
59727,"20131016",103124,"Moderate Risk","Inadequately cleaned or sanitized food contact surfaces"
59727,"20131016",103129,"Moderate Risk","Insufficient hot water or running water"
59727,"20131016",103154,"Low Risk","Unclean or degraded floors walls or ceilings"
59727,"20130122",103119,"Moderate Risk","Inadequate and inaccessible handwashing facilities"
59727,"20130122",103116,"Moderate Risk","Inadequate food safety knowledge or lack of certified food safety manager"
59727,"20130122",103131,"Moderate Risk","Moderate risk vermin infestation"
59727,"20130122",103124,"Moderate Risk","Inadequately cleaned or sanitized food contact surfaces"
59727,"20130122",103144,"Low Risk","Unapproved or unmaintained equipment or utensils"
59727,"20130122",103154,"Low Risk","Unclean or degraded floors walls or ceilings"
59727,"20140709",103154,"Low Risk","Unclean or degraded floors walls or ceilings"
59727,"20140709",103131,"Moderate Risk","Moderate risk vermin infestation"
59727,"20140709",103144,"Low Risk","Unapproved or unmaintained equipment or utensils"
59727,"20140709",103116,"Moderate Risk","Inadequate food safety knowledge or lack of certified food safety manager"
59727,"20140709",103103,"High Risk","High risk food holding temperature "
59744,"20130124",103119,"Moderate Risk","Inadequate and inaccessible handwashing facilities"
59746,"20140102",103144,"Low Risk","Unapproved or unmaintained equipment or utensils"
59746,"20140102",103119,"Moderate Risk","Inadequate and inaccessible handwashing facilities"
59746,"20140102",103124,"Moderate Risk","Inadequately cleaned or sanitized food contact surfaces"
59746,"20140102",103103,"High Risk","High risk food holding temperature "
59746,"20140708",103139,"Low Risk","Improper food storage"
59746,"20140708",103103,"High Risk","High risk food holding temperature "
59761,"20131101",103161,"Low Risk","Low risk vermin infestation"
59761,"20131101",103142,"Low Risk","Unclean nonfood contact surfaces"
59761,"20131101",103141,"Low Risk","Improper food labeling or menu misrepresentation"
59761,"20130329",103124,"Moderate Risk","Inadequately cleaned or sanitized food contact surfaces"
59761,"20130607",103149,"Low Risk","Wiping cloths not clean or properly stored or inadequate sanitizer"
59761,"20130329",103138,"Low Risk","Improper storage use or identification of toxic substances"
59761,"20130329",103161,"Low Risk","Low risk vermin infestation"
59761,"20130329",103142,"Low Risk","Unclean nonfood contact surfaces"
59761,"20140502",103141,"Low Risk","Improper food labeling or menu misrepresentation"
59761,"20140502",103161,"Low Risk","Low risk vermin infestation"
59761,"20140502",103144,"Low Risk","Unapproved or unmaintained equipment or utensils"
59777,"20131122",103142,"Low Risk","Unclean nonfood contact surfaces"
59777,"20131122",103120,"Moderate Risk","Moderate risk food holding temperature "
59777,"20131122",103109,"High Risk","Unclean or unsanitary food contact surfaces"
59826,"20131217",103144,"Low Risk","Unapproved or unmaintained equipment or utensils"
59826,"20131217",103139,"Low Risk","Improper food storage"
59826,"20131217",103131,"Moderate Risk","Moderate risk vermin infestation"
59826,"20131217",103119,"Moderate Risk","Inadequate and inaccessible handwashing facilities"
59826,"20131217",103124,"Moderate Risk","Inadequately cleaned or sanitized food contact surfaces"
59826,"20130521",103145,"Low Risk","Improper storage of equipment utensils or linens"
59826,"20130521",103154,"Low Risk","Unclean or degraded floors walls or ceilings"
59826,"20130521",103114,"High Risk","High risk vermin infestation"
59826,"20130521",103109,"High Risk","Unclean or unsanitary food contact surfaces"
59826,"20130521",103142,"Low Risk","Unclean nonfood contact surfaces"
59826,"20130108",103154,"Low Risk","Unclean or degraded floors walls or ceilings"
59826,"20130108",103124,"Moderate Risk","Inadequately cleaned or sanitized food contact surfaces"
59826,"20130108",103144,"Low Risk","Unapproved or unmaintained equipment or utensils"
59826,"20130108",103119,"Moderate Risk","Inadequate and inaccessible handwashing facilities"
59826,"20130108",103116,"Moderate Risk","Inadequate food safety knowledge or lack of certified food safety manager"
59826,"20140514",103124,"Moderate Risk","Inadequately cleaned or sanitized food contact surfaces"
59826,"20140514",103114,"High Risk","High risk vermin infestation"
59826,"20140514",103154,"Low Risk","Unclean or degraded floors walls or ceilings"
59828,"20140123",103108,"High Risk","Contaminated or adulterated food"
59828,"20140123",103116,"Moderate Risk","Inadequate food safety knowledge or lack of certified food safety manager"
59828,"20140123",103103,"High Risk","High risk food holding temperature "
59828,"20140123",103154,"Low Risk","Unclean or degraded floors walls or ceilings"
59828,"20140128",103131,"Moderate Risk","Moderate risk vermin infestation"
59828,"20140123",103114,"High Risk","High risk vermin infestation"
59828,"20140123",103109,"High Risk","Unclean or unsanitary food contact surfaces"
59828,"20140123",103119,"Moderate Risk","Inadequate and inaccessible handwashing facilities"
59828,"20130530",103154,"Low Risk","Unclean or degraded floors walls or ceilings"
59828,"20130530",103157,"Low Risk","Food safety certificate or food handler card not available"
59828,"20130530",103138,"Low Risk","Improper storage use or identification of toxic substances"
59828,"20130530",103114,"High Risk","High risk vermin infestation"
59828,"20130530",103142,"Low Risk","Unclean nonfood contact surfaces"
59828,"20130530",103124,"Moderate Risk","Inadequately cleaned or sanitized food contact surfaces"
59828,"20130530",103144,"Low Risk","Unapproved or unmaintained equipment or utensils"
59828,"20130530",103119,"Moderate Risk","Inadequate and inaccessible handwashing facilities"
59828,"20130530",103103,"High Risk","High risk food holding temperature "
59833,"20140204",103105,"High Risk","Improper cooling methods"
59833,"20140204",103103,"High Risk","High risk food holding temperature "
59833,"20130307",103120,"Moderate Risk","Moderate risk food holding temperature "
59833,"20140805",103105,"High Risk","Improper cooling methods"
59833,"20140805",103154,"Low Risk","Unclean or degraded floors walls or ceilings"
59838,"20130808",103139,"Low Risk","Improper food storage"
59838,"20130808",103154,"Low Risk","Unclean or degraded floors walls or ceilings"
59838,"20140306",103150,"Low Risk","Improper or defective plumbing"
59838,"20140306",103154,"Low Risk","Unclean or degraded floors walls or ceilings"
59838,"20120820",103109,"High Risk","Unclean or unsanitary food contact surfaces"
59856,"20121115",103129,"Moderate Risk","Insufficient hot water or running water"
59856,"20121115",103133,"Moderate Risk","Foods not protected from contamination"
59856,"20121115",103142,"Low Risk","Unclean nonfood contact surfaces"
59856,"20121115",103150,"Low Risk","Improper or defective plumbing"
59856,"20121115",103144,"Low Risk","Unapproved or unmaintained equipment or utensils"
59856,"20121115",103143,"Low Risk","Inadequate warewashing facilities or equipment"
59856,"20121115",103154,"Low Risk","Unclean or degraded floors walls or ceilings"
59872,"20130827",103149,"Low Risk","Wiping cloths not clean or properly stored or inadequate sanitizer"
59872,"20130827",103120,"Moderate Risk","Moderate risk food holding temperature "
59872,"20130827",103129,"Moderate Risk","Insufficient hot water or running water"
59872,"20130827",103144,"Low Risk","Unapproved or unmaintained equipment or utensils"
59872,"20130827",103161,"Low Risk","Low risk vermin infestation"
59872,"20130827",103133,"Moderate Risk","Foods not protected from contamination"
59872,"20140429",103161,"Low Risk","Low risk vermin infestation"
59872,"20140429",103102,"High Risk","Unclean hands or improper use of gloves"
59872,"20140429",103139,"Low Risk","Improper food storage"
59872,"20140429",103144,"Low Risk","Unapproved or unmaintained equipment or utensils"
59872,"20140429",103109,"High Risk","Unclean or unsanitary food contact surfaces"
59872,"20140429",103120,"Moderate Risk","Moderate risk food holding temperature "
59872,"20130115",103131,"Moderate Risk","Moderate risk vermin infestation"
59872,"20130115",103144,"Low Risk","Unapproved or unmaintained equipment or utensils"
59872,"20130115",103154,"Low Risk","Unclean or degraded floors walls or ceilings"
59872,"20130115",103133,"Moderate Risk","Foods not protected from contamination"
59896,"20140425",103157,"Low Risk","Food safety certificate or food handler card not available"
59896,"20130118",103156,"Low Risk","Permit license or inspection report not posted"
59896,"20130118",103142,"Low Risk","Unclean nonfood contact surfaces"
59896,"20130118",103139,"Low Risk","Improper food storage"
59898,"20150407",103142,"Low Risk","Unclean nonfood contact surfaces"
59898,"20150407",103145,"Low Risk","Improper storage of equipment utensils or linens"
59898,"20150407",103149,"Low Risk","Wiping cloths not clean or properly stored or inadequate sanitizer"
59898,"20150407",103147,"Low Risk","Inadequate ventilation or lighting"
59898,"20150407",103152,"Low Risk","Unclean unmaintained or improperly constructed toilet facilities"
59898,"20131212",103119,"Moderate Risk","Inadequate and inaccessible handwashing facilities"
59898,"20131212",103109,"High Risk","Unclean or unsanitary food contact surfaces"
59898,"20130523",103156,"Low Risk","Permit license or inspection report not posted"
59898,"20130523",103119,"Moderate Risk","Inadequate and inaccessible handwashing facilities"
59898,"20130523",103149,"Low Risk","Wiping cloths not clean or properly stored or inadequate sanitizer"
59898,"20120801",103142,"Low Risk","Unclean nonfood contact surfaces"
59898,"20140725",103149,"Low Risk","Wiping cloths not clean or properly stored or inadequate sanitizer"
59898,"20140725",103145,"Low Risk","Improper storage of equipment utensils or linens"
59922,"20150408",103120,"Moderate Risk","Moderate risk food holding temperature "
59922,"20150408",103150,"Low Risk","Improper or defective plumbing"
59922,"20140314",103102,"High Risk","Unclean hands or improper use of gloves"
59922,"20140314",103143,"Low Risk","Inadequate warewashing facilities or equipment"
59922,"20120809",103120,"Moderate Risk","Moderate risk food holding temperature "
59922,"20120809",103139,"Low Risk","Improper food storage"
59922,"20120809",103144,"Low Risk","Unapproved or unmaintained equipment or utensils"
59922,"20120809",103161,"Low Risk","Low risk vermin infestation"
59922,"20120809",103145,"Low Risk","Improper storage of equipment utensils or linens"
59934,"20131211",103162,"Low Risk","Other low risk violation"
59934,"20131211",103157,"Low Risk","Food safety certificate or food handler card not available"
59934,"20131211",103139,"Low Risk","Improper food storage"
59934,"20131211",103154,"Low Risk","Unclean or degraded floors walls or ceilings"
59934,"20131211",103131,"Moderate Risk","Moderate risk vermin infestation"
59934,"20121203",103145,"Low Risk","Improper storage of equipment utensils or linens"
59934,"20121203",103124,"Moderate Risk","Inadequately cleaned or sanitized food contact surfaces"
59934,"20121203",103116,"Moderate Risk","Inadequate food safety knowledge or lack of certified food safety manager"
59934,"20140701",103119,"Moderate Risk","Inadequate and inaccessible handwashing facilities"
59935,"20141105",103144,"Low Risk","Unapproved or unmaintained equipment or utensils"
59935,"20131121",103145,"Low Risk","Improper storage of equipment utensils or linens"
59935,"20131121",103129,"Moderate Risk","Insufficient hot water or running water"
59935,"20131121",103124,"Moderate Risk","Inadequately cleaned or sanitized food contact surfaces"
59935,"20131121",103120,"Moderate Risk","Moderate risk food holding temperature "
59935,"20120801",103132,"Moderate Risk","Improper thawing methods "
59935,"20120801",103105,"High Risk","Improper cooling methods"
59935,"20120801",103124,"Moderate Risk","Inadequately cleaned or sanitized food contact surfaces"
59935,"20120801",103142,"Low Risk","Unclean nonfood contact surfaces"
59935,"20120801",103144,"Low Risk","Unapproved or unmaintained equipment or utensils"
59935,"20120801",103157,"Low Risk","Food safety certificate or food handler card not available"
59945,"20131101",103154,"Low Risk","Unclean or degraded floors walls or ceilings"
59945,"20131101",103145,"Low Risk","Improper storage of equipment utensils or linens"
59945,"20131101",103119,"Moderate Risk","Inadequate and inaccessible handwashing facilities"
59949,"20141110",103133,"Moderate Risk","Foods not protected from contamination"
59949,"20141110",103124,"Moderate Risk","Inadequately cleaned or sanitized food contact surfaces"
59949,"20130723",103143,"Low Risk","Inadequate warewashing facilities or equipment"
59949,"20140207",103147,"Low Risk","Inadequate ventilation or lighting"
59949,"20140207",103103,"High Risk","High risk food holding temperature "
59949,"20121228",103108,"High Risk","Contaminated or adulterated food"
59949,"20121228",103132,"Moderate Risk","Improper thawing methods "
59949,"20121228",103154,"Low Risk","Unclean or degraded floors walls or ceilings"
59986,"20130828",103150,"Low Risk","Improper or defective plumbing"
59986,"20130828",103116,"Moderate Risk","Inadequate food safety knowledge or lack of certified food safety manager"
59986,"20130828",103124,"Moderate Risk","Inadequately cleaned or sanitized food contact surfaces"
59986,"20130828",103148,"Low Risk","No thermometers or uncalibrated thermometers "
59986,"20140617",103154,"Low Risk","Unclean or degraded floors walls or ceilings"
59986,"20140617",103159,"Low Risk","Worker safety hazards"
59988,"20150311",103105,"High Risk","Improper cooling methods"
59988,"20150311",103148,"Low Risk","No thermometers or uncalibrated thermometers "
59988,"20150311",103124,"Moderate Risk","Inadequately cleaned or sanitized food contact surfaces"
59988,"20150311",103154,"Low Risk","Unclean or degraded floors walls or ceilings"
59988,"20121228",103120,"Moderate Risk","Moderate risk food holding temperature "
60029,"20140402",103157,"Low Risk","Food safety certificate or food handler card not available"
60029,"20140402",103150,"Low Risk","Improper or defective plumbing"
60029,"20121203",103144,"Low Risk","Unapproved or unmaintained equipment or utensils"
60042,"20150410",103133,"Moderate Risk","Foods not protected from contamination"
60042,"20150410",103120,"Moderate Risk","Moderate risk food holding temperature "
60042,"20130529",103119,"Moderate Risk","Inadequate and inaccessible handwashing facilities"
60042,"20130529",103120,"Moderate Risk","Moderate risk food holding temperature "
60042,"20140303",103154,"Low Risk","Unclean or degraded floors walls or ceilings"
60042,"20140303",103139,"Low Risk","Improper food storage"
60042,"20120912",103120,"Moderate Risk","Moderate risk food holding temperature "
60042,"20120912",103133,"Moderate Risk","Foods not protected from contamination"
60067,"20150522",103105,"High Risk","Improper cooling methods"
60067,"20150522",103144,"Low Risk","Unapproved or unmaintained equipment or utensils"
60067,"20131125",103116,"Moderate Risk","Inadequate food safety knowledge or lack of certified food safety manager"
60067,"20131125",103156,"Low Risk","Permit license or inspection report not posted"
60067,"20130422",103157,"Low Risk","Food safety certificate or food handler card not available"
60067,"20120927",103148,"Low Risk","No thermometers or uncalibrated thermometers "
60067,"20120927",103144,"Low Risk","Unapproved or unmaintained equipment or utensils"
60067,"20120927",103133,"Moderate Risk","Foods not protected from contamination"
60067,"20120927",103120,"Moderate Risk","Moderate risk food holding temperature "
60085,"20141106",103145,"Low Risk","Improper storage of equipment utensils or linens"
60085,"20130909",103120,"Moderate Risk","Moderate risk food holding temperature "
60085,"20140410",103105,"High Risk","Improper cooling methods"
60085,"20140410",103129,"Moderate Risk","Insufficient hot water or running water"
60114,"20150324",103157,"Low Risk","Food safety certificate or food handler card not available"
60114,"20150324",103139,"Low Risk","Improper food storage"
60114,"20150324",103138,"Low Risk","Improper storage use or identification of toxic substances"
60114,"20150324",103119,"Moderate Risk","Inadequate and inaccessible handwashing facilities"
60114,"20131016",103154,"Low Risk","Unclean or degraded floors walls or ceilings"
60114,"20130430",103139,"Low Risk","Improper food storage"
60114,"20130430",103154,"Low Risk","Unclean or degraded floors walls or ceilings"
60114,"20140307",103154,"Low Risk","Unclean or degraded floors walls or ceilings"
60114,"20140307",103139,"Low Risk","Improper food storage"
60114,"20121016",103120,"Moderate Risk","Moderate risk food holding temperature "
60114,"20121016",103154,"Low Risk","Unclean or degraded floors walls or ceilings"
60115,"20141006",103124,"Moderate Risk","Inadequately cleaned or sanitized food contact surfaces"
60115,"20141006",103142,"Low Risk","Unclean nonfood contact surfaces"
60115,"20141006",103144,"Low Risk","Unapproved or unmaintained equipment or utensils"
60115,"20141006",103154,"Low Risk","Unclean or degraded floors walls or ceilings"
60115,"20141006",103161,"Low Risk","Low risk vermin infestation"
60115,"20141006",103157,"Low Risk","Food safety certificate or food handler card not available"
60115,"20141006",103120,"Moderate Risk","Moderate risk food holding temperature "
60115,"20141006",103132,"Moderate Risk","Improper thawing methods "
60115,"20140121",103103,"High Risk","High risk food holding temperature "
60115,"20140121",103119,"Moderate Risk","Inadequate and inaccessible handwashing facilities"
60115,"20140121",103139,"Low Risk","Improper food storage"
60115,"20140121",103133,"Moderate Risk","Foods not protected from contamination"
60115,"20140121",103132,"Moderate Risk","Improper thawing methods "
60115,"20130125",103124,"Moderate Risk","Inadequately cleaned or sanitized food contact surfaces"
60115,"20130125",103131,"Moderate Risk","Moderate risk vermin infestation"
60115,"20130125",103133,"Moderate Risk","Foods not protected from contamination"
60115,"20130125",103139,"Low Risk","Improper food storage"
60115,"20130125",103142,"Low Risk","Unclean nonfood contact surfaces"
60115,"20130125",103154,"Low Risk","Unclean or degraded floors walls or ceilings"
60115,"20130125",103118,"Moderate Risk","Employee eating or smoking"
60115,"20130125",103103,"High Risk","High risk food holding temperature "
60115,"20140609",103154,"Low Risk","Unclean or degraded floors walls or ceilings"
60115,"20140609",103139,"Low Risk","Improper food storage"
60115,"20140609",103132,"Moderate Risk","Improper thawing methods "
60115,"20140609",103109,"High Risk","Unclean or unsanitary food contact surfaces"
60115,"20140609",103142,"Low Risk","Unclean nonfood contact surfaces"
60208,"20150506",103116,"Moderate Risk","Inadequate food safety knowledge or lack of certified food safety manager"
60208,"20150506",103156,"Low Risk","Permit license or inspection report not posted"
60208,"20150506",103150,"Low Risk","Improper or defective plumbing"
60208,"20150506",103105,"High Risk","Improper cooling methods"
60208,"20150506",103148,"Low Risk","No thermometers or uncalibrated thermometers "
60208,"20150506",103144,"Low Risk","Unapproved or unmaintained equipment or utensils"
60208,"20150506",103143,"Low Risk","Inadequate warewashing facilities or equipment"
60208,"20130111",103120,"Moderate Risk","Moderate risk food holding temperature "
60208,"20130111",103118,"Moderate Risk","Employee eating or smoking"
60208,"20130111",103133,"Moderate Risk","Foods not protected from contamination"
60208,"20130111",103148,"Low Risk","No thermometers or uncalibrated thermometers "
60210,"20140203",103142,"Low Risk","Unclean nonfood contact surfaces"
60210,"20130515",103129,"Moderate Risk","Insufficient hot water or running water"
60210,"20140804",103154,"Low Risk","Unclean or degraded floors walls or ceilings"
60210,"20140804",103144,"Low Risk","Unapproved or unmaintained equipment or utensils"
60230,"20150430",103154,"Low Risk","Unclean or degraded floors walls or ceilings"
60230,"20150430",103149,"Low Risk","Wiping cloths not clean or properly stored or inadequate sanitizer"
60230,"20150430",103138,"Low Risk","Improper storage use or identification of toxic substances"
60230,"20150430",103103,"High Risk","High risk food holding temperature "
60230,"20130415",103120,"Moderate Risk","Moderate risk food holding temperature "
60230,"20130415",103133,"Moderate Risk","Foods not protected from contamination"
60254,"20131213",103119,"Moderate Risk","Inadequate and inaccessible handwashing facilities"
60254,"20131213",103144,"Low Risk","Unapproved or unmaintained equipment or utensils"
60254,"20131213",103147,"Low Risk","Inadequate ventilation or lighting"
60254,"20131213",103154,"Low Risk","Unclean or degraded floors walls or ceilings"
60254,"20130325",103150,"Low Risk","Improper or defective plumbing"
60254,"20130325",103119,"Moderate Risk","Inadequate and inaccessible handwashing facilities"
60254,"20140627",103149,"Low Risk","Wiping cloths not clean or properly stored or inadequate sanitizer"
60256,"20141104",103119,"Moderate Risk","Inadequate and inaccessible handwashing facilities"
60256,"20141104",103139,"Low Risk","Improper food storage"
60256,"20141104",103144,"Low Risk","Unapproved or unmaintained equipment or utensils"
60256,"20141104",103150,"Low Risk","Improper or defective plumbing"
60256,"20141104",103153,"Low Risk","Inadequate dressing rooms or improper storage of personal items"
60256,"20150602",103119,"Moderate Risk","Inadequate and inaccessible handwashing facilities"
60256,"20150602",103144,"Low Risk","Unapproved or unmaintained equipment or utensils"
60256,"20150602",103149,"Low Risk","Wiping cloths not clean or properly stored or inadequate sanitizer"
60256,"20140422",103119,"Moderate Risk","Inadequate and inaccessible handwashing facilities"
60256,"20140422",103144,"Low Risk","Unapproved or unmaintained equipment or utensils"
60256,"20121116",103142,"Low Risk","Unclean nonfood contact surfaces"
60290,"20150112",103143,"Low Risk","Inadequate warewashing facilities or equipment"
60290,"20150112",103142,"Low Risk","Unclean nonfood contact surfaces"
60290,"20150112",103131,"Moderate Risk","Moderate risk vermin infestation"
60290,"20150112",103124,"Moderate Risk","Inadequately cleaned or sanitized food contact surfaces"
60290,"20140117",103149,"Low Risk","Wiping cloths not clean or properly stored or inadequate sanitizer"
60290,"20140117",103131,"Moderate Risk","Moderate risk vermin infestation"
60290,"20121207",103129,"Moderate Risk","Insufficient hot water or running water"
60290,"20140707",103131,"Moderate Risk","Moderate risk vermin infestation"
60290,"20140707",103142,"Low Risk","Unclean nonfood contact surfaces"
60290,"20140707",103144,"Low Risk","Unapproved or unmaintained equipment or utensils"
60290,"20140714",103114,"High Risk","High risk vermin infestation"
60290,"20140707",103157,"Low Risk","Food safety certificate or food handler card not available"
60290,"20140707",103156,"Low Risk","Permit license or inspection report not posted"
60300,"20130909",103102,"High Risk","Unclean hands or improper use of gloves"
60300,"20130909",103105,"High Risk","Improper cooling methods"
60300,"20130110",103144,"Low Risk","Unapproved or unmaintained equipment or utensils"
60300,"20130110",103149,"Low Risk","Wiping cloths not clean or properly stored or inadequate sanitizer"
60300,"20130110",103103,"High Risk","High risk food holding temperature "
60300,"20130110",103154,"Low Risk","Unclean or degraded floors walls or ceilings"
60300,"20140507",103142,"Low Risk","Unclean nonfood contact surfaces"
60300,"20140507",103144,"Low Risk","Unapproved or unmaintained equipment or utensils"
60300,"20140507",103120,"Moderate Risk","Moderate risk food holding temperature "
60300,"20140507",103149,"Low Risk","Wiping cloths not clean or properly stored or inadequate sanitizer"
60318,"20130307",103149,"Low Risk","Wiping cloths not clean or properly stored or inadequate sanitizer"
60318,"20130307",103156,"Low Risk","Permit license or inspection report not posted"
60318,"20120625",103139,"Low Risk","Improper food storage"
60318,"20120625",103149,"Low Risk","Wiping cloths not clean or properly stored or inadequate sanitizer"
60318,"20120625",103156,"Low Risk","Permit license or inspection report not posted"
60331,"20150521",103103,"High Risk","High risk food holding temperature "
60331,"20150521",103105,"High Risk","Improper cooling methods"
60331,"20150521",103149,"Low Risk","Wiping cloths not clean or properly stored or inadequate sanitizer"
60331,"20150521",103139,"Low Risk","Improper food storage"
60331,"20131016",103138,"Low Risk","Improper storage use or identification of toxic substances"
60331,"20131016",103121,"Moderate Risk","Inadequate procedures or records for time as a public health control "
60331,"20131016",103149,"Low Risk","Wiping cloths not clean or properly stored or inadequate sanitizer"
60331,"20131016",103133,"Moderate Risk","Foods not protected from contamination"
60331,"20121126",103149,"Low Risk","Wiping cloths not clean or properly stored or inadequate sanitizer"
60331,"20140521",103154,"Low Risk","Unclean or degraded floors walls or ceilings"
60331,"20140521",103144,"Low Risk","Unapproved or unmaintained equipment or utensils"
60331,"20140521",103109,"High Risk","Unclean or unsanitary food contact surfaces"
60331,"20140521",103138,"Low Risk","Improper storage use or identification of toxic substances"
60331,"20140521",103133,"Moderate Risk","Foods not protected from contamination"
60334,"20150129",103145,"Low Risk","Improper storage of equipment utensils or linens"
60334,"20150129",103116,"Moderate Risk","Inadequate food safety knowledge or lack of certified food safety manager"
60334,"20150129",103119,"Moderate Risk","Inadequate and inaccessible handwashing facilities"
60334,"20150129",103142,"Low Risk","Unclean nonfood contact surfaces"
60334,"20130513",103144,"Low Risk","Unapproved or unmaintained equipment or utensils"
60334,"20130513",103142,"Low Risk","Unclean nonfood contact surfaces"
60334,"20130513",103148,"Low Risk","No thermometers or uncalibrated thermometers "
60334,"20140213",103147,"Low Risk","Inadequate ventilation or lighting"
60334,"20140213",103109,"High Risk","Unclean or unsanitary food contact surfaces"
60334,"20140213",103149,"Low Risk","Wiping cloths not clean or properly stored or inadequate sanitizer"
60334,"20140213",103144,"Low Risk","Unapproved or unmaintained equipment or utensils"
60334,"20120911",103109,"High Risk","Unclean or unsanitary food contact surfaces"
60345,"20130410",103154,"Low Risk","Unclean or degraded floors walls or ceilings"
60345,"20130410",103144,"Low Risk","Unapproved or unmaintained equipment or utensils"
60345,"20130410",103133,"Moderate Risk","Foods not protected from contamination"
60345,"20120917",103124,"Moderate Risk","Inadequately cleaned or sanitized food contact surfaces"
60345,"20120917",103150,"Low Risk","Improper or defective plumbing"
60345,"20120917",103123,"Moderate Risk","Food in poor condition"
60345,"20140730",103144,"Low Risk","Unapproved or unmaintained equipment or utensils"
60345,"20140730",103103,"High Risk","High risk food holding temperature "
60349,"20130128",103120,"Moderate Risk","Moderate risk food holding temperature "
60349,"20130128",103105,"High Risk","Improper cooling methods"
60354,"20141028",103116,"Moderate Risk","Inadequate food safety knowledge or lack of certified food safety manager"
60354,"20141028",103133,"Moderate Risk","Foods not protected from contamination"
60354,"20141028",103120,"Moderate Risk","Moderate risk food holding temperature "
60354,"20140121",103135,"Low Risk","No person in charge of food facility"
60354,"20140121",103145,"Low Risk","Improper storage of equipment utensils or linens"
60354,"20140121",103103,"High Risk","High risk food holding temperature "
60354,"20140121",103133,"Moderate Risk","Foods not protected from contamination"
60354,"20140121",103116,"Moderate Risk","Inadequate food safety knowledge or lack of certified food safety manager"
60354,"20140121",103149,"Low Risk","Wiping cloths not clean or properly stored or inadequate sanitizer"
60354,"20140121",103144,"Low Risk","Unapproved or unmaintained equipment or utensils"
60354,"20130211",103144,"Low Risk","Unapproved or unmaintained equipment or utensils"
60354,"20130211",103124,"Moderate Risk","Inadequately cleaned or sanitized food contact surfaces"
60355,"20130418",103116,"Moderate Risk","Inadequate food safety knowledge or lack of certified food safety manager"
60355,"20130418",103103,"High Risk","High risk food holding temperature "
60355,"20130418",103154,"Low Risk","Unclean or degraded floors walls or ceilings"
60355,"20130418",103139,"Low Risk","Improper food storage"
60355,"20140805",103103,"High Risk","High risk food holding temperature "
60355,"20140805",103116,"Moderate Risk","Inadequate food safety knowledge or lack of certified food safety manager"
60355,"20140805",103129,"Moderate Risk","Insufficient hot water or running water"
60355,"20140805",103109,"High Risk","Unclean or unsanitary food contact surfaces"
60380,"20150407",103154,"Low Risk","Unclean or degraded floors walls or ceilings"
60380,"20150407",103109,"High Risk","Unclean or unsanitary food contact surfaces"
60380,"20150407",103121,"Moderate Risk","Inadequate procedures or records for time as a public health control "
60380,"20150407",103120,"Moderate Risk","Moderate risk food holding temperature "
60380,"20140321",103107,"High Risk","Improper reheating of food"
60380,"20140321",103147,"Low Risk","Inadequate ventilation or lighting"
60380,"20140321",103118,"Moderate Risk","Employee eating or smoking"
60380,"20140321",103122,"Moderate Risk","Reservice of previously served foods"
60400,"20131125",103120,"Moderate Risk","Moderate risk food holding temperature "
60400,"20131125",103128,"Moderate Risk","Consumer advisory not provided for raw or undercooked foods"
60400,"20131125",103156,"Low Risk","Permit license or inspection report not posted"
60400,"20130530",103124,"Moderate Risk","Inadequately cleaned or sanitized food contact surfaces"
60400,"20130530",103103,"High Risk","High risk food holding temperature "
60400,"20130530",103157,"Low Risk","Food safety certificate or food handler card not available"
60400,"20140507",103128,"Moderate Risk","Consumer advisory not provided for raw or undercooked foods"
60400,"20140507",103105,"High Risk","Improper cooling methods"
60445,"20150401",103149,"Low Risk","Wiping cloths not clean or properly stored or inadequate sanitizer"
60445,"20130812",103132,"Moderate Risk","Improper thawing methods "
60445,"20140310",103142,"Low Risk","Unclean nonfood contact surfaces"
60445,"20140310",103139,"Low Risk","Improper food storage"
60445,"20121214",103154,"Low Risk","Unclean or degraded floors walls or ceilings"
60445,"20121214",103149,"Low Risk","Wiping cloths not clean or properly stored or inadequate sanitizer"
60445,"20121214",103143,"Low Risk","Inadequate warewashing facilities or equipment"
60464,"20150512",103124,"Moderate Risk","Inadequately cleaned or sanitized food contact surfaces"
60464,"20150512",103133,"Moderate Risk","Foods not protected from contamination"
60464,"20150512",103139,"Low Risk","Improper food storage"
60464,"20150512",103144,"Low Risk","Unapproved or unmaintained equipment or utensils"
60464,"20150512",103149,"Low Risk","Wiping cloths not clean or properly stored or inadequate sanitizer"
60464,"20150512",103154,"Low Risk","Unclean or degraded floors walls or ceilings"
60464,"20150512",103116,"Moderate Risk","Inadequate food safety knowledge or lack of certified food safety manager"
60464,"20131030",103102,"High Risk","Unclean hands or improper use of gloves"
60464,"20131030",103119,"Moderate Risk","Inadequate and inaccessible handwashing facilities"
60464,"20131030",103131,"Moderate Risk","Moderate risk vermin infestation"
60464,"20131030",103133,"Moderate Risk","Foods not protected from contamination"
60464,"20131030",103149,"Low Risk","Wiping cloths not clean or properly stored or inadequate sanitizer"
60464,"20131030",103154,"Low Risk","Unclean or degraded floors walls or ceilings"
60464,"20140422",103131,"Moderate Risk","Moderate risk vermin infestation"
60464,"20140422",103144,"Low Risk","Unapproved or unmaintained equipment or utensils"
60464,"20140422",103124,"Moderate Risk","Inadequately cleaned or sanitized food contact surfaces"
60464,"20140422",103154,"Low Risk","Unclean or degraded floors walls or ceilings"
60464,"20130215",103154,"Low Risk","Unclean or degraded floors walls or ceilings"
60464,"20130215",103124,"Moderate Risk","Inadequately cleaned or sanitized food contact surfaces"
60464,"20130215",103133,"Moderate Risk","Foods not protected from contamination"
60464,"20130215",103118,"Moderate Risk","Employee eating or smoking"
60464,"20130215",103131,"Moderate Risk","Moderate risk vermin infestation"
60469,"20150428",103103,"High Risk","High risk food holding temperature "
60469,"20150428",103114,"High Risk","High risk vermin infestation"
60469,"20150428",103109,"High Risk","Unclean or unsanitary food contact surfaces"
60469,"20150428",103110,"High Risk","Unapproved food source"
60469,"20150428",103148,"Low Risk","No thermometers or uncalibrated thermometers "
60469,"20150428",103133,"Moderate Risk","Foods not protected from contamination"
60469,"20150428",103116,"Moderate Risk","Inadequate food safety knowledge or lack of certified food safety manager"
60469,"20150428",103102,"High Risk","Unclean hands or improper use of gloves"
60469,"20130227",103142,"Low Risk","Unclean nonfood contact surfaces"
60469,"20130227",103124,"Moderate Risk","Inadequately cleaned or sanitized food contact surfaces"
60472,"20150401",103154,"Low Risk","Unclean or degraded floors walls or ceilings"
60472,"20150401",103143,"Low Risk","Inadequate warewashing facilities or equipment"
60472,"20150401",103144,"Low Risk","Unapproved or unmaintained equipment or utensils"
60472,"20150401",103139,"Low Risk","Improper food storage"
60472,"20150408",103124,"Moderate Risk","Inadequately cleaned or sanitized food contact surfaces"
60472,"20150401",103138,"Low Risk","Improper storage use or identification of toxic substances"
60472,"20150401",103133,"Moderate Risk","Foods not protected from contamination"
60472,"20150401",103109,"High Risk","Unclean or unsanitary food contact surfaces"
60472,"20130719",103119,"Moderate Risk","Inadequate and inaccessible handwashing facilities"
60472,"20130719",103142,"Low Risk","Unclean nonfood contact surfaces"
60472,"20130719",103103,"High Risk","High risk food holding temperature "
60472,"20130719",103154,"Low Risk","Unclean or degraded floors walls or ceilings"
60472,"20130719",103139,"Low Risk","Improper food storage"
60472,"20130719",103144,"Low Risk","Unapproved or unmaintained equipment or utensils"
60472,"20140416",103151,"Low Risk","Inadequate or unsanitary refuse containers or area or no garbage service"
60472,"20140416",103156,"Low Risk","Permit license or inspection report not posted"
60472,"20140416",103142,"Low Risk","Unclean nonfood contact surfaces"
60472,"20140416",103124,"Moderate Risk","Inadequately cleaned or sanitized food contact surfaces"
60472,"20140416",103119,"Moderate Risk","Inadequate and inaccessible handwashing facilities"
60472,"20140416",103103,"High Risk","High risk food holding temperature "
60472,"20140416",103133,"Moderate Risk","Foods not protected from contamination"
60472,"20140416",103154,"Low Risk","Unclean or degraded floors walls or ceilings"
60472,"20120928",103119,"Moderate Risk","Inadequate and inaccessible handwashing facilities"
60472,"20120928",103124,"Moderate Risk","Inadequately cleaned or sanitized food contact surfaces"
60472,"20120928",103133,"Moderate Risk","Foods not protected from contamination"
60472,"20120928",103142,"Low Risk","Unclean nonfood contact surfaces"
60473,"20141121",103144,"Low Risk","Unapproved or unmaintained equipment or utensils"
60473,"20141121",103145,"Low Risk","Improper storage of equipment utensils or linens"
60473,"20141121",103133,"Moderate Risk","Foods not protected from contamination"
60473,"20141121",103142,"Low Risk","Unclean nonfood contact surfaces"
60473,"20140206",103154,"Low Risk","Unclean or degraded floors walls or ceilings"
60473,"20140206",103161,"Low Risk","Low risk vermin infestation"
60473,"20121211",103154,"Low Risk","Unclean or degraded floors walls or ceilings"
60473,"20121211",103142,"Low Risk","Unclean nonfood contact surfaces"
60475,"20150112",103148,"Low Risk","No thermometers or uncalibrated thermometers "
60475,"20150112",103144,"Low Risk","Unapproved or unmaintained equipment or utensils"
60475,"20150112",103157,"Low Risk","Food safety certificate or food handler card not available"
60475,"20130308",103118,"Moderate Risk","Employee eating or smoking"
60475,"20130308",103144,"Low Risk","Unapproved or unmaintained equipment or utensils"
60475,"20130308",103119,"Moderate Risk","Inadequate and inaccessible handwashing facilities"
60484,"20130822",103120,"Moderate Risk","Moderate risk food holding temperature "
60484,"20130822",103131,"Moderate Risk","Moderate risk vermin infestation"
60484,"20130822",103144,"Low Risk","Unapproved or unmaintained equipment or utensils"
60484,"20130822",103124,"Moderate Risk","Inadequately cleaned or sanitized food contact surfaces"
60484,"20130314",103105,"High Risk","Improper cooling methods"
60484,"20130314",103129,"Moderate Risk","Insufficient hot water or running water"
60484,"20130314",103120,"Moderate Risk","Moderate risk food holding temperature "
60484,"20130314",103138,"Low Risk","Improper storage use or identification of toxic substances"
60484,"20130314",103154,"Low Risk","Unclean or degraded floors walls or ceilings"
60484,"20130315",103131,"Moderate Risk","Moderate risk vermin infestation"
60484,"20130405",103145,"Low Risk","Improper storage of equipment utensils or linens"
60484,"20130405",103102,"High Risk","Unclean hands or improper use of gloves"
60484,"20130314",103114,"High Risk","High risk vermin infestation"
60484,"20140609",103116,"Moderate Risk","Inadequate food safety knowledge or lack of certified food safety manager"
60484,"20140623",103120,"Moderate Risk","Moderate risk food holding temperature "
60484,"20140609",103103,"High Risk","High risk food holding temperature "
60484,"20140609",103109,"High Risk","Unclean or unsanitary food contact surfaces"
60484,"20140609",103131,"Moderate Risk","Moderate risk vermin infestation"
60518,"20140827",103145,"Low Risk","Improper storage of equipment utensils or linens"
60518,"20140827",103133,"Moderate Risk","Foods not protected from contamination"
60518,"20140827",103103,"High Risk","High risk food holding temperature "
60518,"20140827",103124,"Moderate Risk","Inadequately cleaned or sanitized food contact surfaces"
60518,"20140827",103116,"Moderate Risk","Inadequate food safety knowledge or lack of certified food safety manager"
60518,"20140827",103114,"High Risk","High risk vermin infestation"
60518,"20140827",103109,"High Risk","Unclean or unsanitary food contact surfaces"
60518,"20140827",103142,"Low Risk","Unclean nonfood contact surfaces"
60518,"20131028",103144,"Low Risk","Unapproved or unmaintained equipment or utensils"
60518,"20131028",103142,"Low Risk","Unclean nonfood contact surfaces"
60518,"20131028",103114,"High Risk","High risk vermin infestation"
60518,"20131028",103149,"Low Risk","Wiping cloths not clean or properly stored or inadequate sanitizer"
60518,"20131028",103154,"Low Risk","Unclean or degraded floors walls or ceilings"
60518,"20131028",103109,"High Risk","Unclean or unsanitary food contact surfaces"
60518,"20130415",103102,"High Risk","Unclean hands or improper use of gloves"
60518,"20140401",103149,"Low Risk","Wiping cloths not clean or properly stored or inadequate sanitizer"
60518,"20140401",103131,"Moderate Risk","Moderate risk vermin infestation"
60518,"20140401",103142,"Low Risk","Unclean nonfood contact surfaces"
60518,"20140401",103124,"Moderate Risk","Inadequately cleaned or sanitized food contact surfaces"
60518,"20120817",103124,"Moderate Risk","Inadequately cleaned or sanitized food contact surfaces"
60544,"20130123",103161,"Low Risk","Low risk vermin infestation"
60544,"20130123",103157,"Low Risk","Food safety certificate or food handler card not available"
60544,"20130123",103124,"Moderate Risk","Inadequately cleaned or sanitized food contact surfaces"
60544,"20140724",103156,"Low Risk","Permit license or inspection report not posted"
60544,"20140724",103119,"Moderate Risk","Inadequate and inaccessible handwashing facilities"
60544,"20140724",103150,"Low Risk","Improper or defective plumbing"
60547,"20150507",103157,"Low Risk","Food safety certificate or food handler card not available"
60547,"20150507",103156,"Low Risk","Permit license or inspection report not posted"
60547,"20130318",103120,"Moderate Risk","Moderate risk food holding temperature "
60547,"20140327",103144,"Low Risk","Unapproved or unmaintained equipment or utensils"
60548,"20140408",103129,"Moderate Risk","Insufficient hot water or running water"
60549,"20120619",103119,"Moderate Risk","Inadequate and inaccessible handwashing facilities"
60549,"20120619",103155,"Low Risk","Unapproved  living quarters in food facility"
60550,"20140408",103120,"Moderate Risk","Moderate risk food holding temperature "
60551,"20150112",103157,"Low Risk","Food safety certificate or food handler card not available"
60551,"20150112",103154,"Low Risk","Unclean or degraded floors walls or ceilings"
60551,"20150112",103150,"Low Risk","Improper or defective plumbing"
60551,"20140523",103124,"Moderate Risk","Inadequately cleaned or sanitized food contact surfaces"
60551,"20140523",103138,"Low Risk","Improper storage use or identification of toxic substances"
60554,"20150420",103143,"Low Risk","Inadequate warewashing facilities or equipment"
60554,"20140206",103149,"Low Risk","Wiping cloths not clean or properly stored or inadequate sanitizer"
60555,"20141014",103120,"Moderate Risk","Moderate risk food holding temperature "
60555,"20150428",103157,"Low Risk","Food safety certificate or food handler card not available"
60555,"20130923",103142,"Low Risk","Unclean nonfood contact surfaces"
60555,"20130923",103145,"Low Risk","Improper storage of equipment utensils or linens"
60555,"20130923",103161,"Low Risk","Low risk vermin infestation"
60555,"20130318",103154,"Low Risk","Unclean or degraded floors walls or ceilings"
60555,"20130318",103161,"Low Risk","Low risk vermin infestation"
60555,"20130318",103156,"Low Risk","Permit license or inspection report not posted"
60555,"20140414",103149,"Low Risk","Wiping cloths not clean or properly stored or inadequate sanitizer"
60555,"20140414",103145,"Low Risk","Improper storage of equipment utensils or linens"
60555,"20120913",103145,"Low Risk","Improper storage of equipment utensils or linens"
60555,"20120913",103139,"Low Risk","Improper food storage"
60561,"20130911",103149,"Low Risk","Wiping cloths not clean or properly stored or inadequate sanitizer"
60561,"20130911",103142,"Low Risk","Unclean nonfood contact surfaces"
60561,"20120629",103154,"Low Risk","Unclean or degraded floors walls or ceilings"
60561,"20120629",103119,"Moderate Risk","Inadequate and inaccessible handwashing facilities"
60561,"20120629",103124,"Moderate Risk","Inadequately cleaned or sanitized food contact surfaces"
60561,"20130211",103144,"Low Risk","Unapproved or unmaintained equipment or utensils"
60561,"20130211",103154,"Low Risk","Unclean or degraded floors walls or ceilings"
60561,"20130211",103142,"Low Risk","Unclean nonfood contact surfaces"
60561,"20140609",103150,"Low Risk","Improper or defective plumbing"
60561,"20140609",103124,"Moderate Risk","Inadequately cleaned or sanitized food contact surfaces"
60602,"20130723",103109,"High Risk","Unclean or unsanitary food contact surfaces"
60602,"20130723",103157,"Low Risk","Food safety certificate or food handler card not available"
60602,"20130723",103131,"Moderate Risk","Moderate risk vermin infestation"
60602,"20130723",103139,"Low Risk","Improper food storage"
60602,"20130723",103103,"High Risk","High risk food holding temperature "
60602,"20140210",103124,"Moderate Risk","Inadequately cleaned or sanitized food contact surfaces"
60602,"20140210",103154,"Low Risk","Unclean or degraded floors walls or ceilings"
60602,"20140210",103153,"Low Risk","Inadequate dressing rooms or improper storage of personal items"
60602,"20121002",103139,"Low Risk","Improper food storage"
60602,"20121002",103124,"Moderate Risk","Inadequately cleaned or sanitized food contact surfaces"
60602,"20121002",103119,"Moderate Risk","Inadequate and inaccessible handwashing facilities"
60602,"20121002",103120,"Moderate Risk","Moderate risk food holding temperature "
60602,"20121002",103154,"Low Risk","Unclean or degraded floors walls or ceilings"
60602,"20121002",103150,"Low Risk","Improper or defective plumbing"
60602,"20121002",103149,"Low Risk","Wiping cloths not clean or properly stored or inadequate sanitizer"
60602,"20121002",103142,"Low Risk","Unclean nonfood contact surfaces"
60602,"20121002",103114,"High Risk","High risk vermin infestation"
60602,"20140811",103103,"High Risk","High risk food holding temperature "
60602,"20140811",103138,"Low Risk","Improper storage use or identification of toxic substances"
60612,"20130719",103119,"Moderate Risk","Inadequate and inaccessible handwashing facilities"
60612,"20140227",103120,"Moderate Risk","Moderate risk food holding temperature "
60612,"20140227",103119,"Moderate Risk","Inadequate and inaccessible handwashing facilities"
60612,"20120725",103124,"Moderate Risk","Inadequately cleaned or sanitized food contact surfaces"
60612,"20120725",103152,"Low Risk","Unclean unmaintained or improperly constructed toilet facilities"
60612,"20140814",103103,"High Risk","High risk food holding temperature "
60612,"20140814",103145,"Low Risk","Improper storage of equipment utensils or linens"
60616,"20130404",103154,"Low Risk","Unclean or degraded floors walls or ceilings"
60616,"20130404",103149,"Low Risk","Wiping cloths not clean or properly stored or inadequate sanitizer"
60616,"20130404",103133,"Moderate Risk","Foods not protected from contamination"
60616,"20140605",103120,"Moderate Risk","Moderate risk food holding temperature "
60616,"20140605",103157,"Low Risk","Food safety certificate or food handler card not available"
60625,"20150316",103119,"Moderate Risk","Inadequate and inaccessible handwashing facilities"
60628,"20131119",103112,"High Risk","No hot water or running water"
60628,"20131119",103109,"High Risk","Unclean or unsanitary food contact surfaces"
60628,"20130116",103112,"High Risk","No hot water or running water"
60644,"20140214",103133,"Moderate Risk","Foods not protected from contamination"
60644,"20140214",103107,"High Risk","Improper reheating of food"
60644,"20140214",103120,"Moderate Risk","Moderate risk food holding temperature "
60644,"20140214",103131,"Moderate Risk","Moderate risk vermin infestation"
60644,"20140814",103103,"High Risk","High risk food holding temperature "
60644,"20140814",103154,"Low Risk","Unclean or degraded floors walls or ceilings"
60644,"20140814",103124,"Moderate Risk","Inadequately cleaned or sanitized food contact surfaces"
60644,"20140814",103131,"Moderate Risk","Moderate risk vermin infestation"
60644,"20140814",103150,"Low Risk","Improper or defective plumbing"
60649,"20141217",103145,"Low Risk","Improper storage of equipment utensils or linens"
60649,"20130626",103120,"Moderate Risk","Moderate risk food holding temperature "
60649,"20130626",103157,"Low Risk","Food safety certificate or food handler card not available"
60649,"20131127",103157,"Low Risk","Food safety certificate or food handler card not available"
60649,"20131127",103103,"High Risk","High risk food holding temperature "
60649,"20131127",103156,"Low Risk","Permit license or inspection report not posted"
60649,"20121217",103156,"Low Risk","Permit license or inspection report not posted"
60649,"20140523",103103,"High Risk","High risk food holding temperature "
60649,"20140523",103156,"Low Risk","Permit license or inspection report not posted"
60649,"20140523",103144,"Low Risk","Unapproved or unmaintained equipment or utensils"
60649,"20140523",103161,"Low Risk","Low risk vermin infestation"
60649,"20140523",103148,"Low Risk","No thermometers or uncalibrated thermometers "
60697,"20141007",103154,"Low Risk","Unclean or degraded floors walls or ceilings"
60697,"20130424",103142,"Low Risk","Unclean nonfood contact surfaces"
60697,"20130424",103120,"Moderate Risk","Moderate risk food holding temperature "
60697,"20120802",103103,"High Risk","High risk food holding temperature "
60697,"20120802",103144,"Low Risk","Unapproved or unmaintained equipment or utensils"
60697,"20140618",103105,"High Risk","Improper cooling methods"
60697,"20140618",103103,"High Risk","High risk food holding temperature "
60697,"20140618",103142,"Low Risk","Unclean nonfood contact surfaces"
60711,"20131125",103119,"Moderate Risk","Inadequate and inaccessible handwashing facilities"
60711,"20130528",103151,"Low Risk","Inadequate or unsanitary refuse containers or area or no garbage service"
60711,"20130528",103147,"Low Risk","Inadequate ventilation or lighting"
60711,"20130528",103142,"Low Risk","Unclean nonfood contact surfaces"
60711,"20130528",103150,"Low Risk","Improper or defective plumbing"
60711,"20140627",103154,"Low Risk","Unclean or degraded floors walls or ceilings"
60713,"20140226",103143,"Low Risk","Inadequate warewashing facilities or equipment"
60713,"20140226",103156,"Low Risk","Permit license or inspection report not posted"
60713,"20140226",103165,"Low Risk","No plan review or Building Permit"
60713,"20121214",103120,"Moderate Risk","Moderate risk food holding temperature "
60713,"20121214",103109,"High Risk","Unclean or unsanitary food contact surfaces"
60737,"20140227",103120,"Moderate Risk","Moderate risk food holding temperature "
60737,"20140227",103149,"Low Risk","Wiping cloths not clean or properly stored or inadequate sanitizer"
60744,"20130730",103151,"Low Risk","Inadequate or unsanitary refuse containers or area or no garbage service"
60744,"20140123",103142,"Low Risk","Unclean nonfood contact surfaces"
60744,"20140123",103139,"Low Risk","Improper food storage"
60744,"20120719",103114,"High Risk","High risk vermin infestation"
60744,"20120719",103156,"Low Risk","Permit license or inspection report not posted"
60744,"20130115",103103,"High Risk","High risk food holding temperature "
60754,"20130501",103148,"Low Risk","No thermometers or uncalibrated thermometers "
60754,"20130501",103109,"High Risk","Unclean or unsanitary food contact surfaces"
60754,"20130501",103149,"Low Risk","Wiping cloths not clean or properly stored or inadequate sanitizer"
60754,"20130501",103131,"Moderate Risk","Moderate risk vermin infestation"
60754,"20130501",103142,"Low Risk","Unclean nonfood contact surfaces"
60754,"20130501",103154,"Low Risk","Unclean or degraded floors walls or ceilings"
60754,"20130501",103139,"Low Risk","Improper food storage"
60754,"20130501",103144,"Low Risk","Unapproved or unmaintained equipment or utensils"
60756,"20130930",103128,"Moderate Risk","Consumer advisory not provided for raw or undercooked foods"
60756,"20130930",103145,"Low Risk","Improper storage of equipment utensils or linens"
60756,"20130930",103157,"Low Risk","Food safety certificate or food handler card not available"
60756,"20130326",103157,"Low Risk","Food safety certificate or food handler card not available"
60756,"20130326",103156,"Low Risk","Permit license or inspection report not posted"
60756,"20140401",103161,"Low Risk","Low risk vermin infestation"
60756,"20140401",103157,"Low Risk","Food safety certificate or food handler card not available"
60756,"20140401",103156,"Low Risk","Permit license or inspection report not posted"
60756,"20120710",103118,"Moderate Risk","Employee eating or smoking"
60756,"20120710",103161,"Low Risk","Low risk vermin infestation"
60756,"20120710",103139,"Low Risk","Improper food storage"
60782,"20120822",103154,"Low Risk","Unclean or degraded floors walls or ceilings"
60782,"20120822",103155,"Low Risk","Unapproved  living quarters in food facility"
60782,"20120822",103138,"Low Risk","Improper storage use or identification of toxic substances"
60786,"20131008",103149,"Low Risk","Wiping cloths not clean or properly stored or inadequate sanitizer"
60786,"20131008",103165,"Low Risk","No plan review or Building Permit"
60786,"20130325",103149,"Low Risk","Wiping cloths not clean or properly stored or inadequate sanitizer"
60786,"20130325",103142,"Low Risk","Unclean nonfood contact surfaces"
60786,"20140416",103139,"Low Risk","Improper food storage"
60786,"20140416",103149,"Low Risk","Wiping cloths not clean or properly stored or inadequate sanitizer"
60786,"20120815",103127,"Moderate Risk","Noncompliance with HAACP plan or variance"
60786,"20120815",103156,"Low Risk","Permit license or inspection report not posted"
60787,"20130103",103142,"Low Risk","Unclean nonfood contact surfaces"
60789,"20141114",103144,"Low Risk","Unapproved or unmaintained equipment or utensils"
60789,"20141114",103153,"Low Risk","Inadequate dressing rooms or improper storage of personal items"
60789,"20141114",103142,"Low Risk","Unclean nonfood contact surfaces"
60789,"20141114",103103,"High Risk","High risk food holding temperature "
60789,"20141114",103148,"Low Risk","No thermometers or uncalibrated thermometers "
60789,"20131223",103130,"Moderate Risk","Inadequate sewage or wastewater disposal"
60789,"20131223",103153,"Low Risk","Inadequate dressing rooms or improper storage of personal items"
60789,"20130419",103149,"Low Risk","Wiping cloths not clean or properly stored or inadequate sanitizer"
60789,"20121029",103120,"Moderate Risk","Moderate risk food holding temperature "
60823,"20130603",103105,"High Risk","Improper cooling methods"
60823,"20121210",103148,"Low Risk","No thermometers or uncalibrated thermometers "
60823,"20140610",103119,"Moderate Risk","Inadequate and inaccessible handwashing facilities"
60823,"20140610",103124,"Moderate Risk","Inadequately cleaned or sanitized food contact surfaces"
60824,"20121206",103123,"Moderate Risk","Food in poor condition"
60824,"20121206",103119,"Moderate Risk","Inadequate and inaccessible handwashing facilities"
60824,"20121206",103122,"Moderate Risk","Reservice of previously served foods"
60825,"20130603",103124,"Moderate Risk","Inadequately cleaned or sanitized food contact surfaces"
60825,"20130603",103149,"Low Risk","Wiping cloths not clean or properly stored or inadequate sanitizer"
60825,"20130603",103119,"Moderate Risk","Inadequate and inaccessible handwashing facilities"
60825,"20121210",103124,"Moderate Risk","Inadequately cleaned or sanitized food contact surfaces"
60825,"20140610",103119,"Moderate Risk","Inadequate and inaccessible handwashing facilities"
60828,"20130715",103149,"Low Risk","Wiping cloths not clean or properly stored or inadequate sanitizer"
60828,"20130715",103139,"Low Risk","Improper food storage"
60828,"20140206",103121,"Moderate Risk","Inadequate procedures or records for time as a public health control "
60828,"20140206",103161,"Low Risk","Low risk vermin infestation"
60828,"20121210",103141,"Low Risk","Improper food labeling or menu misrepresentation"
60828,"20121210",103145,"Low Risk","Improper storage of equipment utensils or linens"
60828,"20121210",103151,"Low Risk","Inadequate or unsanitary refuse containers or area or no garbage service"
60828,"20140821",103131,"Moderate Risk","Moderate risk vermin infestation"
60833,"20120928",103150,"Low Risk","Improper or defective plumbing"
60833,"20120928",103156,"Low Risk","Permit license or inspection report not posted"
60898,"20141204",103133,"Moderate Risk","Foods not protected from contamination"
60898,"20131120",103104,"High Risk","Unauthorized or unsafe use of time as a public health control measure"
60898,"20131120",103136,"Low Risk","Unsanitary employee garments hair or nails"
60898,"20131120",103145,"Low Risk","Improper storage of equipment utensils or linens"
60898,"20131120",103118,"Moderate Risk","Employee eating or smoking"
60898,"20130503",103120,"Moderate Risk","Moderate risk food holding temperature "
60898,"20130503",103147,"Low Risk","Inadequate ventilation or lighting"
60898,"20120809",103120,"Moderate Risk","Moderate risk food holding temperature "
60898,"20120809",103129,"Moderate Risk","Insufficient hot water or running water"
60898,"20120809",103145,"Low Risk","Improper storage of equipment utensils or linens"
60898,"20120809",103109,"High Risk","Unclean or unsanitary food contact surfaces"
60898,"20140527",103123,"Moderate Risk","Food in poor condition"
60898,"20140527",103109,"High Risk","Unclean or unsanitary food contact surfaces"
60933,"20140225",103103,"High Risk","High risk food holding temperature "
60933,"20140225",103150,"Low Risk","Improper or defective plumbing"
60933,"20140225",103156,"Low Risk","Permit license or inspection report not posted"
60933,"20130226",103119,"Moderate Risk","Inadequate and inaccessible handwashing facilities"
60933,"20130226",103154,"Low Risk","Unclean or degraded floors walls or ceilings"
60933,"20130226",103150,"Low Risk","Improper or defective plumbing"
60933,"20130226",103114,"High Risk","High risk vermin infestation"
60933,"20140806",103154,"Low Risk","Unclean or degraded floors walls or ceilings"
60933,"20140806",103129,"Moderate Risk","Insufficient hot water or running water"
60936,"20130426",103120,"Moderate Risk","Moderate risk food holding temperature "
60936,"20130426",103124,"Moderate Risk","Inadequately cleaned or sanitized food contact surfaces"
60936,"20140410",103108,"High Risk","Contaminated or adulterated food"
60936,"20120831",103149,"Low Risk","Wiping cloths not clean or properly stored or inadequate sanitizer"
60963,"20140110",103154,"Low Risk","Unclean or degraded floors walls or ceilings"
60963,"20140110",103119,"Moderate Risk","Inadequate and inaccessible handwashing facilities"
60963,"20140110",103143,"Low Risk","Inadequate warewashing facilities or equipment"
60963,"20140110",103138,"Low Risk","Improper storage use or identification of toxic substances"
60963,"20140110",103139,"Low Risk","Improper food storage"
60963,"20140110",103131,"Moderate Risk","Moderate risk vermin infestation"
60963,"20130528",103145,"Low Risk","Improper storage of equipment utensils or linens"
60963,"20130528",103142,"Low Risk","Unclean nonfood contact surfaces"
60963,"20130528",103157,"Low Risk","Food safety certificate or food handler card not available"
60963,"20130528",103102,"High Risk","Unclean hands or improper use of gloves"
60963,"20140612",103154,"Low Risk","Unclean or degraded floors walls or ceilings"
60963,"20140612",103119,"Moderate Risk","Inadequate and inaccessible handwashing facilities"
60978,"20131116",103124,"Moderate Risk","Inadequately cleaned or sanitized food contact surfaces"
60978,"20131116",103139,"Low Risk","Improper food storage"
60978,"20131116",103119,"Moderate Risk","Inadequate and inaccessible handwashing facilities"
60984,"20130603",103134,"Moderate Risk","Other moderate risk violation"
60984,"20130603",103119,"Moderate Risk","Inadequate and inaccessible handwashing facilities"
60984,"20130603",103124,"Moderate Risk","Inadequately cleaned or sanitized food contact surfaces"
60984,"20121210",103119,"Moderate Risk","Inadequate and inaccessible handwashing facilities"
60984,"20140610",103119,"Moderate Risk","Inadequate and inaccessible handwashing facilities"
61001,"20141006",103120,"Moderate Risk","Moderate risk food holding temperature "
61016,"20130919",103157,"Low Risk","Food safety certificate or food handler card not available"
61016,"20120927",103116,"Moderate Risk","Inadequate food safety knowledge or lack of certified food safety manager"
61016,"20120927",103109,"High Risk","Unclean or unsanitary food contact surfaces"
61056,"20140919",103154,"Low Risk","Unclean or degraded floors walls or ceilings"
61056,"20140919",103144,"Low Risk","Unapproved or unmaintained equipment or utensils"
61056,"20140919",103120,"Moderate Risk","Moderate risk food holding temperature "
61056,"20140227",103156,"Low Risk","Permit license or inspection report not posted"
61056,"20120928",103156,"Low Risk","Permit license or inspection report not posted"
61056,"20130212",103120,"Moderate Risk","Moderate risk food holding temperature "
61058,"20130826",103124,"Moderate Risk","Inadequately cleaned or sanitized food contact surfaces"
61058,"20130826",103148,"Low Risk","No thermometers or uncalibrated thermometers "
61058,"20130826",103133,"Moderate Risk","Foods not protected from contamination"
61058,"20140530",103124,"Moderate Risk","Inadequately cleaned or sanitized food contact surfaces"
61073,"20131017",103119,"Moderate Risk","Inadequate and inaccessible handwashing facilities"
61073,"20131017",103120,"Moderate Risk","Moderate risk food holding temperature "
61073,"20131017",103144,"Low Risk","Unapproved or unmaintained equipment or utensils"
61073,"20130422",103145,"Low Risk","Improper storage of equipment utensils or linens"
61073,"20140422",103154,"Low Risk","Unclean or degraded floors walls or ceilings"
61073,"20120831",103162,"Low Risk","Other low risk violation"
61073,"20120831",103149,"Low Risk","Wiping cloths not clean or properly stored or inadequate sanitizer"
61093,"20140228",103142,"Low Risk","Unclean nonfood contact surfaces"
61093,"20140228",103144,"Low Risk","Unapproved or unmaintained equipment or utensils"
61093,"20140228",103120,"Moderate Risk","Moderate risk food holding temperature "
61093,"20121116",103120,"Moderate Risk","Moderate risk food holding temperature "
61093,"20121116",103139,"Low Risk","Improper food storage"
61093,"20121116",103142,"Low Risk","Unclean nonfood contact surfaces"
61093,"20140814",103124,"Moderate Risk","Inadequately cleaned or sanitized food contact surfaces"
61093,"20140814",103149,"Low Risk","Wiping cloths not clean or properly stored or inadequate sanitizer"
61109,"20131107",103119,"Moderate Risk","Inadequate and inaccessible handwashing facilities"
61109,"20130227",103149,"Low Risk","Wiping cloths not clean or properly stored or inadequate sanitizer"
61109,"20140609",103151,"Low Risk","Inadequate or unsanitary refuse containers or area or no garbage service"
61122,"20130613",103145,"Low Risk","Improper storage of equipment utensils or linens"
61122,"20130613",103157,"Low Risk","Food safety certificate or food handler card not available"
61122,"20130613",103154,"Low Risk","Unclean or degraded floors walls or ceilings"
61122,"20140508",103156,"Low Risk","Permit license or inspection report not posted"
61122,"20140508",103162,"Low Risk","Other low risk violation"
61135,"20131106",103133,"Moderate Risk","Foods not protected from contamination"
61135,"20131106",103149,"Low Risk","Wiping cloths not clean or properly stored or inadequate sanitizer"
61135,"20131106",103144,"Low Risk","Unapproved or unmaintained equipment or utensils"
61135,"20130225",103154,"Low Risk","Unclean or degraded floors walls or ceilings"
61135,"20130225",103124,"Moderate Risk","Inadequately cleaned or sanitized food contact surfaces"
61135,"20130225",103132,"Moderate Risk","Improper thawing methods "
61135,"20130225",103139,"Low Risk","Improper food storage"
61135,"20130225",103142,"Low Risk","Unclean nonfood contact surfaces"
61135,"20130225",103144,"Low Risk","Unapproved or unmaintained equipment or utensils"
61135,"20140507",103133,"Moderate Risk","Foods not protected from contamination"
61135,"20140507",103124,"Moderate Risk","Inadequately cleaned or sanitized food contact surfaces"
61135,"20140507",103144,"Low Risk","Unapproved or unmaintained equipment or utensils"
61136,"20141021",103161,"Low Risk","Low risk vermin infestation"
61136,"20141021",103120,"Moderate Risk","Moderate risk food holding temperature "
61136,"20131205",103120,"Moderate Risk","Moderate risk food holding temperature "
61136,"20131205",103124,"Moderate Risk","Inadequately cleaned or sanitized food contact surfaces"
61136,"20130606",103154,"Low Risk","Unclean or degraded floors walls or ceilings"
61136,"20130606",103131,"Moderate Risk","Moderate risk vermin infestation"
61136,"20130606",103119,"Moderate Risk","Inadequate and inaccessible handwashing facilities"
61136,"20130606",103142,"Low Risk","Unclean nonfood contact surfaces"
61136,"20130606",103103,"High Risk","High risk food holding temperature "
61136,"20130606",103109,"High Risk","Unclean or unsanitary food contact surfaces"
61136,"20130115",103119,"Moderate Risk","Inadequate and inaccessible handwashing facilities"
61136,"20130115",103124,"Moderate Risk","Inadequately cleaned or sanitized food contact surfaces"
61136,"20140527",103120,"Moderate Risk","Moderate risk food holding temperature "
61136,"20140527",103133,"Moderate Risk","Foods not protected from contamination"
61161,"20150107",103144,"Low Risk","Unapproved or unmaintained equipment or utensils"
61161,"20150107",103154,"Low Risk","Unclean or degraded floors walls or ceilings"
61161,"20150107",103133,"Moderate Risk","Foods not protected from contamination"
61161,"20150107",103139,"Low Risk","Improper food storage"
61161,"20150107",103109,"High Risk","Unclean or unsanitary food contact surfaces"
61161,"20140205",103133,"Moderate Risk","Foods not protected from contamination"
61161,"20140205",103154,"Low Risk","Unclean or degraded floors walls or ceilings"
61161,"20140205",103142,"Low Risk","Unclean nonfood contact surfaces"
61161,"20140205",103120,"Moderate Risk","Moderate risk food holding temperature "
61161,"20140205",103139,"Low Risk","Improper food storage"
61161,"20140205",103131,"Moderate Risk","Moderate risk vermin infestation"
61161,"20140205",103149,"Low Risk","Wiping cloths not clean or properly stored or inadequate sanitizer"
61161,"20130523",103154,"Low Risk","Unclean or degraded floors walls or ceilings"
61161,"20130523",103150,"Low Risk","Improper or defective plumbing"
61161,"20130523",103133,"Moderate Risk","Foods not protected from contamination"
61161,"20130523",103102,"High Risk","Unclean hands or improper use of gloves"
61161,"20130523",103124,"Moderate Risk","Inadequately cleaned or sanitized food contact surfaces"
61161,"20130523",103144,"Low Risk","Unapproved or unmaintained equipment or utensils"
61161,"20130523",103142,"Low Risk","Unclean nonfood contact surfaces"
61161,"20120611",103124,"Moderate Risk","Inadequately cleaned or sanitized food contact surfaces"
61161,"20120611",103139,"Low Risk","Improper food storage"
61161,"20120611",103149,"Low Risk","Wiping cloths not clean or properly stored or inadequate sanitizer"
61161,"20120611",103144,"Low Risk","Unapproved or unmaintained equipment or utensils"
61161,"20120611",103154,"Low Risk","Unclean or degraded floors walls or ceilings"
61161,"20121213",103109,"High Risk","Unclean or unsanitary food contact surfaces"
61161,"20121213",103142,"Low Risk","Unclean nonfood contact surfaces"
61161,"20121213",103138,"Low Risk","Improper storage use or identification of toxic substances"
61161,"20121213",103144,"Low Risk","Unapproved or unmaintained equipment or utensils"
61161,"20121213",103132,"Moderate Risk","Improper thawing methods "
61161,"20121213",103154,"Low Risk","Unclean or degraded floors walls or ceilings"
61161,"20121213",103133,"Moderate Risk","Foods not protected from contamination"
61161,"20140528",103154,"Low Risk","Unclean or degraded floors walls or ceilings"
61161,"20140528",103142,"Low Risk","Unclean nonfood contact surfaces"
61161,"20140528",103109,"High Risk","Unclean or unsanitary food contact surfaces"
61161,"20140528",103114,"High Risk","High risk vermin infestation"
61161,"20140528",103133,"Moderate Risk","Foods not protected from contamination"
61161,"20140528",103147,"Low Risk","Inadequate ventilation or lighting"
61176,"20150529",103119,"Moderate Risk","Inadequate and inaccessible handwashing facilities"
61176,"20150529",103138,"Low Risk","Improper storage use or identification of toxic substances"
61176,"20130819",103152,"Low Risk","Unclean unmaintained or improperly constructed toilet facilities"
61176,"20130819",103139,"Low Risk","Improper food storage"
61176,"20130819",103157,"Low Risk","Food safety certificate or food handler card not available"
61176,"20130819",103147,"Low Risk","Inadequate ventilation or lighting"
61176,"20120905",103156,"Low Risk","Permit license or inspection report not posted"
61176,"20120905",103119,"Moderate Risk","Inadequate and inaccessible handwashing facilities"
61176,"20120905",103139,"Low Risk","Improper food storage"
61176,"20120905",103124,"Moderate Risk","Inadequately cleaned or sanitized food contact surfaces"
61176,"20120905",103145,"Low Risk","Improper storage of equipment utensils or linens"
61176,"20120905",103150,"Low Risk","Improper or defective plumbing"
61176,"20120905",103149,"Low Risk","Wiping cloths not clean or properly stored or inadequate sanitizer"
61176,"20120905",103147,"Low Risk","Inadequate ventilation or lighting"
61176,"20120905",103142,"Low Risk","Unclean nonfood contact surfaces"
61176,"20120905",103144,"Low Risk","Unapproved or unmaintained equipment or utensils"
61180,"20150511",103159,"Low Risk","Worker safety hazards"
61180,"20150511",103147,"Low Risk","Inadequate ventilation or lighting"
61180,"20150511",103142,"Low Risk","Unclean nonfood contact surfaces"
61180,"20150511",103133,"Moderate Risk","Foods not protected from contamination"
61180,"20130916",103124,"Moderate Risk","Inadequately cleaned or sanitized food contact surfaces"
61180,"20130916",103120,"Moderate Risk","Moderate risk food holding temperature "
61180,"20140430",103118,"Moderate Risk","Employee eating or smoking"
61180,"20140430",103124,"Moderate Risk","Inadequately cleaned or sanitized food contact surfaces"
61180,"20140430",103150,"Low Risk","Improper or defective plumbing"
61180,"20130125",103139,"Low Risk","Improper food storage"
61180,"20130125",103124,"Moderate Risk","Inadequately cleaned or sanitized food contact surfaces"
61180,"20130125",103119,"Moderate Risk","Inadequate and inaccessible handwashing facilities"
61180,"20130125",103103,"High Risk","High risk food holding temperature "
61180,"20130125",103149,"Low Risk","Wiping cloths not clean or properly stored or inadequate sanitizer"
61180,"20130125",103154,"Low Risk","Unclean or degraded floors walls or ceilings"
61180,"20130125",103129,"Moderate Risk","Insufficient hot water or running water"
61180,"20130125",103109,"High Risk","Unclean or unsanitary food contact surfaces"
61187,"20150406",103116,"Moderate Risk","Inadequate food safety knowledge or lack of certified food safety manager"
61187,"20130724",103138,"Low Risk","Improper storage use or identification of toxic substances"
61187,"20130724",103154,"Low Risk","Unclean or degraded floors walls or ceilings"
61187,"20140327",103120,"Moderate Risk","Moderate risk food holding temperature "
61187,"20121210",103118,"Moderate Risk","Employee eating or smoking"
61206,"20150409",103116,"Moderate Risk","Inadequate food safety knowledge or lack of certified food safety manager"
61206,"20150409",103103,"High Risk","High risk food holding temperature "
61206,"20150409",103131,"Moderate Risk","Moderate risk vermin infestation"
61206,"20150409",103133,"Moderate Risk","Foods not protected from contamination"
61206,"20150409",103138,"Low Risk","Improper storage use or identification of toxic substances"
61206,"20150409",103144,"Low Risk","Unapproved or unmaintained equipment or utensils"
61206,"20150409",103154,"Low Risk","Unclean or degraded floors walls or ceilings"
61206,"20131002",103119,"Moderate Risk","Inadequate and inaccessible handwashing facilities"
61206,"20130925",103154,"Low Risk","Unclean or degraded floors walls or ceilings"
61206,"20130925",103150,"Low Risk","Improper or defective plumbing"
61206,"20130925",103144,"Low Risk","Unapproved or unmaintained equipment or utensils"
61206,"20130925",103119,"Moderate Risk","Inadequate and inaccessible handwashing facilities"
61206,"20130925",103116,"Moderate Risk","Inadequate food safety knowledge or lack of certified food safety manager"
61206,"20131002",103131,"Moderate Risk","Moderate risk vermin infestation"
61206,"20130925",103114,"High Risk","High risk vermin infestation"
61206,"20130925",103149,"Low Risk","Wiping cloths not clean or properly stored or inadequate sanitizer"
61251,"20150123",103154,"Low Risk","Unclean or degraded floors walls or ceilings"
61251,"20150123",103119,"Moderate Risk","Inadequate and inaccessible handwashing facilities"
61251,"20150123",103149,"Low Risk","Wiping cloths not clean or properly stored or inadequate sanitizer"
61251,"20140103",103148,"Low Risk","No thermometers or uncalibrated thermometers "
61251,"20140103",103116,"Moderate Risk","Inadequate food safety knowledge or lack of certified food safety manager"
61251,"20121121",103112,"High Risk","No hot water or running water"
61251,"20140523",103124,"Moderate Risk","Inadequately cleaned or sanitized food contact surfaces"
61284,"20130617",103139,"Low Risk","Improper food storage"
61284,"20130617",103118,"Moderate Risk","Employee eating or smoking"
61284,"20120924",103144,"Low Risk","Unapproved or unmaintained equipment or utensils"
61284,"20120924",103139,"Low Risk","Improper food storage"
61284,"20120924",103145,"Low Risk","Improper storage of equipment utensils or linens"
61284,"20120924",103124,"Moderate Risk","Inadequately cleaned or sanitized food contact surfaces"
61284,"20140721",103124,"Moderate Risk","Inadequately cleaned or sanitized food contact surfaces"
61285,"20130930",103112,"High Risk","No hot water or running water"
61285,"20121017",103124,"Moderate Risk","Inadequately cleaned or sanitized food contact surfaces"
61324,"20130919",103157,"Low Risk","Food safety certificate or food handler card not available"
61324,"20130422",103144,"Low Risk","Unapproved or unmaintained equipment or utensils"
61324,"20130422",103103,"High Risk","High risk food holding temperature "
61324,"20130422",103131,"Moderate Risk","Moderate risk vermin infestation"
61324,"20130422",103124,"Moderate Risk","Inadequately cleaned or sanitized food contact surfaces"
61324,"20130422",103162,"Low Risk","Other low risk violation"
61324,"20130422",103154,"Low Risk","Unclean or degraded floors walls or ceilings"
61324,"20140418",103139,"Low Risk","Improper food storage"
61324,"20140418",103148,"Low Risk","No thermometers or uncalibrated thermometers "
61324,"20140418",103120,"Moderate Risk","Moderate risk food holding temperature "
61326,"20120925",103145,"Low Risk","Improper storage of equipment utensils or linens"
61351,"20121002",103153,"Low Risk","Inadequate dressing rooms or improper storage of personal items"
61351,"20121002",103142,"Low Risk","Unclean nonfood contact surfaces"
61351,"20121002",103133,"Moderate Risk","Foods not protected from contamination"
61351,"20121002",103124,"Moderate Risk","Inadequately cleaned or sanitized food contact surfaces"
61351,"20121002",103114,"High Risk","High risk vermin infestation"
61351,"20121002",103103,"High Risk","High risk food holding temperature "
61351,"20121002",103105,"High Risk","Improper cooling methods"
61351,"20140527",103124,"Moderate Risk","Inadequately cleaned or sanitized food contact surfaces"
61351,"20140527",103131,"Moderate Risk","Moderate risk vermin infestation"
61351,"20140527",103154,"Low Risk","Unclean or degraded floors walls or ceilings"
61351,"20140730",103103,"High Risk","High risk food holding temperature "
61351,"20140527",103112,"High Risk","No hot water or running water"
61351,"20140527",103144,"Low Risk","Unapproved or unmaintained equipment or utensils"
61351,"20140527",103147,"Low Risk","Inadequate ventilation or lighting"
61351,"20140730",103119,"Moderate Risk","Inadequate and inaccessible handwashing facilities"
61351,"20140730",103129,"Moderate Risk","Insufficient hot water or running water"
61351,"20140730",103124,"Moderate Risk","Inadequately cleaned or sanitized food contact surfaces"
61351,"20140730",103154,"Low Risk","Unclean or degraded floors walls or ceilings"
61351,"20140730",103142,"Low Risk","Unclean nonfood contact surfaces"
61351,"20140527",103133,"Moderate Risk","Foods not protected from contamination"
61356,"20140117",103142,"Low Risk","Unclean nonfood contact surfaces"
61356,"20140117",103157,"Low Risk","Food safety certificate or food handler card not available"
61356,"20121214",103134,"Moderate Risk","Other moderate risk violation"
61356,"20121214",103149,"Low Risk","Wiping cloths not clean or properly stored or inadequate sanitizer"
61357,"20140908",103119,"Moderate Risk","Inadequate and inaccessible handwashing facilities"
61357,"20140908",103154,"Low Risk","Unclean or degraded floors walls or ceilings"
61357,"20140908",103157,"Low Risk","Food safety certificate or food handler card not available"
61357,"20130613",103109,"High Risk","Unclean or unsanitary food contact surfaces"
61390,"20141203",103124,"Moderate Risk","Inadequately cleaned or sanitized food contact surfaces"
61390,"20141203",103120,"Moderate Risk","Moderate risk food holding temperature "
61390,"20130731",103161,"Low Risk","Low risk vermin infestation"
61390,"20140212",103139,"Low Risk","Improper food storage"
61390,"20140212",103143,"Low Risk","Inadequate warewashing facilities or equipment"
61390,"20140212",103150,"Low Risk","Improper or defective plumbing"
61391,"20130313",103108,"High Risk","Contaminated or adulterated food"
61391,"20130313",103132,"Moderate Risk","Improper thawing methods "
61391,"20130313",103142,"Low Risk","Unclean nonfood contact surfaces"
61391,"20130313",103103,"High Risk","High risk food holding temperature "
61391,"20130313",103102,"High Risk","Unclean hands or improper use of gloves"
61391,"20130313",103105,"High Risk","Improper cooling methods"
61391,"20130313",103119,"Moderate Risk","Inadequate and inaccessible handwashing facilities"
61391,"20130313",103149,"Low Risk","Wiping cloths not clean or properly stored or inadequate sanitizer"
61391,"20130313",103133,"Moderate Risk","Foods not protected from contamination"
61391,"20140409",103102,"High Risk","Unclean hands or improper use of gloves"
61391,"20140409",103144,"Low Risk","Unapproved or unmaintained equipment or utensils"
61391,"20140409",103142,"Low Risk","Unclean nonfood contact surfaces"
61391,"20140409",103133,"Moderate Risk","Foods not protected from contamination"
61391,"20140409",103116,"Moderate Risk","Inadequate food safety knowledge or lack of certified food safety manager"
61391,"20140409",103105,"High Risk","Improper cooling methods"
61391,"20140409",103103,"High Risk","High risk food holding temperature "
61391,"20140409",103109,"High Risk","Unclean or unsanitary food contact surfaces"
61427,"20150513",103144,"Low Risk","Unapproved or unmaintained equipment or utensils"
61427,"20150513",103154,"Low Risk","Unclean or degraded floors walls or ceilings"
61427,"20150513",103138,"Low Risk","Improper storage use or identification of toxic substances"
61427,"20150513",103119,"Moderate Risk","Inadequate and inaccessible handwashing facilities"
61427,"20150513",103142,"Low Risk","Unclean nonfood contact surfaces"
61427,"20131003",103156,"Low Risk","Permit license or inspection report not posted"
61427,"20131003",103150,"Low Risk","Improper or defective plumbing"
61427,"20131003",103119,"Moderate Risk","Inadequate and inaccessible handwashing facilities"
61427,"20131003",103116,"Moderate Risk","Inadequate food safety knowledge or lack of certified food safety manager"
61427,"20130329",103116,"Moderate Risk","Inadequate food safety knowledge or lack of certified food safety manager"
61427,"20130329",103150,"Low Risk","Improper or defective plumbing"
61427,"20140402",103141,"Low Risk","Improper food labeling or menu misrepresentation"
61427,"20140402",103142,"Low Risk","Unclean nonfood contact surfaces"
61427,"20140402",103148,"Low Risk","No thermometers or uncalibrated thermometers "
61427,"20140402",103120,"Moderate Risk","Moderate risk food holding temperature "
61427,"20140402",103156,"Low Risk","Permit license or inspection report not posted"
61427,"20121018",103149,"Low Risk","Wiping cloths not clean or properly stored or inadequate sanitizer"
61427,"20121018",103116,"Moderate Risk","Inadequate food safety knowledge or lack of certified food safety manager"
61427,"20121018",103156,"Low Risk","Permit license or inspection report not posted"
61427,"20121018",103150,"Low Risk","Improper or defective plumbing"
61427,"20121018",103142,"Low Risk","Unclean nonfood contact surfaces"
61436,"20130927",103120,"Moderate Risk","Moderate risk food holding temperature "
61436,"20130927",103149,"Low Risk","Wiping cloths not clean or properly stored or inadequate sanitizer"
61436,"20130927",103145,"Low Risk","Improper storage of equipment utensils or linens"
61436,"20130927",103133,"Moderate Risk","Foods not protected from contamination"
61436,"20130927",103102,"High Risk","Unclean hands or improper use of gloves"
61436,"20130927",103142,"Low Risk","Unclean nonfood contact surfaces"
61436,"20140430",103148,"Low Risk","No thermometers or uncalibrated thermometers "
61436,"20140430",103124,"Moderate Risk","Inadequately cleaned or sanitized food contact surfaces"
61436,"20140430",103139,"Low Risk","Improper food storage"
61436,"20130220",103109,"High Risk","Unclean or unsanitary food contact surfaces"
61436,"20130220",103133,"Moderate Risk","Foods not protected from contamination"
61436,"20130220",103103,"High Risk","High risk food holding temperature "
61436,"20130220",103154,"Low Risk","Unclean or degraded floors walls or ceilings"
61436,"20130220",103139,"Low Risk","Improper food storage"
61438,"20131029",103105,"High Risk","Improper cooling methods"
61438,"20131029",103145,"Low Risk","Improper storage of equipment utensils or linens"
61438,"20131029",103133,"Moderate Risk","Foods not protected from contamination"
61438,"20130312",103105,"High Risk","Improper cooling methods"
61438,"20130312",103120,"Moderate Risk","Moderate risk food holding temperature "
61438,"20130312",103123,"Moderate Risk","Food in poor condition"
61438,"20130312",103133,"Moderate Risk","Foods not protected from contamination"
61438,"20140422",103120,"Moderate Risk","Moderate risk food holding temperature "
61438,"20120831",103133,"Moderate Risk","Foods not protected from contamination"
61438,"20120831",103154,"Low Risk","Unclean or degraded floors walls or ceilings"
61438,"20120831",103120,"Moderate Risk","Moderate risk food holding temperature "
61438,"20120831",103114,"High Risk","High risk vermin infestation"
61457,"20131217",103119,"Moderate Risk","Inadequate and inaccessible handwashing facilities"
61457,"20120918",103119,"Moderate Risk","Inadequate and inaccessible handwashing facilities"
61460,"20150505",103119,"Moderate Risk","Inadequate and inaccessible handwashing facilities"
61460,"20150505",103120,"Moderate Risk","Moderate risk food holding temperature "
61460,"20150505",103153,"Low Risk","Inadequate dressing rooms or improper storage of personal items"
61460,"20150505",103145,"Low Risk","Improper storage of equipment utensils or linens"
61460,"20150505",103133,"Moderate Risk","Foods not protected from contamination"
61460,"20130723",103139,"Low Risk","Improper food storage"
61460,"20130723",103109,"High Risk","Unclean or unsanitary food contact surfaces"
61460,"20130723",103129,"Moderate Risk","Insufficient hot water or running water"
61460,"20130723",103154,"Low Risk","Unclean or degraded floors walls or ceilings"
61460,"20140410",103154,"Low Risk","Unclean or degraded floors walls or ceilings"
61460,"20140410",103133,"Moderate Risk","Foods not protected from contamination"
61460,"20121004",103161,"Low Risk","Low risk vermin infestation"
61460,"20121004",103132,"Moderate Risk","Improper thawing methods "
61460,"20121004",103119,"Moderate Risk","Inadequate and inaccessible handwashing facilities"
61460,"20121030",103129,"Moderate Risk","Insufficient hot water or running water"
61464,"20131107",103142,"Low Risk","Unclean nonfood contact surfaces"
61464,"20121010",103119,"Moderate Risk","Inadequate and inaccessible handwashing facilities"
61464,"20121010",103151,"Low Risk","Inadequate or unsanitary refuse containers or area or no garbage service"
61464,"20121010",103156,"Low Risk","Permit license or inspection report not posted"
61464,"20121010",103143,"Low Risk","Inadequate warewashing facilities or equipment"
61464,"20121010",103142,"Low Risk","Unclean nonfood contact surfaces"
61464,"20121010",103132,"Moderate Risk","Improper thawing methods "
61464,"20121010",103161,"Low Risk","Low risk vermin infestation"
61464,"20121010",103149,"Low Risk","Wiping cloths not clean or properly stored or inadequate sanitizer"
61464,"20121019",103129,"Moderate Risk","Insufficient hot water or running water"
61467,"20131004",103142,"Low Risk","Unclean nonfood contact surfaces"
61467,"20131004",103120,"Moderate Risk","Moderate risk food holding temperature "
61467,"20121218",103142,"Low Risk","Unclean nonfood contact surfaces"
61467,"20121218",103120,"Moderate Risk","Moderate risk food holding temperature "
61467,"20121218",103129,"Moderate Risk","Insufficient hot water or running water"
61467,"20140722",103154,"Low Risk","Unclean or degraded floors walls or ceilings"
61467,"20140722",103149,"Low Risk","Wiping cloths not clean or properly stored or inadequate sanitizer"
61467,"20140722",103139,"Low Risk","Improper food storage"
61471,"20131003",103120,"Moderate Risk","Moderate risk food holding temperature "
61471,"20131003",103149,"Low Risk","Wiping cloths not clean or properly stored or inadequate sanitizer"
61471,"20121016",103154,"Low Risk","Unclean or degraded floors walls or ceilings"
61471,"20121016",103149,"Low Risk","Wiping cloths not clean or properly stored or inadequate sanitizer"
61471,"20121016",103143,"Low Risk","Inadequate warewashing facilities or equipment"
61471,"20121016",103144,"Low Risk","Unapproved or unmaintained equipment or utensils"
61471,"20140609",103120,"Moderate Risk","Moderate risk food holding temperature "
61471,"20140609",103149,"Low Risk","Wiping cloths not clean or properly stored or inadequate sanitizer"
61471,"20140609",103154,"Low Risk","Unclean or degraded floors walls or ceilings"
61471,"20140609",103157,"Low Risk","Food safety certificate or food handler card not available"
61493,"20131108",103124,"Moderate Risk","Inadequately cleaned or sanitized food contact surfaces"
61493,"20130507",103139,"Low Risk","Improper food storage"
61493,"20130507",103154,"Low Risk","Unclean or degraded floors walls or ceilings"
61493,"20130110",103154,"Low Risk","Unclean or degraded floors walls or ceilings"
61494,"20150318",103108,"High Risk","Contaminated or adulterated food"
61494,"20150318",103149,"Low Risk","Wiping cloths not clean or properly stored or inadequate sanitizer"
61494,"20150318",103114,"High Risk","High risk vermin infestation"
61494,"20150318",103154,"Low Risk","Unclean or degraded floors walls or ceilings"
61494,"20150318",103145,"Low Risk","Improper storage of equipment utensils or linens"
61494,"20130910",103129,"Moderate Risk","Insufficient hot water or running water"
61494,"20130910",103143,"Low Risk","Inadequate warewashing facilities or equipment"
61494,"20130910",103119,"Moderate Risk","Inadequate and inaccessible handwashing facilities"
61494,"20121128",103131,"Moderate Risk","Moderate risk vermin infestation"
61494,"20121128",103145,"Low Risk","Improper storage of equipment utensils or linens"
61494,"20140522",103142,"Low Risk","Unclean nonfood contact surfaces"
61494,"20140522",103155,"Low Risk","Unapproved  living quarters in food facility"
61494,"20140522",103131,"Moderate Risk","Moderate risk vermin infestation"
61494,"20140522",103120,"Moderate Risk","Moderate risk food holding temperature "
61494,"20140522",103165,"Low Risk","No plan review or Building Permit"
61494,"20140522",103154,"Low Risk","Unclean or degraded floors walls or ceilings"
61494,"20140603",103103,"High Risk","High risk food holding temperature "
61494,"20140522",103108,"High Risk","Contaminated or adulterated food"
61499,"20140911",103153,"Low Risk","Inadequate dressing rooms or improper storage of personal items"
61499,"20140911",103139,"Low Risk","Improper food storage"
61499,"20140218",103139,"Low Risk","Improper food storage"
61499,"20140218",103103,"High Risk","High risk food holding temperature "
61499,"20130207",103103,"High Risk","High risk food holding temperature "
61512,"20150209",103102,"High Risk","Unclean hands or improper use of gloves"
61512,"20150209",103138,"Low Risk","Improper storage use or identification of toxic substances"
61512,"20131113",103154,"Low Risk","Unclean or degraded floors walls or ceilings"
61512,"20131113",103118,"Moderate Risk","Employee eating or smoking"
61512,"20131113",103119,"Moderate Risk","Inadequate and inaccessible handwashing facilities"
61512,"20120705",103119,"Moderate Risk","Inadequate and inaccessible handwashing facilities"
61512,"20120705",103154,"Low Risk","Unclean or degraded floors walls or ceilings"
61512,"20120705",103103,"High Risk","High risk food holding temperature "
61512,"20130118",103139,"Low Risk","Improper food storage"
61512,"20140616",103149,"Low Risk","Wiping cloths not clean or properly stored or inadequate sanitizer"
61512,"20140616",103124,"Moderate Risk","Inadequately cleaned or sanitized food contact surfaces"
61512,"20140616",103120,"Moderate Risk","Moderate risk food holding temperature "
61514,"20150226",103145,"Low Risk","Improper storage of equipment utensils or linens"
61514,"20150226",103154,"Low Risk","Unclean or degraded floors walls or ceilings"
61514,"20150226",103149,"Low Risk","Wiping cloths not clean or properly stored or inadequate sanitizer"
61514,"20150226",103161,"Low Risk","Low risk vermin infestation"
61514,"20140115",103157,"Low Risk","Food safety certificate or food handler card not available"
61514,"20140115",103154,"Low Risk","Unclean or degraded floors walls or ceilings"
61514,"20140115",103152,"Low Risk","Unclean unmaintained or improperly constructed toilet facilities"
61514,"20140115",103119,"Moderate Risk","Inadequate and inaccessible handwashing facilities"
61514,"20121219",103154,"Low Risk","Unclean or degraded floors walls or ceilings"
61514,"20121219",103133,"Moderate Risk","Foods not protected from contamination"
61514,"20121219",103121,"Moderate Risk","Inadequate procedures or records for time as a public health control "
61514,"20140529",103119,"Moderate Risk","Inadequate and inaccessible handwashing facilities"
61514,"20140529",103147,"Low Risk","Inadequate ventilation or lighting"
61514,"20140529",103124,"Moderate Risk","Inadequately cleaned or sanitized food contact surfaces"
61514,"20140529",103144,"Low Risk","Unapproved or unmaintained equipment or utensils"
61514,"20140529",103154,"Low Risk","Unclean or degraded floors walls or ceilings"
61516,"20131206",103156,"Low Risk","Permit license or inspection report not posted"
61516,"20131206",103144,"Low Risk","Unapproved or unmaintained equipment or utensils"
61516,"20130503",103156,"Low Risk","Permit license or inspection report not posted"
61516,"20130503",103150,"Low Risk","Improper or defective plumbing"
61516,"20140709",103156,"Low Risk","Permit license or inspection report not posted"
61550,"20150120",103156,"Low Risk","Permit license or inspection report not posted"
61550,"20150120",103109,"High Risk","Unclean or unsanitary food contact surfaces"
61550,"20131016",103129,"Moderate Risk","Insufficient hot water or running water"
61550,"20131016",103120,"Moderate Risk","Moderate risk food holding temperature "
61550,"20140602",103120,"Moderate Risk","Moderate risk food holding temperature "
61578,"20141125",103102,"High Risk","Unclean hands or improper use of gloves"
61578,"20141125",103103,"High Risk","High risk food holding temperature "
61578,"20141125",103144,"Low Risk","Unapproved or unmaintained equipment or utensils"
61578,"20141125",103149,"Low Risk","Wiping cloths not clean or properly stored or inadequate sanitizer"
61578,"20130925",103147,"Low Risk","Inadequate ventilation or lighting"
61578,"20130925",103161,"Low Risk","Low risk vermin infestation"
61578,"20130925",103120,"Moderate Risk","Moderate risk food holding temperature "
61578,"20130925",103152,"Low Risk","Unclean unmaintained or improperly constructed toilet facilities"
61578,"20130307",103120,"Moderate Risk","Moderate risk food holding temperature "
61578,"20130307",103142,"Low Risk","Unclean nonfood contact surfaces"
61578,"20130307",103144,"Low Risk","Unapproved or unmaintained equipment or utensils"
61578,"20130307",103161,"Low Risk","Low risk vermin infestation"
61578,"20120613",103118,"Moderate Risk","Employee eating or smoking"
61578,"20120613",103148,"Low Risk","No thermometers or uncalibrated thermometers "
61578,"20120613",103103,"High Risk","High risk food holding temperature "
61579,"20150513",103103,"High Risk","High risk food holding temperature "
61579,"20150513",103154,"Low Risk","Unclean or degraded floors walls or ceilings"
61579,"20150513",103139,"Low Risk","Improper food storage"
61579,"20130924",103152,"Low Risk","Unclean unmaintained or improperly constructed toilet facilities"
61579,"20130924",103116,"Moderate Risk","Inadequate food safety knowledge or lack of certified food safety manager"
61579,"20130924",103114,"High Risk","High risk vermin infestation"
61579,"20130924",103109,"High Risk","Unclean or unsanitary food contact surfaces"
61579,"20130924",103156,"Low Risk","Permit license or inspection report not posted"
61579,"20140318",103154,"Low Risk","Unclean or degraded floors walls or ceilings"
61579,"20140318",103138,"Low Risk","Improper storage use or identification of toxic substances"
61579,"20140318",103148,"Low Risk","No thermometers or uncalibrated thermometers "
61579,"20140318",103156,"Low Risk","Permit license or inspection report not posted"
61579,"20140318",103149,"Low Risk","Wiping cloths not clean or properly stored or inadequate sanitizer"
61579,"20120802",103156,"Low Risk","Permit license or inspection report not posted"
61579,"20120802",103124,"Moderate Risk","Inadequately cleaned or sanitized food contact surfaces"
61579,"20120802",103114,"High Risk","High risk vermin infestation"
61579,"20120802",103149,"Low Risk","Wiping cloths not clean or properly stored or inadequate sanitizer"
61579,"20120802",103154,"Low Risk","Unclean or degraded floors walls or ceilings"
61592,"20150402",103139,"Low Risk","Improper food storage"
61592,"20150402",103154,"Low Risk","Unclean or degraded floors walls or ceilings"
61592,"20150402",103131,"Moderate Risk","Moderate risk vermin infestation"
61592,"20150402",103144,"Low Risk","Unapproved or unmaintained equipment or utensils"
61592,"20131106",103144,"Low Risk","Unapproved or unmaintained equipment or utensils"
61592,"20131106",103102,"High Risk","Unclean hands or improper use of gloves"
61592,"20131106",103124,"Moderate Risk","Inadequately cleaned or sanitized food contact surfaces"
61592,"20131106",103120,"Moderate Risk","Moderate risk food holding temperature "
61592,"20130109",103123,"Moderate Risk","Food in poor condition"
61592,"20130109",103124,"Moderate Risk","Inadequately cleaned or sanitized food contact surfaces"
61595,"20130731",103120,"Moderate Risk","Moderate risk food holding temperature "
61595,"20140204",103157,"Low Risk","Food safety certificate or food handler card not available"
61595,"20120926",103120,"Moderate Risk","Moderate risk food holding temperature "
61595,"20120926",103145,"Low Risk","Improper storage of equipment utensils or linens"
61595,"20130122",103116,"Moderate Risk","Inadequate food safety knowledge or lack of certified food safety manager"
61598,"20140916",103133,"Moderate Risk","Foods not protected from contamination"
61598,"20140916",103142,"Low Risk","Unclean nonfood contact surfaces"
61598,"20150427",103133,"Moderate Risk","Foods not protected from contamination"
61598,"20150427",103149,"Low Risk","Wiping cloths not clean or properly stored or inadequate sanitizer"
61598,"20150427",103154,"Low Risk","Unclean or degraded floors walls or ceilings"
61598,"20130806",103142,"Low Risk","Unclean nonfood contact surfaces"
61598,"20130806",103109,"High Risk","Unclean or unsanitary food contact surfaces"
61598,"20140403",103102,"High Risk","Unclean hands or improper use of gloves"
61598,"20140403",103107,"High Risk","Improper reheating of food"
61602,"20140321",103132,"Moderate Risk","Improper thawing methods "
61602,"20140321",103119,"Moderate Risk","Inadequate and inaccessible handwashing facilities"
61602,"20140321",103103,"High Risk","High risk food holding temperature "
61602,"20130104",103119,"Moderate Risk","Inadequate and inaccessible handwashing facilities"
61602,"20130104",103105,"High Risk","Improper cooling methods"
61612,"20150318",103116,"Moderate Risk","Inadequate food safety knowledge or lack of certified food safety manager"
61635,"20131021",103149,"Low Risk","Wiping cloths not clean or properly stored or inadequate sanitizer"
61639,"20130912",103142,"Low Risk","Unclean nonfood contact surfaces"
61639,"20130912",103133,"Moderate Risk","Foods not protected from contamination"
61639,"20130912",103145,"Low Risk","Improper storage of equipment utensils or linens"
61639,"20130912",103149,"Low Risk","Wiping cloths not clean or properly stored or inadequate sanitizer"
61639,"20130912",103132,"Moderate Risk","Improper thawing methods "
61639,"20121017",103149,"Low Risk","Wiping cloths not clean or properly stored or inadequate sanitizer"
61639,"20121017",103154,"Low Risk","Unclean or degraded floors walls or ceilings"
61639,"20121017",103114,"High Risk","High risk vermin infestation"
61639,"20121017",103142,"Low Risk","Unclean nonfood contact surfaces"
61639,"20121017",103103,"High Risk","High risk food holding temperature "
61639,"20121017",103119,"Moderate Risk","Inadequate and inaccessible handwashing facilities"
61639,"20121017",103109,"High Risk","Unclean or unsanitary food contact surfaces"
61639,"20121017",103144,"Low Risk","Unapproved or unmaintained equipment or utensils"
61639,"20140519",103154,"Low Risk","Unclean or degraded floors walls or ceilings"
61639,"20140519",103132,"Moderate Risk","Improper thawing methods "
61639,"20140519",103149,"Low Risk","Wiping cloths not clean or properly stored or inadequate sanitizer"
61639,"20140519",103139,"Low Risk","Improper food storage"
61641,"20140828",103154,"Low Risk","Unclean or degraded floors walls or ceilings"
61643,"20141203",103148,"Low Risk","No thermometers or uncalibrated thermometers "
61643,"20141203",103120,"Moderate Risk","Moderate risk food holding temperature "
61643,"20141203",103116,"Moderate Risk","Inadequate food safety knowledge or lack of certified food safety manager"
61643,"20130618",103148,"Low Risk","No thermometers or uncalibrated thermometers "
61643,"20130618",103102,"High Risk","Unclean hands or improper use of gloves"
61643,"20130618",103119,"Moderate Risk","Inadequate and inaccessible handwashing facilities"
61643,"20140519",103120,"Moderate Risk","Moderate risk food holding temperature "
61643,"20140519",103145,"Low Risk","Improper storage of equipment utensils or linens"
61643,"20140519",103156,"Low Risk","Permit license or inspection report not posted"
61643,"20140519",103149,"Low Risk","Wiping cloths not clean or properly stored or inadequate sanitizer"
61643,"20140519",103147,"Low Risk","Inadequate ventilation or lighting"
61669,"20150225",103103,"High Risk","High risk food holding temperature "
61669,"20140218",103133,"Moderate Risk","Foods not protected from contamination"
61669,"20140218",103124,"Moderate Risk","Inadequately cleaned or sanitized food contact surfaces"
61669,"20140218",103147,"Low Risk","Inadequate ventilation or lighting"
61669,"20140218",103103,"High Risk","High risk food holding temperature "
61697,"20130916",103131,"Moderate Risk","Moderate risk vermin infestation"
61697,"20130916",103124,"Moderate Risk","Inadequately cleaned or sanitized food contact surfaces"
61697,"20130916",103139,"Low Risk","Improper food storage"
61697,"20130916",103118,"Moderate Risk","Employee eating or smoking"
61697,"20121213",103144,"Low Risk","Unapproved or unmaintained equipment or utensils"
61697,"20140520",103139,"Low Risk","Improper food storage"
61697,"20140520",103144,"Low Risk","Unapproved or unmaintained equipment or utensils"
61697,"20140520",103151,"Low Risk","Inadequate or unsanitary refuse containers or area or no garbage service"
61697,"20140520",103114,"High Risk","High risk vermin infestation"
61697,"20140520",103132,"Moderate Risk","Improper thawing methods "
61728,"20150306",103131,"Moderate Risk","Moderate risk vermin infestation"
61728,"20150306",103110,"High Risk","Unapproved food source"
61728,"20130514",103154,"Low Risk","Unclean or degraded floors walls or ceilings"
61728,"20130514",103131,"Moderate Risk","Moderate risk vermin infestation"
61728,"20130124",103124,"Moderate Risk","Inadequately cleaned or sanitized food contact surfaces"
61728,"20140814",103138,"Low Risk","Improper storage use or identification of toxic substances"
61736,"20150218",103147,"Low Risk","Inadequate ventilation or lighting"
61736,"20150218",103132,"Moderate Risk","Improper thawing methods "
61736,"20130925",103120,"Moderate Risk","Moderate risk food holding temperature "
61736,"20130925",103114,"High Risk","High risk vermin infestation"
61736,"20130925",103154,"Low Risk","Unclean or degraded floors walls or ceilings"
61736,"20130417",103120,"Moderate Risk","Moderate risk food holding temperature "
61736,"20130417",103154,"Low Risk","Unclean or degraded floors walls or ceilings"
61736,"20130417",103139,"Low Risk","Improper food storage"
61736,"20140417",103105,"High Risk","Improper cooling methods"
61736,"20140417",103131,"Moderate Risk","Moderate risk vermin infestation"
61736,"20120821",103103,"High Risk","High risk food holding temperature "
61736,"20120821",103154,"Low Risk","Unclean or degraded floors walls or ceilings"
61749,"20141114",103154,"Low Risk","Unclean or degraded floors walls or ceilings"
61749,"20141114",103138,"Low Risk","Improper storage use or identification of toxic substances"
61749,"20141114",103103,"High Risk","High risk food holding temperature "
61749,"20141114",103119,"Moderate Risk","Inadequate and inaccessible handwashing facilities"
61749,"20141114",103124,"Moderate Risk","Inadequately cleaned or sanitized food contact surfaces"
61749,"20130822",103133,"Moderate Risk","Foods not protected from contamination"
61749,"20130822",103142,"Low Risk","Unclean nonfood contact surfaces"
61749,"20140218",103103,"High Risk","High risk food holding temperature "
61749,"20140218",103132,"Moderate Risk","Improper thawing methods "
61749,"20140218",103133,"Moderate Risk","Foods not protected from contamination"
61749,"20140218",103148,"Low Risk","No thermometers or uncalibrated thermometers "
61749,"20140218",103102,"High Risk","Unclean hands or improper use of gloves"
61749,"20120917",103131,"Moderate Risk","Moderate risk vermin infestation"
61749,"20120917",103133,"Moderate Risk","Foods not protected from contamination"
61749,"20120917",103156,"Low Risk","Permit license or inspection report not posted"
61749,"20120917",103147,"Low Risk","Inadequate ventilation or lighting"
61789,"20130613",103120,"Moderate Risk","Moderate risk food holding temperature "
61789,"20130613",103114,"High Risk","High risk vermin infestation"
61789,"20130613",103142,"Low Risk","Unclean nonfood contact surfaces"
61789,"20140304",103108,"High Risk","Contaminated or adulterated food"
61789,"20140304",103114,"High Risk","High risk vermin infestation"
61789,"20140304",103142,"Low Risk","Unclean nonfood contact surfaces"
61789,"20140304",103109,"High Risk","Unclean or unsanitary food contact surfaces"
61789,"20140304",103149,"Low Risk","Wiping cloths not clean or properly stored or inadequate sanitizer"
61789,"20140304",103102,"High Risk","Unclean hands or improper use of gloves"
61789,"20121105",103120,"Moderate Risk","Moderate risk food holding temperature "
61789,"20121105",103161,"Low Risk","Low risk vermin infestation"
61789,"20121105",103154,"Low Risk","Unclean or degraded floors walls or ceilings"
61789,"20121105",103133,"Moderate Risk","Foods not protected from contamination"
61789,"20121105",103109,"High Risk","Unclean or unsanitary food contact surfaces"
61789,"20121105",103102,"High Risk","Unclean hands or improper use of gloves"
61789,"20121105",103147,"Low Risk","Inadequate ventilation or lighting"
61799,"20150407",103119,"Moderate Risk","Inadequate and inaccessible handwashing facilities"
61799,"20150407",103154,"Low Risk","Unclean or degraded floors walls or ceilings"
61799,"20150407",103143,"Low Risk","Inadequate warewashing facilities or equipment"
61799,"20150407",103139,"Low Risk","Improper food storage"
61799,"20150407",103133,"Moderate Risk","Foods not protected from contamination"
61799,"20150407",103124,"Moderate Risk","Inadequately cleaned or sanitized food contact surfaces"
61799,"20150407",103120,"Moderate Risk","Moderate risk food holding temperature "
61799,"20150407",103144,"Low Risk","Unapproved or unmaintained equipment or utensils"
61799,"20131101",103142,"Low Risk","Unclean nonfood contact surfaces"
61799,"20131101",103150,"Low Risk","Improper or defective plumbing"
61799,"20131101",103133,"Moderate Risk","Foods not protected from contamination"
61799,"20131101",103119,"Moderate Risk","Inadequate and inaccessible handwashing facilities"
61799,"20131101",103108,"High Risk","Contaminated or adulterated food"
61799,"20131101",103124,"Moderate Risk","Inadequately cleaned or sanitized food contact surfaces"
61799,"20131101",103154,"Low Risk","Unclean or degraded floors walls or ceilings"
61799,"20131101",103103,"High Risk","High risk food holding temperature "
61799,"20130416",103142,"Low Risk","Unclean nonfood contact surfaces"
61799,"20130416",103139,"Low Risk","Improper food storage"
61799,"20130416",103133,"Moderate Risk","Foods not protected from contamination"
61799,"20130416",103131,"Moderate Risk","Moderate risk vermin infestation"
61799,"20130416",103124,"Moderate Risk","Inadequately cleaned or sanitized food contact surfaces"
61799,"20130416",103119,"Moderate Risk","Inadequate and inaccessible handwashing facilities"
61799,"20120821",103156,"Low Risk","Permit license or inspection report not posted"
61799,"20120821",103154,"Low Risk","Unclean or degraded floors walls or ceilings"
61799,"20120821",103142,"Low Risk","Unclean nonfood contact surfaces"
61799,"20120821",103139,"Low Risk","Improper food storage"
61799,"20120821",103131,"Moderate Risk","Moderate risk vermin infestation"
61799,"20120821",103124,"Moderate Risk","Inadequately cleaned or sanitized food contact surfaces"
61799,"20120821",103103,"High Risk","High risk food holding temperature "
61799,"20120821",103149,"Low Risk","Wiping cloths not clean or properly stored or inadequate sanitizer"
61799,"20120821",103119,"Moderate Risk","Inadequate and inaccessible handwashing facilities"
61799,"20140602",103139,"Low Risk","Improper food storage"
61799,"20140602",103119,"Moderate Risk","Inadequate and inaccessible handwashing facilities"
61799,"20140602",103124,"Moderate Risk","Inadequately cleaned or sanitized food contact surfaces"
61799,"20140602",103120,"Moderate Risk","Moderate risk food holding temperature "
61799,"20140602",103154,"Low Risk","Unclean or degraded floors walls or ceilings"
61802,"20140305",103154,"Low Risk","Unclean or degraded floors walls or ceilings"
61802,"20140305",103118,"Moderate Risk","Employee eating or smoking"
61802,"20140305",103116,"Moderate Risk","Inadequate food safety knowledge or lack of certified food safety manager"
61802,"20140305",103153,"Low Risk","Inadequate dressing rooms or improper storage of personal items"
61802,"20130204",103123,"Moderate Risk","Food in poor condition"
61802,"20130204",103116,"Moderate Risk","Inadequate food safety knowledge or lack of certified food safety manager"
61806,"20141010",103144,"Low Risk","Unapproved or unmaintained equipment or utensils"
61806,"20140428",103157,"Low Risk","Food safety certificate or food handler card not available"
61816,"20150220",103120,"Moderate Risk","Moderate risk food holding temperature "
61816,"20150220",103105,"High Risk","Improper cooling methods"
61816,"20150220",103131,"Moderate Risk","Moderate risk vermin infestation"
61816,"20150220",103154,"Low Risk","Unclean or degraded floors walls or ceilings"
61816,"20150220",103157,"Low Risk","Food safety certificate or food handler card not available"
61816,"20131122",103103,"High Risk","High risk food holding temperature "
61816,"20131122",103142,"Low Risk","Unclean nonfood contact surfaces"
61816,"20131122",103124,"Moderate Risk","Inadequately cleaned or sanitized food contact surfaces"
61816,"20131122",103119,"Moderate Risk","Inadequate and inaccessible handwashing facilities"
61816,"20131122",103105,"High Risk","Improper cooling methods"
61816,"20131122",103156,"Low Risk","Permit license or inspection report not posted"
61816,"20131122",103139,"Low Risk","Improper food storage"
61816,"20140327",103133,"Moderate Risk","Foods not protected from contamination"
61816,"20140327",103142,"Low Risk","Unclean nonfood contact surfaces"
61816,"20140327",103159,"Low Risk","Worker safety hazards"
61816,"20140327",103124,"Moderate Risk","Inadequately cleaned or sanitized food contact surfaces"
61816,"20130122",103154,"Low Risk","Unclean or degraded floors walls or ceilings"
61816,"20130122",103119,"Moderate Risk","Inadequate and inaccessible handwashing facilities"
61816,"20130122",103120,"Moderate Risk","Moderate risk food holding temperature "
61816,"20130122",103139,"Low Risk","Improper food storage"
61816,"20130122",103150,"Low Risk","Improper or defective plumbing"
61816,"20140620",103103,"High Risk","High risk food holding temperature "
61823,"20150408",103108,"High Risk","Contaminated or adulterated food"
61823,"20150408",103114,"High Risk","High risk vermin infestation"
61823,"20150408",103129,"Moderate Risk","Insufficient hot water or running water"
61823,"20150408",103132,"Moderate Risk","Improper thawing methods "
61823,"20150408",103133,"Moderate Risk","Foods not protected from contamination"
61823,"20150408",103154,"Low Risk","Unclean or degraded floors walls or ceilings"
61823,"20130829",103103,"High Risk","High risk food holding temperature "
61823,"20130829",103142,"Low Risk","Unclean nonfood contact surfaces"
61823,"20130829",103147,"Low Risk","Inadequate ventilation or lighting"
61823,"20130131",103149,"Low Risk","Wiping cloths not clean or properly stored or inadequate sanitizer"
61823,"20130131",103144,"Low Risk","Unapproved or unmaintained equipment or utensils"
61823,"20130131",103114,"High Risk","High risk vermin infestation"
61823,"20130201",103131,"Moderate Risk","Moderate risk vermin infestation"
61823,"20130131",103124,"Moderate Risk","Inadequately cleaned or sanitized food contact surfaces"
61823,"20130131",103123,"Moderate Risk","Food in poor condition"
61856,"20141114",103156,"Low Risk","Permit license or inspection report not posted"
61856,"20141114",103145,"Low Risk","Improper storage of equipment utensils or linens"
61856,"20141114",103154,"Low Risk","Unclean or degraded floors walls or ceilings"
61856,"20130815",103149,"Low Risk","Wiping cloths not clean or properly stored or inadequate sanitizer"
61856,"20130815",103153,"Low Risk","Inadequate dressing rooms or improper storage of personal items"
61856,"20130815",103154,"Low Risk","Unclean or degraded floors walls or ceilings"
61856,"20130815",103116,"Moderate Risk","Inadequate food safety knowledge or lack of certified food safety manager"
61856,"20140409",103154,"Low Risk","Unclean or degraded floors walls or ceilings"
61856,"20140409",103139,"Low Risk","Improper food storage"
61861,"20150513",103149,"Low Risk","Wiping cloths not clean or properly stored or inadequate sanitizer"
61861,"20150513",103154,"Low Risk","Unclean or degraded floors walls or ceilings"
61861,"20150513",103144,"Low Risk","Unapproved or unmaintained equipment or utensils"
61861,"20150513",103157,"Low Risk","Food safety certificate or food handler card not available"
61861,"20150513",103120,"Moderate Risk","Moderate risk food holding temperature "
61861,"20150513",103129,"Moderate Risk","Insufficient hot water or running water"
61861,"20150513",103139,"Low Risk","Improper food storage"
61861,"20150513",103102,"High Risk","Unclean hands or improper use of gloves"
61861,"20130423",103139,"Low Risk","Improper food storage"
61861,"20130423",103119,"Moderate Risk","Inadequate and inaccessible handwashing facilities"
61861,"20140324",103157,"Low Risk","Food safety certificate or food handler card not available"
61861,"20140324",103124,"Moderate Risk","Inadequately cleaned or sanitized food contact surfaces"
61861,"20140324",103144,"Low Risk","Unapproved or unmaintained equipment or utensils"
61861,"20140324",103154,"Low Risk","Unclean or degraded floors walls or ceilings"
61861,"20120911",103105,"High Risk","Improper cooling methods"
61861,"20120911",103133,"Moderate Risk","Foods not protected from contamination"
61915,"20140916",103103,"High Risk","High risk food holding temperature "
61915,"20140916",103148,"Low Risk","No thermometers or uncalibrated thermometers "
61915,"20140205",103120,"Moderate Risk","Moderate risk food holding temperature "
61915,"20130404",103119,"Moderate Risk","Inadequate and inaccessible handwashing facilities"
61915,"20130404",103142,"Low Risk","Unclean nonfood contact surfaces"
61915,"20130404",103143,"Low Risk","Inadequate warewashing facilities or equipment"
61915,"20130404",103103,"High Risk","High risk food holding temperature "
61923,"20140410",103112,"High Risk","No hot water or running water"
61953,"20150115",103109,"High Risk","Unclean or unsanitary food contact surfaces"
61953,"20150115",103154,"Low Risk","Unclean or degraded floors walls or ceilings"
61953,"20150115",103114,"High Risk","High risk vermin infestation"
61953,"20150115",103138,"Low Risk","Improper storage use or identification of toxic substances"
61953,"20150115",103133,"Moderate Risk","Foods not protected from contamination"
61953,"20150115",103116,"Moderate Risk","Inadequate food safety knowledge or lack of certified food safety manager"
61953,"20150115",103102,"High Risk","Unclean hands or improper use of gloves"
61953,"20121001",103131,"Moderate Risk","Moderate risk vermin infestation"
61959,"20130703",103144,"Low Risk","Unapproved or unmaintained equipment or utensils"
61959,"20130703",103149,"Low Risk","Wiping cloths not clean or properly stored or inadequate sanitizer"
61959,"20130703",103156,"Low Risk","Permit license or inspection report not posted"
61959,"20140207",103158,"Low Risk","Unpermitted food facility"
61959,"20140207",103156,"Low Risk","Permit license or inspection report not posted"
61959,"20140207",103139,"Low Risk","Improper food storage"
61959,"20140207",103144,"Low Risk","Unapproved or unmaintained equipment or utensils"
61959,"20120619",103144,"Low Risk","Unapproved or unmaintained equipment or utensils"
61959,"20120619",103132,"Moderate Risk","Improper thawing methods "
61976,"20150203",103142,"Low Risk","Unclean nonfood contact surfaces"
61976,"20130924",103142,"Low Risk","Unclean nonfood contact surfaces"
61976,"20121130",103149,"Low Risk","Wiping cloths not clean or properly stored or inadequate sanitizer"
61976,"20121130",103156,"Low Risk","Permit license or inspection report not posted"
61976,"20121130",103144,"Low Risk","Unapproved or unmaintained equipment or utensils"
61976,"20121130",103142,"Low Risk","Unclean nonfood contact surfaces"
61976,"20121130",103109,"High Risk","Unclean or unsanitary food contact surfaces"
61976,"20140529",103124,"Moderate Risk","Inadequately cleaned or sanitized food contact surfaces"
61976,"20140529",103162,"Low Risk","Other low risk violation"
61989,"20140410",103120,"Moderate Risk","Moderate risk food holding temperature "
61989,"20140410",103109,"High Risk","Unclean or unsanitary food contact surfaces"
61989,"20140410",103154,"Low Risk","Unclean or degraded floors walls or ceilings"
61989,"20140410",103150,"Low Risk","Improper or defective plumbing"
61989,"20140410",103105,"High Risk","Improper cooling methods"
62000,"20131125",103138,"Low Risk","Improper storage use or identification of toxic substances"
62000,"20131125",103142,"Low Risk","Unclean nonfood contact surfaces"
62000,"20130501",103119,"Moderate Risk","Inadequate and inaccessible handwashing facilities"
62000,"20130501",103109,"High Risk","Unclean or unsanitary food contact surfaces"
62000,"20130501",103118,"Moderate Risk","Employee eating or smoking"
62000,"20130501",103162,"Low Risk","Other low risk violation"
62000,"20121204",103150,"Low Risk","Improper or defective plumbing"
62000,"20121204",103149,"Low Risk","Wiping cloths not clean or properly stored or inadequate sanitizer"
62000,"20140825",103119,"Moderate Risk","Inadequate and inaccessible handwashing facilities"
62010,"20140421",103120,"Moderate Risk","Moderate risk food holding temperature "
62051,"20150608",103116,"Moderate Risk","Inadequate food safety knowledge or lack of certified food safety manager"
62051,"20150608",103104,"High Risk","Unauthorized or unsafe use of time as a public health control measure"
62051,"20150608",103149,"Low Risk","Wiping cloths not clean or properly stored or inadequate sanitizer"
62051,"20150608",103103,"High Risk","High risk food holding temperature "
62051,"20150608",103131,"Moderate Risk","Moderate risk vermin infestation"
62051,"20130528",103149,"Low Risk","Wiping cloths not clean or properly stored or inadequate sanitizer"
62051,"20130528",103138,"Low Risk","Improper storage use or identification of toxic substances"
62051,"20130528",103154,"Low Risk","Unclean or degraded floors walls or ceilings"
62051,"20130528",103157,"Low Risk","Food safety certificate or food handler card not available"
62051,"20140602",103144,"Low Risk","Unapproved or unmaintained equipment or utensils"
62051,"20140602",103127,"Moderate Risk","Noncompliance with HAACP plan or variance"
62051,"20140602",103120,"Moderate Risk","Moderate risk food holding temperature "
62051,"20140602",103157,"Low Risk","Food safety certificate or food handler card not available"
62053,"20140127",103120,"Moderate Risk","Moderate risk food holding temperature "
62053,"20140127",103131,"Moderate Risk","Moderate risk vermin infestation"
62053,"20140127",103149,"Low Risk","Wiping cloths not clean or properly stored or inadequate sanitizer"
62053,"20140127",103139,"Low Risk","Improper food storage"
62053,"20130617",103120,"Moderate Risk","Moderate risk food holding temperature "
62053,"20130617",103131,"Moderate Risk","Moderate risk vermin infestation"
62053,"20130617",103139,"Low Risk","Improper food storage"
62053,"20130617",103142,"Low Risk","Unclean nonfood contact surfaces"
62053,"20130617",103145,"Low Risk","Improper storage of equipment utensils or linens"
62053,"20120806",103103,"High Risk","High risk food holding temperature "
62053,"20120806",103149,"Low Risk","Wiping cloths not clean or properly stored or inadequate sanitizer"
62053,"20140805",103144,"Low Risk","Unapproved or unmaintained equipment or utensils"
62053,"20140805",103133,"Moderate Risk","Foods not protected from contamination"
62056,"20130801",103131,"Moderate Risk","Moderate risk vermin infestation"
62056,"20130801",103154,"Low Risk","Unclean or degraded floors walls or ceilings"
62056,"20130801",103156,"Low Risk","Permit license or inspection report not posted"
62056,"20140206",103157,"Low Risk","Food safety certificate or food handler card not available"
62056,"20140206",103144,"Low Risk","Unapproved or unmaintained equipment or utensils"
62056,"20140206",103120,"Moderate Risk","Moderate risk food holding temperature "
62056,"20121212",103131,"Moderate Risk","Moderate risk vermin infestation"
62056,"20121212",103154,"Low Risk","Unclean or degraded floors walls or ceilings"
62056,"20121212",103156,"Low Risk","Permit license or inspection report not posted"
62057,"20150421",103152,"Low Risk","Unclean unmaintained or improperly constructed toilet facilities"
62057,"20150421",103161,"Low Risk","Low risk vermin infestation"
62057,"20150421",103154,"Low Risk","Unclean or degraded floors walls or ceilings"
62057,"20140318",103157,"Low Risk","Food safety certificate or food handler card not available"
62057,"20140318",103116,"Moderate Risk","Inadequate food safety knowledge or lack of certified food safety manager"
62057,"20120625",103157,"Low Risk","Food safety certificate or food handler card not available"
62057,"20120625",103139,"Low Risk","Improper food storage"
62057,"20120625",103152,"Low Risk","Unclean unmaintained or improperly constructed toilet facilities"
62057,"20120625",103138,"Low Risk","Improper storage use or identification of toxic substances"
62057,"20120625",103108,"High Risk","Contaminated or adulterated food"
62057,"20120625",103132,"Moderate Risk","Improper thawing methods "
62057,"20130128",103142,"Low Risk","Unclean nonfood contact surfaces"
62057,"20130128",103127,"Moderate Risk","Noncompliance with HAACP plan or variance"
62057,"20130128",103149,"Low Risk","Wiping cloths not clean or properly stored or inadequate sanitizer"
62057,"20130222",103149,"Low Risk","Wiping cloths not clean or properly stored or inadequate sanitizer"
62057,"20130222",103139,"Low Risk","Improper food storage"
62057,"20130128",103109,"High Risk","Unclean or unsanitary food contact surfaces"
62057,"20130128",103157,"Low Risk","Food safety certificate or food handler card not available"
62057,"20130128",103119,"Moderate Risk","Inadequate and inaccessible handwashing facilities"
62057,"20130128",103112,"High Risk","No hot water or running water"
62057,"20140520",103133,"Moderate Risk","Foods not protected from contamination"
62060,"20150203",103138,"Low Risk","Improper storage use or identification of toxic substances"
62060,"20150203",103154,"Low Risk","Unclean or degraded floors walls or ceilings"
62060,"20150203",103149,"Low Risk","Wiping cloths not clean or properly stored or inadequate sanitizer"
62060,"20130715",103144,"Low Risk","Unapproved or unmaintained equipment or utensils"
62060,"20140116",103147,"Low Risk","Inadequate ventilation or lighting"
62060,"20121218",103114,"High Risk","High risk vermin infestation"
62064,"20140108",103108,"High Risk","Contaminated or adulterated food"
62064,"20140108",103144,"Low Risk","Unapproved or unmaintained equipment or utensils"
62064,"20140108",103109,"High Risk","Unclean or unsanitary food contact surfaces"
62064,"20140108",103133,"Moderate Risk","Foods not protected from contamination"
62064,"20140108",103114,"High Risk","High risk vermin infestation"
62064,"20130211",103154,"Low Risk","Unclean or degraded floors walls or ceilings"
62064,"20130211",103157,"Low Risk","Food safety certificate or food handler card not available"
62064,"20130211",103156,"Low Risk","Permit license or inspection report not posted"
62064,"20130211",103144,"Low Risk","Unapproved or unmaintained equipment or utensils"
62064,"20130211",103114,"High Risk","High risk vermin infestation"
62064,"20130211",103143,"Low Risk","Inadequate warewashing facilities or equipment"
62064,"20130211",103124,"Moderate Risk","Inadequately cleaned or sanitized food contact surfaces"
62064,"20140711",103119,"Moderate Risk","Inadequate and inaccessible handwashing facilities"
62064,"20140711",103120,"Moderate Risk","Moderate risk food holding temperature "
62064,"20140711",103131,"Moderate Risk","Moderate risk vermin infestation"
62064,"20140711",103156,"Low Risk","Permit license or inspection report not posted"
62067,"20130603",103139,"Low Risk","Improper food storage"
62067,"20130603",103149,"Low Risk","Wiping cloths not clean or properly stored or inadequate sanitizer"
62067,"20140605",103149,"Low Risk","Wiping cloths not clean or properly stored or inadequate sanitizer"
62067,"20140605",103124,"Moderate Risk","Inadequately cleaned or sanitized food contact surfaces"
62067,"20140605",103143,"Low Risk","Inadequate warewashing facilities or equipment"
62069,"20150112",103162,"Low Risk","Other low risk violation"
62069,"20150112",103133,"Moderate Risk","Foods not protected from contamination"
62069,"20150112",103124,"Moderate Risk","Inadequately cleaned or sanitized food contact surfaces"
62069,"20130326",103132,"Moderate Risk","Improper thawing methods "
62069,"20130326",103156,"Low Risk","Permit license or inspection report not posted"
62069,"20130326",103129,"Moderate Risk","Insufficient hot water or running water"
62069,"20120719",103133,"Moderate Risk","Foods not protected from contamination"
62072,"20130722",103120,"Moderate Risk","Moderate risk food holding temperature "
62072,"20130722",103110,"High Risk","Unapproved food source"
62072,"20140122",103119,"Moderate Risk","Inadequate and inaccessible handwashing facilities"
62072,"20120727",103133,"Moderate Risk","Foods not protected from contamination"
62072,"20120727",103110,"High Risk","Unapproved food source"
62072,"20120727",103119,"Moderate Risk","Inadequate and inaccessible handwashing facilities"
62140,"20150605",103120,"Moderate Risk","Moderate risk food holding temperature "
62140,"20150605",103116,"Moderate Risk","Inadequate food safety knowledge or lack of certified food safety manager"
62140,"20130618",103124,"Moderate Risk","Inadequately cleaned or sanitized food contact surfaces"
62140,"20130110",103153,"Low Risk","Inadequate dressing rooms or improper storage of personal items"
62140,"20130110",103157,"Low Risk","Food safety certificate or food handler card not available"
62140,"20130110",103144,"Low Risk","Unapproved or unmaintained equipment or utensils"
62140,"20140520",103116,"Moderate Risk","Inadequate food safety knowledge or lack of certified food safety manager"
62140,"20140520",103114,"High Risk","High risk vermin infestation"
62176,"20150413",103142,"Low Risk","Unclean nonfood contact surfaces"
62176,"20150413",103139,"Low Risk","Improper food storage"
62176,"20150413",103131,"Moderate Risk","Moderate risk vermin infestation"
62176,"20130722",103154,"Low Risk","Unclean or degraded floors walls or ceilings"
62176,"20130722",103103,"High Risk","High risk food holding temperature "
62176,"20130722",103109,"High Risk","Unclean or unsanitary food contact surfaces"
62176,"20130722",103148,"Low Risk","No thermometers or uncalibrated thermometers "
62176,"20140318",103109,"High Risk","Unclean or unsanitary food contact surfaces"
62176,"20140318",103131,"Moderate Risk","Moderate risk vermin infestation"
62176,"20140416",103114,"High Risk","High risk vermin infestation"
62176,"20120912",103120,"Moderate Risk","Moderate risk food holding temperature "
62176,"20120912",103154,"Low Risk","Unclean or degraded floors walls or ceilings"
62176,"20120912",103133,"Moderate Risk","Foods not protected from contamination"
62179,"20131105",103142,"Low Risk","Unclean nonfood contact surfaces"
62179,"20130213",103102,"High Risk","Unclean hands or improper use of gloves"
62179,"20130213",103131,"Moderate Risk","Moderate risk vermin infestation"
62179,"20130213",103103,"High Risk","High risk food holding temperature "
62179,"20140613",103104,"High Risk","Unauthorized or unsafe use of time as a public health control measure"
62212,"20150304",103149,"Low Risk","Wiping cloths not clean or properly stored or inadequate sanitizer"
62212,"20150304",103148,"Low Risk","No thermometers or uncalibrated thermometers "
62212,"20150304",103120,"Moderate Risk","Moderate risk food holding temperature "
62212,"20130606",103105,"High Risk","Improper cooling methods"
62212,"20130606",103142,"Low Risk","Unclean nonfood contact surfaces"
62212,"20121108",103142,"Low Risk","Unclean nonfood contact surfaces"
62212,"20121108",103144,"Low Risk","Unapproved or unmaintained equipment or utensils"
62251,"20140523",103145,"Low Risk","Improper storage of equipment utensils or linens"
62277,"20150414",103147,"Low Risk","Inadequate ventilation or lighting"
62277,"20150414",103124,"Moderate Risk","Inadequately cleaned or sanitized food contact surfaces"
62277,"20130325",103162,"Low Risk","Other low risk violation"
62277,"20130325",103124,"Moderate Risk","Inadequately cleaned or sanitized food contact surfaces"
62277,"20140422",103120,"Moderate Risk","Moderate risk food holding temperature "
62277,"20140422",103124,"Moderate Risk","Inadequately cleaned or sanitized food contact surfaces"
62298,"20140206",103139,"Low Risk","Improper food storage"
62298,"20140206",103154,"Low Risk","Unclean or degraded floors walls or ceilings"
62298,"20140206",103145,"Low Risk","Improper storage of equipment utensils or linens"
62298,"20130108",103124,"Moderate Risk","Inadequately cleaned or sanitized food contact surfaces"
62298,"20130108",103139,"Low Risk","Improper food storage"
62298,"20130108",103154,"Low Risk","Unclean or degraded floors walls or ceilings"
62298,"20140813",103138,"Low Risk","Improper storage use or identification of toxic substances"
62298,"20140813",103139,"Low Risk","Improper food storage"
62308,"20120925",103124,"Moderate Risk","Inadequately cleaned or sanitized food contact surfaces"
62308,"20120925",103120,"Moderate Risk","Moderate risk food holding temperature "
62308,"20120925",103147,"Low Risk","Inadequate ventilation or lighting"
62308,"20120925",103131,"Moderate Risk","Moderate risk vermin infestation"
62316,"20150324",103147,"Low Risk","Inadequate ventilation or lighting"
62316,"20150324",103149,"Low Risk","Wiping cloths not clean or properly stored or inadequate sanitizer"
62316,"20150324",103145,"Low Risk","Improper storage of equipment utensils or linens"
62316,"20150324",103109,"High Risk","Unclean or unsanitary food contact surfaces"
62316,"20131016",103156,"Low Risk","Permit license or inspection report not posted"
62316,"20131016",103120,"Moderate Risk","Moderate risk food holding temperature "
62316,"20131016",103119,"Moderate Risk","Inadequate and inaccessible handwashing facilities"
62316,"20130430",103116,"Moderate Risk","Inadequate food safety knowledge or lack of certified food safety manager"
62316,"20140307",103156,"Low Risk","Permit license or inspection report not posted"
62316,"20140307",103145,"Low Risk","Improper storage of equipment utensils or linens"
62316,"20121011",103156,"Low Risk","Permit license or inspection report not posted"
62316,"20121011",103149,"Low Risk","Wiping cloths not clean or properly stored or inadequate sanitizer"
62316,"20121011",103145,"Low Risk","Improper storage of equipment utensils or linens"
62327,"20130619",103103,"High Risk","High risk food holding temperature "
62327,"20130619",103116,"Moderate Risk","Inadequate food safety knowledge or lack of certified food safety manager"
62327,"20130619",103144,"Low Risk","Unapproved or unmaintained equipment or utensils"
62327,"20140429",103133,"Moderate Risk","Foods not protected from contamination"
62327,"20140429",103103,"High Risk","High risk food holding temperature "
62327,"20140429",103116,"Moderate Risk","Inadequate food safety knowledge or lack of certified food safety manager"
62327,"20140429",103147,"Low Risk","Inadequate ventilation or lighting"
62327,"20121220",103129,"Moderate Risk","Insufficient hot water or running water"
62327,"20121220",103138,"Low Risk","Improper storage use or identification of toxic substances"
62327,"20121220",103116,"Moderate Risk","Inadequate food safety knowledge or lack of certified food safety manager"
62327,"20121220",103109,"High Risk","Unclean or unsanitary food contact surfaces"
62330,"20130515",103102,"High Risk","Unclean hands or improper use of gloves"
62330,"20130429",103124,"Moderate Risk","Inadequately cleaned or sanitized food contact surfaces"
62330,"20130429",103142,"Low Risk","Unclean nonfood contact surfaces"
62330,"20130429",103105,"High Risk","Improper cooling methods"
62330,"20130429",103113,"High Risk","Sewage or wastewater contamination"
62330,"20130429",103120,"Moderate Risk","Moderate risk food holding temperature "
62330,"20130429",103123,"Moderate Risk","Food in poor condition"
62330,"20140429",103105,"High Risk","Improper cooling methods"
62330,"20140429",103109,"High Risk","Unclean or unsanitary food contact surfaces"
62330,"20140429",103133,"Moderate Risk","Foods not protected from contamination"
62330,"20140429",103161,"Low Risk","Low risk vermin infestation"
62330,"20140429",103119,"Moderate Risk","Inadequate and inaccessible handwashing facilities"
62330,"20140429",103120,"Moderate Risk","Moderate risk food holding temperature "
62334,"20121211",103119,"Moderate Risk","Inadequate and inaccessible handwashing facilities"
62334,"20121211",103149,"Low Risk","Wiping cloths not clean or properly stored or inadequate sanitizer"
62334,"20140627",103124,"Moderate Risk","Inadequately cleaned or sanitized food contact surfaces"
62334,"20140627",103119,"Moderate Risk","Inadequate and inaccessible handwashing facilities"
62357,"20150304",103139,"Low Risk","Improper food storage"
62357,"20150304",103120,"Moderate Risk","Moderate risk food holding temperature "
62357,"20150304",103147,"Low Risk","Inadequate ventilation or lighting"
62357,"20150304",103119,"Moderate Risk","Inadequate and inaccessible handwashing facilities"
62357,"20130806",103112,"High Risk","No hot water or running water"
62357,"20130806",103149,"Low Risk","Wiping cloths not clean or properly stored or inadequate sanitizer"
62357,"20130806",103144,"Low Risk","Unapproved or unmaintained equipment or utensils"
62357,"20130806",103124,"Moderate Risk","Inadequately cleaned or sanitized food contact surfaces"
62357,"20140410",103147,"Low Risk","Inadequate ventilation or lighting"
62357,"20140410",103148,"Low Risk","No thermometers or uncalibrated thermometers "
62357,"20140410",103103,"High Risk","High risk food holding temperature "
62357,"20140410",103149,"Low Risk","Wiping cloths not clean or properly stored or inadequate sanitizer"
62357,"20130129",103149,"Low Risk","Wiping cloths not clean or properly stored or inadequate sanitizer"
62357,"20130129",103157,"Low Risk","Food safety certificate or food handler card not available"
62357,"20130129",103112,"High Risk","No hot water or running water"
62357,"20130129",103119,"Moderate Risk","Inadequate and inaccessible handwashing facilities"
62357,"20130129",103132,"Moderate Risk","Improper thawing methods "
62358,"20150414",103102,"High Risk","Unclean hands or improper use of gloves"
62358,"20150414",103120,"Moderate Risk","Moderate risk food holding temperature "
62358,"20150414",103124,"Moderate Risk","Inadequately cleaned or sanitized food contact surfaces"
62358,"20150414",103131,"Moderate Risk","Moderate risk vermin infestation"
62358,"20131126",103144,"Low Risk","Unapproved or unmaintained equipment or utensils"
62358,"20131126",103158,"Low Risk","Unpermitted food facility"
62358,"20131126",103118,"Moderate Risk","Employee eating or smoking"
62358,"20131126",103139,"Low Risk","Improper food storage"
62358,"20131126",103143,"Low Risk","Inadequate warewashing facilities or equipment"
62358,"20131126",103147,"Low Risk","Inadequate ventilation or lighting"
62358,"20120611",103120,"Moderate Risk","Moderate risk food holding temperature "
62358,"20120611",103123,"Moderate Risk","Food in poor condition"
62358,"20120611",103139,"Low Risk","Improper food storage"
62358,"20120611",103149,"Low Risk","Wiping cloths not clean or properly stored or inadequate sanitizer"
62362,"20140108",103157,"Low Risk","Food safety certificate or food handler card not available"
62362,"20130321",103154,"Low Risk","Unclean or degraded floors walls or ceilings"
62362,"20130321",103120,"Moderate Risk","Moderate risk food holding temperature "
62362,"20130321",103119,"Moderate Risk","Inadequate and inaccessible handwashing facilities"
62362,"20120718",103144,"Low Risk","Unapproved or unmaintained equipment or utensils"
62362,"20120718",103104,"High Risk","Unauthorized or unsafe use of time as a public health control measure"
62362,"20140626",103119,"Moderate Risk","Inadequate and inaccessible handwashing facilities"
62362,"20140626",103124,"Moderate Risk","Inadequately cleaned or sanitized food contact surfaces"
62362,"20140626",103144,"Low Risk","Unapproved or unmaintained equipment or utensils"
62362,"20140626",103154,"Low Risk","Unclean or degraded floors walls or ceilings"
62362,"20140626",103157,"Low Risk","Food safety certificate or food handler card not available"
62419,"20131212",103116,"Moderate Risk","Inadequate food safety knowledge or lack of certified food safety manager"
62419,"20140806",103102,"High Risk","Unclean hands or improper use of gloves"
62419,"20140806",103129,"Moderate Risk","Insufficient hot water or running water"
62435,"20130522",103109,"High Risk","Unclean or unsanitary food contact surfaces"
62435,"20130522",103142,"Low Risk","Unclean nonfood contact surfaces"
62435,"20130522",103156,"Low Risk","Permit license or inspection report not posted"
62435,"20121114",103145,"Low Risk","Improper storage of equipment utensils or linens"
62435,"20121114",103109,"High Risk","Unclean or unsanitary food contact surfaces"
62443,"20150108",103133,"Moderate Risk","Foods not protected from contamination"
62443,"20150108",103129,"Moderate Risk","Insufficient hot water or running water"
62443,"20150108",103154,"Low Risk","Unclean or degraded floors walls or ceilings"
62443,"20150108",103150,"Low Risk","Improper or defective plumbing"
62443,"20150108",103131,"Moderate Risk","Moderate risk vermin infestation"
62443,"20150108",103119,"Moderate Risk","Inadequate and inaccessible handwashing facilities"
62443,"20140203",103109,"High Risk","Unclean or unsanitary food contact surfaces"
62443,"20140203",103119,"Moderate Risk","Inadequate and inaccessible handwashing facilities"
62443,"20140203",103132,"Moderate Risk","Improper thawing methods "
62443,"20140203",103133,"Moderate Risk","Foods not protected from contamination"
62443,"20140203",103144,"Low Risk","Unapproved or unmaintained equipment or utensils"
62443,"20130410",103133,"Moderate Risk","Foods not protected from contamination"
62443,"20130410",103154,"Low Risk","Unclean or degraded floors walls or ceilings"
62443,"20130410",103142,"Low Risk","Unclean nonfood contact surfaces"
62443,"20130410",103116,"Moderate Risk","Inadequate food safety knowledge or lack of certified food safety manager"
62443,"20130410",103119,"Moderate Risk","Inadequate and inaccessible handwashing facilities"
62443,"20120725",103154,"Low Risk","Unclean or degraded floors walls or ceilings"
62443,"20120725",103124,"Moderate Risk","Inadequately cleaned or sanitized food contact surfaces"
62443,"20120725",103120,"Moderate Risk","Moderate risk food holding temperature "
62445,"20150423",103124,"Moderate Risk","Inadequately cleaned or sanitized food contact surfaces"
62445,"20150423",103133,"Moderate Risk","Foods not protected from contamination"
62445,"20130416",103156,"Low Risk","Permit license or inspection report not posted"
62445,"20130416",103150,"Low Risk","Improper or defective plumbing"
62462,"20130419",103156,"Low Risk","Permit license or inspection report not posted"
62462,"20130419",103149,"Low Risk","Wiping cloths not clean or properly stored or inadequate sanitizer"
62462,"20130419",103147,"Low Risk","Inadequate ventilation or lighting"
62462,"20130419",103131,"Moderate Risk","Moderate risk vermin infestation"
62462,"20120719",103124,"Moderate Risk","Inadequately cleaned or sanitized food contact surfaces"
62462,"20120719",103131,"Moderate Risk","Moderate risk vermin infestation"
62462,"20120719",103139,"Low Risk","Improper food storage"
62462,"20120719",103144,"Low Risk","Unapproved or unmaintained equipment or utensils"
62487,"20141002",103154,"Low Risk","Unclean or degraded floors walls or ceilings"
62487,"20141002",103156,"Low Risk","Permit license or inspection report not posted"
62487,"20130610",103144,"Low Risk","Unapproved or unmaintained equipment or utensils"
62487,"20130610",103161,"Low Risk","Low risk vermin infestation"
62489,"20141003",103103,"High Risk","High risk food holding temperature "
62489,"20141003",103156,"Low Risk","Permit license or inspection report not posted"
62489,"20141003",103154,"Low Risk","Unclean or degraded floors walls or ceilings"
62489,"20141003",103124,"Moderate Risk","Inadequately cleaned or sanitized food contact surfaces"
62489,"20140310",103103,"High Risk","High risk food holding temperature "
62489,"20140310",103149,"Low Risk","Wiping cloths not clean or properly stored or inadequate sanitizer"
62500,"20150319",103139,"Low Risk","Improper food storage"
62500,"20150319",103116,"Moderate Risk","Inadequate food safety knowledge or lack of certified food safety manager"
62500,"20150319",103120,"Moderate Risk","Moderate risk food holding temperature "
62500,"20131021",103119,"Moderate Risk","Inadequate and inaccessible handwashing facilities"
62500,"20131021",103107,"High Risk","Improper reheating of food"
62500,"20121016",103159,"Low Risk","Worker safety hazards"
62500,"20121016",103157,"Low Risk","Food safety certificate or food handler card not available"
62500,"20121016",103103,"High Risk","High risk food holding temperature "
62500,"20121016",103148,"Low Risk","No thermometers or uncalibrated thermometers "
62500,"20140604",103120,"Moderate Risk","Moderate risk food holding temperature "
62500,"20140604",103116,"Moderate Risk","Inadequate food safety knowledge or lack of certified food safety manager"
62500,"20140604",103156,"Low Risk","Permit license or inspection report not posted"
62521,"20140908",103119,"Moderate Risk","Inadequate and inaccessible handwashing facilities"
62521,"20130719",103123,"Moderate Risk","Food in poor condition"
62521,"20140123",103124,"Moderate Risk","Inadequately cleaned or sanitized food contact surfaces"
62521,"20120919",103148,"Low Risk","No thermometers or uncalibrated thermometers "
62521,"20120919",103133,"Moderate Risk","Foods not protected from contamination"
62526,"20141002",103109,"High Risk","Unclean or unsanitary food contact surfaces"
62526,"20140103",103149,"Low Risk","Wiping cloths not clean or properly stored or inadequate sanitizer"
62526,"20120830",103120,"Moderate Risk","Moderate risk food holding temperature "
62526,"20120830",103114,"High Risk","High risk vermin infestation"
62526,"20140523",103120,"Moderate Risk","Moderate risk food holding temperature "
62532,"20131028",103161,"Low Risk","Low risk vermin infestation"
62532,"20130429",103131,"Moderate Risk","Moderate risk vermin infestation"
62532,"20130429",103145,"Low Risk","Improper storage of equipment utensils or linens"
62532,"20140418",103103,"High Risk","High risk food holding temperature "
62532,"20140418",103131,"Moderate Risk","Moderate risk vermin infestation"
62532,"20140418",103133,"Moderate Risk","Foods not protected from contamination"
62532,"20121107",103157,"Low Risk","Food safety certificate or food handler card not available"
62532,"20121107",103131,"Moderate Risk","Moderate risk vermin infestation"
62532,"20121107",103154,"Low Risk","Unclean or degraded floors walls or ceilings"
62548,"20140305",103131,"Moderate Risk","Moderate risk vermin infestation"
62548,"20140304",103145,"Low Risk","Improper storage of equipment utensils or linens"
62548,"20140304",103154,"Low Risk","Unclean or degraded floors walls or ceilings"
62548,"20140304",103120,"Moderate Risk","Moderate risk food holding temperature "
62548,"20140304",103114,"High Risk","High risk vermin infestation"
62548,"20130110",103105,"High Risk","Improper cooling methods"
62548,"20130110",103149,"Low Risk","Wiping cloths not clean or properly stored or inadequate sanitizer"
62548,"20140603",103151,"Low Risk","Inadequate or unsanitary refuse containers or area or no garbage service"
62548,"20140603",103116,"Moderate Risk","Inadequate food safety knowledge or lack of certified food safety manager"
62548,"20140603",103114,"High Risk","High risk vermin infestation"
62548,"20140603",103105,"High Risk","Improper cooling methods"
62548,"20140603",103154,"Low Risk","Unclean or degraded floors walls or ceilings"
62548,"20140603",103109,"High Risk","Unclean or unsanitary food contact surfaces"
62548,"20140603",103149,"Low Risk","Wiping cloths not clean or properly stored or inadequate sanitizer"
62550,"20131104",103124,"Moderate Risk","Inadequately cleaned or sanitized food contact surfaces"
62550,"20131104",103154,"Low Risk","Unclean or degraded floors walls or ceilings"
62550,"20130423",103154,"Low Risk","Unclean or degraded floors walls or ceilings"
62550,"20130423",103139,"Low Risk","Improper food storage"
62550,"20130423",103157,"Low Risk","Food safety certificate or food handler card not available"
62550,"20120926",103133,"Moderate Risk","Foods not protected from contamination"
62550,"20120926",103157,"Low Risk","Food safety certificate or food handler card not available"
62550,"20140630",103120,"Moderate Risk","Moderate risk food holding temperature "
62550,"20140630",103142,"Low Risk","Unclean nonfood contact surfaces"
62550,"20140630",103144,"Low Risk","Unapproved or unmaintained equipment or utensils"
62551,"20150507",103124,"Moderate Risk","Inadequately cleaned or sanitized food contact surfaces"
62551,"20150507",103154,"Low Risk","Unclean or degraded floors walls or ceilings"
62551,"20131104",103120,"Moderate Risk","Moderate risk food holding temperature "
62551,"20131104",103144,"Low Risk","Unapproved or unmaintained equipment or utensils"
62551,"20131104",103149,"Low Risk","Wiping cloths not clean or properly stored or inadequate sanitizer"
62551,"20130423",103120,"Moderate Risk","Moderate risk food holding temperature "
62551,"20130423",103139,"Low Risk","Improper food storage"
62551,"20120926",103157,"Low Risk","Food safety certificate or food handler card not available"
62551,"20120926",103139,"Low Risk","Improper food storage"
62551,"20120926",103144,"Low Risk","Unapproved or unmaintained equipment or utensils"
62552,"20131104",103139,"Low Risk","Improper food storage"
62552,"20131104",103157,"Low Risk","Food safety certificate or food handler card not available"
62552,"20130423",103139,"Low Risk","Improper food storage"
62552,"20130423",103154,"Low Risk","Unclean or degraded floors walls or ceilings"
62552,"20130423",103157,"Low Risk","Food safety certificate or food handler card not available"
62552,"20120926",103157,"Low Risk","Food safety certificate or food handler card not available"
62552,"20140630",103142,"Low Risk","Unclean nonfood contact surfaces"
62552,"20140630",103145,"Low Risk","Improper storage of equipment utensils or linens"
62552,"20140630",103120,"Moderate Risk","Moderate risk food holding temperature "
62552,"20140630",103133,"Moderate Risk","Foods not protected from contamination"
62560,"20141105",103144,"Low Risk","Unapproved or unmaintained equipment or utensils"
62560,"20141105",103116,"Moderate Risk","Inadequate food safety knowledge or lack of certified food safety manager"
62560,"20130822",103119,"Moderate Risk","Inadequate and inaccessible handwashing facilities"
62560,"20120719",103120,"Moderate Risk","Moderate risk food holding temperature "
62560,"20130207",103157,"Low Risk","Food safety certificate or food handler card not available"
62561,"20140326",103149,"Low Risk","Wiping cloths not clean or properly stored or inadequate sanitizer"
62572,"20121115",103149,"Low Risk","Wiping cloths not clean or properly stored or inadequate sanitizer"
62572,"20121115",103124,"Moderate Risk","Inadequately cleaned or sanitized food contact surfaces"
62572,"20121115",103103,"High Risk","High risk food holding temperature "
62572,"20140610",103124,"Moderate Risk","Inadequately cleaned or sanitized food contact surfaces"
62572,"20140610",103120,"Moderate Risk","Moderate risk food holding temperature "
62572,"20140610",103161,"Low Risk","Low risk vermin infestation"
62573,"20131112",103139,"Low Risk","Improper food storage"
62573,"20131112",103109,"High Risk","Unclean or unsanitary food contact surfaces"
62573,"20120620",103114,"High Risk","High risk vermin infestation"
62573,"20120620",103151,"Low Risk","Inadequate or unsanitary refuse containers or area or no garbage service"
62573,"20120620",103142,"Low Risk","Unclean nonfood contact surfaces"
62573,"20120620",103139,"Low Risk","Improper food storage"
62573,"20130204",103103,"High Risk","High risk food holding temperature "
62573,"20130204",103148,"Low Risk","No thermometers or uncalibrated thermometers "
62573,"20140527",103143,"Low Risk","Inadequate warewashing facilities or equipment"
62573,"20140527",103139,"Low Risk","Improper food storage"
62578,"20140829",103114,"High Risk","High risk vermin infestation"
62578,"20131220",103149,"Low Risk","Wiping cloths not clean or properly stored or inadequate sanitizer"
62578,"20131220",103142,"Low Risk","Unclean nonfood contact surfaces"
62578,"20131220",103124,"Moderate Risk","Inadequately cleaned or sanitized food contact surfaces"
62578,"20131220",103102,"High Risk","Unclean hands or improper use of gloves"
62578,"20131220",103157,"Low Risk","Food safety certificate or food handler card not available"
62578,"20131220",103139,"Low Risk","Improper food storage"
62578,"20120808",103131,"Moderate Risk","Moderate risk vermin infestation"
62578,"20120806",103114,"High Risk","High risk vermin infestation"
62578,"20120815",103161,"Low Risk","Low risk vermin infestation"
62578,"20120806",103150,"Low Risk","Improper or defective plumbing"
62578,"20120806",103156,"Low Risk","Permit license or inspection report not posted"
62578,"20120806",103154,"Low Risk","Unclean or degraded floors walls or ceilings"
62578,"20120806",103119,"Moderate Risk","Inadequate and inaccessible handwashing facilities"
62578,"20120815",103150,"Low Risk","Improper or defective plumbing"
62578,"20120806",103120,"Moderate Risk","Moderate risk food holding temperature "
62578,"20120806",103149,"Low Risk","Wiping cloths not clean or properly stored or inadequate sanitizer"
62578,"20120806",103144,"Low Risk","Unapproved or unmaintained equipment or utensils"
62578,"20120806",103142,"Low Risk","Unclean nonfood contact surfaces"
62578,"20120806",103133,"Moderate Risk","Foods not protected from contamination"
62578,"20120806",103123,"Moderate Risk","Food in poor condition"
62578,"20140725",103103,"High Risk","High risk food holding temperature "
62578,"20140725",103124,"Moderate Risk","Inadequately cleaned or sanitized food contact surfaces"
62578,"20140725",103132,"Moderate Risk","Improper thawing methods "
62578,"20140725",103114,"High Risk","High risk vermin infestation"
62578,"20140725",103154,"Low Risk","Unclean or degraded floors walls or ceilings"
62578,"20140725",103144,"Low Risk","Unapproved or unmaintained equipment or utensils"
62578,"20140725",103142,"Low Risk","Unclean nonfood contact surfaces"
62578,"20140725",103119,"Moderate Risk","Inadequate and inaccessible handwashing facilities"
62578,"20140725",103139,"Low Risk","Improper food storage"
62578,"20140725",103156,"Low Risk","Permit license or inspection report not posted"
62597,"20150507",103107,"High Risk","Improper reheating of food"
62597,"20150507",103120,"Moderate Risk","Moderate risk food holding temperature "
62597,"20131209",103142,"Low Risk","Unclean nonfood contact surfaces"
62597,"20131209",103132,"Moderate Risk","Improper thawing methods "
62597,"20131209",103141,"Low Risk","Improper food labeling or menu misrepresentation"
62597,"20131209",103124,"Moderate Risk","Inadequately cleaned or sanitized food contact surfaces"
62597,"20131209",103154,"Low Risk","Unclean or degraded floors walls or ceilings"
62597,"20131209",103118,"Moderate Risk","Employee eating or smoking"
62597,"20131209",103115,"High Risk","Other high risk violation"
62597,"20131209",103152,"Low Risk","Unclean unmaintained or improperly constructed toilet facilities"
62597,"20131209",103120,"Moderate Risk","Moderate risk food holding temperature "
62597,"20120612",103154,"Low Risk","Unclean or degraded floors walls or ceilings"
62597,"20120612",103142,"Low Risk","Unclean nonfood contact surfaces"
62597,"20120612",103120,"Moderate Risk","Moderate risk food holding temperature "
62597,"20120621",103157,"Low Risk","Food safety certificate or food handler card not available"
62597,"20120621",103103,"High Risk","High risk food holding temperature "
62597,"20120612",103152,"Low Risk","Unclean unmaintained or improperly constructed toilet facilities"
62597,"20130114",103124,"Moderate Risk","Inadequately cleaned or sanitized food contact surfaces"
62597,"20130114",103105,"High Risk","Improper cooling methods"
62597,"20130114",103119,"Moderate Risk","Inadequate and inaccessible handwashing facilities"
62597,"20130114",103118,"Moderate Risk","Employee eating or smoking"
62597,"20130114",103139,"Low Risk","Improper food storage"
62597,"20130114",103132,"Moderate Risk","Improper thawing methods "
62597,"20130114",103120,"Moderate Risk","Moderate risk food holding temperature "
62597,"20140604",103149,"Low Risk","Wiping cloths not clean or properly stored or inadequate sanitizer"
62631,"20150505",103102,"High Risk","Unclean hands or improper use of gloves"
62631,"20150505",103138,"Low Risk","Improper storage use or identification of toxic substances"
62631,"20130821",103120,"Moderate Risk","Moderate risk food holding temperature "
62631,"20130821",103124,"Moderate Risk","Inadequately cleaned or sanitized food contact surfaces"
62631,"20130821",103157,"Low Risk","Food safety certificate or food handler card not available"
62631,"20140424",103119,"Moderate Risk","Inadequate and inaccessible handwashing facilities"
62631,"20140424",103124,"Moderate Risk","Inadequately cleaned or sanitized food contact surfaces"
62631,"20140424",103103,"High Risk","High risk food holding temperature "
62631,"20121119",103120,"Moderate Risk","Moderate risk food holding temperature "
62631,"20121119",103145,"Low Risk","Improper storage of equipment utensils or linens"
62632,"20130923",103142,"Low Risk","Unclean nonfood contact surfaces"
62632,"20130923",103145,"Low Risk","Improper storage of equipment utensils or linens"
62632,"20130923",103103,"High Risk","High risk food holding temperature "
62632,"20130110",103154,"Low Risk","Unclean or degraded floors walls or ceilings"
62632,"20130110",103144,"Low Risk","Unapproved or unmaintained equipment or utensils"
62632,"20130110",103131,"Moderate Risk","Moderate risk vermin infestation"
62632,"20130110",103103,"High Risk","High risk food holding temperature "
62632,"20130110",103162,"Low Risk","Other low risk violation"
62632,"20140514",103119,"Moderate Risk","Inadequate and inaccessible handwashing facilities"
62632,"20140514",103124,"Moderate Risk","Inadequately cleaned or sanitized food contact surfaces"
62632,"20140514",103145,"Low Risk","Improper storage of equipment utensils or linens"
62632,"20140514",103103,"High Risk","High risk food holding temperature "
62674,"20140516",103120,"Moderate Risk","Moderate risk food holding temperature "
62688,"20150206",103154,"Low Risk","Unclean or degraded floors walls or ceilings"
62688,"20150206",103124,"Moderate Risk","Inadequately cleaned or sanitized food contact surfaces"
62688,"20131219",103107,"High Risk","Improper reheating of food"
62688,"20131219",103139,"Low Risk","Improper food storage"
62688,"20131219",103119,"Moderate Risk","Inadequate and inaccessible handwashing facilities"
62688,"20130211",103118,"Moderate Risk","Employee eating or smoking"
62688,"20130211",103145,"Low Risk","Improper storage of equipment utensils or linens"
62688,"20130211",103103,"High Risk","High risk food holding temperature "
62699,"20150319",103156,"Low Risk","Permit license or inspection report not posted"
62699,"20150319",103103,"High Risk","High risk food holding temperature "
62699,"20130118",103157,"Low Risk","Food safety certificate or food handler card not available"
62699,"20130118",103156,"Low Risk","Permit license or inspection report not posted"
62699,"20140517",103162,"Low Risk","Other low risk violation"
62699,"20140517",103124,"Moderate Risk","Inadequately cleaned or sanitized food contact surfaces"
62701,"20140307",103143,"Low Risk","Inadequate warewashing facilities or equipment"
62701,"20140307",103119,"Moderate Risk","Inadequate and inaccessible handwashing facilities"
62701,"20140307",103157,"Low Risk","Food safety certificate or food handler card not available"
62701,"20120802",103124,"Moderate Risk","Inadequately cleaned or sanitized food contact surfaces"
62701,"20120802",103139,"Low Risk","Improper food storage"
62701,"20120802",103143,"Low Risk","Inadequate warewashing facilities or equipment"
62701,"20120802",103148,"Low Risk","No thermometers or uncalibrated thermometers "
62701,"20120802",103154,"Low Risk","Unclean or degraded floors walls or ceilings"
62701,"20120802",103119,"Moderate Risk","Inadequate and inaccessible handwashing facilities"
62702,"20140505",103119,"Moderate Risk","Inadequate and inaccessible handwashing facilities"
62702,"20121114",103124,"Moderate Risk","Inadequately cleaned or sanitized food contact surfaces"
62702,"20121114",103133,"Moderate Risk","Foods not protected from contamination"
62702,"20121114",103142,"Low Risk","Unclean nonfood contact surfaces"
62702,"20121114",103145,"Low Risk","Improper storage of equipment utensils or linens"
62702,"20121114",103154,"Low Risk","Unclean or degraded floors walls or ceilings"
62708,"20150226",103139,"Low Risk","Improper food storage"
62708,"20150226",103156,"Low Risk","Permit license or inspection report not posted"
62708,"20131115",103133,"Moderate Risk","Foods not protected from contamination"
62708,"20131115",103156,"Low Risk","Permit license or inspection report not posted"
62708,"20131115",103116,"Moderate Risk","Inadequate food safety knowledge or lack of certified food safety manager"
62708,"20130508",103114,"High Risk","High risk vermin infestation"
62708,"20130508",103109,"High Risk","Unclean or unsanitary food contact surfaces"
62708,"20130508",103149,"Low Risk","Wiping cloths not clean or properly stored or inadequate sanitizer"
62708,"20140312",103116,"Moderate Risk","Inadequate food safety knowledge or lack of certified food safety manager"
62708,"20140312",103133,"Moderate Risk","Foods not protected from contamination"
62708,"20140312",103102,"High Risk","Unclean hands or improper use of gloves"
62708,"20140312",103156,"Low Risk","Permit license or inspection report not posted"
62708,"20140312",103114,"High Risk","High risk vermin infestation"
62708,"20121121",103113,"High Risk","Sewage or wastewater contamination"
62708,"20121121",103108,"High Risk","Contaminated or adulterated food"
62708,"20121121",103114,"High Risk","High risk vermin infestation"
62708,"20121121",103119,"Moderate Risk","Inadequate and inaccessible handwashing facilities"
62708,"20121121",103133,"Moderate Risk","Foods not protected from contamination"
62708,"20140814",103156,"Low Risk","Permit license or inspection report not posted"
62708,"20140814",103145,"Low Risk","Improper storage of equipment utensils or linens"
62708,"20140814",103131,"Moderate Risk","Moderate risk vermin infestation"
62708,"20140814",103138,"Low Risk","Improper storage use or identification of toxic substances"
62710,"20150221",103124,"Moderate Risk","Inadequately cleaned or sanitized food contact surfaces"
62710,"20150221",103120,"Moderate Risk","Moderate risk food holding temperature "
62710,"20150221",103119,"Moderate Risk","Inadequate and inaccessible handwashing facilities"
62710,"20130619",103122,"Moderate Risk","Reservice of previously served foods"
62710,"20130619",103143,"Low Risk","Inadequate warewashing facilities or equipment"
62710,"20130619",103112,"High Risk","No hot water or running water"
62710,"20130619",103120,"Moderate Risk","Moderate risk food holding temperature "
62710,"20130619",103149,"Low Risk","Wiping cloths not clean or properly stored or inadequate sanitizer"
62710,"20140221",103112,"High Risk","No hot water or running water"
62710,"20140221",103124,"Moderate Risk","Inadequately cleaned or sanitized food contact surfaces"
62710,"20140221",103119,"Moderate Risk","Inadequate and inaccessible handwashing facilities"
62710,"20121005",103124,"Moderate Risk","Inadequately cleaned or sanitized food contact surfaces"
62710,"20121005",103133,"Moderate Risk","Foods not protected from contamination"
62710,"20121005",103112,"High Risk","No hot water or running water"
62710,"20121005",103144,"Low Risk","Unapproved or unmaintained equipment or utensils"
62710,"20121005",103119,"Moderate Risk","Inadequate and inaccessible handwashing facilities"
62717,"20140303",103120,"Moderate Risk","Moderate risk food holding temperature "
62717,"20140303",103157,"Low Risk","Food safety certificate or food handler card not available"
62730,"20150306",103145,"Low Risk","Improper storage of equipment utensils or linens"
62730,"20150306",103109,"High Risk","Unclean or unsanitary food contact surfaces"
62730,"20150306",103139,"Low Risk","Improper food storage"
62730,"20150306",103150,"Low Risk","Improper or defective plumbing"
62730,"20150306",103154,"Low Risk","Unclean or degraded floors walls or ceilings"
62730,"20150306",103119,"Moderate Risk","Inadequate and inaccessible handwashing facilities"
62730,"20120627",103149,"Low Risk","Wiping cloths not clean or properly stored or inadequate sanitizer"
62730,"20130129",103150,"Low Risk","Improper or defective plumbing"
62730,"20130129",103124,"Moderate Risk","Inadequately cleaned or sanitized food contact surfaces"
62730,"20140508",103139,"Low Risk","Improper food storage"
62730,"20140508",103124,"Moderate Risk","Inadequately cleaned or sanitized food contact surfaces"
62730,"20140508",103157,"Low Risk","Food safety certificate or food handler card not available"
62730,"20140508",103150,"Low Risk","Improper or defective plumbing"
62730,"20140508",103154,"Low Risk","Unclean or degraded floors walls or ceilings"
62735,"20150121",103129,"Moderate Risk","Insufficient hot water or running water"
62735,"20150121",103139,"Low Risk","Improper food storage"
62735,"20150121",103131,"Moderate Risk","Moderate risk vermin infestation"
62735,"20150121",103154,"Low Risk","Unclean or degraded floors walls or ceilings"
62735,"20150121",103145,"Low Risk","Improper storage of equipment utensils or linens"
62735,"20150121",103120,"Moderate Risk","Moderate risk food holding temperature "
62735,"20130819",103139,"Low Risk","Improper food storage"
62735,"20130819",103131,"Moderate Risk","Moderate risk vermin infestation"
62735,"20130819",103105,"High Risk","Improper cooling methods"
62735,"20130819",103149,"Low Risk","Wiping cloths not clean or properly stored or inadequate sanitizer"
62735,"20140317",103103,"High Risk","High risk food holding temperature "
62735,"20140317",103124,"Moderate Risk","Inadequately cleaned or sanitized food contact surfaces"
62735,"20140317",103105,"High Risk","Improper cooling methods"
62735,"20121212",103141,"Low Risk","Improper food labeling or menu misrepresentation"
62735,"20121212",103144,"Low Risk","Unapproved or unmaintained equipment or utensils"
62735,"20121212",103154,"Low Risk","Unclean or degraded floors walls or ceilings"
62735,"20121212",103134,"Moderate Risk","Other moderate risk violation"
62739,"20150428",103133,"Moderate Risk","Foods not protected from contamination"
62739,"20150428",103103,"High Risk","High risk food holding temperature "
62739,"20131120",103131,"Moderate Risk","Moderate risk vermin infestation"
62739,"20131120",103133,"Moderate Risk","Foods not protected from contamination"
62739,"20131120",103144,"Low Risk","Unapproved or unmaintained equipment or utensils"
62739,"20131120",103105,"High Risk","Improper cooling methods"
62739,"20131120",103109,"High Risk","Unclean or unsanitary food contact surfaces"
62739,"20131120",103142,"Low Risk","Unclean nonfood contact surfaces"
62739,"20131120",103120,"Moderate Risk","Moderate risk food holding temperature "
62739,"20120921",103165,"Low Risk","No plan review or Building Permit"
62739,"20120921",103113,"High Risk","Sewage or wastewater contamination"
62739,"20120921",103116,"Moderate Risk","Inadequate food safety knowledge or lack of certified food safety manager"
62739,"20120921",103120,"Moderate Risk","Moderate risk food holding temperature "
62739,"20120921",103133,"Moderate Risk","Foods not protected from contamination"
62739,"20120921",103102,"High Risk","Unclean hands or improper use of gloves"
62739,"20120921",103142,"Low Risk","Unclean nonfood contact surfaces"
62739,"20120921",103144,"Low Risk","Unapproved or unmaintained equipment or utensils"
62744,"20140121",103149,"Low Risk","Wiping cloths not clean or properly stored or inadequate sanitizer"
62744,"20140121",103139,"Low Risk","Improper food storage"
62744,"20130607",103143,"Low Risk","Inadequate warewashing facilities or equipment"
62744,"20130607",103149,"Low Risk","Wiping cloths not clean or properly stored or inadequate sanitizer"
62744,"20130607",103133,"Moderate Risk","Foods not protected from contamination"
62744,"20130607",103119,"Moderate Risk","Inadequate and inaccessible handwashing facilities"
62744,"20120802",103149,"Low Risk","Wiping cloths not clean or properly stored or inadequate sanitizer"
62744,"20120802",103157,"Low Risk","Food safety certificate or food handler card not available"
62744,"20140730",103144,"Low Risk","Unapproved or unmaintained equipment or utensils"
62744,"20140730",103139,"Low Risk","Improper food storage"
62744,"20140730",103119,"Moderate Risk","Inadequate and inaccessible handwashing facilities"
62744,"20140730",103154,"Low Risk","Unclean or degraded floors walls or ceilings"
62746,"20150204",103142,"Low Risk","Unclean nonfood contact surfaces"
62746,"20150204",103149,"Low Risk","Wiping cloths not clean or properly stored or inadequate sanitizer"
62746,"20130925",103149,"Low Risk","Wiping cloths not clean or properly stored or inadequate sanitizer"
62746,"20130925",103142,"Low Risk","Unclean nonfood contact surfaces"
62746,"20130925",103120,"Moderate Risk","Moderate risk food holding temperature "
62746,"20130325",103120,"Moderate Risk","Moderate risk food holding temperature "
62746,"20130325",103133,"Moderate Risk","Foods not protected from contamination"
62746,"20130325",103149,"Low Risk","Wiping cloths not clean or properly stored or inadequate sanitizer"
62746,"20140326",103142,"Low Risk","Unclean nonfood contact surfaces"
62746,"20140326",103119,"Moderate Risk","Inadequate and inaccessible handwashing facilities"
62746,"20140326",103162,"Low Risk","Other low risk violation"
62746,"20140326",103133,"Moderate Risk","Foods not protected from contamination"
62746,"20120801",103154,"Low Risk","Unclean or degraded floors walls or ceilings"
62746,"20120801",103144,"Low Risk","Unapproved or unmaintained equipment or utensils"
62746,"20140820",103139,"Low Risk","Improper food storage"
62746,"20140820",103145,"Low Risk","Improper storage of equipment utensils or linens"
62748,"20130626",103147,"Low Risk","Inadequate ventilation or lighting"
62748,"20140227",103132,"Moderate Risk","Improper thawing methods "
62748,"20140813",103133,"Moderate Risk","Foods not protected from contamination"
62765,"20150108",103157,"Low Risk","Food safety certificate or food handler card not available"
62765,"20150108",103144,"Low Risk","Unapproved or unmaintained equipment or utensils"
62765,"20150108",103142,"Low Risk","Unclean nonfood contact surfaces"
62765,"20150108",103133,"Moderate Risk","Foods not protected from contamination"
62765,"20150108",103120,"Moderate Risk","Moderate risk food holding temperature "
62765,"20150108",103114,"High Risk","High risk vermin infestation"
62765,"20130515",103144,"Low Risk","Unapproved or unmaintained equipment or utensils"
62765,"20130515",103103,"High Risk","High risk food holding temperature "
62765,"20130515",103142,"Low Risk","Unclean nonfood contact surfaces"
62765,"20130515",103133,"Moderate Risk","Foods not protected from contamination"
62765,"20130515",103109,"High Risk","Unclean or unsanitary food contact surfaces"
62765,"20140213",103124,"Moderate Risk","Inadequately cleaned or sanitized food contact surfaces"
62765,"20121115",103133,"Moderate Risk","Foods not protected from contamination"
62765,"20121115",103142,"Low Risk","Unclean nonfood contact surfaces"
62765,"20121115",103124,"Moderate Risk","Inadequately cleaned or sanitized food contact surfaces"
62765,"20121115",103119,"Moderate Risk","Inadequate and inaccessible handwashing facilities"
62765,"20121115",103114,"High Risk","High risk vermin infestation"
62765,"20121115",103154,"Low Risk","Unclean or degraded floors walls or ceilings"
62765,"20140623",103109,"High Risk","Unclean or unsanitary food contact surfaces"
62765,"20140623",103119,"Moderate Risk","Inadequate and inaccessible handwashing facilities"
62765,"20140623",103133,"Moderate Risk","Foods not protected from contamination"
62765,"20140623",103114,"High Risk","High risk vermin infestation"
62765,"20140623",103142,"Low Risk","Unclean nonfood contact surfaces"
62765,"20140623",103144,"Low Risk","Unapproved or unmaintained equipment or utensils"
62767,"20131224",103144,"Low Risk","Unapproved or unmaintained equipment or utensils"
62767,"20131224",103120,"Moderate Risk","Moderate risk food holding temperature "
62767,"20131224",103116,"Moderate Risk","Inadequate food safety knowledge or lack of certified food safety manager"
62767,"20130613",103138,"Low Risk","Improper storage use or identification of toxic substances"
62767,"20130613",103116,"Moderate Risk","Inadequate food safety knowledge or lack of certified food safety manager"
62767,"20130613",103120,"Moderate Risk","Moderate risk food holding temperature "
62767,"20130613",103144,"Low Risk","Unapproved or unmaintained equipment or utensils"
62767,"20121128",103141,"Low Risk","Improper food labeling or menu misrepresentation"
62767,"20121128",103142,"Low Risk","Unclean nonfood contact surfaces"
62767,"20140627",103116,"Moderate Risk","Inadequate food safety knowledge or lack of certified food safety manager"
62767,"20140627",103120,"Moderate Risk","Moderate risk food holding temperature "
62767,"20140627",103139,"Low Risk","Improper food storage"
62767,"20140627",103144,"Low Risk","Unapproved or unmaintained equipment or utensils"
62768,"20141029",103119,"Moderate Risk","Inadequate and inaccessible handwashing facilities"
62768,"20141029",103103,"High Risk","High risk food holding temperature "
62768,"20131219",103131,"Moderate Risk","Moderate risk vermin infestation"
62768,"20130520",103139,"Low Risk","Improper food storage"
62768,"20130520",103142,"Low Risk","Unclean nonfood contact surfaces"
62768,"20121004",103143,"Low Risk","Inadequate warewashing facilities or equipment"
62768,"20121012",103124,"Moderate Risk","Inadequately cleaned or sanitized food contact surfaces"
62768,"20121004",103120,"Moderate Risk","Moderate risk food holding temperature "
62769,"20141106",103142,"Low Risk","Unclean nonfood contact surfaces"
62769,"20141106",103139,"Low Risk","Improper food storage"
62769,"20141106",103156,"Low Risk","Permit license or inspection report not posted"
62769,"20141106",103120,"Moderate Risk","Moderate risk food holding temperature "
62769,"20141106",103103,"High Risk","High risk food holding temperature "
62769,"20141106",103129,"Moderate Risk","Insufficient hot water or running water"
62769,"20131015",103161,"Low Risk","Low risk vermin infestation"
62769,"20131010",103139,"Low Risk","Improper food storage"
62769,"20131010",103120,"Moderate Risk","Moderate risk food holding temperature "
62769,"20131010",103114,"High Risk","High risk vermin infestation"
62769,"20131010",103105,"High Risk","Improper cooling methods"
62769,"20131010",103142,"Low Risk","Unclean nonfood contact surfaces"
62769,"20130423",103105,"High Risk","Improper cooling methods"
62769,"20130423",103142,"Low Risk","Unclean nonfood contact surfaces"
62769,"20130423",103138,"Low Risk","Improper storage use or identification of toxic substances"
62769,"20130423",103116,"Moderate Risk","Inadequate food safety knowledge or lack of certified food safety manager"
62769,"20130423",103102,"High Risk","Unclean hands or improper use of gloves"
62769,"20130423",103103,"High Risk","High risk food holding temperature "
62769,"20130423",103144,"Low Risk","Unapproved or unmaintained equipment or utensils"
62769,"20140319",103153,"Low Risk","Inadequate dressing rooms or improper storage of personal items"
62769,"20140319",103156,"Low Risk","Permit license or inspection report not posted"
62769,"20140319",103102,"High Risk","Unclean hands or improper use of gloves"
62769,"20140319",103103,"High Risk","High risk food holding temperature "
62769,"20140319",103121,"Moderate Risk","Inadequate procedures or records for time as a public health control "
62769,"20140319",103139,"Low Risk","Improper food storage"
62769,"20140319",103129,"Moderate Risk","Insufficient hot water or running water"
62769,"20120920",103116,"Moderate Risk","Inadequate food safety knowledge or lack of certified food safety manager"
62769,"20120920",103112,"High Risk","No hot water or running water"
62769,"20120920",103132,"Moderate Risk","Improper thawing methods "
62769,"20120920",103131,"Moderate Risk","Moderate risk vermin infestation"
62769,"20120920",103120,"Moderate Risk","Moderate risk food holding temperature "
62769,"20120920",103142,"Low Risk","Unclean nonfood contact surfaces"
62771,"20150528",103133,"Moderate Risk","Foods not protected from contamination"
62771,"20150528",103154,"Low Risk","Unclean or degraded floors walls or ceilings"
62771,"20150528",103131,"Moderate Risk","Moderate risk vermin infestation"
62771,"20150528",103157,"Low Risk","Food safety certificate or food handler card not available"
62771,"20131002",103149,"Low Risk","Wiping cloths not clean or properly stored or inadequate sanitizer"
62771,"20140331",103120,"Moderate Risk","Moderate risk food holding temperature "
62771,"20140331",103121,"Moderate Risk","Inadequate procedures or records for time as a public health control "
62771,"20121002",103157,"Low Risk","Food safety certificate or food handler card not available"
62772,"20141113",103138,"Low Risk","Improper storage use or identification of toxic substances"
62772,"20141113",103161,"Low Risk","Low risk vermin infestation"
62772,"20141113",103142,"Low Risk","Unclean nonfood contact surfaces"
62772,"20130115",103124,"Moderate Risk","Inadequately cleaned or sanitized food contact surfaces"
62775,"20150507",103119,"Moderate Risk","Inadequate and inaccessible handwashing facilities"
62775,"20150507",103142,"Low Risk","Unclean nonfood contact surfaces"
62775,"20131108",103120,"Moderate Risk","Moderate risk food holding temperature "
62775,"20130503",103142,"Low Risk","Unclean nonfood contact surfaces"
62775,"20130503",103120,"Moderate Risk","Moderate risk food holding temperature "
62775,"20120803",103124,"Moderate Risk","Inadequately cleaned or sanitized food contact surfaces"
62779,"20130830",103142,"Low Risk","Unclean nonfood contact surfaces"
62779,"20121220",103154,"Low Risk","Unclean or degraded floors walls or ceilings"
62779,"20140509",103154,"Low Risk","Unclean or degraded floors walls or ceilings"
62779,"20140509",103139,"Low Risk","Improper food storage"
62779,"20140509",103144,"Low Risk","Unapproved or unmaintained equipment or utensils"
62780,"20131114",103119,"Moderate Risk","Inadequate and inaccessible handwashing facilities"
62780,"20131114",103120,"Moderate Risk","Moderate risk food holding temperature "
62780,"20120718",103142,"Low Risk","Unclean nonfood contact surfaces"
62780,"20120718",103112,"High Risk","No hot water or running water"
62780,"20140514",103149,"Low Risk","Wiping cloths not clean or properly stored or inadequate sanitizer"
62780,"20140514",103144,"Low Risk","Unapproved or unmaintained equipment or utensils"
62780,"20140514",103143,"Low Risk","Inadequate warewashing facilities or equipment"
62780,"20140514",103132,"Moderate Risk","Improper thawing methods "
62780,"20140514",103119,"Moderate Risk","Inadequate and inaccessible handwashing facilities"
62784,"20140902",103154,"Low Risk","Unclean or degraded floors walls or ceilings"
62784,"20130808",103148,"Low Risk","No thermometers or uncalibrated thermometers "
62784,"20130808",103144,"Low Risk","Unapproved or unmaintained equipment or utensils"
62784,"20140325",103148,"Low Risk","No thermometers or uncalibrated thermometers "
62784,"20121213",103129,"Moderate Risk","Insufficient hot water or running water"
62785,"20140407",103119,"Moderate Risk","Inadequate and inaccessible handwashing facilities"
62785,"20140407",103162,"Low Risk","Other low risk violation"
62792,"20150113",103131,"Moderate Risk","Moderate risk vermin infestation"
62792,"20130806",103139,"Low Risk","Improper food storage"
62792,"20130806",103131,"Moderate Risk","Moderate risk vermin infestation"
62792,"20140305",103120,"Moderate Risk","Moderate risk food holding temperature "
62792,"20140305",103131,"Moderate Risk","Moderate risk vermin infestation"
62792,"20121017",103141,"Low Risk","Improper food labeling or menu misrepresentation"
62792,"20121017",103142,"Low Risk","Unclean nonfood contact surfaces"
62792,"20121017",103144,"Low Risk","Unapproved or unmaintained equipment or utensils"
62797,"20130107",103145,"Low Risk","Improper storage of equipment utensils or linens"
62814,"20150309",103109,"High Risk","Unclean or unsanitary food contact surfaces"
62814,"20130930",103121,"Moderate Risk","Inadequate procedures or records for time as a public health control "
62814,"20130930",103144,"Low Risk","Unapproved or unmaintained equipment or utensils"
62814,"20140226",103154,"Low Risk","Unclean or degraded floors walls or ceilings"
62814,"20140226",103144,"Low Risk","Unapproved or unmaintained equipment or utensils"
62814,"20140226",103149,"Low Risk","Wiping cloths not clean or properly stored or inadequate sanitizer"
62814,"20130201",103143,"Low Risk","Inadequate warewashing facilities or equipment"
62814,"20130201",103133,"Moderate Risk","Foods not protected from contamination"
62816,"20130621",103157,"Low Risk","Food safety certificate or food handler card not available"
62816,"20131213",103129,"Moderate Risk","Insufficient hot water or running water"
62824,"20150512",103144,"Low Risk","Unapproved or unmaintained equipment or utensils"
62824,"20150512",103133,"Moderate Risk","Foods not protected from contamination"
62824,"20150512",103120,"Moderate Risk","Moderate risk food holding temperature "
62824,"20150512",103109,"High Risk","Unclean or unsanitary food contact surfaces"
62824,"20131010",103107,"High Risk","Improper reheating of food"
62824,"20131010",103103,"High Risk","High risk food holding temperature "
62824,"20131010",103105,"High Risk","Improper cooling methods"
62824,"20130306",103156,"Low Risk","Permit license or inspection report not posted"
62824,"20130306",103154,"Low Risk","Unclean or degraded floors walls or ceilings"
62824,"20130306",103132,"Moderate Risk","Improper thawing methods "
62824,"20130306",103157,"Low Risk","Food safety certificate or food handler card not available"
62824,"20120723",103120,"Moderate Risk","Moderate risk food holding temperature "
62824,"20120723",103157,"Low Risk","Food safety certificate or food handler card not available"
62834,"20130925",103103,"High Risk","High risk food holding temperature "
62834,"20130925",103116,"Moderate Risk","Inadequate food safety knowledge or lack of certified food safety manager"
62834,"20130925",103150,"Low Risk","Improper or defective plumbing"
62834,"20130925",103154,"Low Risk","Unclean or degraded floors walls or ceilings"
62834,"20130925",103156,"Low Risk","Permit license or inspection report not posted"
62834,"20130312",103116,"Moderate Risk","Inadequate food safety knowledge or lack of certified food safety manager"
62834,"20130312",103144,"Low Risk","Unapproved or unmaintained equipment or utensils"
62834,"20140317",103156,"Low Risk","Permit license or inspection report not posted"
62834,"20120809",103114,"High Risk","High risk vermin infestation"
62834,"20120809",103144,"Low Risk","Unapproved or unmaintained equipment or utensils"
62834,"20120809",103156,"Low Risk","Permit license or inspection report not posted"
62834,"20120809",103103,"High Risk","High risk food holding temperature "
62849,"20130916",103145,"Low Risk","Improper storage of equipment utensils or linens"
62849,"20130916",103131,"Moderate Risk","Moderate risk vermin infestation"
62849,"20130916",103133,"Moderate Risk","Foods not protected from contamination"
62849,"20130916",103124,"Moderate Risk","Inadequately cleaned or sanitized food contact surfaces"
62849,"20130916",103154,"Low Risk","Unclean or degraded floors walls or ceilings"
62849,"20140409",103148,"Low Risk","No thermometers or uncalibrated thermometers "
62849,"20140409",103139,"Low Risk","Improper food storage"
62849,"20140409",103114,"High Risk","High risk vermin infestation"
62849,"20140409",103108,"High Risk","Contaminated or adulterated food"
62849,"20140409",103103,"High Risk","High risk food holding temperature "
62849,"20140409",103154,"Low Risk","Unclean or degraded floors walls or ceilings"
62853,"20141212",103154,"Low Risk","Unclean or degraded floors walls or ceilings"
62853,"20141212",103138,"Low Risk","Improper storage use or identification of toxic substances"
62853,"20130911",103119,"Moderate Risk","Inadequate and inaccessible handwashing facilities"
62853,"20130911",103157,"Low Risk","Food safety certificate or food handler card not available"
62853,"20121226",103149,"Low Risk","Wiping cloths not clean or properly stored or inadequate sanitizer"
62882,"20150121",103112,"High Risk","No hot water or running water"
62882,"20150121",103138,"Low Risk","Improper storage use or identification of toxic substances"
62882,"20150121",103144,"Low Risk","Unapproved or unmaintained equipment or utensils"
62882,"20150121",103139,"Low Risk","Improper food storage"
62882,"20150121",103124,"Moderate Risk","Inadequately cleaned or sanitized food contact surfaces"
62882,"20150121",103154,"Low Risk","Unclean or degraded floors walls or ceilings"
62882,"20150121",103150,"Low Risk","Improper or defective plumbing"
62882,"20131030",103142,"Low Risk","Unclean nonfood contact surfaces"
62882,"20131030",103102,"High Risk","Unclean hands or improper use of gloves"
62882,"20131030",103154,"Low Risk","Unclean or degraded floors walls or ceilings"
62882,"20131030",103143,"Low Risk","Inadequate warewashing facilities or equipment"
62882,"20131030",103138,"Low Risk","Improper storage use or identification of toxic substances"
62882,"20131030",103114,"High Risk","High risk vermin infestation"
62882,"20131030",103124,"Moderate Risk","Inadequately cleaned or sanitized food contact surfaces"
62882,"20131030",103133,"Moderate Risk","Foods not protected from contamination"
62882,"20131030",103149,"Low Risk","Wiping cloths not clean or properly stored or inadequate sanitizer"
62882,"20130415",103142,"Low Risk","Unclean nonfood contact surfaces"
62882,"20130415",103109,"High Risk","Unclean or unsanitary food contact surfaces"
62882,"20130415",103154,"Low Risk","Unclean or degraded floors walls or ceilings"
62882,"20130415",103120,"Moderate Risk","Moderate risk food holding temperature "
62882,"20130415",103139,"Low Risk","Improper food storage"
62882,"20130415",103149,"Low Risk","Wiping cloths not clean or properly stored or inadequate sanitizer"
62882,"20130415",103102,"High Risk","Unclean hands or improper use of gloves"
62882,"20120821",103119,"Moderate Risk","Inadequate and inaccessible handwashing facilities"
62882,"20120821",103156,"Low Risk","Permit license or inspection report not posted"
62882,"20120821",103154,"Low Risk","Unclean or degraded floors walls or ceilings"
62882,"20120821",103149,"Low Risk","Wiping cloths not clean or properly stored or inadequate sanitizer"
62882,"20120821",103145,"Low Risk","Improper storage of equipment utensils or linens"
62882,"20120821",103144,"Low Risk","Unapproved or unmaintained equipment or utensils"
62882,"20120821",103139,"Low Risk","Improper food storage"
62882,"20120821",103132,"Moderate Risk","Improper thawing methods "
62882,"20120821",103131,"Moderate Risk","Moderate risk vermin infestation"
62882,"20120821",103124,"Moderate Risk","Inadequately cleaned or sanitized food contact surfaces"
62882,"20120821",103103,"High Risk","High risk food holding temperature "
62882,"20140520",103150,"Low Risk","Improper or defective plumbing"
62882,"20140520",103154,"Low Risk","Unclean or degraded floors walls or ceilings"
62882,"20140520",103131,"Moderate Risk","Moderate risk vermin infestation"
62882,"20140520",103124,"Moderate Risk","Inadequately cleaned or sanitized food contact surfaces"
62882,"20140520",103156,"Low Risk","Permit license or inspection report not posted"
62882,"20140520",103139,"Low Risk","Improper food storage"
62882,"20140520",103142,"Low Risk","Unclean nonfood contact surfaces"
62888,"20131030",103149,"Low Risk","Wiping cloths not clean or properly stored or inadequate sanitizer"
62888,"20131030",103133,"Moderate Risk","Foods not protected from contamination"
62888,"20140429",103139,"Low Risk","Improper food storage"
62888,"20121126",103157,"Low Risk","Food safety certificate or food handler card not available"
62888,"20121126",103108,"High Risk","Contaminated or adulterated food"
62888,"20121126",103133,"Moderate Risk","Foods not protected from contamination"
62888,"20121126",103124,"Moderate Risk","Inadequately cleaned or sanitized food contact surfaces"
62896,"20121011",103149,"Low Risk","Wiping cloths not clean or properly stored or inadequate sanitizer"
62900,"20140129",103161,"Low Risk","Low risk vermin infestation"
62900,"20140129",103149,"Low Risk","Wiping cloths not clean or properly stored or inadequate sanitizer"
62900,"20140129",103132,"Moderate Risk","Improper thawing methods "
62900,"20140129",103145,"Low Risk","Improper storage of equipment utensils or linens"
62900,"20140129",103119,"Moderate Risk","Inadequate and inaccessible handwashing facilities"
62900,"20140129",103103,"High Risk","High risk food holding temperature "
62900,"20140129",103154,"Low Risk","Unclean or degraded floors walls or ceilings"
62900,"20130613",103142,"Low Risk","Unclean nonfood contact surfaces"
62900,"20130613",103149,"Low Risk","Wiping cloths not clean or properly stored or inadequate sanitizer"
62900,"20130613",103120,"Moderate Risk","Moderate risk food holding temperature "
62900,"20130613",103133,"Moderate Risk","Foods not protected from contamination"
62900,"20120806",103154,"Low Risk","Unclean or degraded floors walls or ceilings"
62913,"20131015",103119,"Moderate Risk","Inadequate and inaccessible handwashing facilities"
62913,"20140402",103149,"Low Risk","Wiping cloths not clean or properly stored or inadequate sanitizer"
62915,"20131209",103142,"Low Risk","Unclean nonfood contact surfaces"
62915,"20131209",103149,"Low Risk","Wiping cloths not clean or properly stored or inadequate sanitizer"
62915,"20131209",103154,"Low Risk","Unclean or degraded floors walls or ceilings"
62915,"20131209",103102,"High Risk","Unclean hands or improper use of gloves"
62915,"20131209",103161,"Low Risk","Low risk vermin infestation"
62915,"20131209",103116,"Moderate Risk","Inadequate food safety knowledge or lack of certified food safety manager"
62915,"20130411",103144,"Low Risk","Unapproved or unmaintained equipment or utensils"
62915,"20130411",103131,"Moderate Risk","Moderate risk vermin infestation"
62915,"20130410",103109,"High Risk","Unclean or unsanitary food contact surfaces"
62915,"20130410",103142,"Low Risk","Unclean nonfood contact surfaces"
62915,"20130410",103103,"High Risk","High risk food holding temperature "
62915,"20130410",103114,"High Risk","High risk vermin infestation"
62915,"20130410",103119,"Moderate Risk","Inadequate and inaccessible handwashing facilities"
62915,"20130410",103150,"Low Risk","Improper or defective plumbing"
62915,"20130410",103154,"Low Risk","Unclean or degraded floors walls or ceilings"
62915,"20140825",103133,"Moderate Risk","Foods not protected from contamination"
62915,"20140825",103102,"High Risk","Unclean hands or improper use of gloves"
62915,"20140825",103103,"High Risk","High risk food holding temperature "
62915,"20140825",103108,"High Risk","Contaminated or adulterated food"
62915,"20140825",103131,"Moderate Risk","Moderate risk vermin infestation"
62921,"20150305",103120,"Moderate Risk","Moderate risk food holding temperature "
62921,"20131015",103120,"Moderate Risk","Moderate risk food holding temperature "
62921,"20120619",103129,"Moderate Risk","Insufficient hot water or running water"
62921,"20120619",103116,"Moderate Risk","Inadequate food safety knowledge or lack of certified food safety manager"
62921,"20130103",103120,"Moderate Risk","Moderate risk food holding temperature "
62921,"20130103",103129,"Moderate Risk","Insufficient hot water or running water"
62921,"20140509",103121,"Moderate Risk","Inadequate procedures or records for time as a public health control "
62939,"20150429",103154,"Low Risk","Unclean or degraded floors walls or ceilings"
62939,"20150429",103144,"Low Risk","Unapproved or unmaintained equipment or utensils"
62941,"20150420",103142,"Low Risk","Unclean nonfood contact surfaces"
62941,"20150420",103144,"Low Risk","Unapproved or unmaintained equipment or utensils"
62941,"20150420",103119,"Moderate Risk","Inadequate and inaccessible handwashing facilities"
62941,"20130827",103154,"Low Risk","Unclean or degraded floors walls or ceilings"
62941,"20130827",103156,"Low Risk","Permit license or inspection report not posted"
62941,"20130827",103139,"Low Risk","Improper food storage"
62941,"20140130",103139,"Low Risk","Improper food storage"
62941,"20140130",103154,"Low Risk","Unclean or degraded floors walls or ceilings"
62941,"20140130",103142,"Low Risk","Unclean nonfood contact surfaces"
62941,"20140130",103156,"Low Risk","Permit license or inspection report not posted"
62941,"20130304",103161,"Low Risk","Low risk vermin infestation"
62941,"20130304",103139,"Low Risk","Improper food storage"
62941,"20140625",103154,"Low Risk","Unclean or degraded floors walls or ceilings"
62941,"20140625",103139,"Low Risk","Improper food storage"
62942,"20130321",103157,"Low Risk","Food safety certificate or food handler card not available"
62942,"20130321",103156,"Low Risk","Permit license or inspection report not posted"
62942,"20120817",103157,"Low Risk","Food safety certificate or food handler card not available"
62942,"20120817",103156,"Low Risk","Permit license or inspection report not posted"
62942,"20120817",103124,"Moderate Risk","Inadequately cleaned or sanitized food contact surfaces"
62942,"20120817",103119,"Moderate Risk","Inadequate and inaccessible handwashing facilities"
62943,"20150318",103161,"Low Risk","Low risk vermin infestation"
62943,"20150318",103157,"Low Risk","Food safety certificate or food handler card not available"
62943,"20150318",103119,"Moderate Risk","Inadequate and inaccessible handwashing facilities"
62943,"20150318",103149,"Low Risk","Wiping cloths not clean or properly stored or inadequate sanitizer"
62943,"20150318",103136,"Low Risk","Unsanitary employee garments hair or nails"
62943,"20150318",103156,"Low Risk","Permit license or inspection report not posted"
62943,"20150318",103152,"Low Risk","Unclean unmaintained or improperly constructed toilet facilities"
62943,"20150318",103139,"Low Risk","Improper food storage"
62943,"20130911",103149,"Low Risk","Wiping cloths not clean or properly stored or inadequate sanitizer"
62943,"20130911",103154,"Low Risk","Unclean or degraded floors walls or ceilings"
62943,"20130911",103116,"Moderate Risk","Inadequate food safety knowledge or lack of certified food safety manager"
62943,"20130911",103121,"Moderate Risk","Inadequate procedures or records for time as a public health control "
62943,"20130911",103161,"Low Risk","Low risk vermin infestation"
62943,"20140206",103116,"Moderate Risk","Inadequate food safety knowledge or lack of certified food safety manager"
62943,"20140206",103139,"Low Risk","Improper food storage"
62943,"20140206",103104,"High Risk","Unauthorized or unsafe use of time as a public health control measure"
62943,"20140206",103154,"Low Risk","Unclean or degraded floors walls or ceilings"
62943,"20140206",103114,"High Risk","High risk vermin infestation"
62943,"20140206",103149,"Low Risk","Wiping cloths not clean or properly stored or inadequate sanitizer"
62943,"20130322",103120,"Moderate Risk","Moderate risk food holding temperature "
62943,"20130322",103131,"Moderate Risk","Moderate risk vermin infestation"
62943,"20130322",103121,"Moderate Risk","Inadequate procedures or records for time as a public health control "
62943,"20121011",103104,"High Risk","Unauthorized or unsafe use of time as a public health control measure"
62943,"20121011",103142,"Low Risk","Unclean nonfood contact surfaces"
62943,"20121011",103149,"Low Risk","Wiping cloths not clean or properly stored or inadequate sanitizer"
62943,"20121011",103154,"Low Risk","Unclean or degraded floors walls or ceilings"
62978,"20141022",103121,"Moderate Risk","Inadequate procedures or records for time as a public health control "
62978,"20141022",103124,"Moderate Risk","Inadequately cleaned or sanitized food contact surfaces"
62978,"20141022",103129,"Moderate Risk","Insufficient hot water or running water"
62978,"20141022",103154,"Low Risk","Unclean or degraded floors walls or ceilings"
62978,"20141022",103142,"Low Risk","Unclean nonfood contact surfaces"
62978,"20140102",103129,"Moderate Risk","Insufficient hot water or running water"
62978,"20140102",103149,"Low Risk","Wiping cloths not clean or properly stored or inadequate sanitizer"
62978,"20140102",103157,"Low Risk","Food safety certificate or food handler card not available"
62978,"20140102",103154,"Low Risk","Unclean or degraded floors walls or ceilings"
62978,"20140102",103133,"Moderate Risk","Foods not protected from contamination"
62978,"20140102",103150,"Low Risk","Improper or defective plumbing"
62988,"20121115",103154,"Low Risk","Unclean or degraded floors walls or ceilings"
62988,"20121115",103149,"Low Risk","Wiping cloths not clean or properly stored or inadequate sanitizer"
62988,"20121115",103114,"High Risk","High risk vermin infestation"
62988,"20121115",103109,"High Risk","Unclean or unsanitary food contact surfaces"
62988,"20140521",103157,"Low Risk","Food safety certificate or food handler card not available"
62988,"20140521",103142,"Low Risk","Unclean nonfood contact surfaces"
62988,"20140521",103144,"Low Risk","Unapproved or unmaintained equipment or utensils"
62988,"20140521",103150,"Low Risk","Improper or defective plumbing"
62988,"20140521",103154,"Low Risk","Unclean or degraded floors walls or ceilings"
62990,"20141113",103105,"High Risk","Improper cooling methods"
62990,"20141113",103124,"Moderate Risk","Inadequately cleaned or sanitized food contact surfaces"
62990,"20141113",103154,"Low Risk","Unclean or degraded floors walls or ceilings"
62990,"20141113",103119,"Moderate Risk","Inadequate and inaccessible handwashing facilities"
62990,"20130925",103139,"Low Risk","Improper food storage"
62990,"20130925",103124,"Moderate Risk","Inadequately cleaned or sanitized food contact surfaces"
62990,"20121023",103119,"Moderate Risk","Inadequate and inaccessible handwashing facilities"
63000,"20130924",103154,"Low Risk","Unclean or degraded floors walls or ceilings"
63000,"20130415",103105,"High Risk","Improper cooling methods"
63000,"20130415",103151,"Low Risk","Inadequate or unsanitary refuse containers or area or no garbage service"
63000,"20130415",103149,"Low Risk","Wiping cloths not clean or properly stored or inadequate sanitizer"
63000,"20130415",103139,"Low Risk","Improper food storage"
63000,"20130415",103120,"Moderate Risk","Moderate risk food holding temperature "
63000,"20140429",103120,"Moderate Risk","Moderate risk food holding temperature "
63000,"20120711",103144,"Low Risk","Unapproved or unmaintained equipment or utensils"
63000,"20120711",103154,"Low Risk","Unclean or degraded floors walls or ceilings"
63000,"20120711",103136,"Low Risk","Unsanitary employee garments hair or nails"
63001,"20141124",103149,"Low Risk","Wiping cloths not clean or properly stored or inadequate sanitizer"
63001,"20131022",103154,"Low Risk","Unclean or degraded floors walls or ceilings"
63001,"20131022",103144,"Low Risk","Unapproved or unmaintained equipment or utensils"
63001,"20140318",103159,"Low Risk","Worker safety hazards"
63016,"20150114",103119,"Moderate Risk","Inadequate and inaccessible handwashing facilities"
63016,"20130814",103124,"Moderate Risk","Inadequately cleaned or sanitized food contact surfaces"
63016,"20140307",103177,"Low Risk","Non service animal"
63016,"20121130",103112,"High Risk","No hot water or running water"
63016,"20121130",103109,"High Risk","Unclean or unsanitary food contact surfaces"
63044,"20120817",103144,"Low Risk","Unapproved or unmaintained equipment or utensils"
63044,"20120817",103121,"Moderate Risk","Inadequate procedures or records for time as a public health control "
63044,"20120817",103119,"Moderate Risk","Inadequate and inaccessible handwashing facilities"
63044,"20120817",103120,"Moderate Risk","Moderate risk food holding temperature "
63044,"20120817",103156,"Low Risk","Permit license or inspection report not posted"
63047,"20131220",103123,"Moderate Risk","Food in poor condition"
63047,"20131220",103161,"Low Risk","Low risk vermin infestation"
63047,"20130426",103154,"Low Risk","Unclean or degraded floors walls or ceilings"
63047,"20130426",103119,"Moderate Risk","Inadequate and inaccessible handwashing facilities"
63047,"20130426",103131,"Moderate Risk","Moderate risk vermin infestation"
63047,"20130426",103142,"Low Risk","Unclean nonfood contact surfaces"
63047,"20120827",103103,"High Risk","High risk food holding temperature "
63047,"20120827",103116,"Moderate Risk","Inadequate food safety knowledge or lack of certified food safety manager"
63047,"20140801",103161,"Low Risk","Low risk vermin infestation"
63047,"20140801",103147,"Low Risk","Inadequate ventilation or lighting"
63047,"20140801",103150,"Low Risk","Improper or defective plumbing"
63047,"20140801",103154,"Low Risk","Unclean or degraded floors walls or ceilings"
63049,"20131112",103133,"Moderate Risk","Foods not protected from contamination"
63049,"20131112",103120,"Moderate Risk","Moderate risk food holding temperature "
63049,"20130410",103139,"Low Risk","Improper food storage"
63049,"20130410",103119,"Moderate Risk","Inadequate and inaccessible handwashing facilities"
63049,"20120827",103120,"Moderate Risk","Moderate risk food holding temperature "
63049,"20120827",103154,"Low Risk","Unclean or degraded floors walls or ceilings"
63049,"20120827",103119,"Moderate Risk","Inadequate and inaccessible handwashing facilities"
63049,"20140604",103103,"High Risk","High risk food holding temperature "
63076,"20141216",103139,"Low Risk","Improper food storage"
63076,"20141216",103120,"Moderate Risk","Moderate risk food holding temperature "
63076,"20141216",103119,"Moderate Risk","Inadequate and inaccessible handwashing facilities"
63076,"20130830",103119,"Moderate Risk","Inadequate and inaccessible handwashing facilities"
63076,"20130830",103145,"Low Risk","Improper storage of equipment utensils or linens"
63076,"20140416",103154,"Low Risk","Unclean or degraded floors walls or ceilings"
63076,"20140416",103102,"High Risk","Unclean hands or improper use of gloves"
63076,"20140416",103149,"Low Risk","Wiping cloths not clean or properly stored or inadequate sanitizer"
63076,"20140416",103145,"Low Risk","Improper storage of equipment utensils or linens"
63076,"20121031",103108,"High Risk","Contaminated or adulterated food"
63076,"20121031",103154,"Low Risk","Unclean or degraded floors walls or ceilings"
63077,"20141105",103119,"Moderate Risk","Inadequate and inaccessible handwashing facilities"
63077,"20141105",103156,"Low Risk","Permit license or inspection report not posted"
63077,"20141105",103157,"Low Risk","Food safety certificate or food handler card not available"
63077,"20130410",103154,"Low Risk","Unclean or degraded floors walls or ceilings"
63077,"20121004",103154,"Low Risk","Unclean or degraded floors walls or ceilings"
63079,"20120913",103119,"Moderate Risk","Inadequate and inaccessible handwashing facilities"
63079,"20120913",103156,"Low Risk","Permit license or inspection report not posted"
63079,"20120913",103157,"Low Risk","Food safety certificate or food handler card not available"
63082,"20150526",103154,"Low Risk","Unclean or degraded floors walls or ceilings"
63082,"20150526",103119,"Moderate Risk","Inadequate and inaccessible handwashing facilities"
63082,"20150526",103131,"Moderate Risk","Moderate risk vermin infestation"
63082,"20150526",103144,"Low Risk","Unapproved or unmaintained equipment or utensils"
63082,"20150526",103145,"Low Risk","Improper storage of equipment utensils or linens"
63082,"20150526",103149,"Low Risk","Wiping cloths not clean or properly stored or inadequate sanitizer"
63082,"20150526",103143,"Low Risk","Inadequate warewashing facilities or equipment"
63082,"20150602",103147,"Low Risk","Inadequate ventilation or lighting"
63082,"20150602",103154,"Low Risk","Unclean or degraded floors walls or ceilings"
63082,"20150526",103147,"Low Risk","Inadequate ventilation or lighting"
63082,"20130709",103124,"Moderate Risk","Inadequately cleaned or sanitized food contact surfaces"
63082,"20130709",103154,"Low Risk","Unclean or degraded floors walls or ceilings"
63082,"20130709",103114,"High Risk","High risk vermin infestation"
63082,"20130709",103150,"Low Risk","Improper or defective plumbing"
63082,"20130709",103144,"Low Risk","Unapproved or unmaintained equipment or utensils"
63082,"20130709",103139,"Low Risk","Improper food storage"
63082,"20130709",103105,"High Risk","Improper cooling methods"
63082,"20130709",103103,"High Risk","High risk food holding temperature "
63082,"20130709",103123,"Moderate Risk","Food in poor condition"
63082,"20130709",103129,"Moderate Risk","Insufficient hot water or running water"
63082,"20120824",103116,"Moderate Risk","Inadequate food safety knowledge or lack of certified food safety manager"
63082,"20120824",103138,"Low Risk","Improper storage use or identification of toxic substances"
63082,"20120824",103105,"High Risk","Improper cooling methods"
63082,"20120824",103150,"Low Risk","Improper or defective plumbing"
63082,"20120824",103128,"Moderate Risk","Consumer advisory not provided for raw or undercooked foods"
63082,"20120824",103103,"High Risk","High risk food holding temperature "
63082,"20120824",103154,"Low Risk","Unclean or degraded floors walls or ceilings"
63082,"20120824",103149,"Low Risk","Wiping cloths not clean or properly stored or inadequate sanitizer"
63082,"20120824",103147,"Low Risk","Inadequate ventilation or lighting"
63082,"20120824",103131,"Moderate Risk","Moderate risk vermin infestation"
63082,"20140606",103105,"High Risk","Improper cooling methods"
63082,"20140606",103149,"Low Risk","Wiping cloths not clean or properly stored or inadequate sanitizer"
63082,"20140606",103114,"High Risk","High risk vermin infestation"
63082,"20140606",103144,"Low Risk","Unapproved or unmaintained equipment or utensils"
63082,"20140606",103124,"Moderate Risk","Inadequately cleaned or sanitized food contact surfaces"
63082,"20140606",103154,"Low Risk","Unclean or degraded floors walls or ceilings"
63082,"20140606",103148,"Low Risk","No thermometers or uncalibrated thermometers "
63082,"20140606",103147,"Low Risk","Inadequate ventilation or lighting"
63084,"20150219",103124,"Moderate Risk","Inadequately cleaned or sanitized food contact surfaces"
63084,"20150219",103133,"Moderate Risk","Foods not protected from contamination"
63084,"20140206",103124,"Moderate Risk","Inadequately cleaned or sanitized food contact surfaces"
63084,"20140206",103143,"Low Risk","Inadequate warewashing facilities or equipment"
63084,"20140206",103152,"Low Risk","Unclean unmaintained or improperly constructed toilet facilities"
63084,"20121129",103142,"Low Risk","Unclean nonfood contact surfaces"
63084,"20121129",103145,"Low Risk","Improper storage of equipment utensils or linens"
63084,"20121129",103120,"Moderate Risk","Moderate risk food holding temperature "
63084,"20121129",103157,"Low Risk","Food safety certificate or food handler card not available"
63084,"20121129",103147,"Low Risk","Inadequate ventilation or lighting"
63084,"20121129",103149,"Low Risk","Wiping cloths not clean or properly stored or inadequate sanitizer"
63084,"20140804",103145,"Low Risk","Improper storage of equipment utensils or linens"
63084,"20140804",103141,"Low Risk","Improper food labeling or menu misrepresentation"
63084,"20140804",103119,"Moderate Risk","Inadequate and inaccessible handwashing facilities"
63084,"20140804",103124,"Moderate Risk","Inadequately cleaned or sanitized food contact surfaces"
63095,"20121116",103149,"Low Risk","Wiping cloths not clean or properly stored or inadequate sanitizer"
63112,"20130829",103149,"Low Risk","Wiping cloths not clean or properly stored or inadequate sanitizer"
63112,"20130829",103103,"High Risk","High risk food holding temperature "
63112,"20130829",103144,"Low Risk","Unapproved or unmaintained equipment or utensils"
63112,"20130829",103132,"Moderate Risk","Improper thawing methods "
63112,"20130829",103142,"Low Risk","Unclean nonfood contact surfaces"
63112,"20130327",103103,"High Risk","High risk food holding temperature "
63112,"20130327",103154,"Low Risk","Unclean or degraded floors walls or ceilings"
63112,"20130327",103132,"Moderate Risk","Improper thawing methods "
63112,"20140314",103124,"Moderate Risk","Inadequately cleaned or sanitized food contact surfaces"
63112,"20140314",103131,"Moderate Risk","Moderate risk vermin infestation"
63112,"20140314",103133,"Moderate Risk","Foods not protected from contamination"
63112,"20140314",103142,"Low Risk","Unclean nonfood contact surfaces"
63112,"20120814",103145,"Low Risk","Improper storage of equipment utensils or linens"
63112,"20120814",103154,"Low Risk","Unclean or degraded floors walls or ceilings"
63112,"20120814",103124,"Moderate Risk","Inadequately cleaned or sanitized food contact surfaces"
63112,"20120814",103103,"High Risk","High risk food holding temperature "
63112,"20140805",103120,"Moderate Risk","Moderate risk food holding temperature "
63112,"20140805",103105,"High Risk","Improper cooling methods"
63112,"20140805",103138,"Low Risk","Improper storage use or identification of toxic substances"
63119,"20150407",103119,"Moderate Risk","Inadequate and inaccessible handwashing facilities"
63119,"20150407",103131,"Moderate Risk","Moderate risk vermin infestation"
63119,"20150407",103138,"Low Risk","Improper storage use or identification of toxic substances"
63119,"20150407",103139,"Low Risk","Improper food storage"
63119,"20150407",103156,"Low Risk","Permit license or inspection report not posted"
63119,"20130621",103162,"Low Risk","Other low risk violation"
63119,"20130621",103150,"Low Risk","Improper or defective plumbing"
63119,"20121128",103120,"Moderate Risk","Moderate risk food holding temperature "
63119,"20121128",103139,"Low Risk","Improper food storage"
63121,"20150602",103108,"High Risk","Contaminated or adulterated food"
63121,"20150602",103116,"Moderate Risk","Inadequate food safety knowledge or lack of certified food safety manager"
63121,"20150602",103119,"Moderate Risk","Inadequate and inaccessible handwashing facilities"
63121,"20150602",103125,"Moderate Risk","Noncompliance with shell fish tags or display"
63121,"20150602",103133,"Moderate Risk","Foods not protected from contamination"
63121,"20150602",103145,"Low Risk","Improper storage of equipment utensils or linens"
63121,"20150602",103150,"Low Risk","Improper or defective plumbing"
63121,"20150602",103147,"Low Risk","Inadequate ventilation or lighting"
63121,"20150602",103154,"Low Risk","Unclean or degraded floors walls or ceilings"
63121,"20150602",103156,"Low Risk","Permit license or inspection report not posted"
63121,"20150602",103149,"Low Risk","Wiping cloths not clean or properly stored or inadequate sanitizer"
63121,"20140506",103124,"Moderate Risk","Inadequately cleaned or sanitized food contact surfaces"
63121,"20140506",103133,"Moderate Risk","Foods not protected from contamination"
63121,"20140506",103114,"High Risk","High risk vermin infestation"
63121,"20140506",103154,"Low Risk","Unclean or degraded floors walls or ceilings"
63121,"20140506",103109,"High Risk","Unclean or unsanitary food contact surfaces"
63121,"20140506",103116,"Moderate Risk","Inadequate food safety knowledge or lack of certified food safety manager"
63121,"20121114",103124,"Moderate Risk","Inadequately cleaned or sanitized food contact surfaces"
63121,"20121114",103131,"Moderate Risk","Moderate risk vermin infestation"
63124,"20150407",103142,"Low Risk","Unclean nonfood contact surfaces"
63124,"20150407",103152,"Low Risk","Unclean unmaintained or improperly constructed toilet facilities"
63124,"20150407",103149,"Low Risk","Wiping cloths not clean or properly stored or inadequate sanitizer"
63124,"20150407",103147,"Low Risk","Inadequate ventilation or lighting"
63124,"20130920",103103,"High Risk","High risk food holding temperature "
63124,"20130920",103133,"Moderate Risk","Foods not protected from contamination"
63124,"20140605",103116,"Moderate Risk","Inadequate food safety knowledge or lack of certified food safety manager"
63131,"20141230",103103,"High Risk","High risk food holding temperature "
63131,"20141230",103102,"High Risk","Unclean hands or improper use of gloves"
63131,"20141230",103142,"Low Risk","Unclean nonfood contact surfaces"
63131,"20141230",103108,"High Risk","Contaminated or adulterated food"
63131,"20141230",103149,"Low Risk","Wiping cloths not clean or properly stored or inadequate sanitizer"
63131,"20141230",103152,"Low Risk","Unclean unmaintained or improperly constructed toilet facilities"
63131,"20141230",103154,"Low Risk","Unclean or degraded floors walls or ceilings"
63131,"20141231",103144,"Low Risk","Unapproved or unmaintained equipment or utensils"
63131,"20141230",103114,"High Risk","High risk vermin infestation"
63131,"20140203",103105,"High Risk","Improper cooling methods"
63131,"20140203",103102,"High Risk","Unclean hands or improper use of gloves"
63131,"20140203",103156,"Low Risk","Permit license or inspection report not posted"
63131,"20140203",103142,"Low Risk","Unclean nonfood contact surfaces"
63131,"20140203",103120,"Moderate Risk","Moderate risk food holding temperature "
63131,"20140203",103133,"Moderate Risk","Foods not protected from contamination"
63131,"20140203",103144,"Low Risk","Unapproved or unmaintained equipment or utensils"
63131,"20120620",103139,"Low Risk","Improper food storage"
63131,"20120620",103150,"Low Risk","Improper or defective plumbing"
63131,"20120620",103149,"Low Risk","Wiping cloths not clean or properly stored or inadequate sanitizer"
63131,"20120620",103114,"High Risk","High risk vermin infestation"
63131,"20120620",103103,"High Risk","High risk food holding temperature "
63131,"20120620",103142,"Low Risk","Unclean nonfood contact surfaces"
63131,"20121219",103161,"Low Risk","Low risk vermin infestation"
63131,"20121219",103144,"Low Risk","Unapproved or unmaintained equipment or utensils"
63131,"20121219",103142,"Low Risk","Unclean nonfood contact surfaces"
63131,"20121219",103138,"Low Risk","Improper storage use or identification of toxic substances"
63131,"20121219",103133,"Moderate Risk","Foods not protected from contamination"
63131,"20121219",103120,"Moderate Risk","Moderate risk food holding temperature "
63136,"20130607",103147,"Low Risk","Inadequate ventilation or lighting"
63136,"20120620",103138,"Low Risk","Improper storage use or identification of toxic substances"
63136,"20121206",103109,"High Risk","Unclean or unsanitary food contact surfaces"
63150,"20150414",103133,"Moderate Risk","Foods not protected from contamination"
63150,"20120925",103124,"Moderate Risk","Inadequately cleaned or sanitized food contact surfaces"
63150,"20120925",103161,"Low Risk","Low risk vermin infestation"
63150,"20120925",103147,"Low Risk","Inadequate ventilation or lighting"
63156,"20141002",103124,"Moderate Risk","Inadequately cleaned or sanitized food contact surfaces"
63156,"20141002",103119,"Moderate Risk","Inadequate and inaccessible handwashing facilities"
63156,"20141002",103133,"Moderate Risk","Foods not protected from contamination"
63156,"20131206",103142,"Low Risk","Unclean nonfood contact surfaces"
63156,"20131206",103145,"Low Risk","Improper storage of equipment utensils or linens"
63156,"20131206",103149,"Low Risk","Wiping cloths not clean or properly stored or inadequate sanitizer"
63156,"20131206",103133,"Moderate Risk","Foods not protected from contamination"
63156,"20130327",103149,"Low Risk","Wiping cloths not clean or properly stored or inadequate sanitizer"
63156,"20130327",103133,"Moderate Risk","Foods not protected from contamination"
63156,"20130327",103120,"Moderate Risk","Moderate risk food holding temperature "
63169,"20140108",103145,"Low Risk","Improper storage of equipment utensils or linens"
63169,"20140108",103143,"Low Risk","Inadequate warewashing facilities or equipment"
63169,"20130603",103144,"Low Risk","Unapproved or unmaintained equipment or utensils"
63169,"20130603",103152,"Low Risk","Unclean unmaintained or improperly constructed toilet facilities"
63169,"20130603",103149,"Low Risk","Wiping cloths not clean or properly stored or inadequate sanitizer"
63169,"20130603",103142,"Low Risk","Unclean nonfood contact surfaces"
63169,"20120706",103157,"Low Risk","Food safety certificate or food handler card not available"
63169,"20120706",103124,"Moderate Risk","Inadequately cleaned or sanitized food contact surfaces"
63169,"20140702",103156,"Low Risk","Permit license or inspection report not posted"
63169,"20140702",103139,"Low Risk","Improper food storage"
63169,"20140702",103133,"Moderate Risk","Foods not protected from contamination"
63191,"20130725",103124,"Moderate Risk","Inadequately cleaned or sanitized food contact surfaces"
63191,"20130725",103144,"Low Risk","Unapproved or unmaintained equipment or utensils"
63191,"20130725",103148,"Low Risk","No thermometers or uncalibrated thermometers "
63191,"20130725",103150,"Low Risk","Improper or defective plumbing"
63191,"20130725",103103,"High Risk","High risk food holding temperature "
63191,"20121011",103108,"High Risk","Contaminated or adulterated food"
63191,"20121011",103156,"Low Risk","Permit license or inspection report not posted"
63191,"20121011",103154,"Low Risk","Unclean or degraded floors walls or ceilings"
63191,"20121011",103144,"Low Risk","Unapproved or unmaintained equipment or utensils"
63191,"20121011",103157,"Low Risk","Food safety certificate or food handler card not available"
63208,"20140708",103139,"Low Risk","Improper food storage"
63208,"20140708",103119,"Moderate Risk","Inadequate and inaccessible handwashing facilities"
63208,"20140708",103154,"Low Risk","Unclean or degraded floors walls or ceilings"
63210,"20130517",103144,"Low Risk","Unapproved or unmaintained equipment or utensils"
63210,"20130517",103151,"Low Risk","Inadequate or unsanitary refuse containers or area or no garbage service"
63210,"20130517",103120,"Moderate Risk","Moderate risk food holding temperature "
63210,"20130517",103156,"Low Risk","Permit license or inspection report not posted"
63210,"20130517",103130,"Moderate Risk","Inadequate sewage or wastewater disposal"
63210,"20121017",103102,"High Risk","Unclean hands or improper use of gloves"
63210,"20121017",103145,"Low Risk","Improper storage of equipment utensils or linens"
63210,"20121017",103116,"Moderate Risk","Inadequate food safety knowledge or lack of certified food safety manager"
63210,"20121017",103103,"High Risk","High risk food holding temperature "
63210,"20121017",103112,"High Risk","No hot water or running water"
63210,"20140808",103149,"Low Risk","Wiping cloths not clean or properly stored or inadequate sanitizer"
63210,"20140808",103124,"Moderate Risk","Inadequately cleaned or sanitized food contact surfaces"
63248,"20140915",103150,"Low Risk","Improper or defective plumbing"
63248,"20130529",103156,"Low Risk","Permit license or inspection report not posted"
63248,"20130529",103157,"Low Risk","Food safety certificate or food handler card not available"
63256,"20141103",103124,"Moderate Risk","Inadequately cleaned or sanitized food contact surfaces"
63256,"20141103",103133,"Moderate Risk","Foods not protected from contamination"
63256,"20141103",103149,"Low Risk","Wiping cloths not clean or properly stored or inadequate sanitizer"
63256,"20141103",103161,"Low Risk","Low risk vermin infestation"
63256,"20131007",103154,"Low Risk","Unclean or degraded floors walls or ceilings"
63256,"20131007",103124,"Moderate Risk","Inadequately cleaned or sanitized food contact surfaces"
63256,"20121109",103142,"Low Risk","Unclean nonfood contact surfaces"
63256,"20121109",103145,"Low Risk","Improper storage of equipment utensils or linens"
63256,"20121109",103129,"Moderate Risk","Insufficient hot water or running water"
63256,"20121109",103139,"Low Risk","Improper food storage"
63256,"20121109",103154,"Low Risk","Unclean or degraded floors walls or ceilings"
63256,"20121109",103105,"High Risk","Improper cooling methods"
63256,"20140429",103119,"Moderate Risk","Inadequate and inaccessible handwashing facilities"
63256,"20140429",103139,"Low Risk","Improper food storage"
63256,"20140429",103124,"Moderate Risk","Inadequately cleaned or sanitized food contact surfaces"
63256,"20140429",103147,"Low Risk","Inadequate ventilation or lighting"
63256,"20140429",103114,"High Risk","High risk vermin infestation"
63256,"20140429",103148,"Low Risk","No thermometers or uncalibrated thermometers "
63256,"20140429",103120,"Moderate Risk","Moderate risk food holding temperature "
63256,"20140429",103154,"Low Risk","Unclean or degraded floors walls or ceilings"
63258,"20130918",103119,"Moderate Risk","Inadequate and inaccessible handwashing facilities"
63258,"20130918",103120,"Moderate Risk","Moderate risk food holding temperature "
63258,"20130918",103131,"Moderate Risk","Moderate risk vermin infestation"
63258,"20130918",103129,"Moderate Risk","Insufficient hot water or running water"
63258,"20130305",103119,"Moderate Risk","Inadequate and inaccessible handwashing facilities"
63258,"20130305",103102,"High Risk","Unclean hands or improper use of gloves"
63258,"20130125",103124,"Moderate Risk","Inadequately cleaned or sanitized food contact surfaces"
63258,"20130125",103154,"Low Risk","Unclean or degraded floors walls or ceilings"
63258,"20130125",103116,"Moderate Risk","Inadequate food safety knowledge or lack of certified food safety manager"
63258,"20130125",103131,"Moderate Risk","Moderate risk vermin infestation"
63258,"20140623",103124,"Moderate Risk","Inadequately cleaned or sanitized food contact surfaces"
63258,"20140623",103161,"Low Risk","Low risk vermin infestation"
63258,"20140623",103120,"Moderate Risk","Moderate risk food holding temperature "
63258,"20140623",103119,"Moderate Risk","Inadequate and inaccessible handwashing facilities"
63265,"20131216",103144,"Low Risk","Unapproved or unmaintained equipment or utensils"
63265,"20131216",103120,"Moderate Risk","Moderate risk food holding temperature "
63265,"20131216",103105,"High Risk","Improper cooling methods"
63265,"20131216",103145,"Low Risk","Improper storage of equipment utensils or linens"
63265,"20131216",103124,"Moderate Risk","Inadequately cleaned or sanitized food contact surfaces"
63265,"20130129",103144,"Low Risk","Unapproved or unmaintained equipment or utensils"
63265,"20130129",103139,"Low Risk","Improper food storage"
63265,"20130129",103120,"Moderate Risk","Moderate risk food holding temperature "
63265,"20130129",103102,"High Risk","Unclean hands or improper use of gloves"
63265,"20140623",103124,"Moderate Risk","Inadequately cleaned or sanitized food contact surfaces"
63265,"20140623",103139,"Low Risk","Improper food storage"
63265,"20140623",103144,"Low Risk","Unapproved or unmaintained equipment or utensils"
63280,"20130917",103142,"Low Risk","Unclean nonfood contact surfaces"
63280,"20130917",103109,"High Risk","Unclean or unsanitary food contact surfaces"
63280,"20130917",103116,"Moderate Risk","Inadequate food safety knowledge or lack of certified food safety manager"
63280,"20130917",103119,"Moderate Risk","Inadequate and inaccessible handwashing facilities"
63280,"20130917",103133,"Moderate Risk","Foods not protected from contamination"
63280,"20130917",103144,"Low Risk","Unapproved or unmaintained equipment or utensils"
63280,"20140218",103109,"High Risk","Unclean or unsanitary food contact surfaces"
63280,"20140218",103144,"Low Risk","Unapproved or unmaintained equipment or utensils"
63280,"20140218",103154,"Low Risk","Unclean or degraded floors walls or ceilings"
63280,"20140218",103116,"Moderate Risk","Inadequate food safety knowledge or lack of certified food safety manager"
63280,"20140218",103119,"Moderate Risk","Inadequate and inaccessible handwashing facilities"
63280,"20140218",103142,"Low Risk","Unclean nonfood contact surfaces"
63280,"20121106",103114,"High Risk","High risk vermin infestation"
63280,"20121106",103103,"High Risk","High risk food holding temperature "
63280,"20121106",103119,"Moderate Risk","Inadequate and inaccessible handwashing facilities"
63280,"20121106",103116,"Moderate Risk","Inadequate food safety knowledge or lack of certified food safety manager"
63280,"20121106",103109,"High Risk","Unclean or unsanitary food contact surfaces"
63280,"20140701",103119,"Moderate Risk","Inadequate and inaccessible handwashing facilities"
63280,"20140701",103103,"High Risk","High risk food holding temperature "
63280,"20140723",103114,"High Risk","High risk vermin infestation"
63280,"20140701",103116,"Moderate Risk","Inadequate food safety knowledge or lack of certified food safety manager"
63280,"20140701",103139,"Low Risk","Improper food storage"
63280,"20140701",103133,"Moderate Risk","Foods not protected from contamination"
63280,"20140701",103109,"High Risk","Unclean or unsanitary food contact surfaces"
63286,"20141027",103103,"High Risk","High risk food holding temperature "
63286,"20141027",103133,"Moderate Risk","Foods not protected from contamination"
63286,"20141027",103161,"Low Risk","Low risk vermin infestation"
63286,"20141027",103142,"Low Risk","Unclean nonfood contact surfaces"
63286,"20130916",103157,"Low Risk","Food safety certificate or food handler card not available"
63286,"20130916",103105,"High Risk","Improper cooling methods"
63286,"20130916",103119,"Moderate Risk","Inadequate and inaccessible handwashing facilities"
63286,"20130916",103131,"Moderate Risk","Moderate risk vermin infestation"
63286,"20130916",103103,"High Risk","High risk food holding temperature "
63286,"20130916",103144,"Low Risk","Unapproved or unmaintained equipment or utensils"
63286,"20130916",103142,"Low Risk","Unclean nonfood contact surfaces"
63286,"20120821",103142,"Low Risk","Unclean nonfood contact surfaces"
63286,"20120821",103116,"Moderate Risk","Inadequate food safety knowledge or lack of certified food safety manager"
63286,"20120821",103120,"Moderate Risk","Moderate risk food holding temperature "
63286,"20120821",103147,"Low Risk","Inadequate ventilation or lighting"
63286,"20120821",103144,"Low Risk","Unapproved or unmaintained equipment or utensils"
63286,"20120821",103114,"High Risk","High risk vermin infestation"
63286,"20120821",103149,"Low Risk","Wiping cloths not clean or properly stored or inadequate sanitizer"
63286,"20120821",103139,"Low Risk","Improper food storage"
63286,"20120821",103154,"Low Risk","Unclean or degraded floors walls or ceilings"
63287,"20150512",103120,"Moderate Risk","Moderate risk food holding temperature "
63287,"20150512",103105,"High Risk","Improper cooling methods"
63287,"20150512",103133,"Moderate Risk","Foods not protected from contamination"
63287,"20140211",103148,"Low Risk","No thermometers or uncalibrated thermometers "
63287,"20140211",103131,"Moderate Risk","Moderate risk vermin infestation"
63287,"20140211",103150,"Low Risk","Improper or defective plumbing"
63287,"20140211",103120,"Moderate Risk","Moderate risk food holding temperature "
63287,"20130103",103120,"Moderate Risk","Moderate risk food holding temperature "
63297,"20120807",103112,"High Risk","No hot water or running water"
63297,"20120807",103119,"Moderate Risk","Inadequate and inaccessible handwashing facilities"
63303,"20150330",103154,"Low Risk","Unclean or degraded floors walls or ceilings"
63303,"20150330",103131,"Moderate Risk","Moderate risk vermin infestation"
63303,"20150330",103133,"Moderate Risk","Foods not protected from contamination"
63303,"20150330",103144,"Low Risk","Unapproved or unmaintained equipment or utensils"
63303,"20130828",103120,"Moderate Risk","Moderate risk food holding temperature "
63303,"20130313",103120,"Moderate Risk","Moderate risk food holding temperature "
63303,"20140325",103154,"Low Risk","Unclean or degraded floors walls or ceilings"
63303,"20140325",103149,"Low Risk","Wiping cloths not clean or properly stored or inadequate sanitizer"
63303,"20121206",103149,"Low Risk","Wiping cloths not clean or properly stored or inadequate sanitizer"
63303,"20121206",103154,"Low Risk","Unclean or degraded floors walls or ceilings"
63304,"20150603",103120,"Moderate Risk","Moderate risk food holding temperature "
63304,"20130821",103141,"Low Risk","Improper food labeling or menu misrepresentation"
63404,"20150512",103154,"Low Risk","Unclean or degraded floors walls or ceilings"
63404,"20130925",103127,"Moderate Risk","Noncompliance with HAACP plan or variance"
63404,"20130315",103120,"Moderate Risk","Moderate risk food holding temperature "
63404,"20140318",103124,"Moderate Risk","Inadequately cleaned or sanitized food contact surfaces"
63406,"20150116",103120,"Moderate Risk","Moderate risk food holding temperature "
63406,"20150116",103139,"Low Risk","Improper food storage"
63406,"20130918",103138,"Low Risk","Improper storage use or identification of toxic substances"
63406,"20130918",103120,"Moderate Risk","Moderate risk food holding temperature "
63406,"20130918",103149,"Low Risk","Wiping cloths not clean or properly stored or inadequate sanitizer"
63406,"20130918",103150,"Low Risk","Improper or defective plumbing"
63406,"20140402",103144,"Low Risk","Unapproved or unmaintained equipment or utensils"
63406,"20140402",103148,"Low Risk","No thermometers or uncalibrated thermometers "
63406,"20130109",103105,"High Risk","Improper cooling methods"
63406,"20130109",103116,"Moderate Risk","Inadequate food safety knowledge or lack of certified food safety manager"
63413,"20140911",103153,"Low Risk","Inadequate dressing rooms or improper storage of personal items"
63413,"20140911",103103,"High Risk","High risk food holding temperature "
63413,"20130716",103124,"Moderate Risk","Inadequately cleaned or sanitized food contact surfaces"
63413,"20140129",103154,"Low Risk","Unclean or degraded floors walls or ceilings"
63413,"20140129",103133,"Moderate Risk","Foods not protected from contamination"
63413,"20140129",103131,"Moderate Risk","Moderate risk vermin infestation"
63413,"20121212",103149,"Low Risk","Wiping cloths not clean or properly stored or inadequate sanitizer"
63426,"20121025",103118,"Moderate Risk","Employee eating or smoking"
63426,"20121025",103149,"Low Risk","Wiping cloths not clean or properly stored or inadequate sanitizer"
63429,"20141030",103114,"High Risk","High risk vermin infestation"
63429,"20141030",103120,"Moderate Risk","Moderate risk food holding temperature "
63429,"20141030",103109,"High Risk","Unclean or unsanitary food contact surfaces"
63429,"20141030",103139,"Low Risk","Improper food storage"
63429,"20141030",103149,"Low Risk","Wiping cloths not clean or properly stored or inadequate sanitizer"
63429,"20141030",103134,"Moderate Risk","Other moderate risk violation"
63429,"20131119",103142,"Low Risk","Unclean nonfood contact surfaces"
63429,"20131119",103147,"Low Risk","Inadequate ventilation or lighting"
63429,"20131119",103154,"Low Risk","Unclean or degraded floors walls or ceilings"
63429,"20130108",103154,"Low Risk","Unclean or degraded floors walls or ceilings"
63429,"20130108",103147,"Low Risk","Inadequate ventilation or lighting"
63429,"20130108",103142,"Low Risk","Unclean nonfood contact surfaces"
63429,"20130108",103131,"Moderate Risk","Moderate risk vermin infestation"
63429,"20140627",103142,"Low Risk","Unclean nonfood contact surfaces"
63429,"20140627",103144,"Low Risk","Unapproved or unmaintained equipment or utensils"
63429,"20140627",103154,"Low Risk","Unclean or degraded floors walls or ceilings"
63429,"20140627",103114,"High Risk","High risk vermin infestation"
63447,"20130801",103133,"Moderate Risk","Foods not protected from contamination"
63447,"20130801",103154,"Low Risk","Unclean or degraded floors walls or ceilings"
63447,"20130801",103120,"Moderate Risk","Moderate risk food holding temperature "
63447,"20130801",103161,"Low Risk","Low risk vermin infestation"
63447,"20130801",103116,"Moderate Risk","Inadequate food safety knowledge or lack of certified food safety manager"
63447,"20130801",103132,"Moderate Risk","Improper thawing methods "
63447,"20121228",103132,"Moderate Risk","Improper thawing methods "
63447,"20121228",103142,"Low Risk","Unclean nonfood contact surfaces"
63447,"20121228",103154,"Low Risk","Unclean or degraded floors walls or ceilings"
63447,"20121228",103138,"Low Risk","Improper storage use or identification of toxic substances"
63447,"20121228",103116,"Moderate Risk","Inadequate food safety knowledge or lack of certified food safety manager"
63447,"20140516",103133,"Moderate Risk","Foods not protected from contamination"
63447,"20140516",103121,"Moderate Risk","Inadequate procedures or records for time as a public health control "
63447,"20140516",103120,"Moderate Risk","Moderate risk food holding temperature "
63447,"20140516",103116,"Moderate Risk","Inadequate food safety knowledge or lack of certified food safety manager"
63488,"20140611",103120,"Moderate Risk","Moderate risk food holding temperature "
63489,"20140205",103112,"High Risk","No hot water or running water"
63489,"20121001",103129,"Moderate Risk","Insufficient hot water or running water"
63493,"20130314",103157,"Low Risk","Food safety certificate or food handler card not available"
63493,"20140306",103139,"Low Risk","Improper food storage"
63493,"20140306",103149,"Low Risk","Wiping cloths not clean or properly stored or inadequate sanitizer"
63493,"20140306",103154,"Low Risk","Unclean or degraded floors walls or ceilings"
63493,"20140306",103156,"Low Risk","Permit license or inspection report not posted"
63493,"20120620",103157,"Low Risk","Food safety certificate or food handler card not available"
63493,"20120620",103119,"Moderate Risk","Inadequate and inaccessible handwashing facilities"
63493,"20120620",103141,"Low Risk","Improper food labeling or menu misrepresentation"
63493,"20140826",103149,"Low Risk","Wiping cloths not clean or properly stored or inadequate sanitizer"
63493,"20140826",103105,"High Risk","Improper cooling methods"
63498,"20150121",103124,"Moderate Risk","Inadequately cleaned or sanitized food contact surfaces"
63498,"20150121",103114,"High Risk","High risk vermin infestation"
63498,"20150121",103139,"Low Risk","Improper food storage"
63498,"20150121",103154,"Low Risk","Unclean or degraded floors walls or ceilings"
63498,"20150121",103144,"Low Risk","Unapproved or unmaintained equipment or utensils"
63498,"20150121",103142,"Low Risk","Unclean nonfood contact surfaces"
63498,"20130103",103156,"Low Risk","Permit license or inspection report not posted"
63498,"20130103",103123,"Moderate Risk","Food in poor condition"
63498,"20130103",103159,"Low Risk","Worker safety hazards"
63498,"20130103",103119,"Moderate Risk","Inadequate and inaccessible handwashing facilities"
63503,"20141027",103133,"Moderate Risk","Foods not protected from contamination"
63503,"20140211",103139,"Low Risk","Improper food storage"
63503,"20140211",103119,"Moderate Risk","Inadequate and inaccessible handwashing facilities"
63554,"20140310",103105,"High Risk","Improper cooling methods"
63554,"20140310",103127,"Moderate Risk","Noncompliance with HAACP plan or variance"
63554,"20120711",103145,"Low Risk","Improper storage of equipment utensils or linens"
63554,"20120711",103144,"Low Risk","Unapproved or unmaintained equipment or utensils"
63554,"20120711",103124,"Moderate Risk","Inadequately cleaned or sanitized food contact surfaces"
63554,"20121205",103137,"Low Risk","Improperly washed fruits and vegetables"
63554,"20121205",103139,"Low Risk","Improper food storage"
63554,"20121205",103144,"Low Risk","Unapproved or unmaintained equipment or utensils"
63554,"20121205",103149,"Low Risk","Wiping cloths not clean or properly stored or inadequate sanitizer"
63554,"20121205",103124,"Moderate Risk","Inadequately cleaned or sanitized food contact surfaces"
63576,"20141104",103154,"Low Risk","Unclean or degraded floors walls or ceilings"
63576,"20141104",103120,"Moderate Risk","Moderate risk food holding temperature "
63576,"20141104",103149,"Low Risk","Wiping cloths not clean or properly stored or inadequate sanitizer"
63576,"20130924",103143,"Low Risk","Inadequate warewashing facilities or equipment"
63576,"20130924",103133,"Moderate Risk","Foods not protected from contamination"
63576,"20130416",103124,"Moderate Risk","Inadequately cleaned or sanitized food contact surfaces"
63576,"20130416",103123,"Moderate Risk","Food in poor condition"
63576,"20130416",103102,"High Risk","Unclean hands or improper use of gloves"
63576,"20130416",103154,"Low Risk","Unclean or degraded floors walls or ceilings"
63576,"20130416",103142,"Low Risk","Unclean nonfood contact surfaces"
63576,"20130416",103120,"Moderate Risk","Moderate risk food holding temperature "
63576,"20120815",103142,"Low Risk","Unclean nonfood contact surfaces"
63576,"20120815",103133,"Moderate Risk","Foods not protected from contamination"
63576,"20120815",103124,"Moderate Risk","Inadequately cleaned or sanitized food contact surfaces"
63576,"20120815",103103,"High Risk","High risk food holding temperature "
63576,"20120815",103144,"Low Risk","Unapproved or unmaintained equipment or utensils"
63576,"20140520",103132,"Moderate Risk","Improper thawing methods "
63576,"20140520",103142,"Low Risk","Unclean nonfood contact surfaces"
63576,"20140520",103120,"Moderate Risk","Moderate risk food holding temperature "
63597,"20150302",103160,"Low Risk","Inadequate HACCP plan record keeping"
63597,"20150302",103154,"Low Risk","Unclean or degraded floors walls or ceilings"
63597,"20150302",103139,"Low Risk","Improper food storage"
63597,"20131104",103109,"High Risk","Unclean or unsanitary food contact surfaces"
63597,"20131104",103156,"Low Risk","Permit license or inspection report not posted"
63597,"20131104",103154,"Low Risk","Unclean or degraded floors walls or ceilings"
63597,"20131104",103150,"Low Risk","Improper or defective plumbing"
63597,"20131104",103149,"Low Risk","Wiping cloths not clean or properly stored or inadequate sanitizer"
63597,"20131104",103133,"Moderate Risk","Foods not protected from contamination"
63597,"20140616",103154,"Low Risk","Unclean or degraded floors walls or ceilings"
63597,"20140616",103156,"Low Risk","Permit license or inspection report not posted"
63597,"20140616",103132,"Moderate Risk","Improper thawing methods "
63597,"20140616",103147,"Low Risk","Inadequate ventilation or lighting"
63601,"20131119",103139,"Low Risk","Improper food storage"
63601,"20131119",103138,"Low Risk","Improper storage use or identification of toxic substances"
63601,"20131119",103132,"Moderate Risk","Improper thawing methods "
63601,"20131119",103103,"High Risk","High risk food holding temperature "
63601,"20131119",103142,"Low Risk","Unclean nonfood contact surfaces"
63601,"20120927",103119,"Moderate Risk","Inadequate and inaccessible handwashing facilities"
63601,"20120927",103144,"Low Risk","Unapproved or unmaintained equipment or utensils"
63601,"20120927",103149,"Low Risk","Wiping cloths not clean or properly stored or inadequate sanitizer"
63601,"20120927",103120,"Moderate Risk","Moderate risk food holding temperature "
63601,"20120927",103142,"Low Risk","Unclean nonfood contact surfaces"
63601,"20140609",103102,"High Risk","Unclean hands or improper use of gloves"
63601,"20140609",103103,"High Risk","High risk food holding temperature "
63601,"20140609",103109,"High Risk","Unclean or unsanitary food contact surfaces"
63601,"20140609",103142,"Low Risk","Unclean nonfood contact surfaces"
63602,"20131205",103156,"Low Risk","Permit license or inspection report not posted"
63615,"20150323",103120,"Moderate Risk","Moderate risk food holding temperature "
63615,"20150323",103132,"Moderate Risk","Improper thawing methods "
63615,"20150323",103133,"Moderate Risk","Foods not protected from contamination"
63615,"20150323",103142,"Low Risk","Unclean nonfood contact surfaces"
63615,"20130826",103149,"Low Risk","Wiping cloths not clean or properly stored or inadequate sanitizer"
63615,"20130826",103142,"Low Risk","Unclean nonfood contact surfaces"
63615,"20140303",103154,"Low Risk","Unclean or degraded floors walls or ceilings"
63615,"20140224",103149,"Low Risk","Wiping cloths not clean or properly stored or inadequate sanitizer"
63615,"20140224",103144,"Low Risk","Unapproved or unmaintained equipment or utensils"
63615,"20140224",103142,"Low Risk","Unclean nonfood contact surfaces"
63615,"20140224",103139,"Low Risk","Improper food storage"
63615,"20140224",103103,"High Risk","High risk food holding temperature "
63615,"20120726",103143,"Low Risk","Inadequate warewashing facilities or equipment"
63615,"20120726",103149,"Low Risk","Wiping cloths not clean or properly stored or inadequate sanitizer"
63615,"20120726",103139,"Low Risk","Improper food storage"
63615,"20130220",103123,"Moderate Risk","Food in poor condition"
63615,"20130220",103105,"High Risk","Improper cooling methods"
63615,"20130220",103118,"Moderate Risk","Employee eating or smoking"
63615,"20140626",103133,"Moderate Risk","Foods not protected from contamination"
63618,"20141210",103139,"Low Risk","Improper food storage"
63618,"20141210",103133,"Moderate Risk","Foods not protected from contamination"
63618,"20131119",103157,"Low Risk","Food safety certificate or food handler card not available"
63618,"20131119",103156,"Low Risk","Permit license or inspection report not posted"
63618,"20131119",103133,"Moderate Risk","Foods not protected from contamination"
63618,"20131119",103142,"Low Risk","Unclean nonfood contact surfaces"
63618,"20130502",103162,"Low Risk","Other low risk violation"
63618,"20130502",103133,"Moderate Risk","Foods not protected from contamination"
63618,"20130502",103116,"Moderate Risk","Inadequate food safety knowledge or lack of certified food safety manager"
63618,"20140425",103150,"Low Risk","Improper or defective plumbing"
63618,"20140425",103109,"High Risk","Unclean or unsanitary food contact surfaces"
63618,"20140425",103104,"High Risk","Unauthorized or unsafe use of time as a public health control measure"
63618,"20120914",103154,"Low Risk","Unclean or degraded floors walls or ceilings"
63618,"20120914",103138,"Low Risk","Improper storage use or identification of toxic substances"
63619,"20140806",103147,"Low Risk","Inadequate ventilation or lighting"
63624,"20141114",103139,"Low Risk","Improper food storage"
63624,"20150220",103144,"Low Risk","Unapproved or unmaintained equipment or utensils"
63624,"20150220",103135,"Low Risk","No person in charge of food facility"
63624,"20131017",103143,"Low Risk","Inadequate warewashing facilities or equipment"
63624,"20131017",103149,"Low Risk","Wiping cloths not clean or properly stored or inadequate sanitizer"
63624,"20130418",103143,"Low Risk","Inadequate warewashing facilities or equipment"
63624,"20130418",103145,"Low Risk","Improper storage of equipment utensils or linens"
63624,"20130418",103147,"Low Risk","Inadequate ventilation or lighting"
63624,"20130418",103149,"Low Risk","Wiping cloths not clean or properly stored or inadequate sanitizer"
63624,"20121003",103124,"Moderate Risk","Inadequately cleaned or sanitized food contact surfaces"
63624,"20121003",103135,"Low Risk","No person in charge of food facility"
63624,"20120811",103103,"High Risk","High risk food holding temperature "
63624,"20120811",103139,"Low Risk","Improper food storage"
63624,"20120811",103144,"Low Risk","Unapproved or unmaintained equipment or utensils"
63624,"20140517",103144,"Low Risk","Unapproved or unmaintained equipment or utensils"
63646,"20150318",103144,"Low Risk","Unapproved or unmaintained equipment or utensils"
63646,"20150318",103124,"Moderate Risk","Inadequately cleaned or sanitized food contact surfaces"
63646,"20130828",103150,"Low Risk","Improper or defective plumbing"
63646,"20130828",103131,"Moderate Risk","Moderate risk vermin infestation"
63646,"20130828",103124,"Moderate Risk","Inadequately cleaned or sanitized food contact surfaces"
63646,"20130828",103144,"Low Risk","Unapproved or unmaintained equipment or utensils"
63646,"20140314",103131,"Moderate Risk","Moderate risk vermin infestation"
63646,"20140314",103144,"Low Risk","Unapproved or unmaintained equipment or utensils"
63646,"20121025",103116,"Moderate Risk","Inadequate food safety knowledge or lack of certified food safety manager"
63646,"20121025",103119,"Moderate Risk","Inadequate and inaccessible handwashing facilities"
63646,"20121025",103131,"Moderate Risk","Moderate risk vermin infestation"
63646,"20121025",103154,"Low Risk","Unclean or degraded floors walls or ceilings"
63651,"20130828",103124,"Moderate Risk","Inadequately cleaned or sanitized food contact surfaces"
63651,"20130828",103148,"Low Risk","No thermometers or uncalibrated thermometers "
63651,"20140314",103119,"Moderate Risk","Inadequate and inaccessible handwashing facilities"
63651,"20140314",103144,"Low Risk","Unapproved or unmaintained equipment or utensils"
63651,"20121026",103154,"Low Risk","Unclean or degraded floors walls or ceilings"
63652,"20150318",103139,"Low Risk","Improper food storage"
63652,"20150318",103154,"Low Risk","Unclean or degraded floors walls or ceilings"
63652,"20130828",103119,"Moderate Risk","Inadequate and inaccessible handwashing facilities"
63652,"20130828",103157,"Low Risk","Food safety certificate or food handler card not available"
63652,"20130828",103145,"Low Risk","Improper storage of equipment utensils or linens"
63652,"20130828",103124,"Moderate Risk","Inadequately cleaned or sanitized food contact surfaces"
63652,"20140314",103124,"Moderate Risk","Inadequately cleaned or sanitized food contact surfaces"
63652,"20140314",103144,"Low Risk","Unapproved or unmaintained equipment or utensils"
63652,"20140314",103142,"Low Risk","Unclean nonfood contact surfaces"
63652,"20140314",103154,"Low Risk","Unclean or degraded floors walls or ceilings"
63652,"20121025",103154,"Low Risk","Unclean or degraded floors walls or ceilings"
63652,"20121025",103124,"Moderate Risk","Inadequately cleaned or sanitized food contact surfaces"
63652,"20121025",103144,"Low Risk","Unapproved or unmaintained equipment or utensils"
63652,"20121025",103142,"Low Risk","Unclean nonfood contact surfaces"
63653,"20150318",103124,"Moderate Risk","Inadequately cleaned or sanitized food contact surfaces"
63653,"20150318",103125,"Moderate Risk","Noncompliance with shell fish tags or display"
63653,"20130828",103157,"Low Risk","Food safety certificate or food handler card not available"
63653,"20130828",103112,"High Risk","No hot water or running water"
63653,"20130829",103112,"High Risk","No hot water or running water"
63653,"20140314",103113,"High Risk","Sewage or wastewater contamination"
63653,"20140314",103154,"Low Risk","Unclean or degraded floors walls or ceilings"
63653,"20140314",103129,"Moderate Risk","Insufficient hot water or running water"
63653,"20140314",103109,"High Risk","Unclean or unsanitary food contact surfaces"
63653,"20140314",103105,"High Risk","Improper cooling methods"
63653,"20140314",103150,"Low Risk","Improper or defective plumbing"
63653,"20121025",103133,"Moderate Risk","Foods not protected from contamination"
63653,"20121025",103142,"Low Risk","Unclean nonfood contact surfaces"
63653,"20121025",103154,"Low Risk","Unclean or degraded floors walls or ceilings"
63653,"20121025",103149,"Low Risk","Wiping cloths not clean or properly stored or inadequate sanitizer"
63653,"20121025",103120,"Moderate Risk","Moderate risk food holding temperature "
63653,"20121025",103124,"Moderate Risk","Inadequately cleaned or sanitized food contact surfaces"
63654,"20150318",103154,"Low Risk","Unclean or degraded floors walls or ceilings"
63654,"20140314",103124,"Moderate Risk","Inadequately cleaned or sanitized food contact surfaces"
63654,"20140314",103154,"Low Risk","Unclean or degraded floors walls or ceilings"
63654,"20121025",103154,"Low Risk","Unclean or degraded floors walls or ceilings"
63663,"20150303",103148,"Low Risk","No thermometers or uncalibrated thermometers "
63663,"20150303",103105,"High Risk","Improper cooling methods"
63663,"20130806",103154,"Low Risk","Unclean or degraded floors walls or ceilings"
63663,"20130806",103119,"Moderate Risk","Inadequate and inaccessible handwashing facilities"
63663,"20130806",103139,"Low Risk","Improper food storage"
63663,"20130806",103150,"Low Risk","Improper or defective plumbing"
63663,"20140424",103132,"Moderate Risk","Improper thawing methods "
63663,"20140424",103139,"Low Risk","Improper food storage"
63663,"20140424",103144,"Low Risk","Unapproved or unmaintained equipment or utensils"
63663,"20120625",103103,"High Risk","High risk food holding temperature "
63663,"20120625",103129,"Moderate Risk","Insufficient hot water or running water"
63663,"20120625",103138,"Low Risk","Improper storage use or identification of toxic substances"
63663,"20120625",103144,"Low Risk","Unapproved or unmaintained equipment or utensils"
63663,"20130220",103154,"Low Risk","Unclean or degraded floors walls or ceilings"
63663,"20130220",103124,"Moderate Risk","Inadequately cleaned or sanitized food contact surfaces"
63663,"20130220",103139,"Low Risk","Improper food storage"
63663,"20130220",103103,"High Risk","High risk food holding temperature "
63674,"20141209",103154,"Low Risk","Unclean or degraded floors walls or ceilings"
63674,"20141209",103144,"Low Risk","Unapproved or unmaintained equipment or utensils"
63674,"20141209",103119,"Moderate Risk","Inadequate and inaccessible handwashing facilities"
63674,"20141209",103113,"High Risk","Sewage or wastewater contamination"
63674,"20141209",103114,"High Risk","High risk vermin infestation"
63674,"20130806",103102,"High Risk","Unclean hands or improper use of gloves"
63674,"20130806",103109,"High Risk","Unclean or unsanitary food contact surfaces"
63674,"20130806",103132,"Moderate Risk","Improper thawing methods "
63674,"20130806",103114,"High Risk","High risk vermin infestation"
63674,"20130806",103135,"Low Risk","No person in charge of food facility"
63674,"20130806",103116,"Moderate Risk","Inadequate food safety knowledge or lack of certified food safety manager"
63674,"20130806",103133,"Moderate Risk","Foods not protected from contamination"
63674,"20130806",103154,"Low Risk","Unclean or degraded floors walls or ceilings"
63674,"20130806",103144,"Low Risk","Unapproved or unmaintained equipment or utensils"
63674,"20130326",103139,"Low Risk","Improper food storage"
63674,"20130326",103102,"High Risk","Unclean hands or improper use of gloves"
63674,"20130326",103109,"High Risk","Unclean or unsanitary food contact surfaces"
63674,"20130326",103133,"Moderate Risk","Foods not protected from contamination"
63674,"20130326",103154,"Low Risk","Unclean or degraded floors walls or ceilings"
63674,"20130326",103116,"Moderate Risk","Inadequate food safety knowledge or lack of certified food safety manager"
63674,"20140410",103109,"High Risk","Unclean or unsanitary food contact surfaces"
63674,"20140410",103139,"Low Risk","Improper food storage"
63674,"20140410",103133,"Moderate Risk","Foods not protected from contamination"
63674,"20140410",103132,"Moderate Risk","Improper thawing methods "
63674,"20140410",103131,"Moderate Risk","Moderate risk vermin infestation"
63674,"20140410",103120,"Moderate Risk","Moderate risk food holding temperature "
63674,"20140410",103119,"Moderate Risk","Inadequate and inaccessible handwashing facilities"
63674,"20140410",103154,"Low Risk","Unclean or degraded floors walls or ceilings"
63674,"20140410",103102,"High Risk","Unclean hands or improper use of gloves"
63674,"20121011",103102,"High Risk","Unclean hands or improper use of gloves"
63674,"20121011",103119,"Moderate Risk","Inadequate and inaccessible handwashing facilities"
63674,"20121011",103124,"Moderate Risk","Inadequately cleaned or sanitized food contact surfaces"
63674,"20121011",103131,"Moderate Risk","Moderate risk vermin infestation"
63674,"20121011",103133,"Moderate Risk","Foods not protected from contamination"
63674,"20121011",103138,"Low Risk","Improper storage use or identification of toxic substances"
63674,"20121011",103144,"Low Risk","Unapproved or unmaintained equipment or utensils"
63674,"20121011",103154,"Low Risk","Unclean or degraded floors walls or ceilings"
63674,"20121011",103116,"Moderate Risk","Inadequate food safety knowledge or lack of certified food safety manager"
63713,"20141027",103133,"Moderate Risk","Foods not protected from contamination"
63713,"20140421",103119,"Moderate Risk","Inadequate and inaccessible handwashing facilities"
63731,"20140123",103129,"Moderate Risk","Insufficient hot water or running water"
63731,"20121127",103119,"Moderate Risk","Inadequate and inaccessible handwashing facilities"
63731,"20121127",103139,"Low Risk","Improper food storage"
63731,"20140807",103145,"Low Risk","Improper storage of equipment utensils or linens"
63731,"20140807",103154,"Low Risk","Unclean or degraded floors walls or ceilings"
63755,"20150512",103157,"Low Risk","Food safety certificate or food handler card not available"
63755,"20150512",103144,"Low Risk","Unapproved or unmaintained equipment or utensils"
63755,"20150512",103150,"Low Risk","Improper or defective plumbing"
63755,"20150512",103124,"Moderate Risk","Inadequately cleaned or sanitized food contact surfaces"
63755,"20150512",103145,"Low Risk","Improper storage of equipment utensils or linens"
63755,"20131007",103133,"Moderate Risk","Foods not protected from contamination"
63755,"20131007",103154,"Low Risk","Unclean or degraded floors walls or ceilings"
63755,"20131007",103103,"High Risk","High risk food holding temperature "
63755,"20131007",103131,"Moderate Risk","Moderate risk vermin infestation"
63755,"20140424",103119,"Moderate Risk","Inadequate and inaccessible handwashing facilities"
63755,"20140424",103149,"Low Risk","Wiping cloths not clean or properly stored or inadequate sanitizer"
63755,"20140424",103131,"Moderate Risk","Moderate risk vermin infestation"
63755,"20140424",103154,"Low Risk","Unclean or degraded floors walls or ceilings"
63755,"20140424",103133,"Moderate Risk","Foods not protected from contamination"
63755,"20140424",103144,"Low Risk","Unapproved or unmaintained equipment or utensils"
63755,"20121217",103144,"Low Risk","Unapproved or unmaintained equipment or utensils"
63755,"20121217",103139,"Low Risk","Improper food storage"
63755,"20121217",103119,"Moderate Risk","Inadequate and inaccessible handwashing facilities"
63755,"20121217",103114,"High Risk","High risk vermin infestation"
63755,"20121217",103154,"Low Risk","Unclean or degraded floors walls or ceilings"
63755,"20121217",103149,"Low Risk","Wiping cloths not clean or properly stored or inadequate sanitizer"
63757,"20141113",103142,"Low Risk","Unclean nonfood contact surfaces"
63757,"20141113",103132,"Moderate Risk","Improper thawing methods "
63757,"20141113",103133,"Moderate Risk","Foods not protected from contamination"
63757,"20141113",103109,"High Risk","Unclean or unsanitary food contact surfaces"
63757,"20141113",103116,"Moderate Risk","Inadequate food safety knowledge or lack of certified food safety manager"
63757,"20130906",103120,"Moderate Risk","Moderate risk food holding temperature "
63757,"20130906",103102,"High Risk","Unclean hands or improper use of gloves"
63757,"20130322",103102,"High Risk","Unclean hands or improper use of gloves"
63757,"20130322",103116,"Moderate Risk","Inadequate food safety knowledge or lack of certified food safety manager"
63757,"20130322",103120,"Moderate Risk","Moderate risk food holding temperature "
63757,"20130322",103121,"Moderate Risk","Inadequate procedures or records for time as a public health control "
63757,"20130322",103144,"Low Risk","Unapproved or unmaintained equipment or utensils"
63757,"20120907",103120,"Moderate Risk","Moderate risk food holding temperature "
63757,"20120907",103149,"Low Risk","Wiping cloths not clean or properly stored or inadequate sanitizer"
63757,"20140507",103116,"Moderate Risk","Inadequate food safety knowledge or lack of certified food safety manager"
63757,"20140507",103120,"Moderate Risk","Moderate risk food holding temperature "
63763,"20141029",103103,"High Risk","High risk food holding temperature "
63763,"20141029",103114,"High Risk","High risk vermin infestation"
63763,"20141029",103154,"Low Risk","Unclean or degraded floors walls or ceilings"
63763,"20141029",103139,"Low Risk","Improper food storage"
63763,"20150407",103137,"Low Risk","Improperly washed fruits and vegetables"
63763,"20150407",103161,"Low Risk","Low risk vermin infestation"
63763,"20150407",103154,"Low Risk","Unclean or degraded floors walls or ceilings"
63763,"20150407",103133,"Moderate Risk","Foods not protected from contamination"
63763,"20150407",103103,"High Risk","High risk food holding temperature "
63763,"20150407",103102,"High Risk","Unclean hands or improper use of gloves"
63763,"20130715",103142,"Low Risk","Unclean nonfood contact surfaces"
63763,"20130715",103102,"High Risk","Unclean hands or improper use of gloves"
63763,"20130715",103145,"Low Risk","Improper storage of equipment utensils or linens"
63763,"20130715",103120,"Moderate Risk","Moderate risk food holding temperature "
63763,"20130715",103161,"Low Risk","Low risk vermin infestation"
63763,"20130715",103149,"Low Risk","Wiping cloths not clean or properly stored or inadequate sanitizer"
63763,"20140205",103142,"Low Risk","Unclean nonfood contact surfaces"
63763,"20140205",103103,"High Risk","High risk food holding temperature "
63763,"20120622",103161,"Low Risk","Low risk vermin infestation"
63763,"20120622",103154,"Low Risk","Unclean or degraded floors walls or ceilings"
63763,"20120622",103119,"Moderate Risk","Inadequate and inaccessible handwashing facilities"
63773,"20141010",103131,"Moderate Risk","Moderate risk vermin infestation"
63773,"20141010",103120,"Moderate Risk","Moderate risk food holding temperature "
63773,"20130801",103159,"Low Risk","Worker safety hazards"
63773,"20130801",103154,"Low Risk","Unclean or degraded floors walls or ceilings"
63773,"20140410",103147,"Low Risk","Inadequate ventilation or lighting"
63773,"20140410",103120,"Moderate Risk","Moderate risk food holding temperature "
63773,"20120809",103139,"Low Risk","Improper food storage"
63773,"20120802",103102,"High Risk","Unclean hands or improper use of gloves"
63773,"20120802",103118,"Moderate Risk","Employee eating or smoking"
63773,"20120802",103133,"Moderate Risk","Foods not protected from contamination"
63773,"20120802",103139,"Low Risk","Improper food storage"
63773,"20120802",103142,"Low Risk","Unclean nonfood contact surfaces"
63773,"20120802",103144,"Low Risk","Unapproved or unmaintained equipment or utensils"
63773,"20120802",103145,"Low Risk","Improper storage of equipment utensils or linens"
63773,"20120802",103147,"Low Risk","Inadequate ventilation or lighting"
63773,"20120802",103159,"Low Risk","Worker safety hazards"
63773,"20120809",103159,"Low Risk","Worker safety hazards"
63776,"20131016",103156,"Low Risk","Permit license or inspection report not posted"
63776,"20140618",103139,"Low Risk","Improper food storage"
63776,"20140618",103156,"Low Risk","Permit license or inspection report not posted"
63780,"20150608",103109,"High Risk","Unclean or unsanitary food contact surfaces"
63780,"20150608",103114,"High Risk","High risk vermin infestation"
63780,"20150608",103119,"Moderate Risk","Inadequate and inaccessible handwashing facilities"
63780,"20150608",103112,"High Risk","No hot water or running water"
63780,"20130313",103129,"Moderate Risk","Insufficient hot water or running water"
63780,"20130313",103145,"Low Risk","Improper storage of equipment utensils or linens"
63781,"20131224",103116,"Moderate Risk","Inadequate food safety knowledge or lack of certified food safety manager"
63781,"20131224",103119,"Moderate Risk","Inadequate and inaccessible handwashing facilities"
63781,"20130619",103161,"Low Risk","Low risk vermin infestation"
63781,"20130619",103143,"Low Risk","Inadequate warewashing facilities or equipment"
63781,"20130619",103138,"Low Risk","Improper storage use or identification of toxic substances"
63781,"20130619",103116,"Moderate Risk","Inadequate food safety knowledge or lack of certified food safety manager"
63781,"20121214",103154,"Low Risk","Unclean or degraded floors walls or ceilings"
63781,"20121214",103116,"Moderate Risk","Inadequate food safety knowledge or lack of certified food safety manager"
63781,"20121214",103142,"Low Risk","Unclean nonfood contact surfaces"
63781,"20121214",103138,"Low Risk","Improper storage use or identification of toxic substances"
63804,"20150203",103103,"High Risk","High risk food holding temperature "
63804,"20150203",103105,"High Risk","Improper cooling methods"
63804,"20150203",103154,"Low Risk","Unclean or degraded floors walls or ceilings"
63804,"20150203",103133,"Moderate Risk","Foods not protected from contamination"
63804,"20150203",103142,"Low Risk","Unclean nonfood contact surfaces"
63804,"20150203",103144,"Low Risk","Unapproved or unmaintained equipment or utensils"
63804,"20150203",103145,"Low Risk","Improper storage of equipment utensils or linens"
63804,"20150203",103131,"Moderate Risk","Moderate risk vermin infestation"
63804,"20150203",103149,"Low Risk","Wiping cloths not clean or properly stored or inadequate sanitizer"
63804,"20121207",103154,"Low Risk","Unclean or degraded floors walls or ceilings"
63804,"20121207",103149,"Low Risk","Wiping cloths not clean or properly stored or inadequate sanitizer"
63804,"20121207",103142,"Low Risk","Unclean nonfood contact surfaces"
63804,"20121207",103124,"Moderate Risk","Inadequately cleaned or sanitized food contact surfaces"
63804,"20140806",103161,"Low Risk","Low risk vermin infestation"
63804,"20140806",103119,"Moderate Risk","Inadequate and inaccessible handwashing facilities"
63804,"20140806",103105,"High Risk","Improper cooling methods"
63804,"20140806",103120,"Moderate Risk","Moderate risk food holding temperature "
63804,"20140806",103124,"Moderate Risk","Inadequately cleaned or sanitized food contact surfaces"
63804,"20140806",103154,"Low Risk","Unclean or degraded floors walls or ceilings"
63824,"20140926",103143,"Low Risk","Inadequate warewashing facilities or equipment"
63824,"20140926",103149,"Low Risk","Wiping cloths not clean or properly stored or inadequate sanitizer"
63824,"20140926",103142,"Low Risk","Unclean nonfood contact surfaces"
63824,"20140926",103139,"Low Risk","Improper food storage"
63824,"20140926",103150,"Low Risk","Improper or defective plumbing"
63824,"20140926",103109,"High Risk","Unclean or unsanitary food contact surfaces"
63824,"20140115",103149,"Low Risk","Wiping cloths not clean or properly stored or inadequate sanitizer"
63824,"20140115",103144,"Low Risk","Unapproved or unmaintained equipment or utensils"
63824,"20140115",103161,"Low Risk","Low risk vermin infestation"
63824,"20140115",103139,"Low Risk","Improper food storage"
63824,"20130528",103142,"Low Risk","Unclean nonfood contact surfaces"
63824,"20130528",103131,"Moderate Risk","Moderate risk vermin infestation"
63824,"20130528",103119,"Moderate Risk","Inadequate and inaccessible handwashing facilities"
63824,"20130528",103103,"High Risk","High risk food holding temperature "
63824,"20120822",103120,"Moderate Risk","Moderate risk food holding temperature "
63824,"20120822",103145,"Low Risk","Improper storage of equipment utensils or linens"
63864,"20131119",103142,"Low Risk","Unclean nonfood contact surfaces"
63864,"20131119",103119,"Moderate Risk","Inadequate and inaccessible handwashing facilities"
63864,"20130401",103112,"High Risk","No hot water or running water"
63864,"20130401",103142,"Low Risk","Unclean nonfood contact surfaces"
63864,"20130401",103144,"Low Risk","Unapproved or unmaintained equipment or utensils"
63864,"20120827",103119,"Moderate Risk","Inadequate and inaccessible handwashing facilities"
63864,"20120827",103142,"Low Risk","Unclean nonfood contact surfaces"
63864,"20140529",103144,"Low Risk","Unapproved or unmaintained equipment or utensils"
63893,"20140911",103144,"Low Risk","Unapproved or unmaintained equipment or utensils"
63893,"20140911",103147,"Low Risk","Inadequate ventilation or lighting"
63893,"20140911",103145,"Low Risk","Improper storage of equipment utensils or linens"
63893,"20140911",103149,"Low Risk","Wiping cloths not clean or properly stored or inadequate sanitizer"
63893,"20140926",103157,"Low Risk","Food safety certificate or food handler card not available"
63893,"20140911",103109,"High Risk","Unclean or unsanitary food contact surfaces"
63893,"20140911",103143,"Low Risk","Inadequate warewashing facilities or equipment"
63893,"20130508",103142,"Low Risk","Unclean nonfood contact surfaces"
63893,"20130508",103150,"Low Risk","Improper or defective plumbing"
63893,"20130508",103131,"Moderate Risk","Moderate risk vermin infestation"
63893,"20130508",103139,"Low Risk","Improper food storage"
63893,"20130508",103144,"Low Risk","Unapproved or unmaintained equipment or utensils"
63893,"20140213",103148,"Low Risk","No thermometers or uncalibrated thermometers "
63893,"20140213",103142,"Low Risk","Unclean nonfood contact surfaces"
63893,"20140213",103119,"Moderate Risk","Inadequate and inaccessible handwashing facilities"
63893,"20140213",103149,"Low Risk","Wiping cloths not clean or properly stored or inadequate sanitizer"
63896,"20150218",103154,"Low Risk","Unclean or degraded floors walls or ceilings"
63896,"20150218",103119,"Moderate Risk","Inadequate and inaccessible handwashing facilities"
63896,"20140204",103154,"Low Risk","Unclean or degraded floors walls or ceilings"
63896,"20140204",103144,"Low Risk","Unapproved or unmaintained equipment or utensils"
63896,"20140204",103139,"Low Risk","Improper food storage"
63896,"20140204",103120,"Moderate Risk","Moderate risk food holding temperature "
63896,"20130410",103142,"Low Risk","Unclean nonfood contact surfaces"
63896,"20130410",103154,"Low Risk","Unclean or degraded floors walls or ceilings"
63896,"20120821",103105,"High Risk","Improper cooling methods"
63896,"20120821",103142,"Low Risk","Unclean nonfood contact surfaces"
63897,"20150120",103133,"Moderate Risk","Foods not protected from contamination"
63897,"20131210",103109,"High Risk","Unclean or unsanitary food contact surfaces"
63897,"20130318",103133,"Moderate Risk","Foods not protected from contamination"
63897,"20120823",103124,"Moderate Risk","Inadequately cleaned or sanitized food contact surfaces"
63897,"20120823",103145,"Low Risk","Improper storage of equipment utensils or linens"
63897,"20120823",103133,"Moderate Risk","Foods not protected from contamination"
63897,"20120823",103154,"Low Risk","Unclean or degraded floors walls or ceilings"
63897,"20140703",103154,"Low Risk","Unclean or degraded floors walls or ceilings"
63897,"20140703",103103,"High Risk","High risk food holding temperature "
63918,"20120801",103109,"High Risk","Unclean or unsanitary food contact surfaces"
63918,"20120801",103120,"Moderate Risk","Moderate risk food holding temperature "
63918,"20140813",103149,"Low Risk","Wiping cloths not clean or properly stored or inadequate sanitizer"
63918,"20140813",103103,"High Risk","High risk food holding temperature "
63918,"20140813",103139,"Low Risk","Improper food storage"
63920,"20120913",103124,"Moderate Risk","Inadequately cleaned or sanitized food contact surfaces"
63920,"20120913",103154,"Low Risk","Unclean or degraded floors walls or ceilings"
63920,"20140514",103139,"Low Risk","Improper food storage"
63920,"20140514",103154,"Low Risk","Unclean or degraded floors walls or ceilings"
63920,"20140514",103156,"Low Risk","Permit license or inspection report not posted"
63920,"20140514",103119,"Moderate Risk","Inadequate and inaccessible handwashing facilities"
63926,"20141217",103147,"Low Risk","Inadequate ventilation or lighting"
63926,"20141217",103154,"Low Risk","Unclean or degraded floors walls or ceilings"
63926,"20141217",103125,"Moderate Risk","Noncompliance with shell fish tags or display"
63926,"20140207",103144,"Low Risk","Unapproved or unmaintained equipment or utensils"
63926,"20140207",103157,"Low Risk","Food safety certificate or food handler card not available"
63926,"20140207",103133,"Moderate Risk","Foods not protected from contamination"
63926,"20140207",103109,"High Risk","Unclean or unsanitary food contact surfaces"
63926,"20140207",103161,"Low Risk","Low risk vermin infestation"
63926,"20120802",103145,"Low Risk","Improper storage of equipment utensils or linens"
63928,"20140506",103150,"Low Risk","Improper or defective plumbing"
63940,"20150112",103145,"Low Risk","Improper storage of equipment utensils or linens"
63940,"20150112",103151,"Low Risk","Inadequate or unsanitary refuse containers or area or no garbage service"
63940,"20150112",103144,"Low Risk","Unapproved or unmaintained equipment or utensils"
63940,"20150112",103124,"Moderate Risk","Inadequately cleaned or sanitized food contact surfaces"
63940,"20150112",103154,"Low Risk","Unclean or degraded floors walls or ceilings"
63940,"20130813",103145,"Low Risk","Improper storage of equipment utensils or linens"
63940,"20130813",103144,"Low Risk","Unapproved or unmaintained equipment or utensils"
63940,"20130813",103123,"Moderate Risk","Food in poor condition"
63940,"20130813",103134,"Moderate Risk","Other moderate risk violation"
63940,"20130813",103139,"Low Risk","Improper food storage"
63940,"20130813",103154,"Low Risk","Unclean or degraded floors walls or ceilings"
63940,"20130813",103161,"Low Risk","Low risk vermin infestation"
63940,"20140304",103154,"Low Risk","Unclean or degraded floors walls or ceilings"
63940,"20140304",103134,"Moderate Risk","Other moderate risk violation"
63940,"20140304",103161,"Low Risk","Low risk vermin infestation"
63940,"20140304",103133,"Moderate Risk","Foods not protected from contamination"
63940,"20121207",103142,"Low Risk","Unclean nonfood contact surfaces"
63940,"20121207",103124,"Moderate Risk","Inadequately cleaned or sanitized food contact surfaces"
63940,"20121207",103154,"Low Risk","Unclean or degraded floors walls or ceilings"
63940,"20121207",103157,"Low Risk","Food safety certificate or food handler card not available"
63940,"20121207",103162,"Low Risk","Other low risk violation"
63945,"20140109",103131,"Moderate Risk","Moderate risk vermin infestation"
63945,"20140109",103139,"Low Risk","Improper food storage"
63945,"20140109",103124,"Moderate Risk","Inadequately cleaned or sanitized food contact surfaces"
63945,"20140109",103119,"Moderate Risk","Inadequate and inaccessible handwashing facilities"
63945,"20140109",103103,"High Risk","High risk food holding temperature "
63945,"20140109",103148,"Low Risk","No thermometers or uncalibrated thermometers "
63945,"20140729",103131,"Moderate Risk","Moderate risk vermin infestation"
63945,"20140729",103156,"Low Risk","Permit license or inspection report not posted"
63945,"20140729",103119,"Moderate Risk","Inadequate and inaccessible handwashing facilities"
63971,"20150327",103139,"Low Risk","Improper food storage"
63971,"20150327",103154,"Low Risk","Unclean or degraded floors walls or ceilings"
63971,"20131210",103154,"Low Risk","Unclean or degraded floors walls or ceilings"
63971,"20131210",103142,"Low Risk","Unclean nonfood contact surfaces"
63971,"20121002",103144,"Low Risk","Unapproved or unmaintained equipment or utensils"
63971,"20121002",103145,"Low Risk","Improper storage of equipment utensils or linens"
63971,"20121002",103142,"Low Risk","Unclean nonfood contact surfaces"
63971,"20121002",103133,"Moderate Risk","Foods not protected from contamination"
63971,"20121002",103134,"Moderate Risk","Other moderate risk violation"
63992,"20141124",103154,"Low Risk","Unclean or degraded floors walls or ceilings"
64004,"20140930",103124,"Moderate Risk","Inadequately cleaned or sanitized food contact surfaces"
64004,"20131031",103129,"Moderate Risk","Insufficient hot water or running water"
64004,"20131031",103143,"Low Risk","Inadequate warewashing facilities or equipment"
64004,"20131031",103154,"Low Risk","Unclean or degraded floors walls or ceilings"
64004,"20131031",103161,"Low Risk","Low risk vermin infestation"
64004,"20130308",103129,"Moderate Risk","Insufficient hot water or running water"
64004,"20130308",103102,"High Risk","Unclean hands or improper use of gloves"
64004,"20120716",103144,"Low Risk","Unapproved or unmaintained equipment or utensils"
64004,"20120716",103129,"Moderate Risk","Insufficient hot water or running water"
64004,"20140605",103144,"Low Risk","Unapproved or unmaintained equipment or utensils"
64004,"20140605",103148,"Low Risk","No thermometers or uncalibrated thermometers "
64004,"20140605",103157,"Low Risk","Food safety certificate or food handler card not available"
64004,"20140605",103143,"Low Risk","Inadequate warewashing facilities or equipment"
64004,"20140605",103129,"Moderate Risk","Insufficient hot water or running water"
64004,"20140605",103120,"Moderate Risk","Moderate risk food holding temperature "
64004,"20140605",103116,"Moderate Risk","Inadequate food safety knowledge or lack of certified food safety manager"
64007,"20150327",103119,"Moderate Risk","Inadequate and inaccessible handwashing facilities"
64008,"20130625",103124,"Moderate Risk","Inadequately cleaned or sanitized food contact surfaces"
64008,"20130625",103157,"Low Risk","Food safety certificate or food handler card not available"
64008,"20140423",103139,"Low Risk","Improper food storage"
64008,"20140423",103144,"Low Risk","Unapproved or unmaintained equipment or utensils"
64008,"20140423",103116,"Moderate Risk","Inadequate food safety knowledge or lack of certified food safety manager"
64008,"20120914",103157,"Low Risk","Food safety certificate or food handler card not available"
64008,"20120914",103119,"Moderate Risk","Inadequate and inaccessible handwashing facilities"
64008,"20120914",103149,"Low Risk","Wiping cloths not clean or properly stored or inadequate sanitizer"
64008,"20120914",103144,"Low Risk","Unapproved or unmaintained equipment or utensils"
64021,"20150310",103133,"Moderate Risk","Foods not protected from contamination"
64021,"20150310",103153,"Low Risk","Inadequate dressing rooms or improper storage of personal items"
64021,"20150310",103119,"Moderate Risk","Inadequate and inaccessible handwashing facilities"
64021,"20150310",103105,"High Risk","Improper cooling methods"
64021,"20150310",103103,"High Risk","High risk food holding temperature "
64021,"20150310",103131,"Moderate Risk","Moderate risk vermin infestation"
64021,"20130618",103131,"Moderate Risk","Moderate risk vermin infestation"
64021,"20130618",103120,"Moderate Risk","Moderate risk food holding temperature "
64021,"20140224",103131,"Moderate Risk","Moderate risk vermin infestation"
64021,"20140224",103124,"Moderate Risk","Inadequately cleaned or sanitized food contact surfaces"
64021,"20120821",103119,"Moderate Risk","Inadequate and inaccessible handwashing facilities"
64021,"20120821",103120,"Moderate Risk","Moderate risk food holding temperature "
64021,"20120821",103149,"Low Risk","Wiping cloths not clean or properly stored or inadequate sanitizer"
64041,"20131223",103161,"Low Risk","Low risk vermin infestation"
64041,"20131223",103149,"Low Risk","Wiping cloths not clean or properly stored or inadequate sanitizer"
64041,"20130501",103131,"Moderate Risk","Moderate risk vermin infestation"
64041,"20130501",103149,"Low Risk","Wiping cloths not clean or properly stored or inadequate sanitizer"
64041,"20130501",103119,"Moderate Risk","Inadequate and inaccessible handwashing facilities"
64041,"20121109",103147,"Low Risk","Inadequate ventilation or lighting"
64041,"20121109",103133,"Moderate Risk","Foods not protected from contamination"
64041,"20121109",103114,"High Risk","High risk vermin infestation"
64041,"20121109",103109,"High Risk","Unclean or unsanitary food contact surfaces"
64057,"20150311",103161,"Low Risk","Low risk vermin infestation"
64057,"20150311",103133,"Moderate Risk","Foods not protected from contamination"
64057,"20150311",103147,"Low Risk","Inadequate ventilation or lighting"
64057,"20130621",103162,"Low Risk","Other low risk violation"
64057,"20121029",103145,"Low Risk","Improper storage of equipment utensils or linens"
64067,"20150330",103124,"Moderate Risk","Inadequately cleaned or sanitized food contact surfaces"
64067,"20130417",103124,"Moderate Risk","Inadequately cleaned or sanitized food contact surfaces"
64067,"20121024",103102,"High Risk","Unclean hands or improper use of gloves"
64067,"20121024",103157,"Low Risk","Food safety certificate or food handler card not available"
64067,"20121024",103133,"Moderate Risk","Foods not protected from contamination"
64076,"20150513",103154,"Low Risk","Unclean or degraded floors walls or ceilings"
64076,"20150513",103120,"Moderate Risk","Moderate risk food holding temperature "
64076,"20150513",103118,"Moderate Risk","Employee eating or smoking"
64076,"20150513",103114,"High Risk","High risk vermin infestation"
64076,"20130923",103131,"Moderate Risk","Moderate risk vermin infestation"
64076,"20130313",103131,"Moderate Risk","Moderate risk vermin infestation"
64076,"20130313",103120,"Moderate Risk","Moderate risk food holding temperature "
64076,"20120823",103151,"Low Risk","Inadequate or unsanitary refuse containers or area or no garbage service"
64076,"20120823",103149,"Low Risk","Wiping cloths not clean or properly stored or inadequate sanitizer"
64096,"20140219",103124,"Moderate Risk","Inadequately cleaned or sanitized food contact surfaces"
64096,"20140219",103116,"Moderate Risk","Inadequate food safety knowledge or lack of certified food safety manager"
64096,"20140219",103145,"Low Risk","Improper storage of equipment utensils or linens"
64096,"20140219",103154,"Low Risk","Unclean or degraded floors walls or ceilings"
64096,"20130114",103145,"Low Risk","Improper storage of equipment utensils or linens"
64096,"20130114",103142,"Low Risk","Unclean nonfood contact surfaces"
64096,"20130114",103103,"High Risk","High risk food holding temperature "
64096,"20130114",103156,"Low Risk","Permit license or inspection report not posted"
64101,"20130508",103144,"Low Risk","Unapproved or unmaintained equipment or utensils"
64116,"20140127",103150,"Low Risk","Improper or defective plumbing"
64116,"20140127",103154,"Low Risk","Unclean or degraded floors walls or ceilings"
64116,"20130617",103149,"Low Risk","Wiping cloths not clean or properly stored or inadequate sanitizer"
64116,"20130617",103145,"Low Risk","Improper storage of equipment utensils or linens"
64116,"20130617",103142,"Low Risk","Unclean nonfood contact surfaces"
64116,"20130617",103139,"Low Risk","Improper food storage"
64116,"20130617",103118,"Moderate Risk","Employee eating or smoking"
64116,"20121217",103157,"Low Risk","Food safety certificate or food handler card not available"
64116,"20121217",103154,"Low Risk","Unclean or degraded floors walls or ceilings"
64116,"20121217",103142,"Low Risk","Unclean nonfood contact surfaces"
64116,"20140813",103154,"Low Risk","Unclean or degraded floors walls or ceilings"
64116,"20140813",103139,"Low Risk","Improper food storage"
64132,"20140226",103149,"Low Risk","Wiping cloths not clean or properly stored or inadequate sanitizer"
64132,"20140226",103120,"Moderate Risk","Moderate risk food holding temperature "
64132,"20140226",103142,"Low Risk","Unclean nonfood contact surfaces"
64132,"20140226",103109,"High Risk","Unclean or unsanitary food contact surfaces"
64132,"20140226",103151,"Low Risk","Inadequate or unsanitary refuse containers or area or no garbage service"
64132,"20140226",103156,"Low Risk","Permit license or inspection report not posted"
64132,"20140226",103157,"Low Risk","Food safety certificate or food handler card not available"
64132,"20140226",103131,"Moderate Risk","Moderate risk vermin infestation"
64132,"20140226",103119,"Moderate Risk","Inadequate and inaccessible handwashing facilities"
64132,"20120628",103154,"Low Risk","Unclean or degraded floors walls or ceilings"
64132,"20120628",103144,"Low Risk","Unapproved or unmaintained equipment or utensils"
64132,"20120628",103131,"Moderate Risk","Moderate risk vermin infestation"
64132,"20120628",103102,"High Risk","Unclean hands or improper use of gloves"
64132,"20120628",103109,"High Risk","Unclean or unsanitary food contact surfaces"
64132,"20120628",103120,"Moderate Risk","Moderate risk food holding temperature "
64132,"20120628",103138,"Low Risk","Improper storage use or identification of toxic substances"
64132,"20121025",103119,"Moderate Risk","Inadequate and inaccessible handwashing facilities"
64132,"20121025",103154,"Low Risk","Unclean or degraded floors walls or ceilings"
64132,"20121025",103149,"Low Risk","Wiping cloths not clean or properly stored or inadequate sanitizer"
64132,"20121025",103142,"Low Risk","Unclean nonfood contact surfaces"
64132,"20121025",103144,"Low Risk","Unapproved or unmaintained equipment or utensils"
64132,"20121025",103139,"Low Risk","Improper food storage"
64132,"20121025",103120,"Moderate Risk","Moderate risk food holding temperature "
64132,"20121025",103116,"Moderate Risk","Inadequate food safety knowledge or lack of certified food safety manager"
64141,"20141107",103103,"High Risk","High risk food holding temperature "
64141,"20141107",103109,"High Risk","Unclean or unsanitary food contact surfaces"
64141,"20141107",103102,"High Risk","Unclean hands or improper use of gloves"
64141,"20141107",103113,"High Risk","Sewage or wastewater contamination"
64141,"20141107",103133,"Moderate Risk","Foods not protected from contamination"
64141,"20141107",103116,"Moderate Risk","Inadequate food safety knowledge or lack of certified food safety manager"
64141,"20140121",103120,"Moderate Risk","Moderate risk food holding temperature "
64141,"20130508",103109,"High Risk","Unclean or unsanitary food contact surfaces"
64141,"20130508",103116,"Moderate Risk","Inadequate food safety knowledge or lack of certified food safety manager"
64141,"20121126",103116,"Moderate Risk","Inadequate food safety knowledge or lack of certified food safety manager"
64141,"20121126",103133,"Moderate Risk","Foods not protected from contamination"
64141,"20121126",103156,"Low Risk","Permit license or inspection report not posted"
64141,"20121126",103102,"High Risk","Unclean hands or improper use of gloves"
64141,"20121126",103104,"High Risk","Unauthorized or unsafe use of time as a public health control measure"
64154,"20130108",103104,"High Risk","Unauthorized or unsafe use of time as a public health control measure"
64154,"20130108",103154,"Low Risk","Unclean or degraded floors walls or ceilings"
64154,"20130108",103109,"High Risk","Unclean or unsanitary food contact surfaces"
64154,"20130108",103103,"High Risk","High risk food holding temperature "
64154,"20130108",103119,"Moderate Risk","Inadequate and inaccessible handwashing facilities"
64154,"20130108",103132,"Moderate Risk","Improper thawing methods "
64154,"20130108",103139,"Low Risk","Improper food storage"
64154,"20130108",103144,"Low Risk","Unapproved or unmaintained equipment or utensils"
64154,"20130108",103114,"High Risk","High risk vermin infestation"
64154,"20140507",103124,"Moderate Risk","Inadequately cleaned or sanitized food contact surfaces"
64154,"20140507",103102,"High Risk","Unclean hands or improper use of gloves"
64154,"20140507",103104,"High Risk","Unauthorized or unsafe use of time as a public health control measure"
64154,"20140507",103103,"High Risk","High risk food holding temperature "
64154,"20140507",103108,"High Risk","Contaminated or adulterated food"
64154,"20140507",103132,"Moderate Risk","Improper thawing methods "
64154,"20140507",103156,"Low Risk","Permit license or inspection report not posted"
64154,"20140507",103129,"Moderate Risk","Insufficient hot water or running water"
64154,"20140507",103150,"Low Risk","Improper or defective plumbing"
64154,"20140507",103139,"Low Risk","Improper food storage"
64154,"20140507",103133,"Moderate Risk","Foods not protected from contamination"
64161,"20141113",103154,"Low Risk","Unclean or degraded floors walls or ceilings"
64161,"20141113",103120,"Moderate Risk","Moderate risk food holding temperature "
64161,"20141113",103149,"Low Risk","Wiping cloths not clean or properly stored or inadequate sanitizer"
64161,"20141113",103133,"Moderate Risk","Foods not protected from contamination"
64161,"20141113",103142,"Low Risk","Unclean nonfood contact surfaces"
64161,"20141113",103131,"Moderate Risk","Moderate risk vermin infestation"
64161,"20141113",103147,"Low Risk","Inadequate ventilation or lighting"
64161,"20131030",103120,"Moderate Risk","Moderate risk food holding temperature "
64161,"20130304",103149,"Low Risk","Wiping cloths not clean or properly stored or inadequate sanitizer"
64161,"20130304",103142,"Low Risk","Unclean nonfood contact surfaces"
64161,"20130304",103114,"High Risk","High risk vermin infestation"
64161,"20130304",103154,"Low Risk","Unclean or degraded floors walls or ceilings"
64161,"20140319",103131,"Moderate Risk","Moderate risk vermin infestation"
64161,"20140319",103132,"Moderate Risk","Improper thawing methods "
64161,"20140319",103142,"Low Risk","Unclean nonfood contact surfaces"
64161,"20120906",103120,"Moderate Risk","Moderate risk food holding temperature "
64161,"20120906",103131,"Moderate Risk","Moderate risk vermin infestation"
64161,"20120906",103142,"Low Risk","Unclean nonfood contact surfaces"
64161,"20120906",103149,"Low Risk","Wiping cloths not clean or properly stored or inadequate sanitizer"
64176,"20141113",103157,"Low Risk","Food safety certificate or food handler card not available"
64176,"20141113",103139,"Low Risk","Improper food storage"
64176,"20141113",103151,"Low Risk","Inadequate or unsanitary refuse containers or area or no garbage service"
64176,"20141113",103114,"High Risk","High risk vermin infestation"
64176,"20141113",103116,"Moderate Risk","Inadequate food safety knowledge or lack of certified food safety manager"
64176,"20141113",103132,"Moderate Risk","Improper thawing methods "
64176,"20141113",103142,"Low Risk","Unclean nonfood contact surfaces"
64176,"20141113",103109,"High Risk","Unclean or unsanitary food contact surfaces"
64176,"20141113",103144,"Low Risk","Unapproved or unmaintained equipment or utensils"
64176,"20141113",103147,"Low Risk","Inadequate ventilation or lighting"
64176,"20141113",103154,"Low Risk","Unclean or degraded floors walls or ceilings"
64176,"20130829",103150,"Low Risk","Improper or defective plumbing"
64176,"20130829",103116,"Moderate Risk","Inadequate food safety knowledge or lack of certified food safety manager"
64176,"20130829",103108,"High Risk","Contaminated or adulterated food"
64176,"20130829",103139,"Low Risk","Improper food storage"
64176,"20130829",103144,"Low Risk","Unapproved or unmaintained equipment or utensils"
64176,"20130829",103142,"Low Risk","Unclean nonfood contact surfaces"
64176,"20130829",103133,"Moderate Risk","Foods not protected from contamination"
64176,"20130829",103102,"High Risk","Unclean hands or improper use of gloves"
64176,"20130829",103154,"Low Risk","Unclean or degraded floors walls or ceilings"
64176,"20130829",103109,"High Risk","Unclean or unsanitary food contact surfaces"
64176,"20130611",103109,"High Risk","Unclean or unsanitary food contact surfaces"
64176,"20130611",103131,"Moderate Risk","Moderate risk vermin infestation"
64176,"20130611",103142,"Low Risk","Unclean nonfood contact surfaces"
64176,"20130611",103144,"Low Risk","Unapproved or unmaintained equipment or utensils"
64176,"20130611",103154,"Low Risk","Unclean or degraded floors walls or ceilings"
64176,"20130611",103120,"Moderate Risk","Moderate risk food holding temperature "
64176,"20140414",103114,"High Risk","High risk vermin infestation"
64176,"20140414",103142,"Low Risk","Unclean nonfood contact surfaces"
64176,"20140414",103109,"High Risk","Unclean or unsanitary food contact surfaces"
64176,"20140414",103133,"Moderate Risk","Foods not protected from contamination"
64176,"20140414",103133,"Moderate Risk","Foods not protected from contamination"
64176,"20140414",103120,"Moderate Risk","Moderate risk food holding temperature "
64176,"20120613",103154,"Low Risk","Unclean or degraded floors walls or ceilings"
64176,"20120613",103149,"Low Risk","Wiping cloths not clean or properly stored or inadequate sanitizer"
64176,"20120613",103119,"Moderate Risk","Inadequate and inaccessible handwashing facilities"
64176,"20120613",103132,"Moderate Risk","Improper thawing methods "
64176,"20120613",103124,"Moderate Risk","Inadequately cleaned or sanitized food contact surfaces"
64176,"20120613",103120,"Moderate Risk","Moderate risk food holding temperature "
64176,"20121204",103132,"Moderate Risk","Improper thawing methods "
64176,"20121204",103109,"High Risk","Unclean or unsanitary food contact surfaces"
64176,"20121204",103144,"Low Risk","Unapproved or unmaintained equipment or utensils"
64176,"20121204",103142,"Low Risk","Unclean nonfood contact surfaces"
64176,"20121204",103120,"Moderate Risk","Moderate risk food holding temperature "
64176,"20121204",103154,"Low Risk","Unclean or degraded floors walls or ceilings"
64194,"20150401",103136,"Low Risk","Unsanitary employee garments hair or nails"
64194,"20150401",103120,"Moderate Risk","Moderate risk food holding temperature "
64194,"20150401",103149,"Low Risk","Wiping cloths not clean or properly stored or inadequate sanitizer"
64194,"20140304",103122,"Moderate Risk","Reservice of previously served foods"
64194,"20121003",103153,"Low Risk","Inadequate dressing rooms or improper storage of personal items"
64194,"20121003",103124,"Moderate Risk","Inadequately cleaned or sanitized food contact surfaces"
64195,"20141121",103139,"Low Risk","Improper food storage"
64195,"20141121",103157,"Low Risk","Food safety certificate or food handler card not available"
64195,"20141121",103133,"Moderate Risk","Foods not protected from contamination"
64195,"20141121",103142,"Low Risk","Unclean nonfood contact surfaces"
64195,"20141121",103144,"Low Risk","Unapproved or unmaintained equipment or utensils"
64195,"20141121",103154,"Low Risk","Unclean or degraded floors walls or ceilings"
64195,"20141121",103114,"High Risk","High risk vermin infestation"
64195,"20140204",103144,"Low Risk","Unapproved or unmaintained equipment or utensils"
64195,"20140204",103142,"Low Risk","Unclean nonfood contact surfaces"
64195,"20140204",103124,"Moderate Risk","Inadequately cleaned or sanitized food contact surfaces"
64195,"20140204",103120,"Moderate Risk","Moderate risk food holding temperature "
64195,"20130508",103139,"Low Risk","Improper food storage"
64195,"20130508",103144,"Low Risk","Unapproved or unmaintained equipment or utensils"
64195,"20130508",103148,"Low Risk","No thermometers or uncalibrated thermometers "
64195,"20130508",103154,"Low Risk","Unclean or degraded floors walls or ceilings"
64195,"20130508",103120,"Moderate Risk","Moderate risk food holding temperature "
64195,"20120816",103139,"Low Risk","Improper food storage"
64195,"20120816",103154,"Low Risk","Unclean or degraded floors walls or ceilings"
64195,"20120816",103131,"Moderate Risk","Moderate risk vermin infestation"
64195,"20120816",103149,"Low Risk","Wiping cloths not clean or properly stored or inadequate sanitizer"
64195,"20140529",103154,"Low Risk","Unclean or degraded floors walls or ceilings"
64195,"20140529",103144,"Low Risk","Unapproved or unmaintained equipment or utensils"
64195,"20140529",103138,"Low Risk","Improper storage use or identification of toxic substances"
64195,"20140529",103124,"Moderate Risk","Inadequately cleaned or sanitized food contact surfaces"
64209,"20150202",103154,"Low Risk","Unclean or degraded floors walls or ceilings"
64209,"20150202",103131,"Moderate Risk","Moderate risk vermin infestation"
64209,"20150202",103119,"Moderate Risk","Inadequate and inaccessible handwashing facilities"
64209,"20150202",103103,"High Risk","High risk food holding temperature "
64209,"20150202",103109,"High Risk","Unclean or unsanitary food contact surfaces"
64209,"20140312",103154,"Low Risk","Unclean or degraded floors walls or ceilings"
64209,"20140312",103131,"Moderate Risk","Moderate risk vermin infestation"
64209,"20121211",103114,"High Risk","High risk vermin infestation"
64209,"20121211",103154,"Low Risk","Unclean or degraded floors walls or ceilings"
64209,"20121211",103156,"Low Risk","Permit license or inspection report not posted"
64209,"20121211",103144,"Low Risk","Unapproved or unmaintained equipment or utensils"
64209,"20121211",103124,"Moderate Risk","Inadequately cleaned or sanitized food contact surfaces"
64209,"20121211",103145,"Low Risk","Improper storage of equipment utensils or linens"
64213,"20150122",103120,"Moderate Risk","Moderate risk food holding temperature "
64213,"20150122",103119,"Moderate Risk","Inadequate and inaccessible handwashing facilities"
64213,"20131209",103119,"Moderate Risk","Inadequate and inaccessible handwashing facilities"
64213,"20131223",103156,"Low Risk","Permit license or inspection report not posted"
64213,"20131209",103132,"Moderate Risk","Improper thawing methods "
64213,"20120618",103123,"Moderate Risk","Food in poor condition"
64213,"20120618",103144,"Low Risk","Unapproved or unmaintained equipment or utensils"
64213,"20120618",103132,"Moderate Risk","Improper thawing methods "
64231,"20150423",103120,"Moderate Risk","Moderate risk food holding temperature "
64231,"20150423",103118,"Moderate Risk","Employee eating or smoking"
64231,"20131209",103142,"Low Risk","Unclean nonfood contact surfaces"
64231,"20131209",103154,"Low Risk","Unclean or degraded floors walls or ceilings"
64231,"20130521",103142,"Low Risk","Unclean nonfood contact surfaces"
64231,"20130521",103154,"Low Risk","Unclean or degraded floors walls or ceilings"
64231,"20120821",103142,"Low Risk","Unclean nonfood contact surfaces"
64231,"20120821",103149,"Low Risk","Wiping cloths not clean or properly stored or inadequate sanitizer"
64231,"20140626",103154,"Low Risk","Unclean or degraded floors walls or ceilings"
64231,"20140626",103139,"Low Risk","Improper food storage"
64236,"20131031",103107,"High Risk","Improper reheating of food"
64236,"20131031",103149,"Low Risk","Wiping cloths not clean or properly stored or inadequate sanitizer"
64236,"20130322",103133,"Moderate Risk","Foods not protected from contamination"
64236,"20130322",103132,"Moderate Risk","Improper thawing methods "
64236,"20130322",103120,"Moderate Risk","Moderate risk food holding temperature "
64236,"20130322",103145,"Low Risk","Improper storage of equipment utensils or linens"
64236,"20120917",103149,"Low Risk","Wiping cloths not clean or properly stored or inadequate sanitizer"
64236,"20120917",103139,"Low Risk","Improper food storage"
64236,"20120917",103119,"Moderate Risk","Inadequate and inaccessible handwashing facilities"
64236,"20120917",103120,"Moderate Risk","Moderate risk food holding temperature "
64236,"20140715",103148,"Low Risk","No thermometers or uncalibrated thermometers "
64236,"20140715",103149,"Low Risk","Wiping cloths not clean or properly stored or inadequate sanitizer"
64236,"20140715",103105,"High Risk","Improper cooling methods"
64242,"20150324",103133,"Moderate Risk","Foods not protected from contamination"
64242,"20140429",103120,"Moderate Risk","Moderate risk food holding temperature "
64242,"20140429",103109,"High Risk","Unclean or unsanitary food contact surfaces"
64242,"20120718",103124,"Moderate Risk","Inadequately cleaned or sanitized food contact surfaces"
64242,"20120718",103120,"Moderate Risk","Moderate risk food holding temperature "
64242,"20120718",103131,"Moderate Risk","Moderate risk vermin infestation"
64242,"20120718",103142,"Low Risk","Unclean nonfood contact surfaces"
64242,"20130226",103144,"Low Risk","Unapproved or unmaintained equipment or utensils"
64242,"20130226",103131,"Moderate Risk","Moderate risk vermin infestation"
64242,"20130226",103154,"Low Risk","Unclean or degraded floors walls or ceilings"
64260,"20150608",103119,"Moderate Risk","Inadequate and inaccessible handwashing facilities"
64260,"20150608",103133,"Moderate Risk","Foods not protected from contamination"
64260,"20150608",103150,"Low Risk","Improper or defective plumbing"
64260,"20150608",103154,"Low Risk","Unclean or degraded floors walls or ceilings"
64260,"20150608",103138,"Low Risk","Improper storage use or identification of toxic substances"
64260,"20130716",103144,"Low Risk","Unapproved or unmaintained equipment or utensils"
64260,"20130716",103150,"Low Risk","Improper or defective plumbing"
64260,"20130730",103144,"Low Risk","Unapproved or unmaintained equipment or utensils"
64260,"20130716",103154,"Low Risk","Unclean or degraded floors walls or ceilings"
64260,"20130716",103124,"Moderate Risk","Inadequately cleaned or sanitized food contact surfaces"
64260,"20130716",103119,"Moderate Risk","Inadequate and inaccessible handwashing facilities"
64260,"20130716",103114,"High Risk","High risk vermin infestation"
64260,"20121114",103139,"Low Risk","Improper food storage"
64260,"20121114",103120,"Moderate Risk","Moderate risk food holding temperature "
64260,"20121114",103102,"High Risk","Unclean hands or improper use of gloves"
64260,"20121114",103154,"Low Risk","Unclean or degraded floors walls or ceilings"
64260,"20121114",103124,"Moderate Risk","Inadequately cleaned or sanitized food contact surfaces"
64260,"20140527",103114,"High Risk","High risk vermin infestation"
64260,"20140603",103154,"Low Risk","Unclean or degraded floors walls or ceilings"
64260,"20140527",103139,"Low Risk","Improper food storage"
64260,"20140527",103154,"Low Risk","Unclean or degraded floors walls or ceilings"
64260,"20140527",103102,"High Risk","Unclean hands or improper use of gloves"
64308,"20140917",103119,"Moderate Risk","Inadequate and inaccessible handwashing facilities"
64308,"20140917",103139,"Low Risk","Improper food storage"
64308,"20140917",103144,"Low Risk","Unapproved or unmaintained equipment or utensils"
64318,"20131212",103119,"Moderate Risk","Inadequate and inaccessible handwashing facilities"
64318,"20131212",103162,"Low Risk","Other low risk violation"
64318,"20120924",103103,"High Risk","High risk food holding temperature "
64318,"20120924",103125,"Moderate Risk","Noncompliance with shell fish tags or display"
64318,"20120924",103139,"Low Risk","Improper food storage"
64318,"20120924",103142,"Low Risk","Unclean nonfood contact surfaces"
64318,"20120924",103145,"Low Risk","Improper storage of equipment utensils or linens"
64318,"20120924",103148,"Low Risk","No thermometers or uncalibrated thermometers "
64318,"20120924",103157,"Low Risk","Food safety certificate or food handler card not available"
64318,"20120924",103102,"High Risk","Unclean hands or improper use of gloves"
64318,"20140604",103119,"Moderate Risk","Inadequate and inaccessible handwashing facilities"
64319,"20150521",103157,"Low Risk","Food safety certificate or food handler card not available"
64319,"20150521",103143,"Low Risk","Inadequate warewashing facilities or equipment"
64319,"20130715",103120,"Moderate Risk","Moderate risk food holding temperature "
64319,"20130715",103124,"Moderate Risk","Inadequately cleaned or sanitized food contact surfaces"
64319,"20130715",103139,"Low Risk","Improper food storage"
64319,"20130715",103149,"Low Risk","Wiping cloths not clean or properly stored or inadequate sanitizer"
64319,"20130401",103133,"Moderate Risk","Foods not protected from contamination"
64319,"20130401",103124,"Moderate Risk","Inadequately cleaned or sanitized food contact surfaces"
64319,"20120629",103119,"Moderate Risk","Inadequate and inaccessible handwashing facilities"
64319,"20120629",103109,"High Risk","Unclean or unsanitary food contact surfaces"
64319,"20140516",103130,"Moderate Risk","Inadequate sewage or wastewater disposal"
64319,"20140516",103120,"Moderate Risk","Moderate risk food holding temperature "
64333,"20130408",103119,"Moderate Risk","Inadequate and inaccessible handwashing facilities"
64333,"20140306",103149,"Low Risk","Wiping cloths not clean or properly stored or inadequate sanitizer"
64333,"20121018",103112,"High Risk","No hot water or running water"
64333,"20121018",103103,"High Risk","High risk food holding temperature "
64333,"20121018",103102,"High Risk","Unclean hands or improper use of gloves"
64338,"20131002",103156,"Low Risk","Permit license or inspection report not posted"
64338,"20131002",103103,"High Risk","High risk food holding temperature "
64338,"20130327",103139,"Low Risk","Improper food storage"
64338,"20130327",103156,"Low Risk","Permit license or inspection report not posted"
64338,"20130327",103105,"High Risk","Improper cooling methods"
64338,"20140401",103150,"Low Risk","Improper or defective plumbing"
64338,"20121213",103119,"Moderate Risk","Inadequate and inaccessible handwashing facilities"
64338,"20121213",103145,"Low Risk","Improper storage of equipment utensils or linens"
64338,"20121213",103116,"Moderate Risk","Inadequate food safety knowledge or lack of certified food safety manager"
64346,"20130904",103120,"Moderate Risk","Moderate risk food holding temperature "
64346,"20130904",103142,"Low Risk","Unclean nonfood contact surfaces"
64346,"20130904",103139,"Low Risk","Improper food storage"
64346,"20130904",103149,"Low Risk","Wiping cloths not clean or properly stored or inadequate sanitizer"
64346,"20140318",103145,"Low Risk","Improper storage of equipment utensils or linens"
64346,"20140318",103154,"Low Risk","Unclean or degraded floors walls or ceilings"
64346,"20140318",103139,"Low Risk","Improper food storage"
64351,"20130402",103116,"Moderate Risk","Inadequate food safety knowledge or lack of certified food safety manager"
64351,"20140806",103152,"Low Risk","Unclean unmaintained or improperly constructed toilet facilities"
64351,"20140806",103160,"Low Risk","Inadequate HACCP plan record keeping"
64351,"20140806",103147,"Low Risk","Inadequate ventilation or lighting"
64351,"20140806",103124,"Moderate Risk","Inadequately cleaned or sanitized food contact surfaces"
64354,"20131001",103116,"Moderate Risk","Inadequate food safety knowledge or lack of certified food safety manager"
64354,"20130320",103150,"Low Risk","Improper or defective plumbing"
64354,"20130320",103156,"Low Risk","Permit license or inspection report not posted"
64354,"20120820",103116,"Moderate Risk","Inadequate food safety knowledge or lack of certified food safety manager"
64354,"20140520",103116,"Moderate Risk","Inadequate food safety knowledge or lack of certified food safety manager"
64361,"20140905",103119,"Moderate Risk","Inadequate and inaccessible handwashing facilities"
64361,"20140905",103152,"Low Risk","Unclean unmaintained or improperly constructed toilet facilities"
64361,"20130514",103149,"Low Risk","Wiping cloths not clean or properly stored or inadequate sanitizer"
64377,"20150604",103154,"Low Risk","Unclean or degraded floors walls or ceilings"
64377,"20150604",103119,"Moderate Risk","Inadequate and inaccessible handwashing facilities"
64377,"20130619",103154,"Low Risk","Unclean or degraded floors walls or ceilings"
64377,"20130619",103139,"Low Risk","Improper food storage"
64377,"20130619",103124,"Moderate Risk","Inadequately cleaned or sanitized food contact surfaces"
64377,"20130619",103114,"High Risk","High risk vermin infestation"
64377,"20130619",103105,"High Risk","Improper cooling methods"
64377,"20130619",103142,"Low Risk","Unclean nonfood contact surfaces"
64377,"20140226",103133,"Moderate Risk","Foods not protected from contamination"
64377,"20140226",103139,"Low Risk","Improper food storage"
64377,"20140226",103154,"Low Risk","Unclean or degraded floors walls or ceilings"
64377,"20140226",103116,"Moderate Risk","Inadequate food safety knowledge or lack of certified food safety manager"
64377,"20140226",103149,"Low Risk","Wiping cloths not clean or properly stored or inadequate sanitizer"
64377,"20140226",103114,"High Risk","High risk vermin infestation"
64377,"20140226",103142,"Low Risk","Unclean nonfood contact surfaces"
64377,"20121003",103103,"High Risk","High risk food holding temperature "
64377,"20121003",103119,"Moderate Risk","Inadequate and inaccessible handwashing facilities"
64377,"20121003",103154,"Low Risk","Unclean or degraded floors walls or ceilings"
64377,"20121003",103151,"Low Risk","Inadequate or unsanitary refuse containers or area or no garbage service"
64377,"20121003",103142,"Low Risk","Unclean nonfood contact surfaces"
64377,"20121003",103139,"Low Risk","Improper food storage"
64377,"20121003",103114,"High Risk","High risk vermin infestation"
64377,"20121003",103124,"Moderate Risk","Inadequately cleaned or sanitized food contact surfaces"
64377,"20120711",103103,"High Risk","High risk food holding temperature "
64377,"20120711",103139,"Low Risk","Improper food storage"
64377,"20120711",103133,"Moderate Risk","Foods not protected from contamination"
64377,"20120711",103124,"Moderate Risk","Inadequately cleaned or sanitized food contact surfaces"
64377,"20120711",103119,"Moderate Risk","Inadequate and inaccessible handwashing facilities"
64377,"20120711",103149,"Low Risk","Wiping cloths not clean or properly stored or inadequate sanitizer"
64377,"20120711",103152,"Low Risk","Unclean unmaintained or improperly constructed toilet facilities"
64377,"20120711",103154,"Low Risk","Unclean or degraded floors walls or ceilings"
64377,"20120711",103156,"Low Risk","Permit license or inspection report not posted"
64377,"20120711",103142,"Low Risk","Unclean nonfood contact surfaces"
64377,"20120711",103108,"High Risk","Contaminated or adulterated food"
64379,"20141106",103132,"Moderate Risk","Improper thawing methods "
64379,"20141106",103119,"Moderate Risk","Inadequate and inaccessible handwashing facilities"
64379,"20130723",103154,"Low Risk","Unclean or degraded floors walls or ceilings"
64379,"20140204",103144,"Low Risk","Unapproved or unmaintained equipment or utensils"
64379,"20140204",103154,"Low Risk","Unclean or degraded floors walls or ceilings"
64379,"20121212",103154,"Low Risk","Unclean or degraded floors walls or ceilings"
64380,"20141104",103156,"Low Risk","Permit license or inspection report not posted"
64380,"20141104",103119,"Moderate Risk","Inadequate and inaccessible handwashing facilities"
64380,"20141104",103149,"Low Risk","Wiping cloths not clean or properly stored or inadequate sanitizer"
64380,"20130703",103124,"Moderate Risk","Inadequately cleaned or sanitized food contact surfaces"
64380,"20130703",103139,"Low Risk","Improper food storage"
64380,"20130703",103162,"Low Risk","Other low risk violation"
64380,"20140324",103124,"Moderate Risk","Inadequately cleaned or sanitized food contact surfaces"
64380,"20140324",103102,"High Risk","Unclean hands or improper use of gloves"
64380,"20140324",103129,"Moderate Risk","Insufficient hot water or running water"
64380,"20140324",103133,"Moderate Risk","Foods not protected from contamination"
64387,"20140129",103154,"Low Risk","Unclean or degraded floors walls or ceilings"
64387,"20140129",103142,"Low Risk","Unclean nonfood contact surfaces"
64387,"20130603",103154,"Low Risk","Unclean or degraded floors walls or ceilings"
64387,"20130603",103121,"Moderate Risk","Inadequate procedures or records for time as a public health control "
64387,"20121113",103149,"Low Risk","Wiping cloths not clean or properly stored or inadequate sanitizer"
64387,"20121113",103154,"Low Risk","Unclean or degraded floors walls or ceilings"
64416,"20131127",103157,"Low Risk","Food safety certificate or food handler card not available"
64416,"20130529",103116,"Moderate Risk","Inadequate food safety knowledge or lack of certified food safety manager"
64416,"20130529",103132,"Moderate Risk","Improper thawing methods "
64416,"20130529",103139,"Low Risk","Improper food storage"
64416,"20130529",103142,"Low Risk","Unclean nonfood contact surfaces"
64416,"20121120",103154,"Low Risk","Unclean or degraded floors walls or ceilings"
64416,"20121120",103116,"Moderate Risk","Inadequate food safety knowledge or lack of certified food safety manager"
64416,"20140530",103142,"Low Risk","Unclean nonfood contact surfaces"
64416,"20140530",103150,"Low Risk","Improper or defective plumbing"
64416,"20140530",103157,"Low Risk","Food safety certificate or food handler card not available"
64434,"20131021",103156,"Low Risk","Permit license or inspection report not posted"
64434,"20130107",103154,"Low Risk","Unclean or degraded floors walls or ceilings"
64434,"20130107",103161,"Low Risk","Low risk vermin infestation"
64434,"20140604",103156,"Low Risk","Permit license or inspection report not posted"
64434,"20140604",103119,"Moderate Risk","Inadequate and inaccessible handwashing facilities"
64434,"20140604",103131,"Moderate Risk","Moderate risk vermin infestation"
64454,"20140224",103102,"High Risk","Unclean hands or improper use of gloves"
64454,"20140224",103124,"Moderate Risk","Inadequately cleaned or sanitized food contact surfaces"
64454,"20140224",103148,"Low Risk","No thermometers or uncalibrated thermometers "
64454,"20130215",103102,"High Risk","Unclean hands or improper use of gloves"
64454,"20130215",103124,"Moderate Risk","Inadequately cleaned or sanitized food contact surfaces"
64454,"20130215",103148,"Low Risk","No thermometers or uncalibrated thermometers "
64454,"20130215",103119,"Moderate Risk","Inadequate and inaccessible handwashing facilities"
64454,"20130215",103104,"High Risk","Unauthorized or unsafe use of time as a public health control measure"
64454,"20130215",103103,"High Risk","High risk food holding temperature "
64466,"20141208",103120,"Moderate Risk","Moderate risk food holding temperature "
64466,"20141208",103144,"Low Risk","Unapproved or unmaintained equipment or utensils"
64466,"20141208",103102,"High Risk","Unclean hands or improper use of gloves"
64466,"20141208",103154,"Low Risk","Unclean or degraded floors walls or ceilings"
64466,"20141208",103114,"High Risk","High risk vermin infestation"
64466,"20141208",103142,"Low Risk","Unclean nonfood contact surfaces"
64466,"20130725",103109,"High Risk","Unclean or unsanitary food contact surfaces"
64466,"20130725",103154,"Low Risk","Unclean or degraded floors walls or ceilings"
64466,"20130725",103151,"Low Risk","Inadequate or unsanitary refuse containers or area or no garbage service"
64466,"20130725",103138,"Low Risk","Improper storage use or identification of toxic substances"
64466,"20130725",103123,"Moderate Risk","Food in poor condition"
64466,"20130725",103102,"High Risk","Unclean hands or improper use of gloves"
64466,"20140409",103165,"Low Risk","No plan review or Building Permit"
64466,"20140409",103120,"Moderate Risk","Moderate risk food holding temperature "
64466,"20140409",103114,"High Risk","High risk vermin infestation"
64466,"20140409",103124,"Moderate Risk","Inadequately cleaned or sanitized food contact surfaces"
64466,"20140409",103144,"Low Risk","Unapproved or unmaintained equipment or utensils"
64466,"20120627",103102,"High Risk","Unclean hands or improper use of gloves"
64466,"20120627",103132,"Moderate Risk","Improper thawing methods "
64466,"20120627",103109,"High Risk","Unclean or unsanitary food contact surfaces"
64466,"20120627",103133,"Moderate Risk","Foods not protected from contamination"
64466,"20120627",103136,"Low Risk","Unsanitary employee garments hair or nails"
64466,"20120627",103138,"Low Risk","Improper storage use or identification of toxic substances"
64466,"20120627",103144,"Low Risk","Unapproved or unmaintained equipment or utensils"
64466,"20120627",103145,"Low Risk","Improper storage of equipment utensils or linens"
64466,"20120627",103149,"Low Risk","Wiping cloths not clean or properly stored or inadequate sanitizer"
64466,"20120627",103151,"Low Risk","Inadequate or unsanitary refuse containers or area or no garbage service"
64466,"20120627",103154,"Low Risk","Unclean or degraded floors walls or ceilings"
64466,"20120627",103120,"Moderate Risk","Moderate risk food holding temperature "
64466,"20120627",103119,"Moderate Risk","Inadequate and inaccessible handwashing facilities"
64466,"20121129",103132,"Moderate Risk","Improper thawing methods "
64466,"20121129",103123,"Moderate Risk","Food in poor condition"
64466,"20121129",103120,"Moderate Risk","Moderate risk food holding temperature "
64466,"20121129",103138,"Low Risk","Improper storage use or identification of toxic substances"
64466,"20121129",103114,"High Risk","High risk vermin infestation"
64466,"20121129",103154,"Low Risk","Unclean or degraded floors walls or ceilings"
64466,"20121129",103151,"Low Risk","Inadequate or unsanitary refuse containers or area or no garbage service"
64466,"20121129",103144,"Low Risk","Unapproved or unmaintained equipment or utensils"
64466,"20121129",103109,"High Risk","Unclean or unsanitary food contact surfaces"
64484,"20130628",103147,"Low Risk","Inadequate ventilation or lighting"
64484,"20130628",103153,"Low Risk","Inadequate dressing rooms or improper storage of personal items"
64484,"20130628",103156,"Low Risk","Permit license or inspection report not posted"
64484,"20140708",103156,"Low Risk","Permit license or inspection report not posted"
64484,"20140708",103149,"Low Risk","Wiping cloths not clean or properly stored or inadequate sanitizer"
64492,"20150313",103103,"High Risk","High risk food holding temperature "
64492,"20140309",103151,"Low Risk","Inadequate or unsanitary refuse containers or area or no garbage service"
64492,"20140304",103149,"Low Risk","Wiping cloths not clean or properly stored or inadequate sanitizer"
64492,"20130212",103154,"Low Risk","Unclean or degraded floors walls or ceilings"
64496,"20150603",103109,"High Risk","Unclean or unsanitary food contact surfaces"
64496,"20130327",103156,"Low Risk","Permit license or inspection report not posted"
64496,"20130327",103144,"Low Risk","Unapproved or unmaintained equipment or utensils"
64496,"20130327",103154,"Low Risk","Unclean or degraded floors walls or ceilings"
64496,"20130327",103142,"Low Risk","Unclean nonfood contact surfaces"
64501,"20141105",103124,"Moderate Risk","Inadequately cleaned or sanitized food contact surfaces"
64501,"20141105",103139,"Low Risk","Improper food storage"
64501,"20141105",103142,"Low Risk","Unclean nonfood contact surfaces"
64501,"20131213",103132,"Moderate Risk","Improper thawing methods "
64501,"20131213",103144,"Low Risk","Unapproved or unmaintained equipment or utensils"
64501,"20130514",103145,"Low Risk","Improper storage of equipment utensils or linens"
64501,"20120809",103148,"Low Risk","No thermometers or uncalibrated thermometers "
64501,"20120809",103124,"Moderate Risk","Inadequately cleaned or sanitized food contact surfaces"
64501,"20120809",103144,"Low Risk","Unapproved or unmaintained equipment or utensils"
64501,"20140606",103145,"Low Risk","Improper storage of equipment utensils or linens"
64501,"20140606",103143,"Low Risk","Inadequate warewashing facilities or equipment"
64501,"20140606",103116,"Moderate Risk","Inadequate food safety knowledge or lack of certified food safety manager"
64502,"20141212",103147,"Low Risk","Inadequate ventilation or lighting"
64502,"20141212",103107,"High Risk","Improper reheating of food"
64502,"20131125",103120,"Moderate Risk","Moderate risk food holding temperature "
64502,"20130614",103120,"Moderate Risk","Moderate risk food holding temperature "
64502,"20130614",103139,"Low Risk","Improper food storage"
64502,"20130614",103156,"Low Risk","Permit license or inspection report not posted"
64502,"20130614",103157,"Low Risk","Food safety certificate or food handler card not available"
64502,"20120628",103120,"Moderate Risk","Moderate risk food holding temperature "
64502,"20121228",103157,"Low Risk","Food safety certificate or food handler card not available"
64502,"20140520",103120,"Moderate Risk","Moderate risk food holding temperature "
64502,"20140520",103149,"Low Risk","Wiping cloths not clean or properly stored or inadequate sanitizer"
64502,"20140520",103154,"Low Risk","Unclean or degraded floors walls or ceilings"
64502,"20140520",103157,"Low Risk","Food safety certificate or food handler card not available"
64503,"20130815",103119,"Moderate Risk","Inadequate and inaccessible handwashing facilities"
64503,"20130815",103103,"High Risk","High risk food holding temperature "
64503,"20130801",103138,"Low Risk","Improper storage use or identification of toxic substances"
64503,"20130801",103124,"Moderate Risk","Inadequately cleaned or sanitized food contact surfaces"
64503,"20130801",103150,"Low Risk","Improper or defective plumbing"
64503,"20130801",103120,"Moderate Risk","Moderate risk food holding temperature "
64503,"20130801",103147,"Low Risk","Inadequate ventilation or lighting"
64503,"20130801",103118,"Moderate Risk","Employee eating or smoking"
64503,"20140410",103161,"Low Risk","Low risk vermin infestation"
64503,"20140410",103119,"Moderate Risk","Inadequate and inaccessible handwashing facilities"
64503,"20140410",103149,"Low Risk","Wiping cloths not clean or properly stored or inadequate sanitizer"
64503,"20140410",103138,"Low Risk","Improper storage use or identification of toxic substances"
64503,"20140410",103120,"Moderate Risk","Moderate risk food holding temperature "
64503,"20121203",103105,"High Risk","Improper cooling methods"
64503,"20121203",103109,"High Risk","Unclean or unsanitary food contact surfaces"
64513,"20150121",103120,"Moderate Risk","Moderate risk food holding temperature "
64513,"20130806",103120,"Moderate Risk","Moderate risk food holding temperature "
64513,"20130806",103144,"Low Risk","Unapproved or unmaintained equipment or utensils"
64513,"20140401",103103,"High Risk","High risk food holding temperature "
64513,"20140401",103109,"High Risk","Unclean or unsanitary food contact surfaces"
64513,"20140401",103144,"Low Risk","Unapproved or unmaintained equipment or utensils"
64513,"20140401",103161,"Low Risk","Low risk vermin infestation"
64513,"20121212",103149,"Low Risk","Wiping cloths not clean or properly stored or inadequate sanitizer"
64524,"20131016",103116,"Moderate Risk","Inadequate food safety knowledge or lack of certified food safety manager"
64524,"20131016",103150,"Low Risk","Improper or defective plumbing"
64524,"20131016",103133,"Moderate Risk","Foods not protected from contamination"
64524,"20131016",103103,"High Risk","High risk food holding temperature "
64524,"20130308",103102,"High Risk","Unclean hands or improper use of gloves"
64524,"20130308",103129,"Moderate Risk","Insufficient hot water or running water"
64524,"20130308",103149,"Low Risk","Wiping cloths not clean or properly stored or inadequate sanitizer"
64524,"20130308",103120,"Moderate Risk","Moderate risk food holding temperature "
64524,"20140527",103103,"High Risk","High risk food holding temperature "
64524,"20140527",103116,"Moderate Risk","Inadequate food safety knowledge or lack of certified food safety manager"
64524,"20140527",103102,"High Risk","Unclean hands or improper use of gloves"
64524,"20140527",103124,"Moderate Risk","Inadequately cleaned or sanitized food contact surfaces"
64525,"20130731",103142,"Low Risk","Unclean nonfood contact surfaces"
64525,"20130731",103131,"Moderate Risk","Moderate risk vermin infestation"
64525,"20130731",103120,"Moderate Risk","Moderate risk food holding temperature "
64525,"20130731",103109,"High Risk","Unclean or unsanitary food contact surfaces"
64525,"20130731",103102,"High Risk","Unclean hands or improper use of gloves"
64525,"20130731",103144,"Low Risk","Unapproved or unmaintained equipment or utensils"
64525,"20140327",103124,"Moderate Risk","Inadequately cleaned or sanitized food contact surfaces"
64525,"20140327",103120,"Moderate Risk","Moderate risk food holding temperature "
64525,"20140327",103105,"High Risk","Improper cooling methods"
64525,"20140327",103102,"High Risk","Unclean hands or improper use of gloves"
64525,"20120926",103149,"Low Risk","Wiping cloths not clean or properly stored or inadequate sanitizer"
64525,"20120926",103144,"Low Risk","Unapproved or unmaintained equipment or utensils"
64525,"20120926",103138,"Low Risk","Improper storage use or identification of toxic substances"
64525,"20120926",103129,"Moderate Risk","Insufficient hot water or running water"
64525,"20120926",103124,"Moderate Risk","Inadequately cleaned or sanitized food contact surfaces"
64525,"20120926",103120,"Moderate Risk","Moderate risk food holding temperature "
64530,"20141007",103103,"High Risk","High risk food holding temperature "
64530,"20141007",103154,"Low Risk","Unclean or degraded floors walls or ceilings"
64530,"20130830",103119,"Moderate Risk","Inadequate and inaccessible handwashing facilities"
64530,"20130830",103149,"Low Risk","Wiping cloths not clean or properly stored or inadequate sanitizer"
64530,"20130830",103142,"Low Risk","Unclean nonfood contact surfaces"
64530,"20140328",103119,"Moderate Risk","Inadequate and inaccessible handwashing facilities"
64530,"20140328",103142,"Low Risk","Unclean nonfood contact surfaces"
64530,"20140328",103154,"Low Risk","Unclean or degraded floors walls or ceilings"
64530,"20121220",103154,"Low Risk","Unclean or degraded floors walls or ceilings"
64530,"20121220",103112,"High Risk","No hot water or running water"
64540,"20140313",103112,"High Risk","No hot water or running water"
64540,"20140313",103157,"Low Risk","Food safety certificate or food handler card not available"
64540,"20130201",103164,"N/A",
64540,"20130201",103172,"High Risk","Mobile food facility with unapproved operating conditions"
64540,"20130201",103157,"Low Risk","Food safety certificate or food handler card not available"
64540,"20130201",103112,"High Risk","No hot water or running water"
64549,"20140827",103109,"High Risk","Unclean or unsanitary food contact surfaces"
64549,"20140827",103120,"Moderate Risk","Moderate risk food holding temperature "
64549,"20140827",103133,"Moderate Risk","Foods not protected from contamination"
64549,"20131028",103144,"Low Risk","Unapproved or unmaintained equipment or utensils"
64549,"20131028",103116,"Moderate Risk","Inadequate food safety knowledge or lack of certified food safety manager"
64549,"20131028",103154,"Low Risk","Unclean or degraded floors walls or ceilings"
64549,"20131028",103142,"Low Risk","Unclean nonfood contact surfaces"
64549,"20131028",103114,"High Risk","High risk vermin infestation"
64549,"20131028",103108,"High Risk","Contaminated or adulterated food"
64549,"20130507",103116,"Moderate Risk","Inadequate food safety knowledge or lack of certified food safety manager"
64549,"20130507",103102,"High Risk","Unclean hands or improper use of gloves"
64549,"20130507",103103,"High Risk","High risk food holding temperature "
64549,"20130507",103105,"High Risk","Improper cooling methods"
64549,"20130507",103149,"Low Risk","Wiping cloths not clean or properly stored or inadequate sanitizer"
64549,"20130507",103125,"Moderate Risk","Noncompliance with shell fish tags or display"
64549,"20130507",103133,"Moderate Risk","Foods not protected from contamination"
64549,"20130507",103142,"Low Risk","Unclean nonfood contact surfaces"
64549,"20140401",103142,"Low Risk","Unclean nonfood contact surfaces"
64549,"20140401",103133,"Moderate Risk","Foods not protected from contamination"
64549,"20140401",103119,"Moderate Risk","Inadequate and inaccessible handwashing facilities"
64549,"20140401",103144,"Low Risk","Unapproved or unmaintained equipment or utensils"
64549,"20120918",103133,"Moderate Risk","Foods not protected from contamination"
64549,"20120918",103103,"High Risk","High risk food holding temperature "
64549,"20120918",103132,"Moderate Risk","Improper thawing methods "
64549,"20120918",103124,"Moderate Risk","Inadequately cleaned or sanitized food contact surfaces"
64549,"20120918",103119,"Moderate Risk","Inadequate and inaccessible handwashing facilities"
64550,"20130607",103120,"Moderate Risk","Moderate risk food holding temperature "
64550,"20130607",103149,"Low Risk","Wiping cloths not clean or properly stored or inadequate sanitizer"
64550,"20130607",103161,"Low Risk","Low risk vermin infestation"
64550,"20130607",103147,"Low Risk","Inadequate ventilation or lighting"
64550,"20121206",103112,"High Risk","No hot water or running water"
64550,"20121206",103120,"Moderate Risk","Moderate risk food holding temperature "
64550,"20121206",103138,"Low Risk","Improper storage use or identification of toxic substances"
64550,"20121207",103144,"Low Risk","Unapproved or unmaintained equipment or utensils"
64550,"20140609",103161,"Low Risk","Low risk vermin infestation"
64581,"20141117",103124,"Moderate Risk","Inadequately cleaned or sanitized food contact surfaces"
64581,"20130418",103103,"High Risk","High risk food holding temperature "
64581,"20130418",103172,"High Risk","Mobile food facility with unapproved operating conditions"
64581,"20130418",103119,"Moderate Risk","Inadequate and inaccessible handwashing facilities"
64581,"20140506",103124,"Moderate Risk","Inadequately cleaned or sanitized food contact surfaces"
64581,"20140506",103119,"Moderate Risk","Inadequate and inaccessible handwashing facilities"
64581,"20140506",103149,"Low Risk","Wiping cloths not clean or properly stored or inadequate sanitizer"
64581,"20121002",103119,"Moderate Risk","Inadequate and inaccessible handwashing facilities"
64581,"20121002",103103,"High Risk","High risk food holding temperature "
64612,"20130814",103145,"Low Risk","Improper storage of equipment utensils or linens"
64612,"20130814",103124,"Moderate Risk","Inadequately cleaned or sanitized food contact surfaces"
64612,"20121130",103103,"High Risk","High risk food holding temperature "
64612,"20121130",103143,"Low Risk","Inadequate warewashing facilities or equipment"
64612,"20140507",103161,"Low Risk","Low risk vermin infestation"
64612,"20140507",103144,"Low Risk","Unapproved or unmaintained equipment or utensils"
64612,"20140507",103150,"Low Risk","Improper or defective plumbing"
64612,"20140507",103124,"Moderate Risk","Inadequately cleaned or sanitized food contact surfaces"
64626,"20140428",103156,"Low Risk","Permit license or inspection report not posted"
64626,"20140428",103131,"Moderate Risk","Moderate risk vermin infestation"
64626,"20140428",103133,"Moderate Risk","Foods not protected from contamination"
64626,"20121025",103145,"Low Risk","Improper storage of equipment utensils or linens"
64626,"20121025",103133,"Moderate Risk","Foods not protected from contamination"
64626,"20121025",103132,"Moderate Risk","Improper thawing methods "
64626,"20121025",103162,"Low Risk","Other low risk violation"
64626,"20121025",103156,"Low Risk","Permit license or inspection report not posted"
64630,"20141124",103144,"Low Risk","Unapproved or unmaintained equipment or utensils"
64630,"20141124",103149,"Low Risk","Wiping cloths not clean or properly stored or inadequate sanitizer"
64630,"20141124",103133,"Moderate Risk","Foods not protected from contamination"
64630,"20141124",103118,"Moderate Risk","Employee eating or smoking"
64630,"20141124",103102,"High Risk","Unclean hands or improper use of gloves"
64630,"20141124",103154,"Low Risk","Unclean or degraded floors walls or ceilings"
64630,"20141124",103103,"High Risk","High risk food holding temperature "
64630,"20130930",103154,"Low Risk","Unclean or degraded floors walls or ceilings"
64630,"20130930",103131,"Moderate Risk","Moderate risk vermin infestation"
64630,"20130930",103149,"Low Risk","Wiping cloths not clean or properly stored or inadequate sanitizer"
64630,"20130930",103144,"Low Risk","Unapproved or unmaintained equipment or utensils"
64630,"20130321",103119,"Moderate Risk","Inadequate and inaccessible handwashing facilities"
64630,"20130321",103114,"High Risk","High risk vermin infestation"
64630,"20140310",103154,"Low Risk","Unclean or degraded floors walls or ceilings"
64630,"20140310",103149,"Low Risk","Wiping cloths not clean or properly stored or inadequate sanitizer"
64630,"20140310",103120,"Moderate Risk","Moderate risk food holding temperature "
64630,"20140310",103142,"Low Risk","Unclean nonfood contact surfaces"
64630,"20120912",103149,"Low Risk","Wiping cloths not clean or properly stored or inadequate sanitizer"
64630,"20120912",103154,"Low Risk","Unclean or degraded floors walls or ceilings"
64630,"20120912",103142,"Low Risk","Unclean nonfood contact surfaces"
64630,"20120912",103144,"Low Risk","Unapproved or unmaintained equipment or utensils"
64630,"20120912",103161,"Low Risk","Low risk vermin infestation"
64653,"20150421",103142,"Low Risk","Unclean nonfood contact surfaces"
64653,"20150421",103149,"Low Risk","Wiping cloths not clean or properly stored or inadequate sanitizer"
64653,"20150421",103159,"Low Risk","Worker safety hazards"
64653,"20150421",103124,"Moderate Risk","Inadequately cleaned or sanitized food contact surfaces"
64653,"20150421",103154,"Low Risk","Unclean or degraded floors walls or ceilings"
64653,"20150421",103145,"Low Risk","Improper storage of equipment utensils or linens"
64653,"20140327",103119,"Moderate Risk","Inadequate and inaccessible handwashing facilities"
64653,"20140327",103142,"Low Risk","Unclean nonfood contact surfaces"
64653,"20120620",103149,"Low Risk","Wiping cloths not clean or properly stored or inadequate sanitizer"
64653,"20120620",103145,"Low Risk","Improper storage of equipment utensils or linens"
64653,"20120620",103154,"Low Risk","Unclean or degraded floors walls or ceilings"
64653,"20120620",103150,"Low Risk","Improper or defective plumbing"
64653,"20120620",103142,"Low Risk","Unclean nonfood contact surfaces"
64653,"20120620",103156,"Low Risk","Permit license or inspection report not posted"
64653,"20130206",103154,"Low Risk","Unclean or degraded floors walls or ceilings"
64653,"20130206",103124,"Moderate Risk","Inadequately cleaned or sanitized food contact surfaces"
64653,"20130206",103144,"Low Risk","Unapproved or unmaintained equipment or utensils"
64653,"20130206",103145,"Low Risk","Improper storage of equipment utensils or linens"
64653,"20130206",103152,"Low Risk","Unclean unmaintained or improperly constructed toilet facilities"
64653,"20130206",103149,"Low Risk","Wiping cloths not clean or properly stored or inadequate sanitizer"
64653,"20130206",103142,"Low Risk","Unclean nonfood contact surfaces"
64660,"20150312",103119,"Moderate Risk","Inadequate and inaccessible handwashing facilities"
64660,"20150312",103124,"Moderate Risk","Inadequately cleaned or sanitized food contact surfaces"
64660,"20150312",103139,"Low Risk","Improper food storage"
64660,"20150312",103154,"Low Risk","Unclean or degraded floors walls or ceilings"
64660,"20140107",103149,"Low Risk","Wiping cloths not clean or properly stored or inadequate sanitizer"
64660,"20140107",103162,"Low Risk","Other low risk violation"
64660,"20121127",103138,"Low Risk","Improper storage use or identification of toxic substances"
64660,"20121127",103157,"Low Risk","Food safety certificate or food handler card not available"
64660,"20121127",103149,"Low Risk","Wiping cloths not clean or properly stored or inadequate sanitizer"
64660,"20121127",103144,"Low Risk","Unapproved or unmaintained equipment or utensils"
64660,"20121127",103139,"Low Risk","Improper food storage"
64682,"20150420",103120,"Moderate Risk","Moderate risk food holding temperature "
64682,"20150420",103154,"Low Risk","Unclean or degraded floors walls or ceilings"
64682,"20150420",103139,"Low Risk","Improper food storage"
64682,"20150420",103131,"Moderate Risk","Moderate risk vermin infestation"
64682,"20150420",103144,"Low Risk","Unapproved or unmaintained equipment or utensils"
64682,"20140307",103157,"Low Risk","Food safety certificate or food handler card not available"
64682,"20140307",103156,"Low Risk","Permit license or inspection report not posted"
64682,"20140307",103149,"Low Risk","Wiping cloths not clean or properly stored or inadequate sanitizer"
64682,"20140307",103145,"Low Risk","Improper storage of equipment utensils or linens"
64682,"20140307",103142,"Low Risk","Unclean nonfood contact surfaces"
64682,"20140307",103119,"Moderate Risk","Inadequate and inaccessible handwashing facilities"
64682,"20140307",103154,"Low Risk","Unclean or degraded floors walls or ceilings"
64682,"20120706",103148,"Low Risk","No thermometers or uncalibrated thermometers "
64682,"20120928",103131,"Moderate Risk","Moderate risk vermin infestation"
64682,"20120928",103145,"Low Risk","Improper storage of equipment utensils or linens"
64682,"20120928",103151,"Low Risk","Inadequate or unsanitary refuse containers or area or no garbage service"
64682,"20120706",103102,"High Risk","Unclean hands or improper use of gloves"
64682,"20120706",103105,"High Risk","Improper cooling methods"
64682,"20120706",103120,"Moderate Risk","Moderate risk food holding temperature "
64682,"20120706",103143,"Low Risk","Inadequate warewashing facilities or equipment"
64682,"20120706",103145,"Low Risk","Improper storage of equipment utensils or linens"
64682,"20120706",103149,"Low Risk","Wiping cloths not clean or properly stored or inadequate sanitizer"
64682,"20120706",103150,"Low Risk","Improper or defective plumbing"
64682,"20120706",103154,"Low Risk","Unclean or degraded floors walls or ceilings"
64682,"20121029",103105,"High Risk","Improper cooling methods"
64682,"20120706",103157,"Low Risk","Food safety certificate or food handler card not available"
64682,"20121029",103107,"High Risk","Improper reheating of food"
64682,"20130131",103154,"Low Risk","Unclean or degraded floors walls or ceilings"
64682,"20130131",103119,"Moderate Risk","Inadequate and inaccessible handwashing facilities"
64682,"20130131",103109,"High Risk","Unclean or unsanitary food contact surfaces"
64706,"20141203",103124,"Moderate Risk","Inadequately cleaned or sanitized food contact surfaces"
64706,"20141203",103154,"Low Risk","Unclean or degraded floors walls or ceilings"
64706,"20130919",103154,"Low Risk","Unclean or degraded floors walls or ceilings"
64706,"20130919",103109,"High Risk","Unclean or unsanitary food contact surfaces"
64706,"20130919",103120,"Moderate Risk","Moderate risk food holding temperature "
64706,"20130919",103144,"Low Risk","Unapproved or unmaintained equipment or utensils"
64706,"20130319",103116,"Moderate Risk","Inadequate food safety knowledge or lack of certified food safety manager"
64706,"20130319",103119,"Moderate Risk","Inadequate and inaccessible handwashing facilities"
64706,"20130319",103120,"Moderate Risk","Moderate risk food holding temperature "
64706,"20130319",103129,"Moderate Risk","Insufficient hot water or running water"
64706,"20130319",103144,"Low Risk","Unapproved or unmaintained equipment or utensils"
64706,"20130319",103156,"Low Risk","Permit license or inspection report not posted"
64706,"20130319",103109,"High Risk","Unclean or unsanitary food contact surfaces"
64706,"20140411",103119,"Moderate Risk","Inadequate and inaccessible handwashing facilities"
64706,"20140411",103103,"High Risk","High risk food holding temperature "
64717,"20140904",103131,"Moderate Risk","Moderate risk vermin infestation"
64717,"20131002",103144,"Low Risk","Unapproved or unmaintained equipment or utensils"
64717,"20140602",103131,"Moderate Risk","Moderate risk vermin infestation"
64717,"20140602",103141,"Low Risk","Improper food labeling or menu misrepresentation"
64723,"20131209",103143,"Low Risk","Inadequate warewashing facilities or equipment"
64723,"20131209",103120,"Moderate Risk","Moderate risk food holding temperature "
64723,"20130424",103172,"High Risk","Mobile food facility with unapproved operating conditions"
64723,"20130424",103119,"Moderate Risk","Inadequate and inaccessible handwashing facilities"
64723,"20130424",103120,"Moderate Risk","Moderate risk food holding temperature "
64723,"20120828",103120,"Moderate Risk","Moderate risk food holding temperature "
64723,"20120828",103129,"Moderate Risk","Insufficient hot water or running water"
64737,"20150302",103154,"Low Risk","Unclean or degraded floors walls or ceilings"
64737,"20150302",103149,"Low Risk","Wiping cloths not clean or properly stored or inadequate sanitizer"
64737,"20150302",103145,"Low Risk","Improper storage of equipment utensils or linens"
64737,"20150302",103124,"Moderate Risk","Inadequately cleaned or sanitized food contact surfaces"
64737,"20150302",103119,"Moderate Risk","Inadequate and inaccessible handwashing facilities"
64737,"20150302",103116,"Moderate Risk","Inadequate food safety knowledge or lack of certified food safety manager"
64737,"20150302",103156,"Low Risk","Permit license or inspection report not posted"
64737,"20130123",103142,"Low Risk","Unclean nonfood contact surfaces"
64737,"20140722",103108,"High Risk","Contaminated or adulterated food"
64737,"20140722",103103,"High Risk","High risk food holding temperature "
64737,"20140722",103149,"Low Risk","Wiping cloths not clean or properly stored or inadequate sanitizer"
64737,"20140722",103148,"Low Risk","No thermometers or uncalibrated thermometers "
64737,"20140722",103156,"Low Risk","Permit license or inspection report not posted"
64737,"20140722",103143,"Low Risk","Inadequate warewashing facilities or equipment"
64737,"20140722",103109,"High Risk","Unclean or unsanitary food contact surfaces"
64737,"20140722",103116,"Moderate Risk","Inadequate food safety knowledge or lack of certified food safety manager"
64738,"20150306",103120,"Moderate Risk","Moderate risk food holding temperature "
64738,"20150306",103102,"High Risk","Unclean hands or improper use of gloves"
64738,"20131015",103139,"Low Risk","Improper food storage"
64738,"20131015",103103,"High Risk","High risk food holding temperature "
64738,"20131015",103143,"Low Risk","Inadequate warewashing facilities or equipment"
64738,"20131015",103106,"High Risk","Improper cooking time or temperatures"
64738,"20131015",103119,"Moderate Risk","Inadequate and inaccessible handwashing facilities"
64738,"20131015",103137,"Low Risk","Improperly washed fruits and vegetables"
64738,"20131015",103133,"Moderate Risk","Foods not protected from contamination"
64738,"20140506",103102,"High Risk","Unclean hands or improper use of gloves"
64738,"20140506",103149,"Low Risk","Wiping cloths not clean or properly stored or inadequate sanitizer"
64738,"20140506",103124,"Moderate Risk","Inadequately cleaned or sanitized food contact surfaces"
64738,"20140506",103129,"Moderate Risk","Insufficient hot water or running water"
64773,"20131121",103149,"Low Risk","Wiping cloths not clean or properly stored or inadequate sanitizer"
64773,"20131121",103142,"Low Risk","Unclean nonfood contact surfaces"
64773,"20131121",103114,"High Risk","High risk vermin infestation"
64773,"20131121",103156,"Low Risk","Permit license or inspection report not posted"
64773,"20120625",103114,"High Risk","High risk vermin infestation"
64773,"20120625",103139,"Low Risk","Improper food storage"
64773,"20120625",103142,"Low Risk","Unclean nonfood contact surfaces"
64773,"20120625",103154,"Low Risk","Unclean or degraded floors walls or ceilings"
64773,"20120625",103149,"Low Risk","Wiping cloths not clean or properly stored or inadequate sanitizer"
64773,"20130114",103154,"Low Risk","Unclean or degraded floors walls or ceilings"
64773,"20130114",103114,"High Risk","High risk vermin infestation"
64773,"20130114",103157,"Low Risk","Food safety certificate or food handler card not available"
64773,"20140630",103157,"Low Risk","Food safety certificate or food handler card not available"
64773,"20140630",103149,"Low Risk","Wiping cloths not clean or properly stored or inadequate sanitizer"
64773,"20140630",103154,"Low Risk","Unclean or degraded floors walls or ceilings"
64787,"20150514",103156,"Low Risk","Permit license or inspection report not posted"
64787,"20150514",103133,"Moderate Risk","Foods not protected from contamination"
64787,"20150514",103127,"Moderate Risk","Noncompliance with HAACP plan or variance"
64787,"20150514",103119,"Moderate Risk","Inadequate and inaccessible handwashing facilities"
64787,"20150514",103149,"Low Risk","Wiping cloths not clean or properly stored or inadequate sanitizer"
64787,"20130917",103133,"Moderate Risk","Foods not protected from contamination"
64787,"20130917",103119,"Moderate Risk","Inadequate and inaccessible handwashing facilities"
64787,"20130917",103120,"Moderate Risk","Moderate risk food holding temperature "
64787,"20130917",103131,"Moderate Risk","Moderate risk vermin infestation"
64787,"20140409",103103,"High Risk","High risk food holding temperature "
64787,"20140409",103118,"Moderate Risk","Employee eating or smoking"
64787,"20121023",103133,"Moderate Risk","Foods not protected from contamination"
64787,"20121023",103142,"Low Risk","Unclean nonfood contact surfaces"
64787,"20121023",103153,"Low Risk","Inadequate dressing rooms or improper storage of personal items"
64790,"20130926",103103,"High Risk","High risk food holding temperature "
64790,"20130926",103109,"High Risk","Unclean or unsanitary food contact surfaces"
64790,"20140514",103147,"Low Risk","Inadequate ventilation or lighting"
64790,"20140514",103103,"High Risk","High risk food holding temperature "
64790,"20140514",103154,"Low Risk","Unclean or degraded floors walls or ceilings"
64797,"20131016",103157,"Low Risk","Food safety certificate or food handler card not available"
64797,"20131016",103120,"Moderate Risk","Moderate risk food holding temperature "
64797,"20130312",103119,"Moderate Risk","Inadequate and inaccessible handwashing facilities"
64797,"20130312",103153,"Low Risk","Inadequate dressing rooms or improper storage of personal items"
64797,"20130312",103147,"Low Risk","Inadequate ventilation or lighting"
64797,"20130312",103142,"Low Risk","Unclean nonfood contact surfaces"
64797,"20130312",103149,"Low Risk","Wiping cloths not clean or properly stored or inadequate sanitizer"
64797,"20120727",103144,"Low Risk","Unapproved or unmaintained equipment or utensils"
64797,"20120727",103154,"Low Risk","Unclean or degraded floors walls or ceilings"
64797,"20120727",103133,"Moderate Risk","Foods not protected from contamination"
64797,"20120727",103142,"Low Risk","Unclean nonfood contact surfaces"
64797,"20120727",103121,"Moderate Risk","Inadequate procedures or records for time as a public health control "
64797,"20120727",103157,"Low Risk","Food safety certificate or food handler card not available"
64797,"20120727",103156,"Low Risk","Permit license or inspection report not posted"
64797,"20140708",103161,"Low Risk","Low risk vermin infestation"
64797,"20140708",103154,"Low Risk","Unclean or degraded floors walls or ceilings"
64797,"20140708",103139,"Low Risk","Improper food storage"
64805,"20150130",103119,"Moderate Risk","Inadequate and inaccessible handwashing facilities"
64805,"20150130",103133,"Moderate Risk","Foods not protected from contamination"
64805,"20150130",103144,"Low Risk","Unapproved or unmaintained equipment or utensils"
64805,"20150130",103149,"Low Risk","Wiping cloths not clean or properly stored or inadequate sanitizer"
64805,"20150130",103162,"Low Risk","Other low risk violation"
64805,"20150130",103120,"Moderate Risk","Moderate risk food holding temperature "
64805,"20140116",103149,"Low Risk","Wiping cloths not clean or properly stored or inadequate sanitizer"
64805,"20140116",103133,"Moderate Risk","Foods not protected from contamination"
64805,"20140116",103141,"Low Risk","Improper food labeling or menu misrepresentation"
64805,"20121023",103120,"Moderate Risk","Moderate risk food holding temperature "
64805,"20121023",103144,"Low Risk","Unapproved or unmaintained equipment or utensils"
64811,"20150224",103145,"Low Risk","Improper storage of equipment utensils or linens"
64811,"20150224",103149,"Low Risk","Wiping cloths not clean or properly stored or inadequate sanitizer"
64811,"20150224",103119,"Moderate Risk","Inadequate and inaccessible handwashing facilities"
64811,"20150224",103116,"Moderate Risk","Inadequate food safety knowledge or lack of certified food safety manager"
64811,"20150224",103156,"Low Risk","Permit license or inspection report not posted"
64811,"20131216",103156,"Low Risk","Permit license or inspection report not posted"
64811,"20131216",103154,"Low Risk","Unclean or degraded floors walls or ceilings"
64811,"20131216",103145,"Low Risk","Improper storage of equipment utensils or linens"
64811,"20131216",103116,"Moderate Risk","Inadequate food safety knowledge or lack of certified food safety manager"
64811,"20130214",103102,"High Risk","Unclean hands or improper use of gloves"
64811,"20130214",103157,"Low Risk","Food safety certificate or food handler card not available"
64811,"20130214",103154,"Low Risk","Unclean or degraded floors walls or ceilings"
64811,"20130214",103139,"Low Risk","Improper food storage"
64811,"20130214",103119,"Moderate Risk","Inadequate and inaccessible handwashing facilities"
64811,"20130214",103151,"Low Risk","Inadequate or unsanitary refuse containers or area or no garbage service"
64811,"20130214",103150,"Low Risk","Improper or defective plumbing"
64811,"20140619",103124,"Moderate Risk","Inadequately cleaned or sanitized food contact surfaces"
64811,"20140619",103154,"Low Risk","Unclean or degraded floors walls or ceilings"
64814,"20131115",103120,"Moderate Risk","Moderate risk food holding temperature "
64814,"20131115",103131,"Moderate Risk","Moderate risk vermin infestation"
64814,"20131115",103139,"Low Risk","Improper food storage"
64814,"20131115",103154,"Low Risk","Unclean or degraded floors walls or ceilings"
64814,"20130523",103142,"Low Risk","Unclean nonfood contact surfaces"
64814,"20130523",103114,"High Risk","High risk vermin infestation"
64814,"20130523",103103,"High Risk","High risk food holding temperature "
64814,"20120711",103142,"Low Risk","Unclean nonfood contact surfaces"
64814,"20120711",103149,"Low Risk","Wiping cloths not clean or properly stored or inadequate sanitizer"
64814,"20120711",103103,"High Risk","High risk food holding temperature "
64814,"20120711",103154,"Low Risk","Unclean or degraded floors walls or ceilings"
64814,"20130116",103154,"Low Risk","Unclean or degraded floors walls or ceilings"
64814,"20130116",103149,"Low Risk","Wiping cloths not clean or properly stored or inadequate sanitizer"
64814,"20130116",103103,"High Risk","High risk food holding temperature "
64814,"20130116",103131,"Moderate Risk","Moderate risk vermin infestation"
64814,"20140609",103114,"High Risk","High risk vermin infestation"
64814,"20140609",103154,"Low Risk","Unclean or degraded floors walls or ceilings"
64814,"20140609",103149,"Low Risk","Wiping cloths not clean or properly stored or inadequate sanitizer"
64835,"20140103",103105,"High Risk","Improper cooling methods"
64835,"20140103",103133,"Moderate Risk","Foods not protected from contamination"
64835,"20140103",103114,"High Risk","High risk vermin infestation"
64835,"20140103",103108,"High Risk","Contaminated or adulterated food"
64835,"20130604",103120,"Moderate Risk","Moderate risk food holding temperature "
64835,"20130604",103131,"Moderate Risk","Moderate risk vermin infestation"
64838,"20140813",103145,"Low Risk","Improper storage of equipment utensils or linens"
64838,"20140813",103124,"Moderate Risk","Inadequately cleaned or sanitized food contact surfaces"
64843,"20140314",103120,"Moderate Risk","Moderate risk food holding temperature "
64843,"20140314",103142,"Low Risk","Unclean nonfood contact surfaces"
64843,"20140314",103119,"Moderate Risk","Inadequate and inaccessible handwashing facilities"
64843,"20140314",103139,"Low Risk","Improper food storage"
64843,"20140314",103136,"Low Risk","Unsanitary employee garments hair or nails"
64843,"20140314",103133,"Moderate Risk","Foods not protected from contamination"
64843,"20140314",103154,"Low Risk","Unclean or degraded floors walls or ceilings"
64843,"20121003",103154,"Low Risk","Unclean or degraded floors walls or ceilings"
64843,"20121003",103142,"Low Risk","Unclean nonfood contact surfaces"
64843,"20121003",103109,"High Risk","Unclean or unsanitary food contact surfaces"
64843,"20121003",103123,"Moderate Risk","Food in poor condition"
64843,"20121003",103149,"Low Risk","Wiping cloths not clean or properly stored or inadequate sanitizer"
64843,"20121003",103148,"Low Risk","No thermometers or uncalibrated thermometers "
64843,"20121003",103103,"High Risk","High risk food holding temperature "
64843,"20140603",103139,"Low Risk","Improper food storage"
64843,"20140603",103142,"Low Risk","Unclean nonfood contact surfaces"
64843,"20140603",103124,"Moderate Risk","Inadequately cleaned or sanitized food contact surfaces"
64843,"20140603",103116,"Moderate Risk","Inadequate food safety knowledge or lack of certified food safety manager"
64843,"20140603",103154,"Low Risk","Unclean or degraded floors walls or ceilings"
64846,"20150313",103144,"Low Risk","Unapproved or unmaintained equipment or utensils"
64846,"20140123",103149,"Low Risk","Wiping cloths not clean or properly stored or inadequate sanitizer"
64846,"20140123",103119,"Moderate Risk","Inadequate and inaccessible handwashing facilities"
64846,"20121106",103149,"Low Risk","Wiping cloths not clean or properly stored or inadequate sanitizer"
64849,"20140813",103116,"Moderate Risk","Inadequate food safety knowledge or lack of certified food safety manager"
64849,"20140813",103109,"High Risk","Unclean or unsanitary food contact surfaces"
64849,"20140813",103150,"Low Risk","Improper or defective plumbing"
64849,"20140813",103154,"Low Risk","Unclean or degraded floors walls or ceilings"
64854,"20150410",103132,"Moderate Risk","Improper thawing methods "
64854,"20150325",103154,"Low Risk","Unclean or degraded floors walls or ceilings"
64854,"20150325",103147,"Low Risk","Inadequate ventilation or lighting"
64854,"20150325",103145,"Low Risk","Improper storage of equipment utensils or linens"
64854,"20150325",103144,"Low Risk","Unapproved or unmaintained equipment or utensils"
64854,"20150325",103142,"Low Risk","Unclean nonfood contact surfaces"
64854,"20150325",103139,"Low Risk","Improper food storage"
64854,"20150325",103124,"Moderate Risk","Inadequately cleaned or sanitized food contact surfaces"
64854,"20150325",103120,"Moderate Risk","Moderate risk food holding temperature "
64854,"20150325",103119,"Moderate Risk","Inadequate and inaccessible handwashing facilities"
64854,"20140102",103151,"Low Risk","Inadequate or unsanitary refuse containers or area or no garbage service"
64854,"20140102",103147,"Low Risk","Inadequate ventilation or lighting"
64854,"20140102",103144,"Low Risk","Unapproved or unmaintained equipment or utensils"
64854,"20140102",103142,"Low Risk","Unclean nonfood contact surfaces"
64854,"20140102",103133,"Moderate Risk","Foods not protected from contamination"
64854,"20140102",103120,"Moderate Risk","Moderate risk food holding temperature "
64854,"20140102",103124,"Moderate Risk","Inadequately cleaned or sanitized food contact surfaces"
64854,"20130204",103132,"Moderate Risk","Improper thawing methods "
64854,"20130204",103149,"Low Risk","Wiping cloths not clean or properly stored or inadequate sanitizer"
64854,"20140619",103133,"Moderate Risk","Foods not protected from contamination"
64854,"20140619",103119,"Moderate Risk","Inadequate and inaccessible handwashing facilities"
64854,"20140619",103154,"Low Risk","Unclean or degraded floors walls or ceilings"
64854,"20140619",103144,"Low Risk","Unapproved or unmaintained equipment or utensils"
64854,"20140619",103147,"Low Risk","Inadequate ventilation or lighting"
64854,"20140619",103149,"Low Risk","Wiping cloths not clean or properly stored or inadequate sanitizer"
64859,"20141209",103139,"Low Risk","Improper food storage"
64859,"20130726",103124,"Moderate Risk","Inadequately cleaned or sanitized food contact surfaces"
64859,"20130726",103131,"Moderate Risk","Moderate risk vermin infestation"
64859,"20140311",103139,"Low Risk","Improper food storage"
64881,"20141223",103149,"Low Risk","Wiping cloths not clean or properly stored or inadequate sanitizer"
64881,"20131021",103142,"Low Risk","Unclean nonfood contact surfaces"
64881,"20140423",103142,"Low Risk","Unclean nonfood contact surfaces"
64881,"20121004",103142,"Low Risk","Unclean nonfood contact surfaces"
64881,"20121004",103120,"Moderate Risk","Moderate risk food holding temperature "
64881,"20121004",103147,"Low Risk","Inadequate ventilation or lighting"
64884,"20130521",103124,"Moderate Risk","Inadequately cleaned or sanitized food contact surfaces"
64884,"20130521",103157,"Low Risk","Food safety certificate or food handler card not available"
64884,"20130521",103119,"Moderate Risk","Inadequate and inaccessible handwashing facilities"
64884,"20121004",103150,"Low Risk","Improper or defective plumbing"
64884,"20140814",103119,"Moderate Risk","Inadequate and inaccessible handwashing facilities"
64884,"20140814",103142,"Low Risk","Unclean nonfood contact surfaces"
64884,"20140814",103139,"Low Risk","Improper food storage"
64884,"20140814",103154,"Low Risk","Unclean or degraded floors walls or ceilings"
64917,"20150402",103147,"Low Risk","Inadequate ventilation or lighting"
64917,"20150402",103143,"Low Risk","Inadequate warewashing facilities or equipment"
64917,"20140109",103148,"Low Risk","No thermometers or uncalibrated thermometers "
64917,"20140109",103144,"Low Risk","Unapproved or unmaintained equipment or utensils"
64917,"20140109",103142,"Low Risk","Unclean nonfood contact surfaces"
64917,"20140109",103157,"Low Risk","Food safety certificate or food handler card not available"
64917,"20130521",103109,"High Risk","Unclean or unsanitary food contact surfaces"
64917,"20130521",103119,"Moderate Risk","Inadequate and inaccessible handwashing facilities"
64917,"20130521",103120,"Moderate Risk","Moderate risk food holding temperature "
64917,"20130521",103144,"Low Risk","Unapproved or unmaintained equipment or utensils"
64932,"20130715",103154,"Low Risk","Unclean or degraded floors walls or ceilings"
64932,"20130715",103120,"Moderate Risk","Moderate risk food holding temperature "
64932,"20130715",103124,"Moderate Risk","Inadequately cleaned or sanitized food contact surfaces"
64932,"20130715",103143,"Low Risk","Inadequate warewashing facilities or equipment"
64932,"20130715",103144,"Low Risk","Unapproved or unmaintained equipment or utensils"
64932,"20130715",103145,"Low Risk","Improper storage of equipment utensils or linens"
64932,"20140514",103143,"Low Risk","Inadequate warewashing facilities or equipment"
64932,"20140514",103142,"Low Risk","Unclean nonfood contact surfaces"
64932,"20140514",103154,"Low Risk","Unclean or degraded floors walls or ceilings"
64932,"20140514",103131,"Moderate Risk","Moderate risk vermin infestation"
64932,"20140514",103119,"Moderate Risk","Inadequate and inaccessible handwashing facilities"
64933,"20140117",103119,"Moderate Risk","Inadequate and inaccessible handwashing facilities"
64933,"20140117",103105,"High Risk","Improper cooling methods"
64933,"20131023",103116,"Moderate Risk","Inadequate food safety knowledge or lack of certified food safety manager"
64933,"20131023",103120,"Moderate Risk","Moderate risk food holding temperature "
64933,"20131023",103119,"Moderate Risk","Inadequate and inaccessible handwashing facilities"
64933,"20121114",103114,"High Risk","High risk vermin infestation"
64938,"20131212",103129,"Moderate Risk","Insufficient hot water or running water"
64938,"20131212",103156,"Low Risk","Permit license or inspection report not posted"
64938,"20131212",103154,"Low Risk","Unclean or degraded floors walls or ceilings"
64938,"20130319",103119,"Moderate Risk","Inadequate and inaccessible handwashing facilities"
64938,"20130319",103133,"Moderate Risk","Foods not protected from contamination"
64938,"20130319",103138,"Low Risk","Improper storage use or identification of toxic substances"
64938,"20130319",103154,"Low Risk","Unclean or degraded floors walls or ceilings"
64938,"20120906",103154,"Low Risk","Unclean or degraded floors walls or ceilings"
64938,"20120906",103119,"Moderate Risk","Inadequate and inaccessible handwashing facilities"
64940,"20141120",103107,"High Risk","Improper reheating of food"
64940,"20150211",103153,"Low Risk","Inadequate dressing rooms or improper storage of personal items"
64940,"20150211",103139,"Low Risk","Improper food storage"
64940,"20150211",103105,"High Risk","Improper cooling methods"
64940,"20150211",103120,"Moderate Risk","Moderate risk food holding temperature "
64940,"20130424",103156,"Low Risk","Permit license or inspection report not posted"
64940,"20130424",103149,"Low Risk","Wiping cloths not clean or properly stored or inadequate sanitizer"
64940,"20130424",103139,"Low Risk","Improper food storage"
64940,"20140804",103120,"Moderate Risk","Moderate risk food holding temperature "
64940,"20140804",103145,"Low Risk","Improper storage of equipment utensils or linens"
64940,"20140804",103139,"Low Risk","Improper food storage"
64940,"20140804",103149,"Low Risk","Wiping cloths not clean or properly stored or inadequate sanitizer"
64940,"20140804",103144,"Low Risk","Unapproved or unmaintained equipment or utensils"
64945,"20150603",103120,"Moderate Risk","Moderate risk food holding temperature "
64945,"20150603",103116,"Moderate Risk","Inadequate food safety knowledge or lack of certified food safety manager"
64945,"20131125",103120,"Moderate Risk","Moderate risk food holding temperature "
64945,"20131125",103154,"Low Risk","Unclean or degraded floors walls or ceilings"
64945,"20130530",103103,"High Risk","High risk food holding temperature "
64945,"20130530",103161,"Low Risk","Low risk vermin infestation"
64945,"20140506",103154,"Low Risk","Unclean or degraded floors walls or ceilings"
64945,"20140506",103120,"Moderate Risk","Moderate risk food holding temperature "
64945,"20140506",103139,"Low Risk","Improper food storage"
64945,"20120817",103103,"High Risk","High risk food holding temperature "
64945,"20120817",103119,"Moderate Risk","Inadequate and inaccessible handwashing facilities"
64945,"20120817",103124,"Moderate Risk","Inadequately cleaned or sanitized food contact surfaces"
64945,"20121207",103103,"High Risk","High risk food holding temperature "
64945,"20121207",103156,"Low Risk","Permit license or inspection report not posted"
64958,"20131113",103131,"Moderate Risk","Moderate risk vermin infestation"
64958,"20131113",103139,"Low Risk","Improper food storage"
64958,"20130502",103142,"Low Risk","Unclean nonfood contact surfaces"
64958,"20130502",103154,"Low Risk","Unclean or degraded floors walls or ceilings"
64958,"20120913",103120,"Moderate Risk","Moderate risk food holding temperature "
64958,"20140627",103149,"Low Risk","Wiping cloths not clean or properly stored or inadequate sanitizer"
64958,"20140627",103139,"Low Risk","Improper food storage"
64975,"20131112",103114,"High Risk","High risk vermin infestation"
64975,"20131112",103120,"Moderate Risk","Moderate risk food holding temperature "
64975,"20131112",103119,"Moderate Risk","Inadequate and inaccessible handwashing facilities"
64975,"20131112",103115,"High Risk","Other high risk violation"
64975,"20131112",103149,"Low Risk","Wiping cloths not clean or properly stored or inadequate sanitizer"
64975,"20130426",103142,"Low Risk","Unclean nonfood contact surfaces"
64975,"20130426",103154,"Low Risk","Unclean or degraded floors walls or ceilings"
64975,"20130426",103144,"Low Risk","Unapproved or unmaintained equipment or utensils"
64975,"20130426",103119,"Moderate Risk","Inadequate and inaccessible handwashing facilities"
64975,"20140428",103150,"Low Risk","Improper or defective plumbing"
64975,"20120926",103131,"Moderate Risk","Moderate risk vermin infestation"
64975,"20120926",103115,"High Risk","Other high risk violation"
64975,"20120926",103120,"Moderate Risk","Moderate risk food holding temperature "
64975,"20120926",103124,"Moderate Risk","Inadequately cleaned or sanitized food contact surfaces"
64975,"20120926",103142,"Low Risk","Unclean nonfood contact surfaces"
64975,"20120926",103145,"Low Risk","Improper storage of equipment utensils or linens"
64975,"20120926",103144,"Low Risk","Unapproved or unmaintained equipment or utensils"
65004,"20140910",103143,"Low Risk","Inadequate warewashing facilities or equipment"
65004,"20150225",103154,"Low Risk","Unclean or degraded floors walls or ceilings"
65004,"20130808",103139,"Low Risk","Improper food storage"
65004,"20130808",103143,"Low Risk","Inadequate warewashing facilities or equipment"
65004,"20130808",103161,"Low Risk","Low risk vermin infestation"
65004,"20130808",103154,"Low Risk","Unclean or degraded floors walls or ceilings"
65004,"20121109",103156,"Low Risk","Permit license or inspection report not posted"
65004,"20121109",103144,"Low Risk","Unapproved or unmaintained equipment or utensils"
65004,"20121109",103114,"High Risk","High risk vermin infestation"
65004,"20121109",103133,"Moderate Risk","Foods not protected from contamination"
65004,"20121109",103152,"Low Risk","Unclean unmaintained or improperly constructed toilet facilities"
65007,"20140317",103154,"Low Risk","Unclean or degraded floors walls or ceilings"
65007,"20140317",103142,"Low Risk","Unclean nonfood contact surfaces"
65007,"20140317",103144,"Low Risk","Unapproved or unmaintained equipment or utensils"
65007,"20140317",103131,"Moderate Risk","Moderate risk vermin infestation"
65007,"20140317",103124,"Moderate Risk","Inadequately cleaned or sanitized food contact surfaces"
65007,"20120629",103144,"Low Risk","Unapproved or unmaintained equipment or utensils"
65007,"20120629",103123,"Moderate Risk","Food in poor condition"
65012,"20130917",103109,"High Risk","Unclean or unsanitary food contact surfaces"
65012,"20130917",103145,"Low Risk","Improper storage of equipment utensils or linens"
65012,"20130917",103161,"Low Risk","Low risk vermin infestation"
65012,"20130917",103133,"Moderate Risk","Foods not protected from contamination"
65012,"20130917",103120,"Moderate Risk","Moderate risk food holding temperature "
65012,"20130313",103103,"High Risk","High risk food holding temperature "
65012,"20130204",103105,"High Risk","Improper cooling methods"
65012,"20130204",103108,"High Risk","Contaminated or adulterated food"
65012,"20130204",103149,"Low Risk","Wiping cloths not clean or properly stored or inadequate sanitizer"
65012,"20130204",103124,"Moderate Risk","Inadequately cleaned or sanitized food contact surfaces"
65012,"20130204",103131,"Moderate Risk","Moderate risk vermin infestation"
65012,"20130204",103138,"Low Risk","Improper storage use or identification of toxic substances"
65012,"20140506",103144,"Low Risk","Unapproved or unmaintained equipment or utensils"
65012,"20140506",103133,"Moderate Risk","Foods not protected from contamination"
65012,"20140506",103109,"High Risk","Unclean or unsanitary food contact surfaces"
65012,"20140506",103161,"Low Risk","Low risk vermin infestation"
65014,"20130724",103144,"Low Risk","Unapproved or unmaintained equipment or utensils"
65014,"20130724",103124,"Moderate Risk","Inadequately cleaned or sanitized food contact surfaces"
65014,"20130724",103145,"Low Risk","Improper storage of equipment utensils or linens"
65014,"20131231",103119,"Moderate Risk","Inadequate and inaccessible handwashing facilities"
65014,"20131231",103120,"Moderate Risk","Moderate risk food holding temperature "
65014,"20121005",103148,"Low Risk","No thermometers or uncalibrated thermometers "
65014,"20121005",103107,"High Risk","Improper reheating of food"
65014,"20140708",103149,"Low Risk","Wiping cloths not clean or properly stored or inadequate sanitizer"
65014,"20140708",103120,"Moderate Risk","Moderate risk food holding temperature "
65014,"20140708",103119,"Moderate Risk","Inadequate and inaccessible handwashing facilities"
65026,"20150112",103150,"Low Risk","Improper or defective plumbing"
65026,"20131016",103152,"Low Risk","Unclean unmaintained or improperly constructed toilet facilities"
65026,"20130409",103161,"Low Risk","Low risk vermin infestation"
65026,"20130409",103121,"Moderate Risk","Inadequate procedures or records for time as a public health control "
65026,"20140424",103142,"Low Risk","Unclean nonfood contact surfaces"
65026,"20140424",103139,"Low Risk","Improper food storage"
65026,"20120719",103120,"Moderate Risk","Moderate risk food holding temperature "
65026,"20120719",103139,"Low Risk","Improper food storage"
65026,"20120719",103119,"Moderate Risk","Inadequate and inaccessible handwashing facilities"
65032,"20150511",103119,"Moderate Risk","Inadequate and inaccessible handwashing facilities"
65032,"20150511",103124,"Moderate Risk","Inadequately cleaned or sanitized food contact surfaces"
65032,"20150511",103144,"Low Risk","Unapproved or unmaintained equipment or utensils"
65032,"20140303",103144,"Low Risk","Unapproved or unmaintained equipment or utensils"
65032,"20140303",103124,"Moderate Risk","Inadequately cleaned or sanitized food contact surfaces"
65032,"20121227",103157,"Low Risk","Food safety certificate or food handler card not available"
65032,"20121227",103132,"Moderate Risk","Improper thawing methods "
65050,"20141027",103131,"Moderate Risk","Moderate risk vermin infestation"
65050,"20141107",103131,"Moderate Risk","Moderate risk vermin infestation"
65050,"20141027",103150,"Low Risk","Improper or defective plumbing"
65050,"20141027",103133,"Moderate Risk","Foods not protected from contamination"
65050,"20141027",103120,"Moderate Risk","Moderate risk food holding temperature "
65050,"20140911",103124,"Moderate Risk","Inadequately cleaned or sanitized food contact surfaces"
65050,"20140911",103156,"Low Risk","Permit license or inspection report not posted"
65050,"20140911",103114,"High Risk","High risk vermin infestation"
65050,"20140911",103154,"Low Risk","Unclean or degraded floors walls or ceilings"
65050,"20140911",103147,"Low Risk","Inadequate ventilation or lighting"
65050,"20140911",103142,"Low Risk","Unclean nonfood contact surfaces"
65050,"20150409",103161,"Low Risk","Low risk vermin infestation"
65050,"20150409",103154,"Low Risk","Unclean or degraded floors walls or ceilings"
65050,"20150409",103152,"Low Risk","Unclean unmaintained or improperly constructed toilet facilities"
65050,"20150409",103127,"Moderate Risk","Noncompliance with HAACP plan or variance"
65050,"20140321",103114,"High Risk","High risk vermin infestation"
65050,"20140321",103139,"Low Risk","Improper food storage"
65050,"20140321",103131,"Moderate Risk","Moderate risk vermin infestation"
65050,"20140321",103149,"Low Risk","Wiping cloths not clean or properly stored or inadequate sanitizer"
65050,"20140321",103103,"High Risk","High risk food holding temperature "
65050,"20130225",103103,"High Risk","High risk food holding temperature "
65050,"20130225",103149,"Low Risk","Wiping cloths not clean or properly stored or inadequate sanitizer"
65050,"20130225",103120,"Moderate Risk","Moderate risk food holding temperature "
65051,"20150203",103120,"Moderate Risk","Moderate risk food holding temperature "
65051,"20131015",103149,"Low Risk","Wiping cloths not clean or properly stored or inadequate sanitizer"
65051,"20130515",103142,"Low Risk","Unclean nonfood contact surfaces"
65051,"20130515",103149,"Low Risk","Wiping cloths not clean or properly stored or inadequate sanitizer"
65051,"20130515",103139,"Low Risk","Improper food storage"
65051,"20140507",103154,"Low Risk","Unclean or degraded floors walls or ceilings"
65057,"20141104",103144,"Low Risk","Unapproved or unmaintained equipment or utensils"
65057,"20141104",103147,"Low Risk","Inadequate ventilation or lighting"
65057,"20141104",103154,"Low Risk","Unclean or degraded floors walls or ceilings"
65057,"20141104",103149,"Low Risk","Wiping cloths not clean or properly stored or inadequate sanitizer"
65057,"20131220",103154,"Low Risk","Unclean or degraded floors walls or ceilings"
65057,"20131220",103150,"Low Risk","Improper or defective plumbing"
65057,"20131220",103144,"Low Risk","Unapproved or unmaintained equipment or utensils"
65057,"20131220",103109,"High Risk","Unclean or unsanitary food contact surfaces"
65057,"20131220",103129,"Moderate Risk","Insufficient hot water or running water"
65057,"20130523",103124,"Moderate Risk","Inadequately cleaned or sanitized food contact surfaces"
65057,"20120801",103119,"Moderate Risk","Inadequate and inaccessible handwashing facilities"
65057,"20120801",103105,"High Risk","Improper cooling methods"
65057,"20120801",103103,"High Risk","High risk food holding temperature "
65058,"20121002",103121,"Moderate Risk","Inadequate procedures or records for time as a public health control "
65058,"20121002",103156,"Low Risk","Permit license or inspection report not posted"
65060,"20141118",103149,"Low Risk","Wiping cloths not clean or properly stored or inadequate sanitizer"
65060,"20141118",103139,"Low Risk","Improper food storage"
65060,"20141118",103157,"Low Risk","Food safety certificate or food handler card not available"
65060,"20131008",103120,"Moderate Risk","Moderate risk food holding temperature "
65060,"20120615",103149,"Low Risk","Wiping cloths not clean or properly stored or inadequate sanitizer"
65066,"20150204",103144,"Low Risk","Unapproved or unmaintained equipment or utensils"
65066,"20150204",103154,"Low Risk","Unclean or degraded floors walls or ceilings"
65066,"20150204",103109,"High Risk","Unclean or unsanitary food contact surfaces"
65066,"20150204",103105,"High Risk","Improper cooling methods"
65066,"20131107",103103,"High Risk","High risk food holding temperature "
65066,"20131107",103102,"High Risk","Unclean hands or improper use of gloves"
65066,"20131107",103114,"High Risk","High risk vermin infestation"
65066,"20131107",103119,"Moderate Risk","Inadequate and inaccessible handwashing facilities"
65066,"20131107",103124,"Moderate Risk","Inadequately cleaned or sanitized food contact surfaces"
65066,"20131107",103154,"Low Risk","Unclean or degraded floors walls or ceilings"
65066,"20131107",103133,"Moderate Risk","Foods not protected from contamination"
65066,"20131107",103109,"High Risk","Unclean or unsanitary food contact surfaces"
65066,"20130507",103153,"Low Risk","Inadequate dressing rooms or improper storage of personal items"
65066,"20130507",103149,"Low Risk","Wiping cloths not clean or properly stored or inadequate sanitizer"
65066,"20130507",103133,"Moderate Risk","Foods not protected from contamination"
65066,"20140813",103143,"Low Risk","Inadequate warewashing facilities or equipment"
65066,"20140813",103132,"Moderate Risk","Improper thawing methods "
65066,"20140813",103119,"Moderate Risk","Inadequate and inaccessible handwashing facilities"
65066,"20140813",103118,"Moderate Risk","Employee eating or smoking"
65066,"20140813",103103,"High Risk","High risk food holding temperature "
65066,"20140822",103124,"Moderate Risk","Inadequately cleaned or sanitized food contact surfaces"
65066,"20140822",103108,"High Risk","Contaminated or adulterated food"
65066,"20140813",103139,"Low Risk","Improper food storage"
65072,"20140109",103154,"Low Risk","Unclean or degraded floors walls or ceilings"
65072,"20140109",103105,"High Risk","Improper cooling methods"
65072,"20140109",103131,"Moderate Risk","Moderate risk vermin infestation"
65072,"20140109",103129,"Moderate Risk","Insufficient hot water or running water"
65072,"20140109",103119,"Moderate Risk","Inadequate and inaccessible handwashing facilities"
65072,"20140728",103119,"Moderate Risk","Inadequate and inaccessible handwashing facilities"
65072,"20140728",103124,"Moderate Risk","Inadequately cleaned or sanitized food contact surfaces"
65072,"20140728",103129,"Moderate Risk","Insufficient hot water or running water"
65072,"20140728",103155,"Low Risk","Unapproved  living quarters in food facility"
65072,"20140728",103156,"Low Risk","Permit license or inspection report not posted"
65086,"20141110",103119,"Moderate Risk","Inadequate and inaccessible handwashing facilities"
65086,"20130731",103120,"Moderate Risk","Moderate risk food holding temperature "
65086,"20130731",103161,"Low Risk","Low risk vermin infestation"
65086,"20130731",103154,"Low Risk","Unclean or degraded floors walls or ceilings"
65086,"20140227",103103,"High Risk","High risk food holding temperature "
65086,"20140227",103134,"Moderate Risk","Other moderate risk violation"
65086,"20140227",103139,"Low Risk","Improper food storage"
65086,"20121023",103154,"Low Risk","Unclean or degraded floors walls or ceilings"
65086,"20121023",103124,"Moderate Risk","Inadequately cleaned or sanitized food contact surfaces"
65086,"20121023",103143,"Low Risk","Inadequate warewashing facilities or equipment"
65086,"20121023",103103,"High Risk","High risk food holding temperature "
65086,"20121023",103133,"Moderate Risk","Foods not protected from contamination"
65086,"20121023",103161,"Low Risk","Low risk vermin infestation"
65103,"20150121",103149,"Low Risk","Wiping cloths not clean or properly stored or inadequate sanitizer"
65103,"20150121",103120,"Moderate Risk","Moderate risk food holding temperature "
65103,"20131210",103153,"Low Risk","Inadequate dressing rooms or improper storage of personal items"
65103,"20131210",103119,"Moderate Risk","Inadequate and inaccessible handwashing facilities"
65103,"20131210",103133,"Moderate Risk","Foods not protected from contamination"
65103,"20131210",103144,"Low Risk","Unapproved or unmaintained equipment or utensils"
65103,"20131210",103149,"Low Risk","Wiping cloths not clean or properly stored or inadequate sanitizer"
65103,"20131210",103156,"Low Risk","Permit license or inspection report not posted"
65103,"20131210",103157,"Low Risk","Food safety certificate or food handler card not available"
65103,"20130614",103103,"High Risk","High risk food holding temperature "
65103,"20130614",103157,"Low Risk","Food safety certificate or food handler card not available"
65103,"20130614",103156,"Low Risk","Permit license or inspection report not posted"
65103,"20121219",103103,"High Risk","High risk food holding temperature "
65103,"20121219",103157,"Low Risk","Food safety certificate or food handler card not available"
65103,"20140728",103120,"Moderate Risk","Moderate risk food holding temperature "
65111,"20140115",103133,"Moderate Risk","Foods not protected from contamination"
65111,"20140115",103149,"Low Risk","Wiping cloths not clean or properly stored or inadequate sanitizer"
65111,"20140115",103154,"Low Risk","Unclean or degraded floors walls or ceilings"
65111,"20140115",103150,"Low Risk","Improper or defective plumbing"
65111,"20140115",103131,"Moderate Risk","Moderate risk vermin infestation"
65111,"20130611",103118,"Moderate Risk","Employee eating or smoking"
65111,"20130611",103138,"Low Risk","Improper storage use or identification of toxic substances"
65111,"20130611",103105,"High Risk","Improper cooling methods"
65111,"20130611",103114,"High Risk","High risk vermin infestation"
65111,"20130611",103149,"Low Risk","Wiping cloths not clean or properly stored or inadequate sanitizer"
65111,"20140716",103103,"High Risk","High risk food holding temperature "
65111,"20140716",103149,"Low Risk","Wiping cloths not clean or properly stored or inadequate sanitizer"
65111,"20140716",103138,"Low Risk","Improper storage use or identification of toxic substances"
65111,"20140716",103133,"Moderate Risk","Foods not protected from contamination"
65115,"20141104",103139,"Low Risk","Improper food storage"
65115,"20130904",103149,"Low Risk","Wiping cloths not clean or properly stored or inadequate sanitizer"
65115,"20130904",103139,"Low Risk","Improper food storage"
65115,"20130904",103142,"Low Risk","Unclean nonfood contact surfaces"
65115,"20130904",103138,"Low Risk","Improper storage use or identification of toxic substances"
65137,"20131001",103143,"Low Risk","Inadequate warewashing facilities or equipment"
65137,"20131001",103119,"Moderate Risk","Inadequate and inaccessible handwashing facilities"
65137,"20131001",103148,"Low Risk","No thermometers or uncalibrated thermometers "
65137,"20140529",103161,"Low Risk","Low risk vermin infestation"
65137,"20140529",103124,"Moderate Risk","Inadequately cleaned or sanitized food contact surfaces"
65137,"20140529",103143,"Low Risk","Inadequate warewashing facilities or equipment"
65138,"20150323",103119,"Moderate Risk","Inadequate and inaccessible handwashing facilities"
65138,"20130927",103162,"Low Risk","Other low risk violation"
65139,"20141105",103156,"Low Risk","Permit license or inspection report not posted"
65139,"20141105",103157,"Low Risk","Food safety certificate or food handler card not available"
65139,"20141105",103119,"Moderate Risk","Inadequate and inaccessible handwashing facilities"
65139,"20141105",103103,"High Risk","High risk food holding temperature "
65139,"20141105",103129,"Moderate Risk","Insufficient hot water or running water"
65139,"20141105",103135,"Low Risk","No person in charge of food facility"
65139,"20141105",103154,"Low Risk","Unclean or degraded floors walls or ceilings"
65139,"20130405",103124,"Moderate Risk","Inadequately cleaned or sanitized food contact surfaces"
65139,"20130405",103120,"Moderate Risk","Moderate risk food holding temperature "
65139,"20130405",103119,"Moderate Risk","Inadequate and inaccessible handwashing facilities"
65139,"20130405",103154,"Low Risk","Unclean or degraded floors walls or ceilings"
65139,"20120822",103103,"High Risk","High risk food holding temperature "
65139,"20120822",103124,"Moderate Risk","Inadequately cleaned or sanitized food contact surfaces"
65139,"20120822",103154,"Low Risk","Unclean or degraded floors walls or ceilings"
65144,"20140903",103147,"Low Risk","Inadequate ventilation or lighting"
65144,"20140903",103157,"Low Risk","Food safety certificate or food handler card not available"
65144,"20140903",103153,"Low Risk","Inadequate dressing rooms or improper storage of personal items"
65144,"20140903",103149,"Low Risk","Wiping cloths not clean or properly stored or inadequate sanitizer"
65144,"20140903",103139,"Low Risk","Improper food storage"
65144,"20130417",103149,"Low Risk","Wiping cloths not clean or properly stored or inadequate sanitizer"
65144,"20121010",103142,"Low Risk","Unclean nonfood contact surfaces"
65181,"20150527",103161,"Low Risk","Low risk vermin infestation"
65181,"20150527",103149,"Low Risk","Wiping cloths not clean or properly stored or inadequate sanitizer"
65181,"20150527",103119,"Moderate Risk","Inadequate and inaccessible handwashing facilities"
65181,"20150527",103116,"Moderate Risk","Inadequate food safety knowledge or lack of certified food safety manager"
65181,"20130614",103139,"Low Risk","Improper food storage"
65181,"20130614",103161,"Low Risk","Low risk vermin infestation"
65181,"20130614",103120,"Moderate Risk","Moderate risk food holding temperature "
65181,"20130614",103116,"Moderate Risk","Inadequate food safety knowledge or lack of certified food safety manager"
65181,"20140313",103161,"Low Risk","Low risk vermin infestation"
65181,"20140313",103120,"Moderate Risk","Moderate risk food holding temperature "
65181,"20140313",103112,"High Risk","No hot water or running water"
65181,"20140313",103102,"High Risk","Unclean hands or improper use of gloves"
65181,"20120919",103119,"Moderate Risk","Inadequate and inaccessible handwashing facilities"
65181,"20120919",103120,"Moderate Risk","Moderate risk food holding temperature "
65181,"20120919",103133,"Moderate Risk","Foods not protected from contamination"
65181,"20120919",103142,"Low Risk","Unclean nonfood contact surfaces"
65194,"20150213",103103,"High Risk","High risk food holding temperature "
65194,"20150213",103129,"Moderate Risk","Insufficient hot water or running water"
65194,"20150213",103144,"Low Risk","Unapproved or unmaintained equipment or utensils"
65194,"20150213",103154,"Low Risk","Unclean or degraded floors walls or ceilings"
65194,"20150213",103142,"Low Risk","Unclean nonfood contact surfaces"
65194,"20150213",103149,"Low Risk","Wiping cloths not clean or properly stored or inadequate sanitizer"
65194,"20130731",103154,"Low Risk","Unclean or degraded floors walls or ceilings"
65194,"20130731",103144,"Low Risk","Unapproved or unmaintained equipment or utensils"
65194,"20130731",103142,"Low Risk","Unclean nonfood contact surfaces"
65194,"20130731",103139,"Low Risk","Improper food storage"
65194,"20130731",103131,"Moderate Risk","Moderate risk vermin infestation"
65194,"20130731",103123,"Moderate Risk","Food in poor condition"
65194,"20130731",103103,"High Risk","High risk food holding temperature "
65194,"20140224",103102,"High Risk","Unclean hands or improper use of gloves"
65194,"20140224",103108,"High Risk","Contaminated or adulterated food"
65194,"20140224",103109,"High Risk","Unclean or unsanitary food contact surfaces"
65194,"20120613",103154,"Low Risk","Unclean or degraded floors walls or ceilings"
65194,"20120613",103139,"Low Risk","Improper food storage"
65194,"20121023",103139,"Low Risk","Improper food storage"
65194,"20121023",103154,"Low Risk","Unclean or degraded floors walls or ceilings"
65194,"20121023",103149,"Low Risk","Wiping cloths not clean or properly stored or inadequate sanitizer"
65194,"20121023",103147,"Low Risk","Inadequate ventilation or lighting"
65194,"20121023",103116,"Moderate Risk","Inadequate food safety knowledge or lack of certified food safety manager"
65194,"20120613",103131,"Moderate Risk","Moderate risk vermin infestation"
65194,"20121023",103108,"High Risk","Contaminated or adulterated food"
65194,"20120613",103109,"High Risk","Unclean or unsanitary food contact surfaces"
65194,"20120613",103103,"High Risk","High risk food holding temperature "
65194,"20121023",103103,"High Risk","High risk food holding temperature "
65194,"20120613",103132,"Moderate Risk","Improper thawing methods "
65194,"20120613",103149,"Low Risk","Wiping cloths not clean or properly stored or inadequate sanitizer"
65194,"20121023",103109,"High Risk","Unclean or unsanitary food contact surfaces"
65208,"20131001",103112,"High Risk","No hot water or running water"
65208,"20131001",103120,"Moderate Risk","Moderate risk food holding temperature "
65208,"20130522",103105,"High Risk","Improper cooling methods"
65208,"20130522",103120,"Moderate Risk","Moderate risk food holding temperature "
65208,"20140303",103156,"Low Risk","Permit license or inspection report not posted"
65208,"20140303",103176,"Moderate Risk","Unsanitary mobile food facility"
65208,"20121003",103139,"Low Risk","Improper food storage"
65208,"20121003",103120,"Moderate Risk","Moderate risk food holding temperature "
65208,"20140807",103103,"High Risk","High risk food holding temperature "
65228,"20150227",103113,"High Risk","Sewage or wastewater contamination"
65228,"20150227",103144,"Low Risk","Unapproved or unmaintained equipment or utensils"
65228,"20150227",103142,"Low Risk","Unclean nonfood contact surfaces"
65228,"20150227",103139,"Low Risk","Improper food storage"
65228,"20150227",103129,"Moderate Risk","Insufficient hot water or running water"
65228,"20150227",103124,"Moderate Risk","Inadequately cleaned or sanitized food contact surfaces"
65228,"20150227",103120,"Moderate Risk","Moderate risk food holding temperature "
65228,"20150227",103156,"Low Risk","Permit license or inspection report not posted"
65228,"20150227",103154,"Low Risk","Unclean or degraded floors walls or ceilings"
65228,"20131008",103149,"Low Risk","Wiping cloths not clean or properly stored or inadequate sanitizer"
65228,"20131008",103103,"High Risk","High risk food holding temperature "
65228,"20130308",103142,"Low Risk","Unclean nonfood contact surfaces"
65228,"20130308",103120,"Moderate Risk","Moderate risk food holding temperature "
65228,"20130308",103139,"Low Risk","Improper food storage"
65228,"20140425",103148,"Low Risk","No thermometers or uncalibrated thermometers "
65228,"20140425",103144,"Low Risk","Unapproved or unmaintained equipment or utensils"
65228,"20140425",103124,"Moderate Risk","Inadequately cleaned or sanitized food contact surfaces"
65228,"20140425",103154,"Low Risk","Unclean or degraded floors walls or ceilings"
65228,"20140425",103133,"Moderate Risk","Foods not protected from contamination"
65228,"20120907",103103,"High Risk","High risk food holding temperature "
65228,"20120907",103144,"Low Risk","Unapproved or unmaintained equipment or utensils"
65228,"20120907",103148,"Low Risk","No thermometers or uncalibrated thermometers "
65238,"20150528",103120,"Moderate Risk","Moderate risk food holding temperature "
65238,"20150528",103145,"Low Risk","Improper storage of equipment utensils or linens"
65238,"20120807",103105,"High Risk","Improper cooling methods"
65238,"20120807",103156,"Low Risk","Permit license or inspection report not posted"
65238,"20120807",103157,"Low Risk","Food safety certificate or food handler card not available"
65240,"20130320",103154,"Low Risk","Unclean or degraded floors walls or ceilings"
65240,"20140807",103133,"Moderate Risk","Foods not protected from contamination"
65240,"20140807",103129,"Moderate Risk","Insufficient hot water or running water"
65240,"20140807",103147,"Low Risk","Inadequate ventilation or lighting"
65240,"20140807",103124,"Moderate Risk","Inadequately cleaned or sanitized food contact surfaces"
65241,"20150220",103105,"High Risk","Improper cooling methods"
65241,"20130710",103154,"Low Risk","Unclean or degraded floors walls or ceilings"
65241,"20130710",103120,"Moderate Risk","Moderate risk food holding temperature "
65241,"20130710",103149,"Low Risk","Wiping cloths not clean or properly stored or inadequate sanitizer"
65241,"20140318",103120,"Moderate Risk","Moderate risk food holding temperature "
65245,"20141113",103149,"Low Risk","Wiping cloths not clean or properly stored or inadequate sanitizer"
65245,"20141113",103116,"Moderate Risk","Inadequate food safety knowledge or lack of certified food safety manager"
65245,"20131210",103154,"Low Risk","Unclean or degraded floors walls or ceilings"
65245,"20131210",103131,"Moderate Risk","Moderate risk vermin infestation"
65245,"20120612",103154,"Low Risk","Unclean or degraded floors walls or ceilings"
65245,"20120612",103145,"Low Risk","Improper storage of equipment utensils or linens"
65245,"20130205",103120,"Moderate Risk","Moderate risk food holding temperature "
65248,"20150603",103120,"Moderate Risk","Moderate risk food holding temperature "
65248,"20150603",103144,"Low Risk","Unapproved or unmaintained equipment or utensils"
65248,"20150603",103149,"Low Risk","Wiping cloths not clean or properly stored or inadequate sanitizer"
65248,"20130311",103105,"High Risk","Improper cooling methods"
65248,"20140206",103157,"Low Risk","Food safety certificate or food handler card not available"
65248,"20140206",103149,"Low Risk","Wiping cloths not clean or properly stored or inadequate sanitizer"
65260,"20131202",103142,"Low Risk","Unclean nonfood contact surfaces"
65260,"20131202",103139,"Low Risk","Improper food storage"
65260,"20131202",103156,"Low Risk","Permit license or inspection report not posted"
65260,"20130603",103142,"Low Risk","Unclean nonfood contact surfaces"
65260,"20130603",103144,"Low Risk","Unapproved or unmaintained equipment or utensils"
65260,"20121022",103121,"Moderate Risk","Inadequate procedures or records for time as a public health control "
65260,"20121022",103109,"High Risk","Unclean or unsanitary food contact surfaces"
65265,"20150407",103129,"Moderate Risk","Insufficient hot water or running water"
65265,"20150407",103120,"Moderate Risk","Moderate risk food holding temperature "
65265,"20130529",103129,"Moderate Risk","Insufficient hot water or running water"
65265,"20130529",103120,"Moderate Risk","Moderate risk food holding temperature "
65265,"20140228",103120,"Moderate Risk","Moderate risk food holding temperature "
65265,"20140228",103116,"Moderate Risk","Inadequate food safety knowledge or lack of certified food safety manager"
65265,"20121106",103124,"Moderate Risk","Inadequately cleaned or sanitized food contact surfaces"
65265,"20121106",103102,"High Risk","Unclean hands or improper use of gloves"
65266,"20130314",103120,"Moderate Risk","Moderate risk food holding temperature "
65267,"20130926",103143,"Low Risk","Inadequate warewashing facilities or equipment"
65267,"20130926",103121,"Moderate Risk","Inadequate procedures or records for time as a public health control "
65270,"20131126",103145,"Low Risk","Improper storage of equipment utensils or linens"
65270,"20140429",103150,"Low Risk","Improper or defective plumbing"
65270,"20121003",103154,"Low Risk","Unclean or degraded floors walls or ceilings"
65270,"20121003",103145,"Low Risk","Improper storage of equipment utensils or linens"
65271,"20131126",103103,"High Risk","High risk food holding temperature "
65271,"20131126",103124,"Moderate Risk","Inadequately cleaned or sanitized food contact surfaces"
65271,"20131126",103130,"Moderate Risk","Inadequate sewage or wastewater disposal"
65271,"20131126",103142,"Low Risk","Unclean nonfood contact surfaces"
65271,"20130611",103133,"Moderate Risk","Foods not protected from contamination"
65271,"20130611",103132,"Moderate Risk","Improper thawing methods "
65271,"20130611",103119,"Moderate Risk","Inadequate and inaccessible handwashing facilities"
65271,"20130611",103150,"Low Risk","Improper or defective plumbing"
65271,"20140429",103150,"Low Risk","Improper or defective plumbing"
65271,"20121003",103120,"Moderate Risk","Moderate risk food holding temperature "
65283,"20150413",103150,"Low Risk","Improper or defective plumbing"
65283,"20131003",103102,"High Risk","Unclean hands or improper use of gloves"
65283,"20131003",103145,"Low Risk","Improper storage of equipment utensils or linens"
65283,"20140310",103116,"Moderate Risk","Inadequate food safety knowledge or lack of certified food safety manager"
65283,"20140310",103143,"Low Risk","Inadequate warewashing facilities or equipment"
65283,"20140310",103131,"Moderate Risk","Moderate risk vermin infestation"
65291,"20130416",103124,"Moderate Risk","Inadequately cleaned or sanitized food contact surfaces"
65291,"20120822",103107,"High Risk","Improper reheating of food"
65325,"20150407",103120,"Moderate Risk","Moderate risk food holding temperature "
65325,"20150407",103124,"Moderate Risk","Inadequately cleaned or sanitized food contact surfaces"
65325,"20150407",103157,"Low Risk","Food safety certificate or food handler card not available"
65325,"20130429",103120,"Moderate Risk","Moderate risk food holding temperature "
65325,"20140228",103149,"Low Risk","Wiping cloths not clean or properly stored or inadequate sanitizer"
65325,"20140228",103120,"Moderate Risk","Moderate risk food holding temperature "
65325,"20121026",103144,"Low Risk","Unapproved or unmaintained equipment or utensils"
65337,"20141217",103112,"High Risk","No hot water or running water"
65337,"20141217",103151,"Low Risk","Inadequate or unsanitary refuse containers or area or no garbage service"
65337,"20141217",103142,"Low Risk","Unclean nonfood contact surfaces"
65337,"20141217",103139,"Low Risk","Improper food storage"
65337,"20130815",103143,"Low Risk","Inadequate warewashing facilities or equipment"
65337,"20130815",103103,"High Risk","High risk food holding temperature "
65337,"20130815",103142,"Low Risk","Unclean nonfood contact surfaces"
65337,"20130815",103157,"Low Risk","Food safety certificate or food handler card not available"
65337,"20130815",103119,"Moderate Risk","Inadequate and inaccessible handwashing facilities"
65337,"20130815",103139,"Low Risk","Improper food storage"
65337,"20130815",103148,"Low Risk","No thermometers or uncalibrated thermometers "
65337,"20121228",103150,"Low Risk","Improper or defective plumbing"
65337,"20121228",103149,"Low Risk","Wiping cloths not clean or properly stored or inadequate sanitizer"
65337,"20121228",103142,"Low Risk","Unclean nonfood contact surfaces"
65337,"20121228",103119,"Moderate Risk","Inadequate and inaccessible handwashing facilities"
65337,"20121228",103157,"Low Risk","Food safety certificate or food handler card not available"
65337,"20140519",103152,"Low Risk","Unclean unmaintained or improperly constructed toilet facilities"
65337,"20140519",103149,"Low Risk","Wiping cloths not clean or properly stored or inadequate sanitizer"
65337,"20140519",103157,"Low Risk","Food safety certificate or food handler card not available"
65348,"20150421",103102,"High Risk","Unclean hands or improper use of gloves"
65348,"20150421",103103,"High Risk","High risk food holding temperature "
65348,"20150421",103119,"Moderate Risk","Inadequate and inaccessible handwashing facilities"
65348,"20150421",103133,"Moderate Risk","Foods not protected from contamination"
65348,"20150421",103124,"Moderate Risk","Inadequately cleaned or sanitized food contact surfaces"
65348,"20131211",103133,"Moderate Risk","Foods not protected from contamination"
65348,"20140204",103105,"High Risk","Improper cooling methods"
65348,"20140204",103119,"Moderate Risk","Inadequate and inaccessible handwashing facilities"
65348,"20131211",103132,"Moderate Risk","Improper thawing methods "
65348,"20140204",103103,"High Risk","High risk food holding temperature "
65348,"20131211",103139,"Low Risk","Improper food storage"
65348,"20131211",103156,"Low Risk","Permit license or inspection report not posted"
65348,"20131211",103144,"Low Risk","Unapproved or unmaintained equipment or utensils"
65348,"20131211",103149,"Low Risk","Wiping cloths not clean or properly stored or inadequate sanitizer"
65348,"20131211",103120,"Moderate Risk","Moderate risk food holding temperature "
65348,"20130513",103102,"High Risk","Unclean hands or improper use of gloves"
65348,"20130513",103120,"Moderate Risk","Moderate risk food holding temperature "
65348,"20130513",103124,"Moderate Risk","Inadequately cleaned or sanitized food contact surfaces"
65348,"20130513",103133,"Moderate Risk","Foods not protected from contamination"
65348,"20130513",103144,"Low Risk","Unapproved or unmaintained equipment or utensils"
65348,"20140218",103109,"High Risk","Unclean or unsanitary food contact surfaces"
65348,"20120918",103102,"High Risk","Unclean hands or improper use of gloves"
65348,"20120918",103120,"Moderate Risk","Moderate risk food holding temperature "
65348,"20120918",103142,"Low Risk","Unclean nonfood contact surfaces"
65348,"20120918",103149,"Low Risk","Wiping cloths not clean or properly stored or inadequate sanitizer"
65350,"20140114",103132,"Moderate Risk","Improper thawing methods "
65350,"20130207",103119,"Moderate Risk","Inadequate and inaccessible handwashing facilities"
65350,"20140724",103152,"Low Risk","Unclean unmaintained or improperly constructed toilet facilities"
65350,"20140724",103144,"Low Risk","Unapproved or unmaintained equipment or utensils"
65350,"20140724",103109,"High Risk","Unclean or unsanitary food contact surfaces"
65350,"20140724",103157,"Low Risk","Food safety certificate or food handler card not available"
65358,"20141222",103109,"High Risk","Unclean or unsanitary food contact surfaces"
65358,"20141119",103103,"High Risk","High risk food holding temperature "
65358,"20141119",103121,"Moderate Risk","Inadequate procedures or records for time as a public health control "
65358,"20141119",103129,"Moderate Risk","Insufficient hot water or running water"
65358,"20141119",103161,"Low Risk","Low risk vermin infestation"
65358,"20141119",103149,"Low Risk","Wiping cloths not clean or properly stored or inadequate sanitizer"
65358,"20130521",103103,"High Risk","High risk food holding temperature "
65358,"20130521",103109,"High Risk","Unclean or unsanitary food contact surfaces"
65358,"20140219",103120,"Moderate Risk","Moderate risk food holding temperature "
65358,"20140219",103109,"High Risk","Unclean or unsanitary food contact surfaces"
65358,"20121026",103102,"High Risk","Unclean hands or improper use of gloves"
65358,"20121026",103120,"Moderate Risk","Moderate risk food holding temperature "
65358,"20121026",103149,"Low Risk","Wiping cloths not clean or properly stored or inadequate sanitizer"
65358,"20121106",103103,"High Risk","High risk food holding temperature "
65358,"20130201",103120,"Moderate Risk","Moderate risk food holding temperature "
65363,"20131101",103157,"Low Risk","Food safety certificate or food handler card not available"
65363,"20130329",103144,"Low Risk","Unapproved or unmaintained equipment or utensils"
65363,"20140430",103103,"High Risk","High risk food holding temperature "
65363,"20120921",103154,"Low Risk","Unclean or degraded floors walls or ceilings"
65363,"20120921",103149,"Low Risk","Wiping cloths not clean or properly stored or inadequate sanitizer"
65363,"20120921",103144,"Low Risk","Unapproved or unmaintained equipment or utensils"
65363,"20120921",103136,"Low Risk","Unsanitary employee garments hair or nails"
65363,"20120921",103124,"Moderate Risk","Inadequately cleaned or sanitized food contact surfaces"
65363,"20120921",103116,"Moderate Risk","Inadequate food safety knowledge or lack of certified food safety manager"
65363,"20120921",103109,"High Risk","Unclean or unsanitary food contact surfaces"
65369,"20130116",103143,"Low Risk","Inadequate warewashing facilities or equipment"
65369,"20130116",103157,"Low Risk","Food safety certificate or food handler card not available"
65369,"20130116",103154,"Low Risk","Unclean or degraded floors walls or ceilings"
65369,"20130116",103144,"Low Risk","Unapproved or unmaintained equipment or utensils"
65369,"20130116",103121,"Moderate Risk","Inadequate procedures or records for time as a public health control "
65371,"20150520",103150,"Low Risk","Improper or defective plumbing"
65371,"20150520",103109,"High Risk","Unclean or unsanitary food contact surfaces"
65371,"20131209",103153,"Low Risk","Inadequate dressing rooms or improper storage of personal items"
65371,"20130307",103157,"Low Risk","Food safety certificate or food handler card not available"
65371,"20130307",103149,"Low Risk","Wiping cloths not clean or properly stored or inadequate sanitizer"
65371,"20130307",103142,"Low Risk","Unclean nonfood contact surfaces"
65371,"20130307",103154,"Low Risk","Unclean or degraded floors walls or ceilings"
65371,"20120625",103150,"Low Risk","Improper or defective plumbing"
65371,"20120625",103124,"Moderate Risk","Inadequately cleaned or sanitized food contact surfaces"
65371,"20120625",103142,"Low Risk","Unclean nonfood contact surfaces"
65371,"20120625",103109,"High Risk","Unclean or unsanitary food contact surfaces"
65371,"20120625",103144,"Low Risk","Unapproved or unmaintained equipment or utensils"
65377,"20131101",103131,"Moderate Risk","Moderate risk vermin infestation"
65380,"20130606",103134,"Moderate Risk","Other moderate risk violation"
65380,"20130606",103139,"Low Risk","Improper food storage"
65380,"20130606",103148,"Low Risk","No thermometers or uncalibrated thermometers "
65380,"20140617",103119,"Moderate Risk","Inadequate and inaccessible handwashing facilities"
65380,"20140617",103148,"Low Risk","No thermometers or uncalibrated thermometers "
65382,"20130813",103133,"Moderate Risk","Foods not protected from contamination"
65382,"20130813",103142,"Low Risk","Unclean nonfood contact surfaces"
65382,"20130813",103144,"Low Risk","Unapproved or unmaintained equipment or utensils"
65382,"20130813",103138,"Low Risk","Improper storage use or identification of toxic substances"
65382,"20130813",103114,"High Risk","High risk vermin infestation"
65382,"20130813",103103,"High Risk","High risk food holding temperature "
65382,"20130813",103102,"High Risk","Unclean hands or improper use of gloves"
65382,"20130816",103131,"Moderate Risk","Moderate risk vermin infestation"
65382,"20140430",103124,"Moderate Risk","Inadequately cleaned or sanitized food contact surfaces"
65382,"20140430",103103,"High Risk","High risk food holding temperature "
65382,"20140430",103105,"High Risk","Improper cooling methods"
65382,"20121119",103124,"Moderate Risk","Inadequately cleaned or sanitized food contact surfaces"
65382,"20121119",103138,"Low Risk","Improper storage use or identification of toxic substances"
65382,"20121119",103133,"Moderate Risk","Foods not protected from contamination"
65382,"20121119",103131,"Moderate Risk","Moderate risk vermin infestation"
65382,"20130123",103109,"High Risk","Unclean or unsanitary food contact surfaces"
65382,"20121119",103149,"Low Risk","Wiping cloths not clean or properly stored or inadequate sanitizer"
65382,"20121119",103144,"Low Risk","Unapproved or unmaintained equipment or utensils"
65382,"20130123",103102,"High Risk","Unclean hands or improper use of gloves"
65382,"20130123",103119,"Moderate Risk","Inadequate and inaccessible handwashing facilities"
65382,"20121119",103120,"Moderate Risk","Moderate risk food holding temperature "
65383,"20141210",103145,"Low Risk","Improper storage of equipment utensils or linens"
65383,"20141210",103131,"Moderate Risk","Moderate risk vermin infestation"
65383,"20130715",103103,"High Risk","High risk food holding temperature "
65383,"20130715",103105,"High Risk","Improper cooling methods"
65383,"20140430",103148,"Low Risk","No thermometers or uncalibrated thermometers "
65383,"20140430",103120,"Moderate Risk","Moderate risk food holding temperature "
65383,"20120612",103144,"Low Risk","Unapproved or unmaintained equipment or utensils"
65383,"20120612",103103,"High Risk","High risk food holding temperature "
65383,"20120612",103119,"Moderate Risk","Inadequate and inaccessible handwashing facilities"
65384,"20130329",103120,"Moderate Risk","Moderate risk food holding temperature "
65384,"20120921",103145,"Low Risk","Improper storage of equipment utensils or linens"
65384,"20120921",103109,"High Risk","Unclean or unsanitary food contact surfaces"
65384,"20120921",103120,"Moderate Risk","Moderate risk food holding temperature "
65391,"20141119",103116,"Moderate Risk","Inadequate food safety knowledge or lack of certified food safety manager"
65391,"20141119",103124,"Moderate Risk","Inadequately cleaned or sanitized food contact surfaces"
65391,"20141119",103120,"Moderate Risk","Moderate risk food holding temperature "
65391,"20130529",103102,"High Risk","Unclean hands or improper use of gloves"
65391,"20130529",103121,"Moderate Risk","Inadequate procedures or records for time as a public health control "
65391,"20130529",103109,"High Risk","Unclean or unsanitary food contact surfaces"
65391,"20140219",103120,"Moderate Risk","Moderate risk food holding temperature "
65391,"20140219",103121,"Moderate Risk","Inadequate procedures or records for time as a public health control "
65391,"20140219",103109,"High Risk","Unclean or unsanitary food contact surfaces"
65391,"20140219",103133,"Moderate Risk","Foods not protected from contamination"
65391,"20130117",103109,"High Risk","Unclean or unsanitary food contact surfaces"
65391,"20130117",103102,"High Risk","Unclean hands or improper use of gloves"
65391,"20121106",103120,"Moderate Risk","Moderate risk food holding temperature "
65391,"20121106",103121,"Moderate Risk","Inadequate procedures or records for time as a public health control "
65391,"20121106",103133,"Moderate Risk","Foods not protected from contamination"
65391,"20140620",103119,"Moderate Risk","Inadequate and inaccessible handwashing facilities"
65391,"20140620",103124,"Moderate Risk","Inadequately cleaned or sanitized food contact surfaces"
65391,"20140620",103103,"High Risk","High risk food holding temperature "
65392,"20140205",103149,"Low Risk","Wiping cloths not clean or properly stored or inadequate sanitizer"
65392,"20140205",103120,"Moderate Risk","Moderate risk food holding temperature "
65392,"20130606",103149,"Low Risk","Wiping cloths not clean or properly stored or inadequate sanitizer"
65392,"20120925",103157,"Low Risk","Food safety certificate or food handler card not available"
65392,"20140623",103154,"Low Risk","Unclean or degraded floors walls or ceilings"
65392,"20140623",103161,"Low Risk","Low risk vermin infestation"
65392,"20140623",103149,"Low Risk","Wiping cloths not clean or properly stored or inadequate sanitizer"
65392,"20140623",103156,"Low Risk","Permit license or inspection report not posted"
65396,"20140917",103147,"Low Risk","Inadequate ventilation or lighting"
65396,"20140917",103120,"Moderate Risk","Moderate risk food holding temperature "
65396,"20140917",103109,"High Risk","Unclean or unsanitary food contact surfaces"
65396,"20140115",103157,"Low Risk","Food safety certificate or food handler card not available"
65396,"20140115",103153,"Low Risk","Inadequate dressing rooms or improper storage of personal items"
65396,"20140115",103145,"Low Risk","Improper storage of equipment utensils or linens"
65396,"20130219",103120,"Moderate Risk","Moderate risk food holding temperature "
65400,"20131119",103130,"Moderate Risk","Inadequate sewage or wastewater disposal"
65400,"20131119",103143,"Low Risk","Inadequate warewashing facilities or equipment"
65412,"20150514",103154,"Low Risk","Unclean or degraded floors walls or ceilings"
65412,"20150514",103119,"Moderate Risk","Inadequate and inaccessible handwashing facilities"
65412,"20150514",103156,"Low Risk","Permit license or inspection report not posted"
65412,"20131223",103142,"Low Risk","Unclean nonfood contact surfaces"
65412,"20130501",103131,"Moderate Risk","Moderate risk vermin infestation"
65412,"20130501",103133,"Moderate Risk","Foods not protected from contamination"
65412,"20130501",103154,"Low Risk","Unclean or degraded floors walls or ceilings"
65412,"20130501",103119,"Moderate Risk","Inadequate and inaccessible handwashing facilities"
65415,"20141119",103119,"Moderate Risk","Inadequate and inaccessible handwashing facilities"
65415,"20141119",103109,"High Risk","Unclean or unsanitary food contact surfaces"
65415,"20141119",103133,"Moderate Risk","Foods not protected from contamination"
65415,"20130918",103119,"Moderate Risk","Inadequate and inaccessible handwashing facilities"
65415,"20130918",103132,"Moderate Risk","Improper thawing methods "
65415,"20140307",103133,"Moderate Risk","Foods not protected from contamination"
65415,"20140307",103120,"Moderate Risk","Moderate risk food holding temperature "
65415,"20120905",103109,"High Risk","Unclean or unsanitary food contact surfaces"
65415,"20120905",103119,"Moderate Risk","Inadequate and inaccessible handwashing facilities"
65415,"20120905",103162,"Low Risk","Other low risk violation"
65415,"20120905",103132,"Moderate Risk","Improper thawing methods "
65415,"20130201",103131,"Moderate Risk","Moderate risk vermin infestation"
65415,"20130201",103162,"Low Risk","Other low risk violation"
65415,"20130201",103102,"High Risk","Unclean hands or improper use of gloves"
65415,"20130201",103109,"High Risk","Unclean or unsanitary food contact surfaces"
65423,"20141002",103154,"Low Risk","Unclean or degraded floors walls or ceilings"
65423,"20141002",103114,"High Risk","High risk vermin infestation"
65423,"20141002",103119,"Moderate Risk","Inadequate and inaccessible handwashing facilities"
65423,"20141002",103150,"Low Risk","Improper or defective plumbing"
65423,"20141002",103162,"Low Risk","Other low risk violation"
65423,"20141002",103103,"High Risk","High risk food holding temperature "
65423,"20141002",103105,"High Risk","Improper cooling methods"
65423,"20141002",103132,"Moderate Risk","Improper thawing methods "
65423,"20130605",103114,"High Risk","High risk vermin infestation"
65423,"20130605",103124,"Moderate Risk","Inadequately cleaned or sanitized food contact surfaces"
65423,"20130605",103102,"High Risk","Unclean hands or improper use of gloves"
65423,"20130605",103139,"Low Risk","Improper food storage"
65423,"20130605",103151,"Low Risk","Inadequate or unsanitary refuse containers or area or no garbage service"
65423,"20130605",103105,"High Risk","Improper cooling methods"
65423,"20130605",103149,"Low Risk","Wiping cloths not clean or properly stored or inadequate sanitizer"
65423,"20130605",103156,"Low Risk","Permit license or inspection report not posted"
65423,"20130605",103154,"Low Risk","Unclean or degraded floors walls or ceilings"
65423,"20121106",103139,"Low Risk","Improper food storage"
65423,"20121106",103138,"Low Risk","Improper storage use or identification of toxic substances"
65423,"20121106",103154,"Low Risk","Unclean or degraded floors walls or ceilings"
65423,"20121106",103124,"Moderate Risk","Inadequately cleaned or sanitized food contact surfaces"
65423,"20121106",103119,"Moderate Risk","Inadequate and inaccessible handwashing facilities"
65423,"20121106",103114,"High Risk","High risk vermin infestation"
65423,"20121106",103105,"High Risk","Improper cooling methods"
65423,"20121106",103153,"Low Risk","Inadequate dressing rooms or improper storage of personal items"
65423,"20121106",103149,"Low Risk","Wiping cloths not clean or properly stored or inadequate sanitizer"
65423,"20130107",103105,"High Risk","Improper cooling methods"
65425,"20141222",103109,"High Risk","Unclean or unsanitary food contact surfaces"
65425,"20141223",103131,"Moderate Risk","Moderate risk vermin infestation"
65425,"20141222",103114,"High Risk","High risk vermin infestation"
65425,"20130521",103120,"Moderate Risk","Moderate risk food holding temperature "
65425,"20121106",103120,"Moderate Risk","Moderate risk food holding temperature "
65427,"20130424",103144,"Low Risk","Unapproved or unmaintained equipment or utensils"
65427,"20140415",103139,"Low Risk","Improper food storage"
65427,"20140415",103127,"Moderate Risk","Noncompliance with HAACP plan or variance"
65430,"20141003",103103,"High Risk","High risk food holding temperature "
65430,"20141003",103148,"Low Risk","No thermometers or uncalibrated thermometers "
65430,"20140306",103154,"Low Risk","Unclean or degraded floors walls or ceilings"
65430,"20140306",103149,"Low Risk","Wiping cloths not clean or properly stored or inadequate sanitizer"
65430,"20140306",103142,"Low Risk","Unclean nonfood contact surfaces"
65430,"20140306",103131,"Moderate Risk","Moderate risk vermin infestation"
65430,"20130124",103150,"Low Risk","Improper or defective plumbing"
65430,"20130124",103119,"Moderate Risk","Inadequate and inaccessible handwashing facilities"
65430,"20130124",103109,"High Risk","Unclean or unsanitary food contact surfaces"
65434,"20141029",103124,"Moderate Risk","Inadequately cleaned or sanitized food contact surfaces"
65434,"20141029",103154,"Low Risk","Unclean or degraded floors walls or ceilings"
65434,"20141029",103150,"Low Risk","Improper or defective plumbing"
65434,"20141029",103131,"Moderate Risk","Moderate risk vermin infestation"
65434,"20130507",103133,"Moderate Risk","Foods not protected from contamination"
65434,"20130507",103119,"Moderate Risk","Inadequate and inaccessible handwashing facilities"
65434,"20130507",103154,"Low Risk","Unclean or degraded floors walls or ceilings"
65434,"20130507",103109,"High Risk","Unclean or unsanitary food contact surfaces"
65434,"20120723",103154,"Low Risk","Unclean or degraded floors walls or ceilings"
65434,"20120723",103144,"Low Risk","Unapproved or unmaintained equipment or utensils"
65434,"20120723",103147,"Low Risk","Inadequate ventilation or lighting"
65434,"20120723",103124,"Moderate Risk","Inadequately cleaned or sanitized food contact surfaces"
65442,"20150225",103103,"High Risk","High risk food holding temperature "
65442,"20150225",103109,"High Risk","Unclean or unsanitary food contact surfaces"
65442,"20150225",103102,"High Risk","Unclean hands or improper use of gloves"
65442,"20150225",103133,"Moderate Risk","Foods not protected from contamination"
65442,"20150225",103119,"Moderate Risk","Inadequate and inaccessible handwashing facilities"
65442,"20130808",103120,"Moderate Risk","Moderate risk food holding temperature "
65442,"20130808",103139,"Low Risk","Improper food storage"
65442,"20130808",103144,"Low Risk","Unapproved or unmaintained equipment or utensils"
65442,"20130808",103145,"Low Risk","Improper storage of equipment utensils or linens"
65442,"20121205",103119,"Moderate Risk","Inadequate and inaccessible handwashing facilities"
65442,"20121205",103139,"Low Risk","Improper food storage"
65463,"20140614",103158,"Low Risk","Unpermitted food facility"
65468,"20130801",103149,"Low Risk","Wiping cloths not clean or properly stored or inadequate sanitizer"
65468,"20130801",103142,"Low Risk","Unclean nonfood contact surfaces"
65468,"20140204",103142,"Low Risk","Unclean nonfood contact surfaces"
65468,"20120926",103120,"Moderate Risk","Moderate risk food holding temperature "
65468,"20130123",103105,"High Risk","Improper cooling methods"
65479,"20150305",103120,"Moderate Risk","Moderate risk food holding temperature "
65479,"20150305",103122,"Moderate Risk","Reservice of previously served foods"
65479,"20130826",103143,"Low Risk","Inadequate warewashing facilities or equipment"
65479,"20130826",103120,"Moderate Risk","Moderate risk food holding temperature "
65479,"20130826",103144,"Low Risk","Unapproved or unmaintained equipment or utensils"
65479,"20130516",103112,"High Risk","No hot water or running water"
65479,"20130516",103120,"Moderate Risk","Moderate risk food holding temperature "
65479,"20140324",103138,"Low Risk","Improper storage use or identification of toxic substances"
65479,"20140324",103124,"Moderate Risk","Inadequately cleaned or sanitized food contact surfaces"
65479,"20140324",103119,"Moderate Risk","Inadequate and inaccessible handwashing facilities"
65479,"20120805",103120,"Moderate Risk","Moderate risk food holding temperature "
65485,"20121213",103120,"Moderate Risk","Moderate risk food holding temperature "
65485,"20121213",103147,"Low Risk","Inadequate ventilation or lighting"
65487,"20131008",103142,"Low Risk","Unclean nonfood contact surfaces"
65489,"20121226",103150,"Low Risk","Improper or defective plumbing"
65489,"20121226",103121,"Moderate Risk","Inadequate procedures or records for time as a public health control "
65506,"20141201",103151,"Low Risk","Inadequate or unsanitary refuse containers or area or no garbage service"
65506,"20141201",103142,"Low Risk","Unclean nonfood contact surfaces"
65506,"20141201",103133,"Moderate Risk","Foods not protected from contamination"
65506,"20141201",103124,"Moderate Risk","Inadequately cleaned or sanitized food contact surfaces"
65506,"20141201",103119,"Moderate Risk","Inadequate and inaccessible handwashing facilities"
65506,"20141201",103108,"High Risk","Contaminated or adulterated food"
65506,"20141201",103149,"Low Risk","Wiping cloths not clean or properly stored or inadequate sanitizer"
65506,"20131204",103170,"High Risk","Mobile food facility not operating with an approved commissary"
65506,"20130506",103151,"Low Risk","Inadequate or unsanitary refuse containers or area or no garbage service"
65506,"20130506",103119,"Moderate Risk","Inadequate and inaccessible handwashing facilities"
65506,"20130506",103149,"Low Risk","Wiping cloths not clean or properly stored or inadequate sanitizer"
65506,"20130506",103144,"Low Risk","Unapproved or unmaintained equipment or utensils"
65506,"20130506",103143,"Low Risk","Inadequate warewashing facilities or equipment"
65506,"20120925",103147,"Low Risk","Inadequate ventilation or lighting"
65506,"20120925",103119,"Moderate Risk","Inadequate and inaccessible handwashing facilities"
65506,"20140514",103103,"High Risk","High risk food holding temperature "
65506,"20140514",103144,"Low Risk","Unapproved or unmaintained equipment or utensils"
65523,"20150325",103157,"Low Risk","Food safety certificate or food handler card not available"
65523,"20150325",103156,"Low Risk","Permit license or inspection report not posted"
65523,"20150325",103132,"Moderate Risk","Improper thawing methods "
65523,"20150325",103131,"Moderate Risk","Moderate risk vermin infestation"
65523,"20150325",103103,"High Risk","High risk food holding temperature "
65523,"20150225",103157,"Low Risk","Food safety certificate or food handler card not available"
65523,"20150225",103156,"Low Risk","Permit license or inspection report not posted"
65523,"20150225",103132,"Moderate Risk","Improper thawing methods "
65523,"20150225",103103,"High Risk","High risk food holding temperature "
65523,"20150225",103131,"Moderate Risk","Moderate risk vermin infestation"
65523,"20131003",103112,"High Risk","No hot water or running water"
65523,"20131003",103109,"High Risk","Unclean or unsanitary food contact surfaces"
65523,"20131003",103103,"High Risk","High risk food holding temperature "
65523,"20131003",103157,"Low Risk","Food safety certificate or food handler card not available"
65523,"20131003",103131,"Moderate Risk","Moderate risk vermin infestation"
65523,"20131003",103119,"Moderate Risk","Inadequate and inaccessible handwashing facilities"
65523,"20140123",103156,"Low Risk","Permit license or inspection report not posted"
65523,"20140123",103124,"Moderate Risk","Inadequately cleaned or sanitized food contact surfaces"
65523,"20140123",103103,"High Risk","High risk food holding temperature "
65523,"20130612",103139,"Low Risk","Improper food storage"
65523,"20130612",103154,"Low Risk","Unclean or degraded floors walls or ceilings"
65523,"20130612",103142,"Low Risk","Unclean nonfood contact surfaces"
65523,"20140806",103131,"Moderate Risk","Moderate risk vermin infestation"
65523,"20140806",103105,"High Risk","Improper cooling methods"
65523,"20140806",103150,"Low Risk","Improper or defective plumbing"
65523,"20140806",103149,"Low Risk","Wiping cloths not clean or properly stored or inadequate sanitizer"
65523,"20140806",103103,"High Risk","High risk food holding temperature "
65523,"20140806",103102,"High Risk","Unclean hands or improper use of gloves"
65523,"20140806",103124,"Moderate Risk","Inadequately cleaned or sanitized food contact surfaces"
65523,"20140806",103136,"Low Risk","Unsanitary employee garments hair or nails"
65529,"20150105",103142,"Low Risk","Unclean nonfood contact surfaces"
65529,"20150105",103144,"Low Risk","Unapproved or unmaintained equipment or utensils"
65529,"20150105",103149,"Low Risk","Wiping cloths not clean or properly stored or inadequate sanitizer"
65529,"20150105",103124,"Moderate Risk","Inadequately cleaned or sanitized food contact surfaces"
65529,"20150105",103120,"Moderate Risk","Moderate risk food holding temperature "
65529,"20150105",103121,"Moderate Risk","Inadequate procedures or records for time as a public health control "
65529,"20150105",103154,"Low Risk","Unclean or degraded floors walls or ceilings"
65529,"20150113",103165,"Low Risk","No plan review or Building Permit"
65529,"20150605",103156,"Low Risk","Permit license or inspection report not posted"
65529,"20150605",103154,"Low Risk","Unclean or degraded floors walls or ceilings"
65529,"20150605",103121,"Moderate Risk","Inadequate procedures or records for time as a public health control "
65529,"20150605",103120,"Moderate Risk","Moderate risk food holding temperature "
65529,"20130827",103131,"Moderate Risk","Moderate risk vermin infestation"
65529,"20130827",103144,"Low Risk","Unapproved or unmaintained equipment or utensils"
65529,"20130827",103145,"Low Risk","Improper storage of equipment utensils or linens"
65529,"20130827",103149,"Low Risk","Wiping cloths not clean or properly stored or inadequate sanitizer"
65529,"20130827",103121,"Moderate Risk","Inadequate procedures or records for time as a public health control "
65529,"20130827",103158,"Low Risk","Unpermitted food facility"
65529,"20130827",103130,"Moderate Risk","Inadequate sewage or wastewater disposal"
65529,"20130827",103178,"Low Risk","Noncompliance with Cottage Food Operation"
65529,"20130827",103151,"Low Risk","Inadequate or unsanitary refuse containers or area or no garbage service"
65529,"20130827",103116,"Moderate Risk","Inadequate food safety knowledge or lack of certified food safety manager"
65529,"20140228",103121,"Moderate Risk","Inadequate procedures or records for time as a public health control "
65529,"20140228",103154,"Low Risk","Unclean or degraded floors walls or ceilings"
65529,"20140228",103142,"Low Risk","Unclean nonfood contact surfaces"
65529,"20140228",103139,"Low Risk","Improper food storage"
65529,"20140228",103156,"Low Risk","Permit license or inspection report not posted"
65529,"20140228",103118,"Moderate Risk","Employee eating or smoking"
65529,"20140228",103119,"Moderate Risk","Inadequate and inaccessible handwashing facilities"
65530,"20150427",103119,"Moderate Risk","Inadequate and inaccessible handwashing facilities"
65530,"20130129",103142,"Low Risk","Unclean nonfood contact surfaces"
65531,"20131209",103161,"Low Risk","Low risk vermin infestation"
65531,"20131209",103149,"Low Risk","Wiping cloths not clean or properly stored or inadequate sanitizer"
65531,"20131209",103144,"Low Risk","Unapproved or unmaintained equipment or utensils"
65531,"20131209",103133,"Moderate Risk","Foods not protected from contamination"
65531,"20131209",103120,"Moderate Risk","Moderate risk food holding temperature "
65531,"20131209",103116,"Moderate Risk","Inadequate food safety knowledge or lack of certified food safety manager"
65531,"20131209",103119,"Moderate Risk","Inadequate and inaccessible handwashing facilities"
65531,"20130409",103109,"High Risk","Unclean or unsanitary food contact surfaces"
65531,"20130409",103116,"Moderate Risk","Inadequate food safety knowledge or lack of certified food safety manager"
65531,"20130409",103120,"Moderate Risk","Moderate risk food holding temperature "
65531,"20130409",103119,"Moderate Risk","Inadequate and inaccessible handwashing facilities"
65531,"20130409",103161,"Low Risk","Low risk vermin infestation"
65531,"20130409",103144,"Low Risk","Unapproved or unmaintained equipment or utensils"
65531,"20130409",103133,"Moderate Risk","Foods not protected from contamination"
65531,"20130409",103112,"High Risk","No hot water or running water"
65531,"20140625",103138,"Low Risk","Improper storage use or identification of toxic substances"
65531,"20140625",103116,"Moderate Risk","Inadequate food safety knowledge or lack of certified food safety manager"
65531,"20140625",103144,"Low Risk","Unapproved or unmaintained equipment or utensils"
65531,"20140625",103133,"Moderate Risk","Foods not protected from contamination"
65531,"20140625",103109,"High Risk","Unclean or unsanitary food contact surfaces"
65531,"20140625",103102,"High Risk","Unclean hands or improper use of gloves"
65531,"20140625",103152,"Low Risk","Unclean unmaintained or improperly constructed toilet facilities"
65531,"20140625",103161,"Low Risk","Low risk vermin infestation"
65538,"20141017",103114,"High Risk","High risk vermin infestation"
65538,"20141017",103120,"Moderate Risk","Moderate risk food holding temperature "
65538,"20141017",103149,"Low Risk","Wiping cloths not clean or properly stored or inadequate sanitizer"
65538,"20141017",103154,"Low Risk","Unclean or degraded floors walls or ceilings"
65538,"20150318",103154,"Low Risk","Unclean or degraded floors walls or ceilings"
65538,"20150318",103103,"High Risk","High risk food holding temperature "
65538,"20130920",103142,"Low Risk","Unclean nonfood contact surfaces"
65538,"20130920",103144,"Low Risk","Unapproved or unmaintained equipment or utensils"
65538,"20130920",103124,"Moderate Risk","Inadequately cleaned or sanitized food contact surfaces"
65538,"20130920",103120,"Moderate Risk","Moderate risk food holding temperature "
65538,"20130920",103154,"Low Risk","Unclean or degraded floors walls or ceilings"
65538,"20120720",103121,"Moderate Risk","Inadequate procedures or records for time as a public health control "
65538,"20130220",103124,"Moderate Risk","Inadequately cleaned or sanitized food contact surfaces"
65538,"20130220",103103,"High Risk","High risk food holding temperature "
65538,"20140507",103120,"Moderate Risk","Moderate risk food holding temperature "
65538,"20140507",103124,"Moderate Risk","Inadequately cleaned or sanitized food contact surfaces"
65550,"20150114",103156,"Low Risk","Permit license or inspection report not posted"
65550,"20150114",103119,"Moderate Risk","Inadequate and inaccessible handwashing facilities"
65550,"20150217",103114,"High Risk","High risk vermin infestation"
65550,"20150217",103144,"Low Risk","Unapproved or unmaintained equipment or utensils"
65550,"20150217",103149,"Low Risk","Wiping cloths not clean or properly stored or inadequate sanitizer"
65550,"20150306",103114,"High Risk","High risk vermin infestation"
65550,"20130816",103139,"Low Risk","Improper food storage"
65550,"20130816",103161,"Low Risk","Low risk vermin infestation"
65550,"20130816",103142,"Low Risk","Unclean nonfood contact surfaces"
65550,"20130816",103120,"Moderate Risk","Moderate risk food holding temperature "
65550,"20130816",103149,"Low Risk","Wiping cloths not clean or properly stored or inadequate sanitizer"
65550,"20140417",103114,"High Risk","High risk vermin infestation"
65550,"20140417",103133,"Moderate Risk","Foods not protected from contamination"
65550,"20140417",103153,"Low Risk","Inadequate dressing rooms or improper storage of personal items"
65550,"20140417",103139,"Low Risk","Improper food storage"
65550,"20140417",103145,"Low Risk","Improper storage of equipment utensils or linens"
65550,"20140417",103154,"Low Risk","Unclean or degraded floors walls or ceilings"
65550,"20121003",103103,"High Risk","High risk food holding temperature "
65550,"20121003",103119,"Moderate Risk","Inadequate and inaccessible handwashing facilities"
65550,"20121003",103156,"Low Risk","Permit license or inspection report not posted"
65550,"20121003",103142,"Low Risk","Unclean nonfood contact surfaces"
65550,"20121003",103154,"Low Risk","Unclean or degraded floors walls or ceilings"
65550,"20121003",103144,"Low Risk","Unapproved or unmaintained equipment or utensils"
65550,"20121003",103150,"Low Risk","Improper or defective plumbing"
65550,"20121003",103124,"Moderate Risk","Inadequately cleaned or sanitized food contact surfaces"
65550,"20130114",103124,"Moderate Risk","Inadequately cleaned or sanitized food contact surfaces"
65550,"20130114",103148,"Low Risk","No thermometers or uncalibrated thermometers "
65554,"20150122",103145,"Low Risk","Improper storage of equipment utensils or linens"
65554,"20150122",103154,"Low Risk","Unclean or degraded floors walls or ceilings"
65554,"20131030",103130,"Moderate Risk","Inadequate sewage or wastewater disposal"
65554,"20120801",103133,"Moderate Risk","Foods not protected from contamination"
65554,"20120801",103144,"Low Risk","Unapproved or unmaintained equipment or utensils"
65554,"20120801",103139,"Low Risk","Improper food storage"
65554,"20120801",103116,"Moderate Risk","Inadequate food safety knowledge or lack of certified food safety manager"
65554,"20120801",103109,"High Risk","Unclean or unsanitary food contact surfaces"
65554,"20120801",103149,"Low Risk","Wiping cloths not clean or properly stored or inadequate sanitizer"
65554,"20130110",103133,"Moderate Risk","Foods not protected from contamination"
65554,"20130110",103139,"Low Risk","Improper food storage"
65554,"20140512",103149,"Low Risk","Wiping cloths not clean or properly stored or inadequate sanitizer"
65554,"20140512",103138,"Low Risk","Improper storage use or identification of toxic substances"
65554,"20140512",103119,"Moderate Risk","Inadequate and inaccessible handwashing facilities"
65561,"20141016",103124,"Moderate Risk","Inadequately cleaned or sanitized food contact surfaces"
65561,"20141016",103119,"Moderate Risk","Inadequate and inaccessible handwashing facilities"
65561,"20141016",103132,"Moderate Risk","Improper thawing methods "
65561,"20141016",103139,"Low Risk","Improper food storage"
65561,"20141016",103142,"Low Risk","Unclean nonfood contact surfaces"
65561,"20141016",103144,"Low Risk","Unapproved or unmaintained equipment or utensils"
65561,"20141016",103153,"Low Risk","Inadequate dressing rooms or improper storage of personal items"
65561,"20141016",103154,"Low Risk","Unclean or degraded floors walls or ceilings"
65561,"20141016",103145,"Low Risk","Improper storage of equipment utensils or linens"
65561,"20141016",103103,"High Risk","High risk food holding temperature "
65561,"20130114",103145,"Low Risk","Improper storage of equipment utensils or linens"
65561,"20130114",103142,"Low Risk","Unclean nonfood contact surfaces"
65561,"20130114",103132,"Moderate Risk","Improper thawing methods "
65561,"20130114",103119,"Moderate Risk","Inadequate and inaccessible handwashing facilities"
65561,"20130114",103114,"High Risk","High risk vermin infestation"
65561,"20130114",103154,"Low Risk","Unclean or degraded floors walls or ceilings"
65561,"20140520",103154,"Low Risk","Unclean or degraded floors walls or ceilings"
65561,"20140520",103143,"Low Risk","Inadequate warewashing facilities or equipment"
65561,"20140520",103142,"Low Risk","Unclean nonfood contact surfaces"
65561,"20140520",103139,"Low Risk","Improper food storage"
65561,"20140520",103132,"Moderate Risk","Improper thawing methods "
65561,"20140520",103108,"High Risk","Contaminated or adulterated food"
65561,"20140520",103103,"High Risk","High risk food holding temperature "
65561,"20140520",103131,"Moderate Risk","Moderate risk vermin infestation"
65580,"20140908",103131,"Moderate Risk","Moderate risk vermin infestation"
65580,"20140908",103156,"Low Risk","Permit license or inspection report not posted"
65580,"20131011",103124,"Moderate Risk","Inadequately cleaned or sanitized food contact surfaces"
65580,"20131011",103131,"Moderate Risk","Moderate risk vermin infestation"
65580,"20131011",103119,"Moderate Risk","Inadequate and inaccessible handwashing facilities"
65580,"20131011",103139,"Low Risk","Improper food storage"
65580,"20131011",103154,"Low Risk","Unclean or degraded floors walls or ceilings"
65580,"20140530",103154,"Low Risk","Unclean or degraded floors walls or ceilings"
65580,"20140530",103108,"High Risk","Contaminated or adulterated food"
65580,"20140530",103124,"Moderate Risk","Inadequately cleaned or sanitized food contact surfaces"
65580,"20140530",103114,"High Risk","High risk vermin infestation"
65582,"20150318",103142,"Low Risk","Unclean nonfood contact surfaces"
65582,"20150318",103150,"Low Risk","Improper or defective plumbing"
65582,"20150318",103152,"Low Risk","Unclean unmaintained or improperly constructed toilet facilities"
65582,"20150318",103161,"Low Risk","Low risk vermin infestation"
65582,"20150318",103138,"Low Risk","Improper storage use or identification of toxic substances"
65582,"20130722",103109,"High Risk","Unclean or unsanitary food contact surfaces"
65582,"20130722",103144,"Low Risk","Unapproved or unmaintained equipment or utensils"
65582,"20130722",103119,"Moderate Risk","Inadequate and inaccessible handwashing facilities"
65582,"20121217",103109,"High Risk","Unclean or unsanitary food contact surfaces"
65582,"20121217",103133,"Moderate Risk","Foods not protected from contamination"
65582,"20121217",103144,"Low Risk","Unapproved or unmaintained equipment or utensils"
65582,"20140508",103147,"Low Risk","Inadequate ventilation or lighting"
65582,"20140508",103144,"Low Risk","Unapproved or unmaintained equipment or utensils"
65582,"20140508",103139,"Low Risk","Improper food storage"
65582,"20140508",103124,"Moderate Risk","Inadequately cleaned or sanitized food contact surfaces"
65582,"20140508",103138,"Low Risk","Improper storage use or identification of toxic substances"
65582,"20140508",103133,"Moderate Risk","Foods not protected from contamination"
65602,"20150310",103104,"High Risk","Unauthorized or unsafe use of time as a public health control measure"
65614,"20130809",103124,"Moderate Risk","Inadequately cleaned or sanitized food contact surfaces"
65614,"20130503",103102,"High Risk","Unclean hands or improper use of gloves"
65614,"20130503",103149,"Low Risk","Wiping cloths not clean or properly stored or inadequate sanitizer"
65614,"20130503",103147,"Low Risk","Inadequate ventilation or lighting"
65614,"20130503",103124,"Moderate Risk","Inadequately cleaned or sanitized food contact surfaces"
65614,"20130503",103143,"Low Risk","Inadequate warewashing facilities or equipment"
65614,"20140627",103123,"Moderate Risk","Food in poor condition"
65614,"20140627",103103,"High Risk","High risk food holding temperature "
65614,"20140627",103162,"Low Risk","Other low risk violation"
65614,"20140627",103131,"Moderate Risk","Moderate risk vermin infestation"
65614,"20140627",103144,"Low Risk","Unapproved or unmaintained equipment or utensils"
65614,"20140627",103130,"Moderate Risk","Inadequate sewage or wastewater disposal"
65614,"20140627",103149,"Low Risk","Wiping cloths not clean or properly stored or inadequate sanitizer"
65622,"20141107",103150,"Low Risk","Improper or defective plumbing"
65622,"20120703",103144,"Low Risk","Unapproved or unmaintained equipment or utensils"
65622,"20120703",103139,"Low Risk","Improper food storage"
65622,"20120703",103147,"Low Risk","Inadequate ventilation or lighting"
65622,"20120703",103120,"Moderate Risk","Moderate risk food holding temperature "
65622,"20130305",103149,"Low Risk","Wiping cloths not clean or properly stored or inadequate sanitizer"
65622,"20130305",103145,"Low Risk","Improper storage of equipment utensils or linens"
65622,"20130305",103144,"Low Risk","Unapproved or unmaintained equipment or utensils"
65622,"20130305",103139,"Low Risk","Improper food storage"
65624,"20150116",103109,"High Risk","Unclean or unsanitary food contact surfaces"
65624,"20150116",103120,"Moderate Risk","Moderate risk food holding temperature "
65624,"20150116",103105,"High Risk","Improper cooling methods"
65624,"20140109",103103,"High Risk","High risk food holding temperature "
65624,"20140109",103154,"Low Risk","Unclean or degraded floors walls or ceilings"
65624,"20130509",103148,"Low Risk","No thermometers or uncalibrated thermometers "
65624,"20130509",103149,"Low Risk","Wiping cloths not clean or properly stored or inadequate sanitizer"
65624,"20121101",103105,"High Risk","Improper cooling methods"
65624,"20121101",103149,"Low Risk","Wiping cloths not clean or properly stored or inadequate sanitizer"
65624,"20121101",103148,"Low Risk","No thermometers or uncalibrated thermometers "
65635,"20140221",103119,"Moderate Risk","Inadequate and inaccessible handwashing facilities"
65635,"20140221",103120,"Moderate Risk","Moderate risk food holding temperature "
65635,"20130102",103143,"Low Risk","Inadequate warewashing facilities or equipment"
65635,"20130102",103124,"Moderate Risk","Inadequately cleaned or sanitized food contact surfaces"
65635,"20130102",103120,"Moderate Risk","Moderate risk food holding temperature "
65649,"20130529",103156,"Low Risk","Permit license or inspection report not posted"
65649,"20140429",103131,"Moderate Risk","Moderate risk vermin infestation"
65672,"20141110",103120,"Moderate Risk","Moderate risk food holding temperature "
65672,"20141110",103133,"Moderate Risk","Foods not protected from contamination"
65672,"20130723",103109,"High Risk","Unclean or unsanitary food contact surfaces"
65672,"20130723",103131,"Moderate Risk","Moderate risk vermin infestation"
65672,"20130723",103102,"High Risk","Unclean hands or improper use of gloves"
65672,"20140207",103133,"Moderate Risk","Foods not protected from contamination"
65672,"20121228",103150,"Low Risk","Improper or defective plumbing"
65672,"20121228",103119,"Moderate Risk","Inadequate and inaccessible handwashing facilities"
65672,"20121228",103124,"Moderate Risk","Inadequately cleaned or sanitized food contact surfaces"
65672,"20121228",103120,"Moderate Risk","Moderate risk food holding temperature "
65673,"20141003",103119,"Moderate Risk","Inadequate and inaccessible handwashing facilities"
65673,"20141003",103118,"Moderate Risk","Employee eating or smoking"
65673,"20140210",103156,"Low Risk","Permit license or inspection report not posted"
65673,"20140210",103124,"Moderate Risk","Inadequately cleaned or sanitized food contact surfaces"
65673,"20140210",103157,"Low Risk","Food safety certificate or food handler card not available"
65673,"20140210",103129,"Moderate Risk","Insufficient hot water or running water"
65673,"20140210",103154,"Low Risk","Unclean or degraded floors walls or ceilings"
65673,"20140210",103118,"Moderate Risk","Employee eating or smoking"
65673,"20130614",103156,"Low Risk","Permit license or inspection report not posted"
65673,"20130614",103162,"Low Risk","Other low risk violation"
65673,"20120727",103172,"High Risk","Mobile food facility with unapproved operating conditions"
65673,"20120727",103120,"Moderate Risk","Moderate risk food holding temperature "
65673,"20120727",103117,"Moderate Risk","Discharge from employee nose mouth or eye"
65673,"20120727",103102,"High Risk","Unclean hands or improper use of gloves"
65673,"20121029",103102,"High Risk","Unclean hands or improper use of gloves"
65673,"20121029",103149,"Low Risk","Wiping cloths not clean or properly stored or inadequate sanitizer"
65673,"20121029",103123,"Moderate Risk","Food in poor condition"
65673,"20121029",103124,"Moderate Risk","Inadequately cleaned or sanitized food contact surfaces"
65673,"20130115",103157,"Low Risk","Food safety certificate or food handler card not available"
65673,"20121029",103112,"High Risk","No hot water or running water"
65674,"20150506",103119,"Moderate Risk","Inadequate and inaccessible handwashing facilities"
65674,"20150506",103156,"Low Risk","Permit license or inspection report not posted"
65674,"20150506",103120,"Moderate Risk","Moderate risk food holding temperature "
65674,"20150506",103143,"Low Risk","Inadequate warewashing facilities or equipment"
65674,"20130618",103157,"Low Risk","Food safety certificate or food handler card not available"
65674,"20130618",103156,"Low Risk","Permit license or inspection report not posted"
65674,"20130618",103149,"Low Risk","Wiping cloths not clean or properly stored or inadequate sanitizer"
65674,"20130618",103120,"Moderate Risk","Moderate risk food holding temperature "
65674,"20130111",103119,"Moderate Risk","Inadequate and inaccessible handwashing facilities"
65675,"20141212",103132,"Moderate Risk","Improper thawing methods "
65675,"20141212",103105,"High Risk","Improper cooling methods"
65675,"20141212",103131,"Moderate Risk","Moderate risk vermin infestation"
65675,"20141212",103133,"Moderate Risk","Foods not protected from contamination"
65675,"20131108",103109,"High Risk","Unclean or unsanitary food contact surfaces"
65675,"20131108",103102,"High Risk","Unclean hands or improper use of gloves"
65675,"20131108",103103,"High Risk","High risk food holding temperature "
65675,"20130308",103102,"High Risk","Unclean hands or improper use of gloves"
65675,"20130308",103124,"Moderate Risk","Inadequately cleaned or sanitized food contact surfaces"
65675,"20130308",103120,"Moderate Risk","Moderate risk food holding temperature "
65675,"20140424",103103,"High Risk","High risk food holding temperature "
65675,"20140424",103124,"Moderate Risk","Inadequately cleaned or sanitized food contact surfaces"
65675,"20140424",103102,"High Risk","Unclean hands or improper use of gloves"
65675,"20140424",103133,"Moderate Risk","Foods not protected from contamination"
65675,"20120731",103124,"Moderate Risk","Inadequately cleaned or sanitized food contact surfaces"
65675,"20120731",103119,"Moderate Risk","Inadequate and inaccessible handwashing facilities"
65675,"20120731",103105,"High Risk","Improper cooling methods"
65675,"20120731",103148,"Low Risk","No thermometers or uncalibrated thermometers "
65675,"20120731",103133,"Moderate Risk","Foods not protected from contamination"
65676,"20150414",103120,"Moderate Risk","Moderate risk food holding temperature "
65676,"20150414",103119,"Moderate Risk","Inadequate and inaccessible handwashing facilities"
65676,"20150414",103116,"Moderate Risk","Inadequate food safety knowledge or lack of certified food safety manager"
65676,"20130419",103145,"Low Risk","Improper storage of equipment utensils or linens"
65676,"20130522",103129,"Moderate Risk","Insufficient hot water or running water"
65676,"20130419",103129,"Moderate Risk","Insufficient hot water or running water"
65676,"20130419",103149,"Low Risk","Wiping cloths not clean or properly stored or inadequate sanitizer"
65676,"20130419",103157,"Low Risk","Food safety certificate or food handler card not available"
65676,"20130419",103144,"Low Risk","Unapproved or unmaintained equipment or utensils"
65677,"20150102",103145,"Low Risk","Improper storage of equipment utensils or linens"
65677,"20150102",103131,"Moderate Risk","Moderate risk vermin infestation"
65677,"20150102",103154,"Low Risk","Unclean or degraded floors walls or ceilings"
65677,"20131107",103120,"Moderate Risk","Moderate risk food holding temperature "
65677,"20131107",103133,"Moderate Risk","Foods not protected from contamination"
65677,"20130319",103120,"Moderate Risk","Moderate risk food holding temperature "
65677,"20130319",103119,"Moderate Risk","Inadequate and inaccessible handwashing facilities"
65677,"20130319",103109,"High Risk","Unclean or unsanitary food contact surfaces"
65677,"20120913",103109,"High Risk","Unclean or unsanitary food contact surfaces"
65677,"20120913",103102,"High Risk","Unclean hands or improper use of gloves"
65677,"20120913",103131,"Moderate Risk","Moderate risk vermin infestation"
65677,"20140605",103147,"Low Risk","Inadequate ventilation or lighting"
65677,"20140605",103145,"Low Risk","Improper storage of equipment utensils or linens"
65679,"20150127",103154,"Low Risk","Unclean or degraded floors walls or ceilings"
65679,"20150127",103144,"Low Risk","Unapproved or unmaintained equipment or utensils"
65679,"20150127",103142,"Low Risk","Unclean nonfood contact surfaces"
65679,"20150127",103120,"Moderate Risk","Moderate risk food holding temperature "
65679,"20150127",103119,"Moderate Risk","Inadequate and inaccessible handwashing facilities"
65679,"20150127",103114,"High Risk","High risk vermin infestation"
65679,"20130711",103129,"Moderate Risk","Insufficient hot water or running water"
65679,"20130711",103124,"Moderate Risk","Inadequately cleaned or sanitized food contact surfaces"
65679,"20130711",103161,"Low Risk","Low risk vermin infestation"
65679,"20130711",103142,"Low Risk","Unclean nonfood contact surfaces"
65679,"20130711",103139,"Low Risk","Improper food storage"
65679,"20140130",103131,"Moderate Risk","Moderate risk vermin infestation"
65679,"20140130",103145,"Low Risk","Improper storage of equipment utensils or linens"
65679,"20140130",103124,"Moderate Risk","Inadequately cleaned or sanitized food contact surfaces"
65679,"20140130",103142,"Low Risk","Unclean nonfood contact surfaces"
65679,"20120628",103142,"Low Risk","Unclean nonfood contact surfaces"
65679,"20121218",103142,"Low Risk","Unclean nonfood contact surfaces"
65679,"20121218",103139,"Low Risk","Improper food storage"
65679,"20121218",103103,"High Risk","High risk food holding temperature "
65679,"20140703",103103,"High Risk","High risk food holding temperature "
65679,"20140703",103161,"Low Risk","Low risk vermin infestation"
65679,"20140703",103142,"Low Risk","Unclean nonfood contact surfaces"
65686,"20150426",103147,"Low Risk","Inadequate ventilation or lighting"
65686,"20150426",103157,"Low Risk","Food safety certificate or food handler card not available"
65686,"20150426",103154,"Low Risk","Unclean or degraded floors walls or ceilings"
65686,"20150426",103143,"Low Risk","Inadequate warewashing facilities or equipment"
65686,"20150426",103156,"Low Risk","Permit license or inspection report not posted"
65686,"20131013",103143,"Low Risk","Inadequate warewashing facilities or equipment"
65686,"20131013",103147,"Low Risk","Inadequate ventilation or lighting"
65686,"20131013",103154,"Low Risk","Unclean or degraded floors walls or ceilings"
65686,"20131013",103157,"Low Risk","Food safety certificate or food handler card not available"
65686,"20130531",103102,"High Risk","Unclean hands or improper use of gloves"
65686,"20130531",103112,"High Risk","No hot water or running water"
65686,"20130531",103119,"Moderate Risk","Inadequate and inaccessible handwashing facilities"
65686,"20120627",103119,"Moderate Risk","Inadequate and inaccessible handwashing facilities"
65686,"20120627",103132,"Moderate Risk","Improper thawing methods "
65686,"20120627",103143,"Low Risk","Inadequate warewashing facilities or equipment"
65686,"20120627",103144,"Low Risk","Unapproved or unmaintained equipment or utensils"
65686,"20140529",103176,"Moderate Risk","Unsanitary mobile food facility"
65686,"20140529",103170,"High Risk","Mobile food facility not operating with an approved commissary"
65686,"20140529",103113,"High Risk","Sewage or wastewater contamination"
65688,"20130801",103119,"Moderate Risk","Inadequate and inaccessible handwashing facilities"
65692,"20140918",103154,"Low Risk","Unclean or degraded floors walls or ceilings"
65692,"20140918",103150,"Low Risk","Improper or defective plumbing"
65692,"20130828",103138,"Low Risk","Improper storage use or identification of toxic substances"
65692,"20130606",103154,"Low Risk","Unclean or degraded floors walls or ceilings"
65692,"20120613",103131,"Moderate Risk","Moderate risk vermin infestation"
65692,"20120613",103119,"Moderate Risk","Inadequate and inaccessible handwashing facilities"
65692,"20121218",103129,"Moderate Risk","Insufficient hot water or running water"
65692,"20121218",103119,"Moderate Risk","Inadequate and inaccessible handwashing facilities"
65692,"20140515",103144,"Low Risk","Unapproved or unmaintained equipment or utensils"
65692,"20140515",103131,"Moderate Risk","Moderate risk vermin infestation"
65692,"20140515",103139,"Low Risk","Improper food storage"
65692,"20140515",103154,"Low Risk","Unclean or degraded floors walls or ceilings"
65695,"20150210",103144,"Low Risk","Unapproved or unmaintained equipment or utensils"
65695,"20150210",103103,"High Risk","High risk food holding temperature "
65695,"20150210",103109,"High Risk","Unclean or unsanitary food contact surfaces"
65695,"20150210",103110,"High Risk","Unapproved food source"
65695,"20150210",103119,"Moderate Risk","Inadequate and inaccessible handwashing facilities"
65695,"20150210",103147,"Low Risk","Inadequate ventilation or lighting"
65695,"20140204",103119,"Moderate Risk","Inadequate and inaccessible handwashing facilities"
65695,"20140204",103116,"Moderate Risk","Inadequate food safety knowledge or lack of certified food safety manager"
65695,"20140204",103124,"Moderate Risk","Inadequately cleaned or sanitized food contact surfaces"
65695,"20120724",103144,"Low Risk","Unapproved or unmaintained equipment or utensils"
65695,"20120724",103149,"Low Risk","Wiping cloths not clean or properly stored or inadequate sanitizer"
65695,"20130219",103124,"Moderate Risk","Inadequately cleaned or sanitized food contact surfaces"
65695,"20130219",103139,"Low Risk","Improper food storage"
65695,"20130219",103116,"Moderate Risk","Inadequate food safety knowledge or lack of certified food safety manager"
65695,"20130219",103134,"Moderate Risk","Other moderate risk violation"
65695,"20140522",103134,"Moderate Risk","Other moderate risk violation"
65695,"20140522",103133,"Moderate Risk","Foods not protected from contamination"
65695,"20140522",103139,"Low Risk","Improper food storage"
65695,"20140522",103116,"Moderate Risk","Inadequate food safety knowledge or lack of certified food safety manager"
65695,"20140522",103144,"Low Risk","Unapproved or unmaintained equipment or utensils"
65712,"20150526",103124,"Moderate Risk","Inadequately cleaned or sanitized food contact surfaces"
65712,"20150526",103120,"Moderate Risk","Moderate risk food holding temperature "
65712,"20150526",103104,"High Risk","Unauthorized or unsafe use of time as a public health control measure"
65712,"20150526",103145,"Low Risk","Improper storage of equipment utensils or linens"
65712,"20150526",103148,"Low Risk","No thermometers or uncalibrated thermometers "
65712,"20131205",103133,"Moderate Risk","Foods not protected from contamination"
65712,"20131205",103143,"Low Risk","Inadequate warewashing facilities or equipment"
65712,"20131205",103124,"Moderate Risk","Inadequately cleaned or sanitized food contact surfaces"
65712,"20120801",103133,"Moderate Risk","Foods not protected from contamination"
65712,"20120801",103124,"Moderate Risk","Inadequately cleaned or sanitized food contact surfaces"
65712,"20130130",103102,"High Risk","Unclean hands or improper use of gloves"
65712,"20140624",103120,"Moderate Risk","Moderate risk food holding temperature "
65712,"20140624",103124,"Moderate Risk","Inadequately cleaned or sanitized food contact surfaces"
65712,"20140624",103133,"Moderate Risk","Foods not protected from contamination"
65724,"20130117",103156,"Low Risk","Permit license or inspection report not posted"
65724,"20130117",103142,"Low Risk","Unclean nonfood contact surfaces"
65724,"20130117",103157,"Low Risk","Food safety certificate or food handler card not available"
65724,"20130117",103119,"Moderate Risk","Inadequate and inaccessible handwashing facilities"
65725,"20130117",103144,"Low Risk","Unapproved or unmaintained equipment or utensils"
65725,"20130117",103156,"Low Risk","Permit license or inspection report not posted"
65725,"20130117",103149,"Low Risk","Wiping cloths not clean or properly stored or inadequate sanitizer"
65725,"20130117",103119,"Moderate Risk","Inadequate and inaccessible handwashing facilities"
65725,"20130124",103150,"Low Risk","Improper or defective plumbing"
65725,"20130117",103120,"Moderate Risk","Moderate risk food holding temperature "
65725,"20130117",103142,"Low Risk","Unclean nonfood contact surfaces"
65725,"20130117",103139,"Low Risk","Improper food storage"
65754,"20150311",103157,"Low Risk","Food safety certificate or food handler card not available"
65754,"20150311",103154,"Low Risk","Unclean or degraded floors walls or ceilings"
65754,"20140522",103142,"Low Risk","Unclean nonfood contact surfaces"
65754,"20140522",103148,"Low Risk","No thermometers or uncalibrated thermometers "
65754,"20140522",103156,"Low Risk","Permit license or inspection report not posted"
65761,"20140227",103119,"Moderate Risk","Inadequate and inaccessible handwashing facilities"
65761,"20140227",103121,"Moderate Risk","Inadequate procedures or records for time as a public health control "
65761,"20140227",103120,"Moderate Risk","Moderate risk food holding temperature "
65761,"20130211",103108,"High Risk","Contaminated or adulterated food"
65761,"20130211",103119,"Moderate Risk","Inadequate and inaccessible handwashing facilities"
65761,"20130211",103102,"High Risk","Unclean hands or improper use of gloves"
65761,"20130211",103162,"Low Risk","Other low risk violation"
65770,"20150508",103116,"Moderate Risk","Inadequate food safety knowledge or lack of certified food safety manager"
65770,"20150508",103142,"Low Risk","Unclean nonfood contact surfaces"
65770,"20150508",103161,"Low Risk","Low risk vermin infestation"
65770,"20140312",103149,"Low Risk","Wiping cloths not clean or properly stored or inadequate sanitizer"
65770,"20120720",103154,"Low Risk","Unclean or degraded floors walls or ceilings"
65770,"20130214",103142,"Low Risk","Unclean nonfood contact surfaces"
65770,"20130214",103150,"Low Risk","Improper or defective plumbing"
65791,"20131025",103124,"Moderate Risk","Inadequately cleaned or sanitized food contact surfaces"
65791,"20131025",103156,"Low Risk","Permit license or inspection report not posted"
65791,"20130429",103157,"Low Risk","Food safety certificate or food handler card not available"
65791,"20130429",103156,"Low Risk","Permit license or inspection report not posted"
65791,"20130429",103103,"High Risk","High risk food holding temperature "
65791,"20140418",103121,"Moderate Risk","Inadequate procedures or records for time as a public health control "
65791,"20140418",103127,"Moderate Risk","Noncompliance with HAACP plan or variance"
65791,"20121107",103157,"Low Risk","Food safety certificate or food handler card not available"
65791,"20121107",103105,"High Risk","Improper cooling methods"
65793,"20130612",103133,"Moderate Risk","Foods not protected from contamination"
65793,"20130612",103120,"Moderate Risk","Moderate risk food holding temperature "
65793,"20121127",103133,"Moderate Risk","Foods not protected from contamination"
65793,"20121127",103144,"Low Risk","Unapproved or unmaintained equipment or utensils"
65793,"20121127",103120,"Moderate Risk","Moderate risk food holding temperature "
65793,"20121127",103154,"Low Risk","Unclean or degraded floors walls or ceilings"
65793,"20121127",103109,"High Risk","Unclean or unsanitary food contact surfaces"
65793,"20140611",103132,"Moderate Risk","Improper thawing methods "
65793,"20140611",103131,"Moderate Risk","Moderate risk vermin infestation"
65793,"20140611",103105,"High Risk","Improper cooling methods"
65793,"20140611",103144,"Low Risk","Unapproved or unmaintained equipment or utensils"
65795,"20140925",103142,"Low Risk","Unclean nonfood contact surfaces"
65795,"20140925",103145,"Low Risk","Improper storage of equipment utensils or linens"
65795,"20140925",103149,"Low Risk","Wiping cloths not clean or properly stored or inadequate sanitizer"
65795,"20140925",103154,"Low Risk","Unclean or degraded floors walls or ceilings"
65795,"20130904",103142,"Low Risk","Unclean nonfood contact surfaces"
65795,"20130904",103157,"Low Risk","Food safety certificate or food handler card not available"
65795,"20130904",103154,"Low Risk","Unclean or degraded floors walls or ceilings"
65795,"20130904",103129,"Moderate Risk","Insufficient hot water or running water"
65795,"20130904",103109,"High Risk","Unclean or unsanitary food contact surfaces"
65795,"20130904",103131,"Moderate Risk","Moderate risk vermin infestation"
65795,"20130904",103139,"Low Risk","Improper food storage"
65795,"20140211",103109,"High Risk","Unclean or unsanitary food contact surfaces"
65795,"20140211",103120,"Moderate Risk","Moderate risk food holding temperature "
65795,"20140211",103142,"Low Risk","Unclean nonfood contact surfaces"
65795,"20140211",103114,"High Risk","High risk vermin infestation"
65795,"20121210",103133,"Moderate Risk","Foods not protected from contamination"
65795,"20130226",103142,"Low Risk","Unclean nonfood contact surfaces"
65795,"20130226",103162,"Low Risk","Other low risk violation"
65795,"20121210",103144,"Low Risk","Unapproved or unmaintained equipment or utensils"
65795,"20121210",103129,"Moderate Risk","Insufficient hot water or running water"
65795,"20121210",103142,"Low Risk","Unclean nonfood contact surfaces"
65795,"20130226",103114,"High Risk","High risk vermin infestation"
65795,"20121210",103138,"Low Risk","Improper storage use or identification of toxic substances"
65795,"20130226",103144,"Low Risk","Unapproved or unmaintained equipment or utensils"
65795,"20121210",103161,"Low Risk","Low risk vermin infestation"
65813,"20140829",103119,"Moderate Risk","Inadequate and inaccessible handwashing facilities"
65813,"20140829",103145,"Low Risk","Improper storage of equipment utensils or linens"
65813,"20140829",103149,"Low Risk","Wiping cloths not clean or properly stored or inadequate sanitizer"
65813,"20140829",103125,"Moderate Risk","Noncompliance with shell fish tags or display"
65813,"20150318",103142,"Low Risk","Unclean nonfood contact surfaces"
65813,"20150318",103160,"Low Risk","Inadequate HACCP plan record keeping"
65813,"20150318",103124,"Moderate Risk","Inadequately cleaned or sanitized food contact surfaces"
65813,"20150318",103144,"Low Risk","Unapproved or unmaintained equipment or utensils"
65813,"20140115",103157,"Low Risk","Food safety certificate or food handler card not available"
65813,"20140115",103149,"Low Risk","Wiping cloths not clean or properly stored or inadequate sanitizer"
65813,"20140115",103145,"Low Risk","Improper storage of equipment utensils or linens"
65813,"20130207",103162,"Low Risk","Other low risk violation"
65813,"20130207",103152,"Low Risk","Unclean unmaintained or improperly constructed toilet facilities"
65819,"20140910",103119,"Moderate Risk","Inadequate and inaccessible handwashing facilities"
65819,"20140910",103157,"Low Risk","Food safety certificate or food handler card not available"
65819,"20150508",103120,"Moderate Risk","Moderate risk food holding temperature "
65819,"20150508",103131,"Moderate Risk","Moderate risk vermin infestation"
65824,"20150114",103147,"Low Risk","Inadequate ventilation or lighting"
65824,"20150114",103142,"Low Risk","Unclean nonfood contact surfaces"
65824,"20150114",103124,"Moderate Risk","Inadequately cleaned or sanitized food contact surfaces"
65824,"20130924",103118,"Moderate Risk","Employee eating or smoking"
65824,"20130924",103109,"High Risk","Unclean or unsanitary food contact surfaces"
65824,"20140422",103144,"Low Risk","Unapproved or unmaintained equipment or utensils"
65824,"20140422",103124,"Moderate Risk","Inadequately cleaned or sanitized food contact surfaces"
65824,"20140422",103145,"Low Risk","Improper storage of equipment utensils or linens"
65824,"20140422",103131,"Moderate Risk","Moderate risk vermin infestation"
65824,"20140422",103150,"Low Risk","Improper or defective plumbing"
65824,"20121127",103105,"High Risk","Improper cooling methods"
65824,"20121127",103109,"High Risk","Unclean or unsanitary food contact surfaces"
65824,"20121127",103139,"Low Risk","Improper food storage"
65824,"20121127",103150,"Low Risk","Improper or defective plumbing"
65825,"20141208",103154,"Low Risk","Unclean or degraded floors walls or ceilings"
65825,"20141208",103161,"Low Risk","Low risk vermin infestation"
65825,"20141208",103149,"Low Risk","Wiping cloths not clean or properly stored or inadequate sanitizer"
65825,"20140227",103151,"Low Risk","Inadequate or unsanitary refuse containers or area or no garbage service"
65825,"20140227",103154,"Low Risk","Unclean or degraded floors walls or ceilings"
65825,"20140227",103149,"Low Risk","Wiping cloths not clean or properly stored or inadequate sanitizer"
65825,"20140227",103161,"Low Risk","Low risk vermin infestation"
65825,"20121217",103120,"Moderate Risk","Moderate risk food holding temperature "
65825,"20121217",103149,"Low Risk","Wiping cloths not clean or properly stored or inadequate sanitizer"
65825,"20121217",103154,"Low Risk","Unclean or degraded floors walls or ceilings"
65826,"20141008",103139,"Low Risk","Improper food storage"
65826,"20131227",103149,"Low Risk","Wiping cloths not clean or properly stored or inadequate sanitizer"
65826,"20130612",103150,"Low Risk","Improper or defective plumbing"
65829,"20130514",103154,"Low Risk","Unclean or degraded floors walls or ceilings"
65829,"20130514",103138,"Low Risk","Improper storage use or identification of toxic substances"
65829,"20130514",103142,"Low Risk","Unclean nonfood contact surfaces"
65830,"20131028",103141,"Low Risk","Improper food labeling or menu misrepresentation"
65830,"20131028",103144,"Low Risk","Unapproved or unmaintained equipment or utensils"
65830,"20131028",103149,"Low Risk","Wiping cloths not clean or properly stored or inadequate sanitizer"
65830,"20130122",103145,"Low Risk","Improper storage of equipment utensils or linens"
65830,"20130122",103119,"Moderate Risk","Inadequate and inaccessible handwashing facilities"
65830,"20140611",103149,"Low Risk","Wiping cloths not clean or properly stored or inadequate sanitizer"
65830,"20140611",103119,"Moderate Risk","Inadequate and inaccessible handwashing facilities"
65830,"20140611",103116,"Moderate Risk","Inadequate food safety knowledge or lack of certified food safety manager"
65831,"20141205",103120,"Moderate Risk","Moderate risk food holding temperature "
65831,"20141205",103124,"Moderate Risk","Inadequately cleaned or sanitized food contact surfaces"
65831,"20141205",103119,"Moderate Risk","Inadequate and inaccessible handwashing facilities"
65831,"20141205",103142,"Low Risk","Unclean nonfood contact surfaces"
65831,"20140311",103139,"Low Risk","Improper food storage"
65831,"20140311",103149,"Low Risk","Wiping cloths not clean or properly stored or inadequate sanitizer"
65831,"20140311",103161,"Low Risk","Low risk vermin infestation"
65831,"20140311",103120,"Moderate Risk","Moderate risk food holding temperature "
65831,"20130219",103149,"Low Risk","Wiping cloths not clean or properly stored or inadequate sanitizer"
65831,"20130219",103120,"Moderate Risk","Moderate risk food holding temperature "
65831,"20130219",103164,"N/A",
65831,"20130219",103160,"Low Risk","Inadequate HACCP plan record keeping"
65831,"20130219",103113,"High Risk","Sewage or wastewater contamination"
65833,"20150311",103105,"High Risk","Improper cooling methods"
65833,"20150311",103102,"High Risk","Unclean hands or improper use of gloves"
65833,"20150311",103120,"Moderate Risk","Moderate risk food holding temperature "
65833,"20150311",103148,"Low Risk","No thermometers or uncalibrated thermometers "
65833,"20150311",103109,"High Risk","Unclean or unsanitary food contact surfaces"
65833,"20130410",103132,"Moderate Risk","Improper thawing methods "
65833,"20121009",103124,"Moderate Risk","Inadequately cleaned or sanitized food contact surfaces"
65833,"20140811",103133,"Moderate Risk","Foods not protected from contamination"
65834,"20150526",103154,"Low Risk","Unclean or degraded floors walls or ceilings"
65834,"20150526",103142,"Low Risk","Unclean nonfood contact surfaces"
65834,"20150526",103156,"Low Risk","Permit license or inspection report not posted"
65834,"20150526",103119,"Moderate Risk","Inadequate and inaccessible handwashing facilities"
65834,"20150526",103103,"High Risk","High risk food holding temperature "
65834,"20150526",103157,"Low Risk","Food safety certificate or food handler card not available"
65834,"20131223",103147,"Low Risk","Inadequate ventilation or lighting"
65834,"20131223",103116,"Moderate Risk","Inadequate food safety knowledge or lack of certified food safety manager"
65834,"20131223",103119,"Moderate Risk","Inadequate and inaccessible handwashing facilities"
65834,"20131223",103124,"Moderate Risk","Inadequately cleaned or sanitized food contact surfaces"
65834,"20131223",103142,"Low Risk","Unclean nonfood contact surfaces"
65834,"20131223",103143,"Low Risk","Inadequate warewashing facilities or equipment"
65834,"20131223",103144,"Low Risk","Unapproved or unmaintained equipment or utensils"
65834,"20130318",103116,"Moderate Risk","Inadequate food safety knowledge or lack of certified food safety manager"
65834,"20130318",103147,"Low Risk","Inadequate ventilation or lighting"
65834,"20130318",103145,"Low Risk","Improper storage of equipment utensils or linens"
65834,"20130318",103144,"Low Risk","Unapproved or unmaintained equipment or utensils"
65834,"20130318",103142,"Low Risk","Unclean nonfood contact surfaces"
65834,"20130318",103119,"Moderate Risk","Inadequate and inaccessible handwashing facilities"
65834,"20120807",103142,"Low Risk","Unclean nonfood contact surfaces"
65834,"20120807",103150,"Low Risk","Improper or defective plumbing"
65834,"20120807",103103,"High Risk","High risk food holding temperature "
65834,"20120807",103116,"Moderate Risk","Inadequate food safety knowledge or lack of certified food safety manager"
65834,"20120807",103161,"Low Risk","Low risk vermin infestation"
65834,"20120807",103109,"High Risk","Unclean or unsanitary food contact surfaces"
65834,"20140605",103156,"Low Risk","Permit license or inspection report not posted"
65834,"20140605",103109,"High Risk","Unclean or unsanitary food contact surfaces"
65834,"20140605",103154,"Low Risk","Unclean or degraded floors walls or ceilings"
65834,"20140605",103119,"Moderate Risk","Inadequate and inaccessible handwashing facilities"
65834,"20140605",103143,"Low Risk","Inadequate warewashing facilities or equipment"
65834,"20140605",103157,"Low Risk","Food safety certificate or food handler card not available"
65852,"20131021",103119,"Moderate Risk","Inadequate and inaccessible handwashing facilities"
65852,"20131021",103161,"Low Risk","Low risk vermin infestation"
65852,"20120731",103120,"Moderate Risk","Moderate risk food holding temperature "
65852,"20120731",103114,"High Risk","High risk vermin infestation"
65852,"20120731",103142,"Low Risk","Unclean nonfood contact surfaces"
65852,"20120731",103133,"Moderate Risk","Foods not protected from contamination"
65852,"20120731",103156,"Low Risk","Permit license or inspection report not posted"
65856,"20130829",103133,"Moderate Risk","Foods not protected from contamination"
65856,"20130829",103154,"Low Risk","Unclean or degraded floors walls or ceilings"
65856,"20130829",103149,"Low Risk","Wiping cloths not clean or properly stored or inadequate sanitizer"
65856,"20130829",103148,"Low Risk","No thermometers or uncalibrated thermometers "
65856,"20130829",103103,"High Risk","High risk food holding temperature "
65856,"20140527",103102,"High Risk","Unclean hands or improper use of gloves"
65856,"20140527",103107,"High Risk","Improper reheating of food"
65856,"20140527",103103,"High Risk","High risk food holding temperature "
65857,"20150520",103156,"Low Risk","Permit license or inspection report not posted"
65857,"20150520",103150,"Low Risk","Improper or defective plumbing"
65857,"20150520",103144,"Low Risk","Unapproved or unmaintained equipment or utensils"
65857,"20150520",103116,"Moderate Risk","Inadequate food safety knowledge or lack of certified food safety manager"
65857,"20140418",103103,"High Risk","High risk food holding temperature "
65857,"20140418",103144,"Low Risk","Unapproved or unmaintained equipment or utensils"
65857,"20140418",103154,"Low Risk","Unclean or degraded floors walls or ceilings"
65857,"20140418",103142,"Low Risk","Unclean nonfood contact surfaces"
65857,"20140418",103139,"Low Risk","Improper food storage"
65857,"20140418",103124,"Moderate Risk","Inadequately cleaned or sanitized food contact surfaces"
65857,"20140418",103119,"Moderate Risk","Inadequate and inaccessible handwashing facilities"
65857,"20140418",103114,"High Risk","High risk vermin infestation"
65857,"20130129",103150,"Low Risk","Improper or defective plumbing"
65857,"20130129",103142,"Low Risk","Unclean nonfood contact surfaces"
65857,"20130129",103154,"Low Risk","Unclean or degraded floors walls or ceilings"
65857,"20130129",103156,"Low Risk","Permit license or inspection report not posted"
65860,"20140324",103144,"Low Risk","Unapproved or unmaintained equipment or utensils"
65860,"20140324",103147,"Low Risk","Inadequate ventilation or lighting"
65860,"20140324",103148,"Low Risk","No thermometers or uncalibrated thermometers "
65860,"20140324",103120,"Moderate Risk","Moderate risk food holding temperature "
65860,"20130208",103124,"Moderate Risk","Inadequately cleaned or sanitized food contact surfaces"
65868,"20130801",103149,"Low Risk","Wiping cloths not clean or properly stored or inadequate sanitizer"
65868,"20130801",103157,"Low Risk","Food safety certificate or food handler card not available"
65868,"20130801",103161,"Low Risk","Low risk vermin infestation"
65872,"20140904",103115,"High Risk","Other high risk violation"
65872,"20130419",103149,"Low Risk","Wiping cloths not clean or properly stored or inadequate sanitizer"
65872,"20130419",103148,"Low Risk","No thermometers or uncalibrated thermometers "
65872,"20130419",103120,"Moderate Risk","Moderate risk food holding temperature "
65872,"20120626",103144,"Low Risk","Unapproved or unmaintained equipment or utensils"
65872,"20120626",103119,"Moderate Risk","Inadequate and inaccessible handwashing facilities"
65872,"20120626",103120,"Moderate Risk","Moderate risk food holding temperature "
65872,"20140820",103119,"Moderate Risk","Inadequate and inaccessible handwashing facilities"
65872,"20140820",103149,"Low Risk","Wiping cloths not clean or properly stored or inadequate sanitizer"
65872,"20140820",103120,"Moderate Risk","Moderate risk food holding temperature "
65872,"20140820",103147,"Low Risk","Inadequate ventilation or lighting"
65873,"20121130",103156,"Low Risk","Permit license or inspection report not posted"
65873,"20121130",103124,"Moderate Risk","Inadequately cleaned or sanitized food contact surfaces"
65873,"20121130",103119,"Moderate Risk","Inadequate and inaccessible handwashing facilities"
65873,"20140514",103114,"High Risk","High risk vermin infestation"
65873,"20140514",103120,"Moderate Risk","Moderate risk food holding temperature "
65873,"20140514",103149,"Low Risk","Wiping cloths not clean or properly stored or inadequate sanitizer"
65895,"20141021",103119,"Moderate Risk","Inadequate and inaccessible handwashing facilities"
65895,"20141021",103120,"Moderate Risk","Moderate risk food holding temperature "
65895,"20141021",103124,"Moderate Risk","Inadequately cleaned or sanitized food contact surfaces"
65895,"20141021",103156,"Low Risk","Permit license or inspection report not posted"
65895,"20150325",103120,"Moderate Risk","Moderate risk food holding temperature "
65895,"20150325",103124,"Moderate Risk","Inadequately cleaned or sanitized food contact surfaces"
65895,"20130729",103143,"Low Risk","Inadequate warewashing facilities or equipment"
65895,"20130729",103123,"Moderate Risk","Food in poor condition"
65895,"20130729",103120,"Moderate Risk","Moderate risk food holding temperature "
65895,"20140317",103101,"High Risk","Unreported or unrestricted ill employee with communicable disease"
65895,"20140317",103139,"Low Risk","Improper food storage"
65895,"20140527",103133,"Moderate Risk","Foods not protected from contamination"
65895,"20140527",103162,"Low Risk","Other low risk violation"
65895,"20140527",103147,"Low Risk","Inadequate ventilation or lighting"
65895,"20140527",103119,"Moderate Risk","Inadequate and inaccessible handwashing facilities"
65896,"20141002",103154,"Low Risk","Unclean or degraded floors walls or ceilings"
65896,"20141002",103149,"Low Risk","Wiping cloths not clean or properly stored or inadequate sanitizer"
65896,"20141002",103116,"Moderate Risk","Inadequate food safety knowledge or lack of certified food safety manager"
65896,"20141002",103119,"Moderate Risk","Inadequate and inaccessible handwashing facilities"
65896,"20130924",103142,"Low Risk","Unclean nonfood contact surfaces"
65896,"20130924",103119,"Moderate Risk","Inadequate and inaccessible handwashing facilities"
65896,"20140305",103119,"Moderate Risk","Inadequate and inaccessible handwashing facilities"
65896,"20140305",103144,"Low Risk","Unapproved or unmaintained equipment or utensils"
65896,"20140305",103145,"Low Risk","Improper storage of equipment utensils or linens"
65896,"20140305",103154,"Low Risk","Unclean or degraded floors walls or ceilings"
65898,"20141006",103148,"Low Risk","No thermometers or uncalibrated thermometers "
65898,"20131018",103150,"Low Risk","Improper or defective plumbing"
65898,"20131018",103138,"Low Risk","Improper storage use or identification of toxic substances"
65898,"20131018",103129,"Moderate Risk","Insufficient hot water or running water"
65898,"20131018",103154,"Low Risk","Unclean or degraded floors walls or ceilings"
65898,"20130114",103154,"Low Risk","Unclean or degraded floors walls or ceilings"
65898,"20130114",103131,"Moderate Risk","Moderate risk vermin infestation"
65901,"20141104",103120,"Moderate Risk","Moderate risk food holding temperature "
65901,"20141104",103142,"Low Risk","Unclean nonfood contact surfaces"
65901,"20141104",103132,"Moderate Risk","Improper thawing methods "
65901,"20141104",103154,"Low Risk","Unclean or degraded floors walls or ceilings"
65901,"20141104",103109,"High Risk","Unclean or unsanitary food contact surfaces"
65901,"20121004",103119,"Moderate Risk","Inadequate and inaccessible handwashing facilities"
65901,"20121004",103118,"Moderate Risk","Employee eating or smoking"
65901,"20121004",103124,"Moderate Risk","Inadequately cleaned or sanitized food contact surfaces"
65901,"20130228",103108,"High Risk","Contaminated or adulterated food"
65901,"20130228",103102,"High Risk","Unclean hands or improper use of gloves"
65902,"20150407",103119,"Moderate Risk","Inadequate and inaccessible handwashing facilities"
65902,"20150407",103120,"Moderate Risk","Moderate risk food holding temperature "
65902,"20150407",103124,"Moderate Risk","Inadequately cleaned or sanitized food contact surfaces"
65902,"20130528",103156,"Low Risk","Permit license or inspection report not posted"
65902,"20130528",103149,"Low Risk","Wiping cloths not clean or properly stored or inadequate sanitizer"
65902,"20130528",103143,"Low Risk","Inadequate warewashing facilities or equipment"
65902,"20130528",103124,"Moderate Risk","Inadequately cleaned or sanitized food contact surfaces"
65902,"20130528",103119,"Moderate Risk","Inadequate and inaccessible handwashing facilities"
65902,"20130528",103120,"Moderate Risk","Moderate risk food holding temperature "
65906,"20130701",103119,"Moderate Risk","Inadequate and inaccessible handwashing facilities"
65906,"20130701",103120,"Moderate Risk","Moderate risk food holding temperature "
65906,"20140428",103156,"Low Risk","Permit license or inspection report not posted"
65912,"20150306",103149,"Low Risk","Wiping cloths not clean or properly stored or inadequate sanitizer"
65912,"20150306",103133,"Moderate Risk","Foods not protected from contamination"
65912,"20150306",103125,"Moderate Risk","Noncompliance with shell fish tags or display"
65912,"20131219",103124,"Moderate Risk","Inadequately cleaned or sanitized food contact surfaces"
65912,"20131219",103103,"High Risk","High risk food holding temperature "
65912,"20140626",103120,"Moderate Risk","Moderate risk food holding temperature "
65915,"20131030",103116,"Moderate Risk","Inadequate food safety knowledge or lack of certified food safety manager"
65915,"20131030",103129,"Moderate Risk","Insufficient hot water or running water"
65915,"20140407",103119,"Moderate Risk","Inadequate and inaccessible handwashing facilities"
65915,"20140407",103145,"Low Risk","Improper storage of equipment utensils or linens"
65915,"20140407",103131,"Moderate Risk","Moderate risk vermin infestation"
65915,"20130215",103154,"Low Risk","Unclean or degraded floors walls or ceilings"
65915,"20130215",103131,"Moderate Risk","Moderate risk vermin infestation"
65915,"20130215",103119,"Moderate Risk","Inadequate and inaccessible handwashing facilities"
65915,"20130215",103105,"High Risk","Improper cooling methods"
65925,"20150108",103149,"Low Risk","Wiping cloths not clean or properly stored or inadequate sanitizer"
65925,"20150108",103148,"Low Risk","No thermometers or uncalibrated thermometers "
65925,"20131001",103154,"Low Risk","Unclean or degraded floors walls or ceilings"
65925,"20131001",103124,"Moderate Risk","Inadequately cleaned or sanitized food contact surfaces"
65925,"20131001",103142,"Low Risk","Unclean nonfood contact surfaces"
65925,"20131001",103139,"Low Risk","Improper food storage"
65925,"20131001",103149,"Low Risk","Wiping cloths not clean or properly stored or inadequate sanitizer"
65925,"20140605",103103,"High Risk","High risk food holding temperature "
65925,"20140605",103109,"High Risk","Unclean or unsanitary food contact surfaces"
65925,"20140605",103154,"Low Risk","Unclean or degraded floors walls or ceilings"
66173,"20140917",103154,"Low Risk","Unclean or degraded floors walls or ceilings"
66173,"20140917",103120,"Moderate Risk","Moderate risk food holding temperature "
66173,"20140917",103139,"Low Risk","Improper food storage"
66173,"20130729",103131,"Moderate Risk","Moderate risk vermin infestation"
66173,"20130729",103120,"Moderate Risk","Moderate risk food holding temperature "
66173,"20130729",103139,"Low Risk","Improper food storage"
66173,"20130729",103145,"Low Risk","Improper storage of equipment utensils or linens"
66173,"20130729",103149,"Low Risk","Wiping cloths not clean or properly stored or inadequate sanitizer"
66173,"20130729",103154,"Low Risk","Unclean or degraded floors walls or ceilings"
66173,"20140220",103124,"Moderate Risk","Inadequately cleaned or sanitized food contact surfaces"
66173,"20140220",103114,"High Risk","High risk vermin infestation"
66173,"20140220",103139,"Low Risk","Improper food storage"
66173,"20140220",103149,"Low Risk","Wiping cloths not clean or properly stored or inadequate sanitizer"
66173,"20140220",103144,"Low Risk","Unapproved or unmaintained equipment or utensils"
66173,"20120720",103150,"Low Risk","Improper or defective plumbing"
66173,"20120720",103142,"Low Risk","Unclean nonfood contact surfaces"
66173,"20120720",103161,"Low Risk","Low risk vermin infestation"
66185,"20130320",103136,"Low Risk","Unsanitary employee garments hair or nails"
66185,"20130320",103156,"Low Risk","Permit license or inspection report not posted"
66185,"20140807",103124,"Moderate Risk","Inadequately cleaned or sanitized food contact surfaces"
66185,"20140807",103139,"Low Risk","Improper food storage"
66185,"20140807",103157,"Low Risk","Food safety certificate or food handler card not available"
66191,"20150527",103149,"Low Risk","Wiping cloths not clean or properly stored or inadequate sanitizer"
66191,"20130614",103156,"Low Risk","Permit license or inspection report not posted"
66191,"20140313",103112,"High Risk","No hot water or running water"
66191,"20120919",103102,"High Risk","Unclean hands or improper use of gloves"
66191,"20120919",103154,"Low Risk","Unclean or degraded floors walls or ceilings"
66191,"20120919",103120,"Moderate Risk","Moderate risk food holding temperature "
66202,"20131209",103116,"Moderate Risk","Inadequate food safety knowledge or lack of certified food safety manager"
66204,"20131115",103152,"Low Risk","Unclean unmaintained or improperly constructed toilet facilities"
66204,"20131115",103120,"Moderate Risk","Moderate risk food holding temperature "
66204,"20130418",103157,"Low Risk","Food safety certificate or food handler card not available"
66204,"20130418",103154,"Low Risk","Unclean or degraded floors walls or ceilings"
66204,"20130418",103119,"Moderate Risk","Inadequate and inaccessible handwashing facilities"
66204,"20121115",103119,"Moderate Risk","Inadequate and inaccessible handwashing facilities"
66204,"20140630",103142,"Low Risk","Unclean nonfood contact surfaces"
66204,"20140630",103138,"Low Risk","Improper storage use or identification of toxic substances"
66204,"20140630",103154,"Low Risk","Unclean or degraded floors walls or ceilings"
66204,"20140630",103161,"Low Risk","Low risk vermin infestation"
66204,"20140630",103123,"Moderate Risk","Food in poor condition"
66206,"20141106",103120,"Moderate Risk","Moderate risk food holding temperature "
66206,"20140307",103149,"Low Risk","Wiping cloths not clean or properly stored or inadequate sanitizer"
66206,"20140307",103147,"Low Risk","Inadequate ventilation or lighting"
66210,"20141217",103119,"Moderate Risk","Inadequate and inaccessible handwashing facilities"
66210,"20141217",103132,"Moderate Risk","Improper thawing methods "
66210,"20141217",103139,"Low Risk","Improper food storage"
66210,"20130822",103105,"High Risk","Improper cooling methods"
66210,"20130822",103154,"Low Risk","Unclean or degraded floors walls or ceilings"
66210,"20130822",103150,"Low Risk","Improper or defective plumbing"
66210,"20130822",103119,"Moderate Risk","Inadequate and inaccessible handwashing facilities"
66210,"20130822",103149,"Low Risk","Wiping cloths not clean or properly stored or inadequate sanitizer"
66210,"20130822",103132,"Moderate Risk","Improper thawing methods "
66210,"20130822",103114,"High Risk","High risk vermin infestation"
66210,"20130325",103149,"Low Risk","Wiping cloths not clean or properly stored or inadequate sanitizer"
66210,"20130325",103142,"Low Risk","Unclean nonfood contact surfaces"
66210,"20130325",103129,"Moderate Risk","Insufficient hot water or running water"
66210,"20130325",103103,"High Risk","High risk food holding temperature "
66210,"20130325",103134,"Moderate Risk","Other moderate risk violation"
66212,"20141021",103144,"Low Risk","Unapproved or unmaintained equipment or utensils"
66212,"20141021",103145,"Low Risk","Improper storage of equipment utensils or linens"
66212,"20141021",103139,"Low Risk","Improper food storage"
66212,"20141021",103132,"Moderate Risk","Improper thawing methods "
66212,"20141021",103124,"Moderate Risk","Inadequately cleaned or sanitized food contact surfaces"
66212,"20141021",103154,"Low Risk","Unclean or degraded floors walls or ceilings"
66212,"20150304",103144,"Low Risk","Unapproved or unmaintained equipment or utensils"
66212,"20150304",103120,"Moderate Risk","Moderate risk food holding temperature "
66212,"20150304",103139,"Low Risk","Improper food storage"
66212,"20150304",103114,"High Risk","High risk vermin infestation"
66212,"20131205",103144,"Low Risk","Unapproved or unmaintained equipment or utensils"
66212,"20131205",103149,"Low Risk","Wiping cloths not clean or properly stored or inadequate sanitizer"
66212,"20131205",103132,"Moderate Risk","Improper thawing methods "
66212,"20131205",103154,"Low Risk","Unclean or degraded floors walls or ceilings"
66212,"20131205",103119,"Moderate Risk","Inadequate and inaccessible handwashing facilities"
66212,"20131205",103138,"Low Risk","Improper storage use or identification of toxic substances"
66212,"20130606",103133,"Moderate Risk","Foods not protected from contamination"
66212,"20130606",103119,"Moderate Risk","Inadequate and inaccessible handwashing facilities"
66212,"20130606",103123,"Moderate Risk","Food in poor condition"
66212,"20130606",103109,"High Risk","Unclean or unsanitary food contact surfaces"
66212,"20130606",103144,"Low Risk","Unapproved or unmaintained equipment or utensils"
66212,"20130115",103144,"Low Risk","Unapproved or unmaintained equipment or utensils"
66212,"20130115",103132,"Moderate Risk","Improper thawing methods "
66212,"20130115",103120,"Moderate Risk","Moderate risk food holding temperature "
66212,"20130115",103109,"High Risk","Unclean or unsanitary food contact surfaces"
66212,"20140527",103119,"Moderate Risk","Inadequate and inaccessible handwashing facilities"
66212,"20140527",103144,"Low Risk","Unapproved or unmaintained equipment or utensils"
66212,"20140527",103124,"Moderate Risk","Inadequately cleaned or sanitized food contact surfaces"
66212,"20140527",103133,"Moderate Risk","Foods not protected from contamination"
66212,"20140527",103154,"Low Risk","Unclean or degraded floors walls or ceilings"
66212,"20140527",103132,"Moderate Risk","Improper thawing methods "
66219,"20150414",103112,"High Risk","No hot water or running water"
66219,"20150414",103142,"Low Risk","Unclean nonfood contact surfaces"
66219,"20150414",103133,"Moderate Risk","Foods not protected from contamination"
66219,"20150414",103124,"Moderate Risk","Inadequately cleaned or sanitized food contact surfaces"
66219,"20130424",103149,"Low Risk","Wiping cloths not clean or properly stored or inadequate sanitizer"
66219,"20130424",103114,"High Risk","High risk vermin infestation"
66219,"20130424",103116,"Moderate Risk","Inadequate food safety knowledge or lack of certified food safety manager"
66219,"20130424",103120,"Moderate Risk","Moderate risk food holding temperature "
66219,"20130424",103133,"Moderate Risk","Foods not protected from contamination"
66219,"20121023",103142,"Low Risk","Unclean nonfood contact surfaces"
66219,"20121023",103144,"Low Risk","Unapproved or unmaintained equipment or utensils"
66219,"20121023",103119,"Moderate Risk","Inadequate and inaccessible handwashing facilities"
66219,"20121023",103120,"Moderate Risk","Moderate risk food holding temperature "
66219,"20121023",103131,"Moderate Risk","Moderate risk vermin infestation"
66219,"20121023",103124,"Moderate Risk","Inadequately cleaned or sanitized food contact surfaces"
66220,"20131119",103154,"Low Risk","Unclean or degraded floors walls or ceilings"
66220,"20120615",103154,"Low Risk","Unclean or degraded floors walls or ceilings"
66220,"20120615",103142,"Low Risk","Unclean nonfood contact surfaces"
66220,"20130108",103142,"Low Risk","Unclean nonfood contact surfaces"
66220,"20130108",103131,"Moderate Risk","Moderate risk vermin infestation"
66220,"20130108",103147,"Low Risk","Inadequate ventilation or lighting"
66220,"20130108",103154,"Low Risk","Unclean or degraded floors walls or ceilings"
66220,"20140627",103149,"Low Risk","Wiping cloths not clean or properly stored or inadequate sanitizer"
66220,"20140627",103120,"Moderate Risk","Moderate risk food holding temperature "
66228,"20140212",103139,"Low Risk","Improper food storage"
66228,"20140212",103142,"Low Risk","Unclean nonfood contact surfaces"
66228,"20120712",103156,"Low Risk","Permit license or inspection report not posted"
66228,"20120712",103150,"Low Risk","Improper or defective plumbing"
66228,"20120712",103142,"Low Risk","Unclean nonfood contact surfaces"
66228,"20120712",103139,"Low Risk","Improper food storage"
66228,"20130110",103145,"Low Risk","Improper storage of equipment utensils or linens"
66228,"20130110",103144,"Low Risk","Unapproved or unmaintained equipment or utensils"
66228,"20130110",103142,"Low Risk","Unclean nonfood contact surfaces"
66229,"20150330",103161,"Low Risk","Low risk vermin infestation"
66229,"20150330",103124,"Moderate Risk","Inadequately cleaned or sanitized food contact surfaces"
66229,"20150330",103154,"Low Risk","Unclean or degraded floors walls or ceilings"
66229,"20150330",103142,"Low Risk","Unclean nonfood contact surfaces"
66229,"20140224",103138,"Low Risk","Improper storage use or identification of toxic substances"
66229,"20140224",103147,"Low Risk","Inadequate ventilation or lighting"
66229,"20140224",103120,"Moderate Risk","Moderate risk food holding temperature "
66229,"20130215",103154,"Low Risk","Unclean or degraded floors walls or ceilings"
66229,"20130215",103149,"Low Risk","Wiping cloths not clean or properly stored or inadequate sanitizer"
66229,"20130215",103145,"Low Risk","Improper storage of equipment utensils or linens"
66229,"20130215",103161,"Low Risk","Low risk vermin infestation"
66245,"20141118",103154,"Low Risk","Unclean or degraded floors walls or ceilings"
66245,"20141118",103133,"Moderate Risk","Foods not protected from contamination"
66245,"20130823",103142,"Low Risk","Unclean nonfood contact surfaces"
66245,"20140313",103143,"Low Risk","Inadequate warewashing facilities or equipment"
66245,"20140313",103114,"High Risk","High risk vermin infestation"
66245,"20140313",103116,"Moderate Risk","Inadequate food safety knowledge or lack of certified food safety manager"
66245,"20140313",103129,"Moderate Risk","Insufficient hot water or running water"
66245,"20140313",103148,"Low Risk","No thermometers or uncalibrated thermometers "
66245,"20140313",103109,"High Risk","Unclean or unsanitary food contact surfaces"
66245,"20121227",103133,"Moderate Risk","Foods not protected from contamination"
66245,"20121227",103120,"Moderate Risk","Moderate risk food holding temperature "
66245,"20121227",103154,"Low Risk","Unclean or degraded floors walls or ceilings"
66245,"20121227",103144,"Low Risk","Unapproved or unmaintained equipment or utensils"
66255,"20130611",103109,"High Risk","Unclean or unsanitary food contact surfaces"
66255,"20130611",103114,"High Risk","High risk vermin infestation"
66255,"20130611",103142,"Low Risk","Unclean nonfood contact surfaces"
66255,"20140430",103103,"High Risk","High risk food holding temperature "
66255,"20140430",103105,"High Risk","Improper cooling methods"
66255,"20140430",103149,"Low Risk","Wiping cloths not clean or properly stored or inadequate sanitizer"
66255,"20120620",103120,"Moderate Risk","Moderate risk food holding temperature "
66255,"20120620",103131,"Moderate Risk","Moderate risk vermin infestation"
66255,"20120620",103102,"High Risk","Unclean hands or improper use of gloves"
66255,"20120620",103142,"Low Risk","Unclean nonfood contact surfaces"
66259,"20130905",103157,"Low Risk","Food safety certificate or food handler card not available"
66259,"20130312",103116,"Moderate Risk","Inadequate food safety knowledge or lack of certified food safety manager"
66259,"20130312",103139,"Low Risk","Improper food storage"
66259,"20130312",103150,"Low Risk","Improper or defective plumbing"
66259,"20140317",103142,"Low Risk","Unclean nonfood contact surfaces"
66259,"20120801",103139,"Low Risk","Improper food storage"
66259,"20120801",103133,"Moderate Risk","Foods not protected from contamination"
66259,"20120801",103150,"Low Risk","Improper or defective plumbing"
66259,"20120801",103157,"Low Risk","Food safety certificate or food handler card not available"
66259,"20120801",103161,"Low Risk","Low risk vermin infestation"
66276,"20150224",103105,"High Risk","Improper cooling methods"
66276,"20150224",103119,"Moderate Risk","Inadequate and inaccessible handwashing facilities"
66276,"20150224",103103,"High Risk","High risk food holding temperature "
66276,"20130716",103147,"Low Risk","Inadequate ventilation or lighting"
66276,"20130716",103157,"Low Risk","Food safety certificate or food handler card not available"
66276,"20130716",103119,"Moderate Risk","Inadequate and inaccessible handwashing facilities"
66276,"20130716",103109,"High Risk","Unclean or unsanitary food contact surfaces"
66276,"20130716",103154,"Low Risk","Unclean or degraded floors walls or ceilings"
66276,"20130716",103139,"Low Risk","Improper food storage"
66276,"20130716",103142,"Low Risk","Unclean nonfood contact surfaces"
66276,"20140324",103132,"Moderate Risk","Improper thawing methods "
66276,"20140324",103133,"Moderate Risk","Foods not protected from contamination"
66276,"20140324",103103,"High Risk","High risk food holding temperature "
66276,"20140324",103105,"High Risk","Improper cooling methods"
66279,"20131010",103129,"Moderate Risk","Insufficient hot water or running water"
66279,"20131010",103161,"Low Risk","Low risk vermin infestation"
66279,"20131010",103149,"Low Risk","Wiping cloths not clean or properly stored or inadequate sanitizer"
66279,"20140613",103129,"Moderate Risk","Insufficient hot water or running water"
66280,"20131028",103121,"Moderate Risk","Inadequate procedures or records for time as a public health control "
66280,"20131028",103142,"Low Risk","Unclean nonfood contact surfaces"
66280,"20131028",103138,"Low Risk","Improper storage use or identification of toxic substances"
66280,"20130308",103121,"Moderate Risk","Inadequate procedures or records for time as a public health control "
66280,"20130308",103142,"Low Risk","Unclean nonfood contact surfaces"
66280,"20130308",103145,"Low Risk","Improper storage of equipment utensils or linens"
66280,"20140530",103139,"Low Risk","Improper food storage"
66280,"20140530",103144,"Low Risk","Unapproved or unmaintained equipment or utensils"
66280,"20140530",103121,"Moderate Risk","Inadequate procedures or records for time as a public health control "
66280,"20140530",103120,"Moderate Risk","Moderate risk food holding temperature "
66280,"20140530",103161,"Low Risk","Low risk vermin infestation"
66297,"20130604",103144,"Low Risk","Unapproved or unmaintained equipment or utensils"
66297,"20130604",103150,"Low Risk","Improper or defective plumbing"
66297,"20130604",103156,"Low Risk","Permit license or inspection report not posted"
66297,"20130604",103132,"Moderate Risk","Improper thawing methods "
66297,"20130604",103161,"Low Risk","Low risk vermin infestation"
66297,"20130604",103133,"Moderate Risk","Foods not protected from contamination"
66297,"20140226",103154,"Low Risk","Unclean or degraded floors walls or ceilings"
66297,"20140226",103145,"Low Risk","Improper storage of equipment utensils or linens"
66297,"20140226",103157,"Low Risk","Food safety certificate or food handler card not available"
66297,"20121030",103133,"Moderate Risk","Foods not protected from contamination"
66297,"20121030",103109,"High Risk","Unclean or unsanitary food contact surfaces"
66297,"20121030",103145,"Low Risk","Improper storage of equipment utensils or linens"
66297,"20121030",103154,"Low Risk","Unclean or degraded floors walls or ceilings"
66297,"20121030",103150,"Low Risk","Improper or defective plumbing"
66297,"20140814",103161,"Low Risk","Low risk vermin infestation"
66297,"20140814",103154,"Low Risk","Unclean or degraded floors walls or ceilings"
66297,"20140814",103156,"Low Risk","Permit license or inspection report not posted"
66297,"20140814",103142,"Low Risk","Unclean nonfood contact surfaces"
66297,"20140814",103145,"Low Risk","Improper storage of equipment utensils or linens"
66297,"20140814",103149,"Low Risk","Wiping cloths not clean or properly stored or inadequate sanitizer"
66300,"20140904",103103,"High Risk","High risk food holding temperature "
66300,"20140904",103157,"Low Risk","Food safety certificate or food handler card not available"
66300,"20150305",103157,"Low Risk","Food safety certificate or food handler card not available"
66300,"20150305",103131,"Moderate Risk","Moderate risk vermin infestation"
66300,"20130910",103149,"Low Risk","Wiping cloths not clean or properly stored or inadequate sanitizer"
66300,"20130910",103124,"Moderate Risk","Inadequately cleaned or sanitized food contact surfaces"
66300,"20130910",103161,"Low Risk","Low risk vermin infestation"
66300,"20130312",103103,"High Risk","High risk food holding temperature "
66300,"20130312",103152,"Low Risk","Unclean unmaintained or improperly constructed toilet facilities"
66300,"20130312",103144,"Low Risk","Unapproved or unmaintained equipment or utensils"
66300,"20140304",103142,"Low Risk","Unclean nonfood contact surfaces"
66300,"20140304",103103,"High Risk","High risk food holding temperature "
66318,"20131017",103144,"Low Risk","Unapproved or unmaintained equipment or utensils"
66318,"20131017",103143,"Low Risk","Inadequate warewashing facilities or equipment"
66318,"20131017",103142,"Low Risk","Unclean nonfood contact surfaces"
66318,"20131017",103103,"High Risk","High risk food holding temperature "
66318,"20120924",103120,"Moderate Risk","Moderate risk food holding temperature "
66318,"20120924",103142,"Low Risk","Unclean nonfood contact surfaces"
66318,"20120924",103102,"High Risk","Unclean hands or improper use of gloves"
66318,"20120924",103127,"Moderate Risk","Noncompliance with HAACP plan or variance"
66318,"20140604",103105,"High Risk","Improper cooling methods"
66318,"20140604",103120,"Moderate Risk","Moderate risk food holding temperature "
66318,"20140604",103142,"Low Risk","Unclean nonfood contact surfaces"
66321,"20121105",103119,"Moderate Risk","Inadequate and inaccessible handwashing facilities"
66321,"20121105",103150,"Low Risk","Improper or defective plumbing"
66321,"20121105",103139,"Low Risk","Improper food storage"
66321,"20121105",103154,"Low Risk","Unclean or degraded floors walls or ceilings"
66321,"20121105",103109,"High Risk","Unclean or unsanitary food contact surfaces"
66321,"20121105",103114,"High Risk","High risk vermin infestation"
66321,"20140520",103124,"Moderate Risk","Inadequately cleaned or sanitized food contact surfaces"
66321,"20140520",103144,"Low Risk","Unapproved or unmaintained equipment or utensils"
66321,"20140520",103147,"Low Risk","Inadequate ventilation or lighting"
66321,"20140520",103142,"Low Risk","Unclean nonfood contact surfaces"
66321,"20140520",103152,"Low Risk","Unclean unmaintained or improperly constructed toilet facilities"
66321,"20140520",103157,"Low Risk","Food safety certificate or food handler card not available"
66321,"20140520",103133,"Moderate Risk","Foods not protected from contamination"
66321,"20140520",103131,"Moderate Risk","Moderate risk vermin infestation"
66321,"20140520",103156,"Low Risk","Permit license or inspection report not posted"
66321,"20140520",103119,"Moderate Risk","Inadequate and inaccessible handwashing facilities"
66328,"20141105",103156,"Low Risk","Permit license or inspection report not posted"
66328,"20141105",103112,"High Risk","No hot water or running water"
66328,"20141105",103120,"Moderate Risk","Moderate risk food holding temperature "
66328,"20150319",103116,"Moderate Risk","Inadequate food safety knowledge or lack of certified food safety manager"
66328,"20130620",103144,"Low Risk","Unapproved or unmaintained equipment or utensils"
66328,"20130620",103148,"Low Risk","No thermometers or uncalibrated thermometers "
66328,"20130908",103143,"Low Risk","Inadequate warewashing facilities or equipment"
66328,"20130908",103112,"High Risk","No hot water or running water"
66328,"20130620",103120,"Moderate Risk","Moderate risk food holding temperature "
66328,"20130908",103103,"High Risk","High risk food holding temperature "
66328,"20130908",103157,"Low Risk","Food safety certificate or food handler card not available"
66328,"20131016",103124,"Moderate Risk","Inadequately cleaned or sanitized food contact surfaces"
66328,"20131016",103154,"Low Risk","Unclean or degraded floors walls or ceilings"
66328,"20140428",103112,"High Risk","No hot water or running water"
66328,"20140428",103124,"Moderate Risk","Inadequately cleaned or sanitized food contact surfaces"
66328,"20140428",103153,"Low Risk","Inadequate dressing rooms or improper storage of personal items"
66328,"20121019",103172,"High Risk","Mobile food facility with unapproved operating conditions"
66328,"20120911",103154,"Low Risk","Unclean or degraded floors walls or ceilings"
66328,"20120911",103147,"Low Risk","Inadequate ventilation or lighting"
66328,"20121019",103170,"High Risk","Mobile food facility not operating with an approved commissary"
66328,"20120825",103156,"Low Risk","Permit license or inspection report not posted"
66328,"20120916",103129,"Moderate Risk","Insufficient hot water or running water"
66328,"20130112",103119,"Moderate Risk","Inadequate and inaccessible handwashing facilities"
66328,"20121209",103120,"Moderate Risk","Moderate risk food holding temperature "
66328,"20121209",103112,"High Risk","No hot water or running water"
66331,"20131003",103129,"Moderate Risk","Insufficient hot water or running water"
66331,"20131003",103148,"Low Risk","No thermometers or uncalibrated thermometers "
66331,"20131003",103120,"Moderate Risk","Moderate risk food holding temperature "
66331,"20131003",103133,"Moderate Risk","Foods not protected from contamination"
66331,"20120611",103161,"Low Risk","Low risk vermin infestation"
66331,"20120611",103142,"Low Risk","Unclean nonfood contact surfaces"
66331,"20120611",103124,"Moderate Risk","Inadequately cleaned or sanitized food contact surfaces"
66331,"20140619",103142,"Low Risk","Unclean nonfood contact surfaces"
66331,"20140619",103145,"Low Risk","Improper storage of equipment utensils or linens"
66331,"20140619",103154,"Low Risk","Unclean or degraded floors walls or ceilings"
66336,"20150518",103116,"Moderate Risk","Inadequate food safety knowledge or lack of certified food safety manager"
66336,"20140106",103139,"Low Risk","Improper food storage"
66336,"20140106",103149,"Low Risk","Wiping cloths not clean or properly stored or inadequate sanitizer"
66336,"20130522",103154,"Low Risk","Unclean or degraded floors walls or ceilings"
66336,"20130522",103161,"Low Risk","Low risk vermin infestation"
66336,"20130522",103119,"Moderate Risk","Inadequate and inaccessible handwashing facilities"
66361,"20130307",103120,"Moderate Risk","Moderate risk food holding temperature "
66361,"20130307",103157,"Low Risk","Food safety certificate or food handler card not available"
66361,"20130307",103131,"Moderate Risk","Moderate risk vermin infestation"
66361,"20140417",103134,"Moderate Risk","Other moderate risk violation"
66361,"20140417",103120,"Moderate Risk","Moderate risk food holding temperature "
66361,"20121029",103148,"Low Risk","No thermometers or uncalibrated thermometers "
66361,"20121029",103142,"Low Risk","Unclean nonfood contact surfaces"
66361,"20121029",103145,"Low Risk","Improper storage of equipment utensils or linens"
66361,"20121029",103139,"Low Risk","Improper food storage"
66361,"20121029",103138,"Low Risk","Improper storage use or identification of toxic substances"
66361,"20121029",103149,"Low Risk","Wiping cloths not clean or properly stored or inadequate sanitizer"
66361,"20121029",103157,"Low Risk","Food safety certificate or food handler card not available"
66361,"20121029",103159,"Low Risk","Worker safety hazards"
66361,"20121029",103120,"Moderate Risk","Moderate risk food holding temperature "
66361,"20121029",103129,"Moderate Risk","Insufficient hot water or running water"
66362,"20140228",103149,"Low Risk","Wiping cloths not clean or properly stored or inadequate sanitizer"
66362,"20120626",103103,"High Risk","High risk food holding temperature "
66362,"20130212",103149,"Low Risk","Wiping cloths not clean or properly stored or inadequate sanitizer"
66362,"20130212",103152,"Low Risk","Unclean unmaintained or improperly constructed toilet facilities"
66362,"20130212",103144,"Low Risk","Unapproved or unmaintained equipment or utensils"
66363,"20131107",103119,"Moderate Risk","Inadequate and inaccessible handwashing facilities"
66363,"20131107",103139,"Low Risk","Improper food storage"
66363,"20131107",103102,"High Risk","Unclean hands or improper use of gloves"
66363,"20131107",103147,"Low Risk","Inadequate ventilation or lighting"
66363,"20131107",103120,"Moderate Risk","Moderate risk food holding temperature "
66363,"20130507",103102,"High Risk","Unclean hands or improper use of gloves"
66363,"20121102",103154,"Low Risk","Unclean or degraded floors walls or ceilings"
66363,"20121102",103138,"Low Risk","Improper storage use or identification of toxic substances"
66363,"20121102",103120,"Moderate Risk","Moderate risk food holding temperature "
66363,"20140507",103119,"Moderate Risk","Inadequate and inaccessible handwashing facilities"
66363,"20140507",103120,"Moderate Risk","Moderate risk food holding temperature "
66363,"20140507",103109,"High Risk","Unclean or unsanitary food contact surfaces"
66363,"20140507",103156,"Low Risk","Permit license or inspection report not posted"
66363,"20140507",103116,"Moderate Risk","Inadequate food safety knowledge or lack of certified food safety manager"
66382,"20150522",103114,"High Risk","High risk vermin infestation"
66382,"20150522",103139,"Low Risk","Improper food storage"
66382,"20150522",103142,"Low Risk","Unclean nonfood contact surfaces"
66382,"20150522",103149,"Low Risk","Wiping cloths not clean or properly stored or inadequate sanitizer"
66382,"20150522",103124,"Moderate Risk","Inadequately cleaned or sanitized food contact surfaces"
66382,"20131213",103129,"Moderate Risk","Insufficient hot water or running water"
66382,"20140801",103119,"Moderate Risk","Inadequate and inaccessible handwashing facilities"
66382,"20140801",103144,"Low Risk","Unapproved or unmaintained equipment or utensils"
66382,"20140801",103156,"Low Risk","Permit license or inspection report not posted"
66382,"20140801",103149,"Low Risk","Wiping cloths not clean or properly stored or inadequate sanitizer"
66384,"20130329",103145,"Low Risk","Improper storage of equipment utensils or linens"
66384,"20130329",103142,"Low Risk","Unclean nonfood contact surfaces"
66384,"20130329",103131,"Moderate Risk","Moderate risk vermin infestation"
66384,"20130329",103141,"Low Risk","Improper food labeling or menu misrepresentation"
66384,"20120801",103154,"Low Risk","Unclean or degraded floors walls or ceilings"
66384,"20120801",103151,"Low Risk","Inadequate or unsanitary refuse containers or area or no garbage service"
66384,"20120801",103139,"Low Risk","Improper food storage"
66384,"20120801",103150,"Low Risk","Improper or defective plumbing"
66384,"20140528",103119,"Moderate Risk","Inadequate and inaccessible handwashing facilities"
66384,"20140528",103149,"Low Risk","Wiping cloths not clean or properly stored or inadequate sanitizer"
66384,"20140528",103138,"Low Risk","Improper storage use or identification of toxic substances"
66387,"20150327",103157,"Low Risk","Food safety certificate or food handler card not available"
66387,"20150327",103139,"Low Risk","Improper food storage"
66387,"20150327",103142,"Low Risk","Unclean nonfood contact surfaces"
66387,"20131212",103119,"Moderate Risk","Inadequate and inaccessible handwashing facilities"
66387,"20131212",103157,"Low Risk","Food safety certificate or food handler card not available"
66387,"20121109",103132,"Moderate Risk","Improper thawing methods "
66387,"20121109",103156,"Low Risk","Permit license or inspection report not posted"
66387,"20121109",103142,"Low Risk","Unclean nonfood contact surfaces"
66387,"20121109",103120,"Moderate Risk","Moderate risk food holding temperature "
66387,"20121109",103149,"Low Risk","Wiping cloths not clean or properly stored or inadequate sanitizer"
66387,"20121109",103154,"Low Risk","Unclean or degraded floors walls or ceilings"
66387,"20121109",103119,"Moderate Risk","Inadequate and inaccessible handwashing facilities"
66394,"20150414",103139,"Low Risk","Improper food storage"
66394,"20150414",103131,"Moderate Risk","Moderate risk vermin infestation"
66394,"20130702",103142,"Low Risk","Unclean nonfood contact surfaces"
66394,"20130702",103139,"Low Risk","Improper food storage"
66394,"20130702",103131,"Moderate Risk","Moderate risk vermin infestation"
66394,"20130702",103124,"Moderate Risk","Inadequately cleaned or sanitized food contact surfaces"
66394,"20130702",103144,"Low Risk","Unapproved or unmaintained equipment or utensils"
66394,"20130702",103145,"Low Risk","Improper storage of equipment utensils or linens"
66394,"20130702",103149,"Low Risk","Wiping cloths not clean or properly stored or inadequate sanitizer"
66394,"20130702",103156,"Low Risk","Permit license or inspection report not posted"
66394,"20130702",103159,"Low Risk","Worker safety hazards"
66394,"20140225",103109,"High Risk","Unclean or unsanitary food contact surfaces"
66394,"20140225",103139,"Low Risk","Improper food storage"
66394,"20140225",103149,"Low Risk","Wiping cloths not clean or properly stored or inadequate sanitizer"
66394,"20140225",103131,"Moderate Risk","Moderate risk vermin infestation"
66400,"20130926",103161,"Low Risk","Low risk vermin infestation"
66400,"20130318",103102,"High Risk","Unclean hands or improper use of gloves"
66400,"20130318",103161,"Low Risk","Low risk vermin infestation"
66400,"20130318",103156,"Low Risk","Permit license or inspection report not posted"
66400,"20130318",103119,"Moderate Risk","Inadequate and inaccessible handwashing facilities"
66400,"20140324",103161,"Low Risk","Low risk vermin infestation"
66400,"20140324",103157,"Low Risk","Food safety certificate or food handler card not available"
66400,"20140324",103156,"Low Risk","Permit license or inspection report not posted"
66400,"20120802",103156,"Low Risk","Permit license or inspection report not posted"
66400,"20120802",103139,"Low Risk","Improper food storage"
66400,"20120802",103116,"Moderate Risk","Inadequate food safety knowledge or lack of certified food safety manager"
66402,"20130515",103124,"Moderate Risk","Inadequately cleaned or sanitized food contact surfaces"
66402,"20140424",103157,"Low Risk","Food safety certificate or food handler card not available"
66402,"20140424",103119,"Moderate Risk","Inadequate and inaccessible handwashing facilities"
66402,"20140424",103142,"Low Risk","Unclean nonfood contact surfaces"
66402,"20140424",103154,"Low Risk","Unclean or degraded floors walls or ceilings"
66402,"20140424",103143,"Low Risk","Inadequate warewashing facilities or equipment"
66406,"20141105",103119,"Moderate Risk","Inadequate and inaccessible handwashing facilities"
66406,"20141105",103116,"Moderate Risk","Inadequate food safety knowledge or lack of certified food safety manager"
66406,"20141105",103154,"Low Risk","Unclean or degraded floors walls or ceilings"
66406,"20130613",103120,"Moderate Risk","Moderate risk food holding temperature "
66406,"20130613",103142,"Low Risk","Unclean nonfood contact surfaces"
66406,"20140219",103144,"Low Risk","Unapproved or unmaintained equipment or utensils"
66406,"20140219",103119,"Moderate Risk","Inadequate and inaccessible handwashing facilities"
66406,"20140219",103120,"Moderate Risk","Moderate risk food holding temperature "
66406,"20140219",103157,"Low Risk","Food safety certificate or food handler card not available"
66406,"20140219",103142,"Low Risk","Unclean nonfood contact surfaces"
66406,"20120904",103120,"Moderate Risk","Moderate risk food holding temperature "
66406,"20120904",103154,"Low Risk","Unclean or degraded floors walls or ceilings"
66406,"20120904",103149,"Low Risk","Wiping cloths not clean or properly stored or inadequate sanitizer"
66406,"20120904",103161,"Low Risk","Low risk vermin infestation"
66406,"20130124",103149,"Low Risk","Wiping cloths not clean or properly stored or inadequate sanitizer"
66406,"20130124",103102,"High Risk","Unclean hands or improper use of gloves"
66406,"20130124",103108,"High Risk","Contaminated or adulterated food"
66406,"20130124",103120,"Moderate Risk","Moderate risk food holding temperature "
66406,"20130124",103133,"Moderate Risk","Foods not protected from contamination"
66406,"20130124",103142,"Low Risk","Unclean nonfood contact surfaces"
66411,"20130613",103162,"Low Risk","Other low risk violation"
66411,"20130613",103149,"Low Risk","Wiping cloths not clean or properly stored or inadequate sanitizer"
66411,"20130613",103119,"Moderate Risk","Inadequate and inaccessible handwashing facilities"
66411,"20140312",103156,"Low Risk","Permit license or inspection report not posted"
66411,"20120926",103156,"Low Risk","Permit license or inspection report not posted"
66411,"20120926",103155,"Low Risk","Unapproved  living quarters in food facility"
66411,"20120926",103143,"Low Risk","Inadequate warewashing facilities or equipment"
66411,"20120926",103119,"Moderate Risk","Inadequate and inaccessible handwashing facilities"
66411,"20140808",103156,"Low Risk","Permit license or inspection report not posted"
66418,"20141119",103124,"Moderate Risk","Inadequately cleaned or sanitized food contact surfaces"
66418,"20130312",103143,"Low Risk","Inadequate warewashing facilities or equipment"
66418,"20130312",103148,"Low Risk","No thermometers or uncalibrated thermometers "
66418,"20130312",103149,"Low Risk","Wiping cloths not clean or properly stored or inadequate sanitizer"
66418,"20130312",103161,"Low Risk","Low risk vermin infestation"
66418,"20140328",103149,"Low Risk","Wiping cloths not clean or properly stored or inadequate sanitizer"
66418,"20140328",103142,"Low Risk","Unclean nonfood contact surfaces"
66459,"20141014",103119,"Moderate Risk","Inadequate and inaccessible handwashing facilities"
66459,"20141014",103116,"Moderate Risk","Inadequate food safety knowledge or lack of certified food safety manager"
66459,"20141014",103109,"High Risk","Unclean or unsanitary food contact surfaces"
66459,"20141014",103120,"Moderate Risk","Moderate risk food holding temperature "
66459,"20141014",103154,"Low Risk","Unclean or degraded floors walls or ceilings"
66459,"20141014",103108,"High Risk","Contaminated or adulterated food"
66459,"20141015",103139,"Low Risk","Improper food storage"
66459,"20141014",103114,"High Risk","High risk vermin infestation"
66459,"20141015",103131,"Moderate Risk","Moderate risk vermin infestation"
66459,"20130805",103119,"Moderate Risk","Inadequate and inaccessible handwashing facilities"
66459,"20130805",103153,"Low Risk","Inadequate dressing rooms or improper storage of personal items"
66459,"20130805",103147,"Low Risk","Inadequate ventilation or lighting"
66459,"20130805",103154,"Low Risk","Unclean or degraded floors walls or ceilings"
66459,"20130805",103133,"Moderate Risk","Foods not protected from contamination"
66459,"20130805",103124,"Moderate Risk","Inadequately cleaned or sanitized food contact surfaces"
66459,"20130805",103144,"Low Risk","Unapproved or unmaintained equipment or utensils"
66459,"20130805",103149,"Low Risk","Wiping cloths not clean or properly stored or inadequate sanitizer"
66459,"20121107",103154,"Low Risk","Unclean or degraded floors walls or ceilings"
66459,"20121107",103131,"Moderate Risk","Moderate risk vermin infestation"
66459,"20121107",103119,"Moderate Risk","Inadequate and inaccessible handwashing facilities"
66459,"20121107",103109,"High Risk","Unclean or unsanitary food contact surfaces"
66459,"20121107",103123,"Moderate Risk","Food in poor condition"
66464,"20140115",103138,"Low Risk","Improper storage use or identification of toxic substances"
66464,"20140115",103144,"Low Risk","Unapproved or unmaintained equipment or utensils"
66464,"20140115",103142,"Low Risk","Unclean nonfood contact surfaces"
66464,"20130522",103119,"Moderate Risk","Inadequate and inaccessible handwashing facilities"
66464,"20130522",103142,"Low Risk","Unclean nonfood contact surfaces"
66464,"20121004",103131,"Moderate Risk","Moderate risk vermin infestation"
66475,"20130906",103129,"Moderate Risk","Insufficient hot water or running water"
66475,"20130906",103142,"Low Risk","Unclean nonfood contact surfaces"
66475,"20130906",103138,"Low Risk","Improper storage use or identification of toxic substances"
66475,"20140430",103129,"Moderate Risk","Insufficient hot water or running water"
66475,"20140430",103142,"Low Risk","Unclean nonfood contact surfaces"
66475,"20140430",103156,"Low Risk","Permit license or inspection report not posted"
66475,"20120629",103116,"Moderate Risk","Inadequate food safety knowledge or lack of certified food safety manager"
66475,"20120629",103129,"Moderate Risk","Insufficient hot water or running water"
66475,"20120629",103138,"Low Risk","Improper storage use or identification of toxic substances"
66475,"20130111",103138,"Low Risk","Improper storage use or identification of toxic substances"
66475,"20130111",103119,"Moderate Risk","Inadequate and inaccessible handwashing facilities"
66475,"20130111",103116,"Moderate Risk","Inadequate food safety knowledge or lack of certified food safety manager"
66492,"20140401",103156,"Low Risk","Permit license or inspection report not posted"
66492,"20121102",103112,"High Risk","No hot water or running water"
66503,"20150225",103148,"Low Risk","No thermometers or uncalibrated thermometers "
66503,"20150225",103131,"Moderate Risk","Moderate risk vermin infestation"
66503,"20130918",103154,"Low Risk","Unclean or degraded floors walls or ceilings"
66503,"20130918",103129,"Moderate Risk","Insufficient hot water or running water"
66503,"20130918",103125,"Moderate Risk","Noncompliance with shell fish tags or display"
66503,"20130918",103114,"High Risk","High risk vermin infestation"
66503,"20140416",103144,"Low Risk","Unapproved or unmaintained equipment or utensils"
66503,"20121205",103109,"High Risk","Unclean or unsanitary food contact surfaces"
66503,"20121205",103114,"High Risk","High risk vermin infestation"
66503,"20121205",103108,"High Risk","Contaminated or adulterated food"
66515,"20131030",103109,"High Risk","Unclean or unsanitary food contact surfaces"
66515,"20131030",103114,"High Risk","High risk vermin infestation"
66515,"20131030",103116,"Moderate Risk","Inadequate food safety knowledge or lack of certified food safety manager"
66515,"20131030",103154,"Low Risk","Unclean or degraded floors walls or ceilings"
66515,"20131030",103124,"Moderate Risk","Inadequately cleaned or sanitized food contact surfaces"
66515,"20140728",103103,"High Risk","High risk food holding temperature "
66515,"20140728",103124,"Moderate Risk","Inadequately cleaned or sanitized food contact surfaces"
66515,"20140728",103131,"Moderate Risk","Moderate risk vermin infestation"
66515,"20140728",103154,"Low Risk","Unclean or degraded floors walls or ceilings"
66517,"20130503",103105,"High Risk","Improper cooling methods"
66517,"20130503",103132,"Moderate Risk","Improper thawing methods "
66517,"20130503",103133,"Moderate Risk","Foods not protected from contamination"
66517,"20130503",103142,"Low Risk","Unclean nonfood contact surfaces"
66517,"20130503",103157,"Low Risk","Food safety certificate or food handler card not available"
66517,"20120611",103123,"Moderate Risk","Food in poor condition"
66517,"20120611",103124,"Moderate Risk","Inadequately cleaned or sanitized food contact surfaces"
66522,"20150427",103154,"Low Risk","Unclean or degraded floors walls or ceilings"
66522,"20150427",103142,"Low Risk","Unclean nonfood contact surfaces"
66522,"20150427",103143,"Low Risk","Inadequate warewashing facilities or equipment"
66522,"20150427",103147,"Low Risk","Inadequate ventilation or lighting"
66522,"20150427",103148,"Low Risk","No thermometers or uncalibrated thermometers "
66522,"20150427",103119,"Moderate Risk","Inadequate and inaccessible handwashing facilities"
66522,"20150427",103116,"Moderate Risk","Inadequate food safety knowledge or lack of certified food safety manager"
66522,"20150427",103103,"High Risk","High risk food holding temperature "
66522,"20130313",103119,"Moderate Risk","Inadequate and inaccessible handwashing facilities"
66522,"20140312",103144,"Low Risk","Unapproved or unmaintained equipment or utensils"
66522,"20140312",103147,"Low Risk","Inadequate ventilation or lighting"
66522,"20140312",103154,"Low Risk","Unclean or degraded floors walls or ceilings"
66522,"20140312",103116,"Moderate Risk","Inadequate food safety knowledge or lack of certified food safety manager"
66522,"20140312",103142,"Low Risk","Unclean nonfood contact surfaces"
66522,"20140312",103103,"High Risk","High risk food holding temperature "
66534,"20131210",103139,"Low Risk","Improper food storage"
66534,"20121030",103120,"Moderate Risk","Moderate risk food holding temperature "
66536,"20150108",103149,"Low Risk","Wiping cloths not clean or properly stored or inadequate sanitizer"
66536,"20131210",103162,"Low Risk","Other low risk violation"
66536,"20130604",103120,"Moderate Risk","Moderate risk food holding temperature "
66536,"20121030",103143,"Low Risk","Inadequate warewashing facilities or equipment"
66536,"20121030",103149,"Low Risk","Wiping cloths not clean or properly stored or inadequate sanitizer"
66536,"20140623",103124,"Moderate Risk","Inadequately cleaned or sanitized food contact surfaces"
66536,"20140623",103120,"Moderate Risk","Moderate risk food holding temperature "
66570,"20150528",103120,"Moderate Risk","Moderate risk food holding temperature "
66570,"20150528",103124,"Moderate Risk","Inadequately cleaned or sanitized food contact surfaces"
66570,"20150528",103142,"Low Risk","Unclean nonfood contact surfaces"
66570,"20150528",103149,"Low Risk","Wiping cloths not clean or properly stored or inadequate sanitizer"
66570,"20150528",103152,"Low Risk","Unclean unmaintained or improperly constructed toilet facilities"
66570,"20150528",103144,"Low Risk","Unapproved or unmaintained equipment or utensils"
66570,"20150528",103145,"Low Risk","Improper storage of equipment utensils or linens"
66570,"20130628",103162,"Low Risk","Other low risk violation"
66570,"20130628",103145,"Low Risk","Improper storage of equipment utensils or linens"
66570,"20130628",103119,"Moderate Risk","Inadequate and inaccessible handwashing facilities"
66570,"20130628",103154,"Low Risk","Unclean or degraded floors walls or ceilings"
66570,"20140116",103112,"High Risk","No hot water or running water"
66570,"20140116",103145,"Low Risk","Improper storage of equipment utensils or linens"
66570,"20140116",103156,"Low Risk","Permit license or inspection report not posted"
66570,"20130125",103154,"Low Risk","Unclean or degraded floors walls or ceilings"
66570,"20130125",103116,"Moderate Risk","Inadequate food safety knowledge or lack of certified food safety manager"
66570,"20130125",103107,"High Risk","Improper reheating of food"
66570,"20130125",103103,"High Risk","High risk food holding temperature "
66583,"20150324",103116,"Moderate Risk","Inadequate food safety knowledge or lack of certified food safety manager"
66583,"20130325",103149,"Low Risk","Wiping cloths not clean or properly stored or inadequate sanitizer"
66583,"20130325",103153,"Low Risk","Inadequate dressing rooms or improper storage of personal items"
66583,"20120910",103142,"Low Risk","Unclean nonfood contact surfaces"
66583,"20140617",103145,"Low Risk","Improper storage of equipment utensils or linens"
66584,"20130726",103119,"Moderate Risk","Inadequate and inaccessible handwashing facilities"
66584,"20140203",103103,"High Risk","High risk food holding temperature "
66584,"20140203",103143,"Low Risk","Inadequate warewashing facilities or equipment"
66584,"20130104",103143,"Low Risk","Inadequate warewashing facilities or equipment"
66584,"20130104",103112,"High Risk","No hot water or running water"
66584,"20140724",103120,"Moderate Risk","Moderate risk food holding temperature "
66584,"20140724",103144,"Low Risk","Unapproved or unmaintained equipment or utensils"
66612,"20130925",103149,"Low Risk","Wiping cloths not clean or properly stored or inadequate sanitizer"
66612,"20130925",103161,"Low Risk","Low risk vermin infestation"
66612,"20130925",103152,"Low Risk","Unclean unmaintained or improperly constructed toilet facilities"
66612,"20130925",103103,"High Risk","High risk food holding temperature "
66612,"20121126",103154,"Low Risk","Unclean or degraded floors walls or ceilings"
66612,"20121126",103131,"Moderate Risk","Moderate risk vermin infestation"
66612,"20121126",103133,"Moderate Risk","Foods not protected from contamination"
66612,"20121126",103149,"Low Risk","Wiping cloths not clean or properly stored or inadequate sanitizer"
66612,"20121126",103152,"Low Risk","Unclean unmaintained or improperly constructed toilet facilities"
66612,"20140516",103142,"Low Risk","Unclean nonfood contact surfaces"
66612,"20140516",103143,"Low Risk","Inadequate warewashing facilities or equipment"
66612,"20140516",103139,"Low Risk","Improper food storage"
66637,"20131010",103132,"Moderate Risk","Improper thawing methods "
66637,"20130423",103154,"Low Risk","Unclean or degraded floors walls or ceilings"
66637,"20130423",103145,"Low Risk","Improper storage of equipment utensils or linens"
66637,"20140310",103139,"Low Risk","Improper food storage"
66637,"20140310",103154,"Low Risk","Unclean or degraded floors walls or ceilings"
66637,"20120907",103149,"Low Risk","Wiping cloths not clean or properly stored or inadequate sanitizer"
66640,"20150527",103162,"Low Risk","Other low risk violation"
66640,"20150527",103116,"Moderate Risk","Inadequate food safety knowledge or lack of certified food safety manager"
66640,"20150527",103150,"Low Risk","Improper or defective plumbing"
66640,"20150527",103131,"Moderate Risk","Moderate risk vermin infestation"
66640,"20150527",103133,"Moderate Risk","Foods not protected from contamination"
66640,"20150527",103142,"Low Risk","Unclean nonfood contact surfaces"
66640,"20150527",103145,"Low Risk","Improper storage of equipment utensils or linens"
66640,"20150527",103148,"Low Risk","No thermometers or uncalibrated thermometers "
66640,"20130731",103142,"Low Risk","Unclean nonfood contact surfaces"
66640,"20130731",103114,"High Risk","High risk vermin infestation"
66640,"20130731",103145,"Low Risk","Improper storage of equipment utensils or linens"
66640,"20130801",103131,"Moderate Risk","Moderate risk vermin infestation"
66640,"20130731",103109,"High Risk","Unclean or unsanitary food contact surfaces"
66640,"20130911",103139,"Low Risk","Improper food storage"
66640,"20130731",103133,"Moderate Risk","Foods not protected from contamination"
66640,"20130911",103150,"Low Risk","Improper or defective plumbing"
66640,"20130731",103120,"Moderate Risk","Moderate risk food holding temperature "
66640,"20140317",103131,"Moderate Risk","Moderate risk vermin infestation"
66640,"20140317",103109,"High Risk","Unclean or unsanitary food contact surfaces"
66640,"20140317",103119,"Moderate Risk","Inadequate and inaccessible handwashing facilities"
66640,"20140317",103139,"Low Risk","Improper food storage"
66640,"20140317",103112,"High Risk","No hot water or running water"
66640,"20120730",103150,"Low Risk","Improper or defective plumbing"
66640,"20120730",103105,"High Risk","Improper cooling methods"
66640,"20120730",103131,"Moderate Risk","Moderate risk vermin infestation"
66640,"20120730",103133,"Moderate Risk","Foods not protected from contamination"
66640,"20120730",103142,"Low Risk","Unclean nonfood contact surfaces"
66640,"20120730",103147,"Low Risk","Inadequate ventilation or lighting"
66640,"20120730",103149,"Low Risk","Wiping cloths not clean or properly stored or inadequate sanitizer"
66640,"20120730",103148,"Low Risk","No thermometers or uncalibrated thermometers "
66640,"20120820",103132,"Moderate Risk","Improper thawing methods "
66642,"20150430",103156,"Low Risk","Permit license or inspection report not posted"
66642,"20150427",103156,"Low Risk","Permit license or inspection report not posted"
66642,"20150427",103147,"Low Risk","Inadequate ventilation or lighting"
66642,"20150427",103144,"Low Risk","Unapproved or unmaintained equipment or utensils"
66642,"20150427",103109,"High Risk","Unclean or unsanitary food contact surfaces"
66642,"20150427",103103,"High Risk","High risk food holding temperature "
66642,"20150427",103157,"Low Risk","Food safety certificate or food handler card not available"
66642,"20150430",103143,"Low Risk","Inadequate warewashing facilities or equipment"
66642,"20130815",103105,"High Risk","Improper cooling methods"
66642,"20130815",103124,"Moderate Risk","Inadequately cleaned or sanitized food contact surfaces"
66642,"20130815",103143,"Low Risk","Inadequate warewashing facilities or equipment"
66642,"20130815",103153,"Low Risk","Inadequate dressing rooms or improper storage of personal items"
66642,"20130815",103162,"Low Risk","Other low risk violation"
66642,"20131107",103157,"Low Risk","Food safety certificate or food handler card not available"
66642,"20131107",103157,"Low Risk","Food safety certificate or food handler card not available"
66642,"20131107",103149,"Low Risk","Wiping cloths not clean or properly stored or inadequate sanitizer"
66642,"20131107",103124,"Moderate Risk","Inadequately cleaned or sanitized food contact surfaces"
66642,"20131107",103120,"Moderate Risk","Moderate risk food holding temperature "
66642,"20131107",103149,"Low Risk","Wiping cloths not clean or properly stored or inadequate sanitizer"
66642,"20131107",103120,"Moderate Risk","Moderate risk food holding temperature "
66642,"20131107",103124,"Moderate Risk","Inadequately cleaned or sanitized food contact surfaces"
66642,"20140421",103162,"Low Risk","Other low risk violation"
66642,"20140421",103144,"Low Risk","Unapproved or unmaintained equipment or utensils"
66642,"20140421",103124,"Moderate Risk","Inadequately cleaned or sanitized food contact surfaces"
66656,"20150408",103156,"Low Risk","Permit license or inspection report not posted"
66656,"20150408",103103,"High Risk","High risk food holding temperature "
66656,"20150408",103116,"Moderate Risk","Inadequate food safety knowledge or lack of certified food safety manager"
66656,"20150408",103119,"Moderate Risk","Inadequate and inaccessible handwashing facilities"
66656,"20150408",103144,"Low Risk","Unapproved or unmaintained equipment or utensils"
66656,"20150408",103109,"High Risk","Unclean or unsanitary food contact surfaces"
66656,"20150408",103149,"Low Risk","Wiping cloths not clean or properly stored or inadequate sanitizer"
66656,"20150408",103148,"Low Risk","No thermometers or uncalibrated thermometers "
66656,"20131028",103116,"Moderate Risk","Inadequate food safety knowledge or lack of certified food safety manager"
66656,"20131028",103133,"Moderate Risk","Foods not protected from contamination"
66656,"20131028",103120,"Moderate Risk","Moderate risk food holding temperature "
66656,"20131028",103109,"High Risk","Unclean or unsanitary food contact surfaces"
66656,"20140404",103156,"Low Risk","Permit license or inspection report not posted"
66656,"20120723",103149,"Low Risk","Wiping cloths not clean or properly stored or inadequate sanitizer"
66656,"20120723",103144,"Low Risk","Unapproved or unmaintained equipment or utensils"
66656,"20130227",103120,"Moderate Risk","Moderate risk food holding temperature "
66656,"20130227",103109,"High Risk","Unclean or unsanitary food contact surfaces"
66656,"20130227",103156,"Low Risk","Permit license or inspection report not posted"
66656,"20130227",103133,"Moderate Risk","Foods not protected from contamination"
66670,"20140506",103119,"Moderate Risk","Inadequate and inaccessible handwashing facilities"
66670,"20140506",103145,"Low Risk","Improper storage of equipment utensils or linens"
66675,"20150602",103120,"Moderate Risk","Moderate risk food holding temperature "
66675,"20130416",103147,"Low Risk","Inadequate ventilation or lighting"
66675,"20130416",103120,"Moderate Risk","Moderate risk food holding temperature "
66675,"20130416",103119,"Moderate Risk","Inadequate and inaccessible handwashing facilities"
66675,"20130416",103144,"Low Risk","Unapproved or unmaintained equipment or utensils"
66679,"20150106",103103,"High Risk","High risk food holding temperature "
66679,"20150106",103109,"High Risk","Unclean or unsanitary food contact surfaces"
66679,"20150106",103132,"Moderate Risk","Improper thawing methods "
66679,"20150106",103116,"Moderate Risk","Inadequate food safety knowledge or lack of certified food safety manager"
66679,"20150106",103133,"Moderate Risk","Foods not protected from contamination"
66679,"20131205",103125,"Moderate Risk","Noncompliance with shell fish tags or display"
66679,"20131205",103133,"Moderate Risk","Foods not protected from contamination"
66679,"20131205",103148,"Low Risk","No thermometers or uncalibrated thermometers "
66679,"20130404",103133,"Moderate Risk","Foods not protected from contamination"
66679,"20130404",103132,"Moderate Risk","Improper thawing methods "
66679,"20130404",103120,"Moderate Risk","Moderate risk food holding temperature "
66679,"20130404",103142,"Low Risk","Unclean nonfood contact surfaces"
66679,"20130404",103102,"High Risk","Unclean hands or improper use of gloves"
66679,"20130404",103149,"Low Risk","Wiping cloths not clean or properly stored or inadequate sanitizer"
66679,"20120815",103149,"Low Risk","Wiping cloths not clean or properly stored or inadequate sanitizer"
66679,"20120815",103109,"High Risk","Unclean or unsanitary food contact surfaces"
66679,"20120815",103133,"Moderate Risk","Foods not protected from contamination"
66679,"20140609",103119,"Moderate Risk","Inadequate and inaccessible handwashing facilities"
66679,"20140609",103131,"Moderate Risk","Moderate risk vermin infestation"
66684,"20140130",103133,"Moderate Risk","Foods not protected from contamination"
66684,"20140130",103131,"Moderate Risk","Moderate risk vermin infestation"
66684,"20140130",103142,"Low Risk","Unclean nonfood contact surfaces"
66684,"20140130",103124,"Moderate Risk","Inadequately cleaned or sanitized food contact surfaces"
66684,"20130430",103131,"Moderate Risk","Moderate risk vermin infestation"
66684,"20130430",103116,"Moderate Risk","Inadequate food safety knowledge or lack of certified food safety manager"
66684,"20120724",103141,"Low Risk","Improper food labeling or menu misrepresentation"
66685,"20131011",103124,"Moderate Risk","Inadequately cleaned or sanitized food contact surfaces"
66685,"20130415",103109,"High Risk","Unclean or unsanitary food contact surfaces"
66685,"20140414",103103,"High Risk","High risk food holding temperature "
66685,"20120717",103105,"High Risk","Improper cooling methods"
66685,"20120717",103124,"Moderate Risk","Inadequately cleaned or sanitized food contact surfaces"
66687,"20130509",103133,"Moderate Risk","Foods not protected from contamination"
66687,"20120830",103129,"Moderate Risk","Insufficient hot water or running water"
66687,"20120830",103120,"Moderate Risk","Moderate risk food holding temperature "
66688,"20150520",103149,"Low Risk","Wiping cloths not clean or properly stored or inadequate sanitizer"
66688,"20150520",103138,"Low Risk","Improper storage use or identification of toxic substances"
66688,"20150520",103133,"Moderate Risk","Foods not protected from contamination"
66688,"20150520",103124,"Moderate Risk","Inadequately cleaned or sanitized food contact surfaces"
66688,"20150520",103119,"Moderate Risk","Inadequate and inaccessible handwashing facilities"
66688,"20130507",103155,"Low Risk","Unapproved  living quarters in food facility"
66688,"20130507",103154,"Low Risk","Unclean or degraded floors walls or ceilings"
66688,"20130507",103131,"Moderate Risk","Moderate risk vermin infestation"
66688,"20130507",103124,"Moderate Risk","Inadequately cleaned or sanitized food contact surfaces"
66688,"20140514",103147,"Low Risk","Inadequate ventilation or lighting"
66688,"20140514",103154,"Low Risk","Unclean or degraded floors walls or ceilings"
66688,"20140514",103144,"Low Risk","Unapproved or unmaintained equipment or utensils"
66688,"20140514",103109,"High Risk","Unclean or unsanitary food contact surfaces"
66688,"20140514",103103,"High Risk","High risk food holding temperature "
66688,"20140514",103128,"Moderate Risk","Consumer advisory not provided for raw or undercooked foods"
66688,"20140514",103133,"Moderate Risk","Foods not protected from contamination"
66694,"20150513",103144,"Low Risk","Unapproved or unmaintained equipment or utensils"
66694,"20150513",103149,"Low Risk","Wiping cloths not clean or properly stored or inadequate sanitizer"
66695,"20130916",103107,"High Risk","Improper reheating of food"
66695,"20130916",103121,"Moderate Risk","Inadequate procedures or records for time as a public health control "
66695,"20140605",103120,"Moderate Risk","Moderate risk food holding temperature "
66695,"20140605",103105,"High Risk","Improper cooling methods"
66698,"20140206",103162,"Low Risk","Other low risk violation"
66698,"20121105",103102,"High Risk","Unclean hands or improper use of gloves"
66702,"20150225",103114,"High Risk","High risk vermin infestation"
66702,"20150225",103120,"Moderate Risk","Moderate risk food holding temperature "
66702,"20150225",103154,"Low Risk","Unclean or degraded floors walls or ceilings"
66702,"20140107",103161,"Low Risk","Low risk vermin infestation"
66702,"20140107",103154,"Low Risk","Unclean or degraded floors walls or ceilings"
66702,"20140107",103120,"Moderate Risk","Moderate risk food holding temperature "
66702,"20140107",103119,"Moderate Risk","Inadequate and inaccessible handwashing facilities"
66702,"20140107",103109,"High Risk","Unclean or unsanitary food contact surfaces"
66702,"20130530",103119,"Moderate Risk","Inadequate and inaccessible handwashing facilities"
66702,"20130530",103131,"Moderate Risk","Moderate risk vermin infestation"
66702,"20130530",103139,"Low Risk","Improper food storage"
66702,"20120713",103144,"Low Risk","Unapproved or unmaintained equipment or utensils"
66702,"20120713",103154,"Low Risk","Unclean or degraded floors walls or ceilings"
66702,"20140611",103143,"Low Risk","Inadequate warewashing facilities or equipment"
66702,"20140611",103120,"Moderate Risk","Moderate risk food holding temperature "
66702,"20140611",103157,"Low Risk","Food safety certificate or food handler card not available"
66704,"20150520",103119,"Moderate Risk","Inadequate and inaccessible handwashing facilities"
66704,"20150520",103154,"Low Risk","Unclean or degraded floors walls or ceilings"
66704,"20150520",103120,"Moderate Risk","Moderate risk food holding temperature "
66704,"20150520",103161,"Low Risk","Low risk vermin infestation"
66704,"20130924",103105,"High Risk","Improper cooling methods"
66704,"20130318",103119,"Moderate Risk","Inadequate and inaccessible handwashing facilities"
66704,"20130318",103154,"Low Risk","Unclean or degraded floors walls or ceilings"
66704,"20140324",103103,"High Risk","High risk food holding temperature "
66704,"20140324",103119,"Moderate Risk","Inadequate and inaccessible handwashing facilities"
66704,"20120802",103154,"Low Risk","Unclean or degraded floors walls or ceilings"
66705,"20141223",103149,"Low Risk","Wiping cloths not clean or properly stored or inadequate sanitizer"
66705,"20141223",103143,"Low Risk","Inadequate warewashing facilities or equipment"
66705,"20141223",103142,"Low Risk","Unclean nonfood contact surfaces"
66705,"20140909",103142,"Low Risk","Unclean nonfood contact surfaces"
66705,"20140909",103145,"Low Risk","Improper storage of equipment utensils or linens"
66705,"20140909",103147,"Low Risk","Inadequate ventilation or lighting"
66705,"20140909",103109,"High Risk","Unclean or unsanitary food contact surfaces"
66705,"20140909",103161,"Low Risk","Low risk vermin infestation"
66705,"20140909",103149,"Low Risk","Wiping cloths not clean or properly stored or inadequate sanitizer"
66705,"20141223",103154,"Low Risk","Unclean or degraded floors walls or ceilings"
66705,"20140909",103148,"Low Risk","No thermometers or uncalibrated thermometers "
66705,"20140308",103142,"Low Risk","Unclean nonfood contact surfaces"
66705,"20140308",103139,"Low Risk","Improper food storage"
66705,"20140308",103120,"Moderate Risk","Moderate risk food holding temperature "
66705,"20140308",103145,"Low Risk","Improper storage of equipment utensils or linens"
66705,"20140308",103154,"Low Risk","Unclean or degraded floors walls or ceilings"
66705,"20121015",103142,"Low Risk","Unclean nonfood contact surfaces"
66705,"20121015",103139,"Low Risk","Improper food storage"
66705,"20121015",103133,"Moderate Risk","Foods not protected from contamination"
66705,"20121015",103143,"Low Risk","Inadequate warewashing facilities or equipment"
66705,"20121015",103162,"Low Risk","Other low risk violation"
66705,"20121015",103157,"Low Risk","Food safety certificate or food handler card not available"
66705,"20121015",103161,"Low Risk","Low risk vermin infestation"
66705,"20121015",103154,"Low Risk","Unclean or degraded floors walls or ceilings"
66709,"20121206",103124,"Moderate Risk","Inadequately cleaned or sanitized food contact surfaces"
66711,"20120717",103154,"Low Risk","Unclean or degraded floors walls or ceilings"
66711,"20120717",103150,"Low Risk","Improper or defective plumbing"
66711,"20130129",103114,"High Risk","High risk vermin infestation"
66711,"20130129",103149,"Low Risk","Wiping cloths not clean or properly stored or inadequate sanitizer"
66711,"20130129",103154,"Low Risk","Unclean or degraded floors walls or ceilings"
66711,"20140507",103142,"Low Risk","Unclean nonfood contact surfaces"
66711,"20140507",103139,"Low Risk","Improper food storage"
66711,"20140507",103133,"Moderate Risk","Foods not protected from contamination"
66711,"20140507",103119,"Moderate Risk","Inadequate and inaccessible handwashing facilities"
66711,"20140507",103109,"High Risk","Unclean or unsanitary food contact surfaces"
66711,"20140507",103103,"High Risk","High risk food holding temperature "
66711,"20140507",103154,"Low Risk","Unclean or degraded floors walls or ceilings"
66715,"20130905",103139,"Low Risk","Improper food storage"
66715,"20130314",103156,"Low Risk","Permit license or inspection report not posted"
66715,"20140225",103154,"Low Risk","Unclean or degraded floors walls or ceilings"
66715,"20120821",103154,"Low Risk","Unclean or degraded floors walls or ceilings"
66717,"20131122",103161,"Low Risk","Low risk vermin infestation"
66717,"20140428",103139,"Low Risk","Improper food storage"
66717,"20121128",103139,"Low Risk","Improper food storage"
66732,"20131202",103150,"Low Risk","Improper or defective plumbing"
66732,"20131202",103133,"Moderate Risk","Foods not protected from contamination"
66732,"20131202",103142,"Low Risk","Unclean nonfood contact surfaces"
66732,"20131202",103154,"Low Risk","Unclean or degraded floors walls or ceilings"
66732,"20131202",103103,"High Risk","High risk food holding temperature "
66732,"20120618",103120,"Moderate Risk","Moderate risk food holding temperature "
66732,"20120618",103144,"Low Risk","Unapproved or unmaintained equipment or utensils"
66732,"20120618",103105,"High Risk","Improper cooling methods"
66732,"20120618",103142,"Low Risk","Unclean nonfood contact surfaces"
66732,"20130108",103120,"Moderate Risk","Moderate risk food holding temperature "
66732,"20130108",103154,"Low Risk","Unclean or degraded floors walls or ceilings"
66732,"20130108",103125,"Moderate Risk","Noncompliance with shell fish tags or display"
66732,"20130108",103133,"Moderate Risk","Foods not protected from contamination"
66732,"20130108",103138,"Low Risk","Improper storage use or identification of toxic substances"
66732,"20130108",103149,"Low Risk","Wiping cloths not clean or properly stored or inadequate sanitizer"
66732,"20130108",103102,"High Risk","Unclean hands or improper use of gloves"
66736,"20150311",103124,"Moderate Risk","Inadequately cleaned or sanitized food contact surfaces"
66736,"20150311",103131,"Moderate Risk","Moderate risk vermin infestation"
66736,"20150311",103102,"High Risk","Unclean hands or improper use of gloves"
66736,"20150311",103107,"High Risk","Improper reheating of food"
66736,"20150311",103120,"Moderate Risk","Moderate risk food holding temperature "
66736,"20150311",103133,"Moderate Risk","Foods not protected from contamination"
66736,"20131210",103161,"Low Risk","Low risk vermin infestation"
66736,"20131210",103120,"Moderate Risk","Moderate risk food holding temperature "
66736,"20131210",103119,"Moderate Risk","Inadequate and inaccessible handwashing facilities"
66736,"20131210",103124,"Moderate Risk","Inadequately cleaned or sanitized food contact surfaces"
66736,"20131210",103133,"Moderate Risk","Foods not protected from contamination"
66736,"20130318",103157,"Low Risk","Food safety certificate or food handler card not available"
66736,"20130318",103154,"Low Risk","Unclean or degraded floors walls or ceilings"
66736,"20130326",103114,"High Risk","High risk vermin infestation"
66736,"20130318",103156,"Low Risk","Permit license or inspection report not posted"
66736,"20130318",103133,"Moderate Risk","Foods not protected from contamination"
66736,"20130318",103134,"Moderate Risk","Other moderate risk violation"
66736,"20130318",103143,"Low Risk","Inadequate warewashing facilities or equipment"
66736,"20130327",103161,"Low Risk","Low risk vermin infestation"
66736,"20130326",103114,"High Risk","High risk vermin infestation"
66737,"20150421",103120,"Moderate Risk","Moderate risk food holding temperature "
66737,"20150421",103121,"Moderate Risk","Inadequate procedures or records for time as a public health control "
66737,"20130612",103150,"Low Risk","Improper or defective plumbing"
66737,"20130612",103154,"Low Risk","Unclean or degraded floors walls or ceilings"
66737,"20140318",103150,"Low Risk","Improper or defective plumbing"
66737,"20140318",103149,"Low Risk","Wiping cloths not clean or properly stored or inadequate sanitizer"
66737,"20140318",103139,"Low Risk","Improper food storage"
66737,"20140318",103119,"Moderate Risk","Inadequate and inaccessible handwashing facilities"
66737,"20120815",103120,"Moderate Risk","Moderate risk food holding temperature "
66747,"20131022",103103,"High Risk","High risk food holding temperature "
66747,"20131022",103118,"Moderate Risk","Employee eating or smoking"
66747,"20131022",103161,"Low Risk","Low risk vermin infestation"
66747,"20130425",103156,"Low Risk","Permit license or inspection report not posted"
66747,"20130425",103131,"Moderate Risk","Moderate risk vermin infestation"
66747,"20130425",103145,"Low Risk","Improper storage of equipment utensils or linens"
66747,"20140417",103131,"Moderate Risk","Moderate risk vermin infestation"
66747,"20121101",103103,"High Risk","High risk food holding temperature "
66747,"20121101",103142,"Low Risk","Unclean nonfood contact surfaces"
66747,"20121101",103114,"High Risk","High risk vermin infestation"
66768,"20130405",103149,"Low Risk","Wiping cloths not clean or properly stored or inadequate sanitizer"
66768,"20121002",103120,"Moderate Risk","Moderate risk food holding temperature "
66768,"20140822",103133,"Moderate Risk","Foods not protected from contamination"
66768,"20140822",103139,"Low Risk","Improper food storage"
66768,"20140822",103144,"Low Risk","Unapproved or unmaintained equipment or utensils"
66771,"20150424",103156,"Low Risk","Permit license or inspection report not posted"
66771,"20150424",103157,"Low Risk","Food safety certificate or food handler card not available"
66771,"20150424",103119,"Moderate Risk","Inadequate and inaccessible handwashing facilities"
66771,"20130429",103161,"Low Risk","Low risk vermin infestation"
66771,"20130429",103157,"Low Risk","Food safety certificate or food handler card not available"
66771,"20130429",103139,"Low Risk","Improper food storage"
66771,"20130429",103149,"Low Risk","Wiping cloths not clean or properly stored or inadequate sanitizer"
66771,"20140225",103158,"Low Risk","Unpermitted food facility"
66771,"20120821",103157,"Low Risk","Food safety certificate or food handler card not available"
66771,"20120821",103156,"Low Risk","Permit license or inspection report not posted"
66771,"20140722",103156,"Low Risk","Permit license or inspection report not posted"
66771,"20140722",103149,"Low Risk","Wiping cloths not clean or properly stored or inadequate sanitizer"
66771,"20140722",103157,"Low Risk","Food safety certificate or food handler card not available"
66798,"20150327",103154,"Low Risk","Unclean or degraded floors walls or ceilings"
66798,"20150327",103142,"Low Risk","Unclean nonfood contact surfaces"
66798,"20150327",103109,"High Risk","Unclean or unsanitary food contact surfaces"
66798,"20131010",103154,"Low Risk","Unclean or degraded floors walls or ceilings"
66798,"20131010",103139,"Low Risk","Improper food storage"
66798,"20131010",103142,"Low Risk","Unclean nonfood contact surfaces"
66800,"20150521",103143,"Low Risk","Inadequate warewashing facilities or equipment"
66800,"20150521",103144,"Low Risk","Unapproved or unmaintained equipment or utensils"
66800,"20150521",103147,"Low Risk","Inadequate ventilation or lighting"
66800,"20150521",103149,"Low Risk","Wiping cloths not clean or properly stored or inadequate sanitizer"
66800,"20150521",103133,"Moderate Risk","Foods not protected from contamination"
66800,"20150521",103139,"Low Risk","Improper food storage"
66800,"20131119",103109,"High Risk","Unclean or unsanitary food contact surfaces"
66800,"20131119",103108,"High Risk","Contaminated or adulterated food"
66800,"20131119",103144,"Low Risk","Unapproved or unmaintained equipment or utensils"
66800,"20131119",103114,"High Risk","High risk vermin infestation"
66800,"20131119",103116,"Moderate Risk","Inadequate food safety knowledge or lack of certified food safety manager"
66800,"20131119",103118,"Moderate Risk","Employee eating or smoking"
66800,"20131119",103119,"Moderate Risk","Inadequate and inaccessible handwashing facilities"
66800,"20131119",103133,"Moderate Risk","Foods not protected from contamination"
66800,"20130412",103154,"Low Risk","Unclean or degraded floors walls or ceilings"
66800,"20130412",103145,"Low Risk","Improper storage of equipment utensils or linens"
66800,"20130412",103139,"Low Risk","Improper food storage"
66806,"20140919",103120,"Moderate Risk","Moderate risk food holding temperature "
66806,"20140919",103153,"Low Risk","Inadequate dressing rooms or improper storage of personal items"
66806,"20140919",103148,"Low Risk","No thermometers or uncalibrated thermometers "
66806,"20130613",103149,"Low Risk","Wiping cloths not clean or properly stored or inadequate sanitizer"
66806,"20130613",103103,"High Risk","High risk food holding temperature "
66808,"20130716",103154,"Low Risk","Unclean or degraded floors walls or ceilings"
66808,"20130716",103142,"Low Risk","Unclean nonfood contact surfaces"
66808,"20140428",103142,"Low Risk","Unclean nonfood contact surfaces"
66808,"20140428",103154,"Low Risk","Unclean or degraded floors walls or ceilings"
66808,"20120628",103139,"Low Risk","Improper food storage"
66808,"20120628",103154,"Low Risk","Unclean or degraded floors walls or ceilings"
66808,"20130110",103154,"Low Risk","Unclean or degraded floors walls or ceilings"
66811,"20131028",103120,"Moderate Risk","Moderate risk food holding temperature "
66811,"20131028",103129,"Moderate Risk","Insufficient hot water or running water"
66811,"20131106",103112,"High Risk","No hot water or running water"
66811,"20131028",103151,"Low Risk","Inadequate or unsanitary refuse containers or area or no garbage service"
66811,"20131028",103150,"Low Risk","Improper or defective plumbing"
66811,"20131028",103133,"Moderate Risk","Foods not protected from contamination"
66811,"20130429",103116,"Moderate Risk","Inadequate food safety knowledge or lack of certified food safety manager"
66811,"20130429",103151,"Low Risk","Inadequate or unsanitary refuse containers or area or no garbage service"
66811,"20130429",103149,"Low Risk","Wiping cloths not clean or properly stored or inadequate sanitizer"
66811,"20130429",103147,"Low Risk","Inadequate ventilation or lighting"
66811,"20130429",103103,"High Risk","High risk food holding temperature "
66811,"20120611",103142,"Low Risk","Unclean nonfood contact surfaces"
66811,"20120611",103147,"Low Risk","Inadequate ventilation or lighting"
66811,"20121126",103142,"Low Risk","Unclean nonfood contact surfaces"
66811,"20121126",103144,"Low Risk","Unapproved or unmaintained equipment or utensils"
66811,"20121126",103133,"Moderate Risk","Foods not protected from contamination"
66811,"20140507",103156,"Low Risk","Permit license or inspection report not posted"
66811,"20140507",103142,"Low Risk","Unclean nonfood contact surfaces"
66811,"20140507",103121,"Moderate Risk","Inadequate procedures or records for time as a public health control "
66817,"20150317",103120,"Moderate Risk","Moderate risk food holding temperature "
66817,"20130307",103149,"Low Risk","Wiping cloths not clean or properly stored or inadequate sanitizer"
66817,"20140319",103119,"Moderate Risk","Inadequate and inaccessible handwashing facilities"
66817,"20140319",103156,"Low Risk","Permit license or inspection report not posted"
66838,"20130711",103154,"Low Risk","Unclean or degraded floors walls or ceilings"
66838,"20130711",103157,"Low Risk","Food safety certificate or food handler card not available"
66838,"20130711",103156,"Low Risk","Permit license or inspection report not posted"
66838,"20131209",103156,"Low Risk","Permit license or inspection report not posted"
66838,"20131209",103144,"Low Risk","Unapproved or unmaintained equipment or utensils"
66838,"20120627",103120,"Moderate Risk","Moderate risk food holding temperature "
66838,"20121213",103154,"Low Risk","Unclean or degraded floors walls or ceilings"
66838,"20121213",103156,"Low Risk","Permit license or inspection report not posted"
66838,"20140605",103144,"Low Risk","Unapproved or unmaintained equipment or utensils"
66838,"20140605",103156,"Low Risk","Permit license or inspection report not posted"
66838,"20140605",103154,"Low Risk","Unclean or degraded floors walls or ceilings"
66861,"20140826",103161,"Low Risk","Low risk vermin infestation"
66861,"20140826",103103,"High Risk","High risk food holding temperature "
66861,"20130729",103120,"Moderate Risk","Moderate risk food holding temperature "
66861,"20130729",103105,"High Risk","Improper cooling methods"
66861,"20130729",103119,"Moderate Risk","Inadequate and inaccessible handwashing facilities"
66861,"20130729",103154,"Low Risk","Unclean or degraded floors walls or ceilings"
66861,"20140218",103103,"High Risk","High risk food holding temperature "
66874,"20150317",103102,"High Risk","Unclean hands or improper use of gloves"
66874,"20150317",103103,"High Risk","High risk food holding temperature "
66874,"20150317",103118,"Moderate Risk","Employee eating or smoking"
66874,"20150317",103124,"Moderate Risk","Inadequately cleaned or sanitized food contact surfaces"
66874,"20150317",103130,"Moderate Risk","Inadequate sewage or wastewater disposal"
66874,"20150317",103133,"Moderate Risk","Foods not protected from contamination"
66874,"20150317",103144,"Low Risk","Unapproved or unmaintained equipment or utensils"
66874,"20150317",103154,"Low Risk","Unclean or degraded floors walls or ceilings"
66874,"20131226",103133,"Moderate Risk","Foods not protected from contamination"
66874,"20131226",103109,"High Risk","Unclean or unsanitary food contact surfaces"
66874,"20131226",103144,"Low Risk","Unapproved or unmaintained equipment or utensils"
66874,"20131226",103102,"High Risk","Unclean hands or improper use of gloves"
66874,"20131226",103108,"High Risk","Contaminated or adulterated food"
66874,"20130522",103130,"Moderate Risk","Inadequate sewage or wastewater disposal"
66874,"20130522",103109,"High Risk","Unclean or unsanitary food contact surfaces"
66874,"20130522",103133,"Moderate Risk","Foods not protected from contamination"
66874,"20121210",103147,"Low Risk","Inadequate ventilation or lighting"
66874,"20121210",103133,"Moderate Risk","Foods not protected from contamination"
66874,"20121210",103131,"Moderate Risk","Moderate risk vermin infestation"
66874,"20121210",103130,"Moderate Risk","Inadequate sewage or wastewater disposal"
66874,"20121210",103109,"High Risk","Unclean or unsanitary food contact surfaces"
66874,"20121210",103144,"Low Risk","Unapproved or unmaintained equipment or utensils"
66874,"20121210",103138,"Low Risk","Improper storage use or identification of toxic substances"
66874,"20140626",103149,"Low Risk","Wiping cloths not clean or properly stored or inadequate sanitizer"
66874,"20140626",103102,"High Risk","Unclean hands or improper use of gloves"
66874,"20140626",103144,"Low Risk","Unapproved or unmaintained equipment or utensils"
66874,"20140626",103133,"Moderate Risk","Foods not protected from contamination"
66874,"20140626",103124,"Moderate Risk","Inadequately cleaned or sanitized food contact surfaces"
66874,"20140626",103103,"High Risk","High risk food holding temperature "
66874,"20140626",103142,"Low Risk","Unclean nonfood contact surfaces"
66895,"20140113",103139,"Low Risk","Improper food storage"
66895,"20140113",103154,"Low Risk","Unclean or degraded floors walls or ceilings"
66895,"20140113",103149,"Low Risk","Wiping cloths not clean or properly stored or inadequate sanitizer"
66895,"20121107",103154,"Low Risk","Unclean or degraded floors walls or ceilings"
66895,"20121107",103141,"Low Risk","Improper food labeling or menu misrepresentation"
66896,"20120613",103138,"Low Risk","Improper storage use or identification of toxic substances"
66896,"20120613",103116,"Moderate Risk","Inadequate food safety knowledge or lack of certified food safety manager"
66896,"20130104",103129,"Moderate Risk","Insufficient hot water or running water"
66900,"20140929",103144,"Low Risk","Unapproved or unmaintained equipment or utensils"
66900,"20140929",103154,"Low Risk","Unclean or degraded floors walls or ceilings"
66900,"20140929",103114,"High Risk","High risk vermin infestation"
66900,"20140929",103139,"Low Risk","Improper food storage"
66900,"20130722",103131,"Moderate Risk","Moderate risk vermin infestation"
66900,"20130722",103120,"Moderate Risk","Moderate risk food holding temperature "
66900,"20130722",103151,"Low Risk","Inadequate or unsanitary refuse containers or area or no garbage service"
66900,"20130722",103154,"Low Risk","Unclean or degraded floors walls or ceilings"
66900,"20120628",103154,"Low Risk","Unclean or degraded floors walls or ceilings"
66900,"20120702",103151,"Low Risk","Inadequate or unsanitary refuse containers or area or no garbage service"
66900,"20120628",103147,"Low Risk","Inadequate ventilation or lighting"
66900,"20120628",103142,"Low Risk","Unclean nonfood contact surfaces"
66900,"20120628",103131,"Moderate Risk","Moderate risk vermin infestation"
66900,"20120628",103120,"Moderate Risk","Moderate risk food holding temperature "
66900,"20121105",103105,"High Risk","Improper cooling methods"
66900,"20121105",103103,"High Risk","High risk food holding temperature "
66900,"20121105",103102,"High Risk","Unclean hands or improper use of gloves"
66900,"20121113",103120,"Moderate Risk","Moderate risk food holding temperature "
66900,"20121105",103129,"Moderate Risk","Insufficient hot water or running water"
66900,"20121105",103131,"Moderate Risk","Moderate risk vermin infestation"
66900,"20121105",103149,"Low Risk","Wiping cloths not clean or properly stored or inadequate sanitizer"
66900,"20121105",103151,"Low Risk","Inadequate or unsanitary refuse containers or area or no garbage service"
66901,"20121109",103149,"Low Risk","Wiping cloths not clean or properly stored or inadequate sanitizer"
66901,"20121109",103145,"Low Risk","Improper storage of equipment utensils or linens"
66901,"20121109",103139,"Low Risk","Improper food storage"
66902,"20150421",103119,"Moderate Risk","Inadequate and inaccessible handwashing facilities"
66902,"20131211",103124,"Moderate Risk","Inadequately cleaned or sanitized food contact surfaces"
66902,"20131211",103139,"Low Risk","Improper food storage"
66902,"20130325",103139,"Low Risk","Improper food storage"
66902,"20120914",103139,"Low Risk","Improper food storage"
66902,"20120914",103120,"Moderate Risk","Moderate risk food holding temperature "
66902,"20140618",103120,"Moderate Risk","Moderate risk food holding temperature "
66902,"20140618",103105,"High Risk","Improper cooling methods"
66902,"20140618",103150,"Low Risk","Improper or defective plumbing"
66919,"20140206",103142,"Low Risk","Unclean nonfood contact surfaces"
66919,"20140206",103144,"Low Risk","Unapproved or unmaintained equipment or utensils"
66919,"20140206",103154,"Low Risk","Unclean or degraded floors walls or ceilings"
66919,"20140206",103124,"Moderate Risk","Inadequately cleaned or sanitized food contact surfaces"
66919,"20130613",103138,"Low Risk","Improper storage use or identification of toxic substances"
66919,"20121026",103119,"Moderate Risk","Inadequate and inaccessible handwashing facilities"
66919,"20121026",103142,"Low Risk","Unclean nonfood contact surfaces"
66919,"20121026",103157,"Low Risk","Food safety certificate or food handler card not available"
66921,"20141023",103156,"Low Risk","Permit license or inspection report not posted"
66921,"20141023",103124,"Moderate Risk","Inadequately cleaned or sanitized food contact surfaces"
66921,"20141023",103162,"Low Risk","Other low risk violation"
66921,"20150325",103124,"Moderate Risk","Inadequately cleaned or sanitized food contact surfaces"
66921,"20130307",103156,"Low Risk","Permit license or inspection report not posted"
66921,"20140319",103120,"Moderate Risk","Moderate risk food holding temperature "
66921,"20140319",103102,"High Risk","Unclean hands or improper use of gloves"
66921,"20120917",103124,"Moderate Risk","Inadequately cleaned or sanitized food contact surfaces"
66922,"20130417",103153,"Low Risk","Inadequate dressing rooms or improper storage of personal items"
66922,"20140401",103139,"Low Risk","Improper food storage"
66922,"20120803",103161,"Low Risk","Low risk vermin infestation"
66922,"20120803",103119,"Moderate Risk","Inadequate and inaccessible handwashing facilities"
66925,"20141209",103145,"Low Risk","Improper storage of equipment utensils or linens"
66925,"20141209",103103,"High Risk","High risk food holding temperature "
66925,"20141209",103139,"Low Risk","Improper food storage"
66925,"20131101",103156,"Low Risk","Permit license or inspection report not posted"
66925,"20131101",103144,"Low Risk","Unapproved or unmaintained equipment or utensils"
66925,"20131101",103139,"Low Risk","Improper food storage"
66925,"20131101",103109,"High Risk","Unclean or unsanitary food contact surfaces"
66925,"20140423",103139,"Low Risk","Improper food storage"
66925,"20140423",103142,"Low Risk","Unclean nonfood contact surfaces"
66925,"20140423",103109,"High Risk","Unclean or unsanitary food contact surfaces"
66925,"20140423",103144,"Low Risk","Unapproved or unmaintained equipment or utensils"
66925,"20140423",103149,"Low Risk","Wiping cloths not clean or properly stored or inadequate sanitizer"
66927,"20131226",103129,"Moderate Risk","Insufficient hot water or running water"
66927,"20121214",103133,"Moderate Risk","Foods not protected from contamination"
66927,"20121214",103138,"Low Risk","Improper storage use or identification of toxic substances"
66927,"20121214",103119,"Moderate Risk","Inadequate and inaccessible handwashing facilities"
66932,"20150218",103149,"Low Risk","Wiping cloths not clean or properly stored or inadequate sanitizer"
66932,"20150218",103154,"Low Risk","Unclean or degraded floors walls or ceilings"
66932,"20130503",103157,"Low Risk","Food safety certificate or food handler card not available"
66932,"20130503",103156,"Low Risk","Permit license or inspection report not posted"
66934,"20131113",103120,"Moderate Risk","Moderate risk food holding temperature "
66934,"20131113",103144,"Low Risk","Unapproved or unmaintained equipment or utensils"
66934,"20121004",103156,"Low Risk","Permit license or inspection report not posted"
66956,"20130604",103124,"Moderate Risk","Inadequately cleaned or sanitized food contact surfaces"
66956,"20130604",103144,"Low Risk","Unapproved or unmaintained equipment or utensils"
66956,"20130604",103162,"Low Risk","Other low risk violation"
66956,"20130604",103119,"Moderate Risk","Inadequate and inaccessible handwashing facilities"
66956,"20120618",103124,"Moderate Risk","Inadequately cleaned or sanitized food contact surfaces"
66956,"20120618",103161,"Low Risk","Low risk vermin infestation"
66956,"20120618",103145,"Low Risk","Improper storage of equipment utensils or linens"
66956,"20120618",103144,"Low Risk","Unapproved or unmaintained equipment or utensils"
66961,"20130905",103103,"High Risk","High risk food holding temperature "
66961,"20130905",103154,"Low Risk","Unclean or degraded floors walls or ceilings"
66961,"20130905",103139,"Low Risk","Improper food storage"
66961,"20130312",103103,"High Risk","High risk food holding temperature "
66961,"20130312",103154,"Low Risk","Unclean or degraded floors walls or ceilings"
66961,"20130312",103131,"Moderate Risk","Moderate risk vermin infestation"
66961,"20130312",103139,"Low Risk","Improper food storage"
66961,"20140310",103139,"Low Risk","Improper food storage"
66961,"20140310",103116,"Moderate Risk","Inadequate food safety knowledge or lack of certified food safety manager"
66961,"20120724",103142,"Low Risk","Unclean nonfood contact surfaces"
66961,"20120724",103148,"Low Risk","No thermometers or uncalibrated thermometers "
66961,"20120724",103120,"Moderate Risk","Moderate risk food holding temperature "
66961,"20120724",103154,"Low Risk","Unclean or degraded floors walls or ceilings"
66961,"20120724",103119,"Moderate Risk","Inadequate and inaccessible handwashing facilities"
66963,"20130925",103149,"Low Risk","Wiping cloths not clean or properly stored or inadequate sanitizer"
66963,"20130925",103107,"High Risk","Improper reheating of food"
66963,"20120904",103150,"Low Risk","Improper or defective plumbing"
66963,"20120904",103148,"Low Risk","No thermometers or uncalibrated thermometers "
66966,"20141104",103129,"Moderate Risk","Insufficient hot water or running water"
66966,"20141104",103156,"Low Risk","Permit license or inspection report not posted"
66966,"20141104",103119,"Moderate Risk","Inadequate and inaccessible handwashing facilities"
66966,"20131011",103151,"Low Risk","Inadequate or unsanitary refuse containers or area or no garbage service"
66966,"20140404",103119,"Moderate Risk","Inadequate and inaccessible handwashing facilities"
66972,"20130318",103157,"Low Risk","Food safety certificate or food handler card not available"
66972,"20130318",103124,"Moderate Risk","Inadequately cleaned or sanitized food contact surfaces"
66972,"20130318",103141,"Low Risk","Improper food labeling or menu misrepresentation"
66972,"20130318",103152,"Low Risk","Unclean unmaintained or improperly constructed toilet facilities"
66972,"20130318",103158,"Low Risk","Unpermitted food facility"
66972,"20130318",103161,"Low Risk","Low risk vermin infestation"
66972,"20140623",103157,"Low Risk","Food safety certificate or food handler card not available"
66972,"20140623",103149,"Low Risk","Wiping cloths not clean or properly stored or inadequate sanitizer"
66972,"20140623",103154,"Low Risk","Unclean or degraded floors walls or ceilings"
66972,"20140623",103150,"Low Risk","Improper or defective plumbing"
66972,"20140623",103148,"Low Risk","No thermometers or uncalibrated thermometers "
66985,"20141001",103162,"Low Risk","Other low risk violation"
66985,"20141001",103133,"Moderate Risk","Foods not protected from contamination"
66985,"20141001",103132,"Moderate Risk","Improper thawing methods "
66985,"20131106",103132,"Moderate Risk","Improper thawing methods "
66985,"20131106",103120,"Moderate Risk","Moderate risk food holding temperature "
66985,"20140424",103152,"Low Risk","Unclean unmaintained or improperly constructed toilet facilities"
66985,"20140424",103154,"Low Risk","Unclean or degraded floors walls or ceilings"
66985,"20120723",103139,"Low Risk","Improper food storage"
66985,"20130125",103114,"High Risk","High risk vermin infestation"
66985,"20130125",103129,"Moderate Risk","Insufficient hot water or running water"
66985,"20130125",103123,"Moderate Risk","Food in poor condition"
66988,"20141204",103114,"High Risk","High risk vermin infestation"
66988,"20141204",103129,"Moderate Risk","Insufficient hot water or running water"
66988,"20141204",103157,"Low Risk","Food safety certificate or food handler card not available"
66988,"20141204",103154,"Low Risk","Unclean or degraded floors walls or ceilings"
66988,"20141204",103119,"Moderate Risk","Inadequate and inaccessible handwashing facilities"
66988,"20141204",103109,"High Risk","Unclean or unsanitary food contact surfaces"
66988,"20141204",103120,"Moderate Risk","Moderate risk food holding temperature "
66988,"20150324",103119,"Moderate Risk","Inadequate and inaccessible handwashing facilities"
66988,"20150324",103124,"Moderate Risk","Inadequately cleaned or sanitized food contact surfaces"
66988,"20150324",103154,"Low Risk","Unclean or degraded floors walls or ceilings"
66988,"20150324",103150,"Low Risk","Improper or defective plumbing"
66988,"20130109",103109,"High Risk","Unclean or unsanitary food contact surfaces"
66988,"20130109",103114,"High Risk","High risk vermin infestation"
66990,"20141217",103142,"Low Risk","Unclean nonfood contact surfaces"
66990,"20130305",103114,"High Risk","High risk vermin infestation"
66990,"20130305",103152,"Low Risk","Unclean unmaintained or improperly constructed toilet facilities"
66990,"20130305",103139,"Low Risk","Improper food storage"
66990,"20140418",103157,"Low Risk","Food safety certificate or food handler card not available"
66990,"20140418",103149,"Low Risk","Wiping cloths not clean or properly stored or inadequate sanitizer"
66990,"20140418",103120,"Moderate Risk","Moderate risk food holding temperature "
66990,"20121127",103105,"High Risk","Improper cooling methods"
66990,"20121127",103149,"Low Risk","Wiping cloths not clean or properly stored or inadequate sanitizer"
66990,"20121127",103120,"Moderate Risk","Moderate risk food holding temperature "
66990,"20121127",103114,"High Risk","High risk vermin infestation"
66992,"20141001",103120,"Moderate Risk","Moderate risk food holding temperature "
66992,"20141001",103131,"Moderate Risk","Moderate risk vermin infestation"
66992,"20141001",103119,"Moderate Risk","Inadequate and inaccessible handwashing facilities"
66992,"20141001",103105,"High Risk","Improper cooling methods"
66992,"20131001",103114,"High Risk","High risk vermin infestation"
66992,"20130321",103120,"Moderate Risk","Moderate risk food holding temperature "
66992,"20130321",103131,"Moderate Risk","Moderate risk vermin infestation"
66992,"20140303",103142,"Low Risk","Unclean nonfood contact surfaces"
66992,"20140303",103114,"High Risk","High risk vermin infestation"
66992,"20140303",103120,"Moderate Risk","Moderate risk food holding temperature "
66992,"20140303",103124,"Moderate Risk","Inadequately cleaned or sanitized food contact surfaces"
66992,"20120912",103149,"Low Risk","Wiping cloths not clean or properly stored or inadequate sanitizer"
66992,"20120912",103131,"Moderate Risk","Moderate risk vermin infestation"
66992,"20120912",103154,"Low Risk","Unclean or degraded floors walls or ceilings"
66999,"20150130",103124,"Moderate Risk","Inadequately cleaned or sanitized food contact surfaces"
66999,"20150130",103130,"Moderate Risk","Inadequate sewage or wastewater disposal"
66999,"20150130",103153,"Low Risk","Inadequate dressing rooms or improper storage of personal items"
66999,"20150130",103120,"Moderate Risk","Moderate risk food holding temperature "
66999,"20130717",103120,"Moderate Risk","Moderate risk food holding temperature "
66999,"20130717",103149,"Low Risk","Wiping cloths not clean or properly stored or inadequate sanitizer"
66999,"20130717",103131,"Moderate Risk","Moderate risk vermin infestation"
66999,"20131108",103154,"Low Risk","Unclean or degraded floors walls or ceilings"
66999,"20131108",103142,"Low Risk","Unclean nonfood contact surfaces"
66999,"20131108",103131,"Moderate Risk","Moderate risk vermin infestation"
66999,"20131108",103109,"High Risk","Unclean or unsanitary food contact surfaces"
66999,"20120817",103149,"Low Risk","Wiping cloths not clean or properly stored or inadequate sanitizer"
66999,"20120817",103145,"Low Risk","Improper storage of equipment utensils or linens"
66999,"20120817",103102,"High Risk","Unclean hands or improper use of gloves"
66999,"20120817",103131,"Moderate Risk","Moderate risk vermin infestation"
66999,"20140606",103154,"Low Risk","Unclean or degraded floors walls or ceilings"
66999,"20140606",103142,"Low Risk","Unclean nonfood contact surfaces"
67000,"20150422",103109,"High Risk","Unclean or unsanitary food contact surfaces"
67000,"20130729",103110,"High Risk","Unapproved food source"
67000,"20140122",103156,"Low Risk","Permit license or inspection report not posted"
67000,"20140122",103124,"Moderate Risk","Inadequately cleaned or sanitized food contact surfaces"
67000,"20140122",103116,"Moderate Risk","Inadequate food safety knowledge or lack of certified food safety manager"
67000,"20120820",103137,"Low Risk","Improperly washed fruits and vegetables"
67000,"20120820",103116,"Moderate Risk","Inadequate food safety knowledge or lack of certified food safety manager"
67000,"20120820",103156,"Low Risk","Permit license or inspection report not posted"
67005,"20150316",103129,"Moderate Risk","Insufficient hot water or running water"
67005,"20130903",103102,"High Risk","Unclean hands or improper use of gloves"
67005,"20130903",103149,"Low Risk","Wiping cloths not clean or properly stored or inadequate sanitizer"
67005,"20130903",103143,"Low Risk","Inadequate warewashing facilities or equipment"
67005,"20130903",103103,"High Risk","High risk food holding temperature "
67005,"20130401",103124,"Moderate Risk","Inadequately cleaned or sanitized food contact surfaces"
67005,"20130401",103119,"Moderate Risk","Inadequate and inaccessible handwashing facilities"
67005,"20120804",103120,"Moderate Risk","Moderate risk food holding temperature "
67005,"20121114",103144,"Low Risk","Unapproved or unmaintained equipment or utensils"
67005,"20130228",103149,"Low Risk","Wiping cloths not clean or properly stored or inadequate sanitizer"
67005,"20121114",103130,"Moderate Risk","Inadequate sewage or wastewater disposal"
67005,"20121114",103102,"High Risk","Unclean hands or improper use of gloves"
67005,"20130228",103103,"High Risk","High risk food holding temperature "
67005,"20140728",103103,"High Risk","High risk food holding temperature "
67005,"20140728",103116,"Moderate Risk","Inadequate food safety knowledge or lack of certified food safety manager"
67005,"20140728",103156,"Low Risk","Permit license or inspection report not posted"
67005,"20140728",103112,"High Risk","No hot water or running water"
67005,"20140728",103147,"Low Risk","Inadequate ventilation or lighting"
67005,"20140728",103119,"Moderate Risk","Inadequate and inaccessible handwashing facilities"
67005,"20140728",103144,"Low Risk","Unapproved or unmaintained equipment or utensils"
67005,"20140728",103124,"Moderate Risk","Inadequately cleaned or sanitized food contact surfaces"
67043,"20141015",103120,"Moderate Risk","Moderate risk food holding temperature "
67043,"20141015",103129,"Moderate Risk","Insufficient hot water or running water"
67043,"20141015",103144,"Low Risk","Unapproved or unmaintained equipment or utensils"
67043,"20140315",103149,"Low Risk","Wiping cloths not clean or properly stored or inadequate sanitizer"
67043,"20121015",103157,"Low Risk","Food safety certificate or food handler card not available"
67043,"20121015",103162,"Low Risk","Other low risk violation"
67043,"20121015",103144,"Low Risk","Unapproved or unmaintained equipment or utensils"
67043,"20121015",103156,"Low Risk","Permit license or inspection report not posted"
67049,"20150427",103120,"Moderate Risk","Moderate risk food holding temperature "
67049,"20150427",103161,"Low Risk","Low risk vermin infestation"
67049,"20150427",103153,"Low Risk","Inadequate dressing rooms or improper storage of personal items"
67049,"20150427",103144,"Low Risk","Unapproved or unmaintained equipment or utensils"
67049,"20150427",103119,"Moderate Risk","Inadequate and inaccessible handwashing facilities"
67049,"20130924",103119,"Moderate Risk","Inadequate and inaccessible handwashing facilities"
67049,"20130924",103144,"Low Risk","Unapproved or unmaintained equipment or utensils"
67049,"20130924",103124,"Moderate Risk","Inadequately cleaned or sanitized food contact surfaces"
67049,"20130207",103119,"Moderate Risk","Inadequate and inaccessible handwashing facilities"
67049,"20130207",103149,"Low Risk","Wiping cloths not clean or properly stored or inadequate sanitizer"
67049,"20130207",103105,"High Risk","Improper cooling methods"
67063,"20131106",103148,"Low Risk","No thermometers or uncalibrated thermometers "
67063,"20131106",103103,"High Risk","High risk food holding temperature "
67063,"20130319",103102,"High Risk","Unclean hands or improper use of gloves"
67063,"20130319",103148,"Low Risk","No thermometers or uncalibrated thermometers "
67063,"20140630",103143,"Low Risk","Inadequate warewashing facilities or equipment"
67063,"20140630",103120,"Moderate Risk","Moderate risk food holding temperature "
67067,"20130522",103131,"Moderate Risk","Moderate risk vermin infestation"
67067,"20130522",103154,"Low Risk","Unclean or degraded floors walls or ceilings"
67067,"20130522",103109,"High Risk","Unclean or unsanitary food contact surfaces"
67067,"20121004",103154,"Low Risk","Unclean or degraded floors walls or ceilings"
67067,"20121004",103139,"Low Risk","Improper food storage"
67067,"20121004",103156,"Low Risk","Permit license or inspection report not posted"
67067,"20121004",103119,"Moderate Risk","Inadequate and inaccessible handwashing facilities"
67067,"20140814",103124,"Moderate Risk","Inadequately cleaned or sanitized food contact surfaces"
67067,"20140814",103154,"Low Risk","Unclean or degraded floors walls or ceilings"
67067,"20140814",103139,"Low Risk","Improper food storage"
67067,"20140814",103142,"Low Risk","Unclean nonfood contact surfaces"
67067,"20140814",103150,"Low Risk","Improper or defective plumbing"
67067,"20140814",103114,"High Risk","High risk vermin infestation"
67075,"20141118",103142,"Low Risk","Unclean nonfood contact surfaces"
67075,"20130628",103120,"Moderate Risk","Moderate risk food holding temperature "
67075,"20130628",103145,"Low Risk","Improper storage of equipment utensils or linens"
67075,"20130628",103124,"Moderate Risk","Inadequately cleaned or sanitized food contact surfaces"
67075,"20140106",103120,"Moderate Risk","Moderate risk food holding temperature "
67075,"20130129",103102,"High Risk","Unclean hands or improper use of gloves"
67075,"20130129",103120,"Moderate Risk","Moderate risk food holding temperature "
67075,"20130129",103109,"High Risk","Unclean or unsanitary food contact surfaces"
67075,"20130129",103142,"Low Risk","Unclean nonfood contact surfaces"
67075,"20140529",103133,"Moderate Risk","Foods not protected from contamination"
67075,"20140529",103144,"Low Risk","Unapproved or unmaintained equipment or utensils"
67075,"20140529",103107,"High Risk","Improper reheating of food"
67075,"20140529",103120,"Moderate Risk","Moderate risk food holding temperature "
67093,"20140508",103150,"Low Risk","Improper or defective plumbing"
67122,"20140506",103139,"Low Risk","Improper food storage"
67122,"20140506",103145,"Low Risk","Improper storage of equipment utensils or linens"
67123,"20131120",103161,"Low Risk","Low risk vermin infestation"
67124,"20150221",103172,"High Risk","Mobile food facility with unapproved operating conditions"
67124,"20150221",103148,"Low Risk","No thermometers or uncalibrated thermometers "
67124,"20150221",103112,"High Risk","No hot water or running water"
67124,"20150221",103149,"Low Risk","Wiping cloths not clean or properly stored or inadequate sanitizer"
67149,"20130716",103149,"Low Risk","Wiping cloths not clean or properly stored or inadequate sanitizer"
67149,"20120823",103119,"Moderate Risk","Inadequate and inaccessible handwashing facilities"
67149,"20140617",103105,"High Risk","Improper cooling methods"
67150,"20130913",103139,"Low Risk","Improper food storage"
67150,"20130913",103120,"Moderate Risk","Moderate risk food holding temperature "
67150,"20130913",103119,"Moderate Risk","Inadequate and inaccessible handwashing facilities"
67154,"20141104",103144,"Low Risk","Unapproved or unmaintained equipment or utensils"
67154,"20141104",103149,"Low Risk","Wiping cloths not clean or properly stored or inadequate sanitizer"
67154,"20141104",103133,"Moderate Risk","Foods not protected from contamination"
67154,"20141104",103131,"Moderate Risk","Moderate risk vermin infestation"
67154,"20141104",103142,"Low Risk","Unclean nonfood contact surfaces"
67154,"20141104",103139,"Low Risk","Improper food storage"
67154,"20141104",103103,"High Risk","High risk food holding temperature "
67154,"20150210",103142,"Low Risk","Unclean nonfood contact surfaces"
67154,"20150210",103139,"Low Risk","Improper food storage"
67154,"20150210",103133,"Moderate Risk","Foods not protected from contamination"
67154,"20150210",103144,"Low Risk","Unapproved or unmaintained equipment or utensils"
67154,"20150210",103148,"Low Risk","No thermometers or uncalibrated thermometers "
67154,"20150210",103108,"High Risk","Contaminated or adulterated food"
67154,"20130507",103108,"High Risk","Contaminated or adulterated food"
67154,"20130507",103102,"High Risk","Unclean hands or improper use of gloves"
67154,"20130507",103109,"High Risk","Unclean or unsanitary food contact surfaces"
67154,"20130507",103114,"High Risk","High risk vermin infestation"
67154,"20130507",103151,"Low Risk","Inadequate or unsanitary refuse containers or area or no garbage service"
67154,"20130507",103149,"Low Risk","Wiping cloths not clean or properly stored or inadequate sanitizer"
67154,"20130507",103119,"Moderate Risk","Inadequate and inaccessible handwashing facilities"
67154,"20130507",103116,"Moderate Risk","Inadequate food safety knowledge or lack of certified food safety manager"
67154,"20130507",103133,"Moderate Risk","Foods not protected from contamination"
67154,"20130507",103145,"Low Risk","Improper storage of equipment utensils or linens"
67154,"20140218",103142,"Low Risk","Unclean nonfood contact surfaces"
67154,"20140218",103139,"Low Risk","Improper food storage"
67154,"20140218",103103,"High Risk","High risk food holding temperature "
67154,"20140218",103133,"Moderate Risk","Foods not protected from contamination"
67154,"20140218",103119,"Moderate Risk","Inadequate and inaccessible handwashing facilities"
67154,"20140218",103116,"Moderate Risk","Inadequate food safety knowledge or lack of certified food safety manager"
67154,"20140218",103109,"High Risk","Unclean or unsanitary food contact surfaces"
67154,"20120717",103144,"Low Risk","Unapproved or unmaintained equipment or utensils"
67154,"20120717",103139,"Low Risk","Improper food storage"
67154,"20120717",103119,"Moderate Risk","Inadequate and inaccessible handwashing facilities"
67154,"20120717",103138,"Low Risk","Improper storage use or identification of toxic substances"
67154,"20120717",103133,"Moderate Risk","Foods not protected from contamination"
67154,"20120717",103114,"High Risk","High risk vermin infestation"
67154,"20120717",103109,"High Risk","Unclean or unsanitary food contact surfaces"
67160,"20141210",103149,"Low Risk","Wiping cloths not clean or properly stored or inadequate sanitizer"
67160,"20141210",103120,"Moderate Risk","Moderate risk food holding temperature "
67160,"20130329",103154,"Low Risk","Unclean or degraded floors walls or ceilings"
67160,"20120921",103154,"Low Risk","Unclean or degraded floors walls or ceilings"
67160,"20120921",103133,"Moderate Risk","Foods not protected from contamination"
67160,"20120921",103143,"Low Risk","Inadequate warewashing facilities or equipment"
67162,"20131021",103139,"Low Risk","Improper food storage"
67162,"20131021",103103,"High Risk","High risk food holding temperature "
67162,"20140527",103149,"Low Risk","Wiping cloths not clean or properly stored or inadequate sanitizer"
67167,"20141106",103124,"Moderate Risk","Inadequately cleaned or sanitized food contact surfaces"
67167,"20141106",103129,"Moderate Risk","Insufficient hot water or running water"
67167,"20141106",103149,"Low Risk","Wiping cloths not clean or properly stored or inadequate sanitizer"
67167,"20141106",103156,"Low Risk","Permit license or inspection report not posted"
67167,"20141106",103119,"Moderate Risk","Inadequate and inaccessible handwashing facilities"
67167,"20130810",103124,"Moderate Risk","Inadequately cleaned or sanitized food contact surfaces"
67167,"20130810",103120,"Moderate Risk","Moderate risk food holding temperature "
67167,"20130810",103149,"Low Risk","Wiping cloths not clean or properly stored or inadequate sanitizer"
67167,"20130810",103133,"Moderate Risk","Foods not protected from contamination"
67167,"20130810",103129,"Moderate Risk","Insufficient hot water or running water"
67167,"20130404",103129,"Moderate Risk","Insufficient hot water or running water"
67167,"20130404",103147,"Low Risk","Inadequate ventilation or lighting"
67167,"20130404",103133,"Moderate Risk","Foods not protected from contamination"
67167,"20140225",103102,"High Risk","Unclean hands or improper use of gloves"
67167,"20140225",103143,"Low Risk","Inadequate warewashing facilities or equipment"
67167,"20140225",103120,"Moderate Risk","Moderate risk food holding temperature "
67167,"20120917",103118,"Moderate Risk","Employee eating or smoking"
67167,"20120811",103102,"High Risk","Unclean hands or improper use of gloves"
67167,"20120811",103153,"Low Risk","Inadequate dressing rooms or improper storage of personal items"
67167,"20120811",103155,"Low Risk","Unapproved  living quarters in food facility"
67167,"20120917",103149,"Low Risk","Wiping cloths not clean or properly stored or inadequate sanitizer"
67167,"20120811",103139,"Low Risk","Improper food storage"
67167,"20120917",103124,"Moderate Risk","Inadequately cleaned or sanitized food contact surfaces"
67167,"20120917",103102,"High Risk","Unclean hands or improper use of gloves"
67167,"20120917",103129,"Moderate Risk","Insufficient hot water or running water"
67167,"20120917",103154,"Low Risk","Unclean or degraded floors walls or ceilings"
67167,"20130227",103103,"High Risk","High risk food holding temperature "
67174,"20130311",103124,"Moderate Risk","Inadequately cleaned or sanitized food contact surfaces"
67174,"20120821",103105,"High Risk","Improper cooling methods"
67182,"20140221",103139,"Low Risk","Improper food storage"
67182,"20140221",103109,"High Risk","Unclean or unsanitary food contact surfaces"
67184,"20141009",103119,"Moderate Risk","Inadequate and inaccessible handwashing facilities"
67184,"20141009",103139,"Low Risk","Improper food storage"
67184,"20141009",103120,"Moderate Risk","Moderate risk food holding temperature "
67184,"20131114",103129,"Moderate Risk","Insufficient hot water or running water"
67184,"20131114",103116,"Moderate Risk","Inadequate food safety knowledge or lack of certified food safety manager"
67186,"20150601",103150,"Low Risk","Improper or defective plumbing"
67186,"20120712",103127,"Moderate Risk","Noncompliance with HAACP plan or variance"
67186,"20120712",103139,"Low Risk","Improper food storage"
67187,"20140827",103156,"Low Risk","Permit license or inspection report not posted"
67187,"20140827",103157,"Low Risk","Food safety certificate or food handler card not available"
67187,"20140827",103145,"Low Risk","Improper storage of equipment utensils or linens"
67187,"20140130",103116,"Moderate Risk","Inadequate food safety knowledge or lack of certified food safety manager"
67187,"20140130",103154,"Low Risk","Unclean or degraded floors walls or ceilings"
67187,"20140130",103133,"Moderate Risk","Foods not protected from contamination"
67187,"20130521",103120,"Moderate Risk","Moderate risk food holding temperature "
67187,"20130521",103116,"Moderate Risk","Inadequate food safety knowledge or lack of certified food safety manager"
67187,"20130521",103154,"Low Risk","Unclean or degraded floors walls or ceilings"
67193,"20131227",103120,"Moderate Risk","Moderate risk food holding temperature "
67193,"20131227",103109,"High Risk","Unclean or unsanitary food contact surfaces"
67212,"20131210",103139,"Low Risk","Improper food storage"
67212,"20131210",103121,"Moderate Risk","Inadequate procedures or records for time as a public health control "
67212,"20140401",103104,"High Risk","Unauthorized or unsafe use of time as a public health control measure"
67218,"20131015",103149,"Low Risk","Wiping cloths not clean or properly stored or inadequate sanitizer"
67218,"20131015",103119,"Moderate Risk","Inadequate and inaccessible handwashing facilities"
67218,"20131015",103156,"Low Risk","Permit license or inspection report not posted"
67218,"20131015",103154,"Low Risk","Unclean or degraded floors walls or ceilings"
67218,"20131015",103120,"Moderate Risk","Moderate risk food holding temperature "
67218,"20131015",103116,"Moderate Risk","Inadequate food safety knowledge or lack of certified food safety manager"
67218,"20130125",103154,"Low Risk","Unclean or degraded floors walls or ceilings"
67218,"20130125",103156,"Low Risk","Permit license or inspection report not posted"
67218,"20130125",103157,"Low Risk","Food safety certificate or food handler card not available"
67218,"20140530",103156,"Low Risk","Permit license or inspection report not posted"
67218,"20140530",103154,"Low Risk","Unclean or degraded floors walls or ceilings"
67218,"20140530",103133,"Moderate Risk","Foods not protected from contamination"
67218,"20140530",103119,"Moderate Risk","Inadequate and inaccessible handwashing facilities"
67218,"20140530",103116,"Moderate Risk","Inadequate food safety knowledge or lack of certified food safety manager"
67218,"20140530",103149,"Low Risk","Wiping cloths not clean or properly stored or inadequate sanitizer"
67235,"20121217",103157,"Low Risk","Food safety certificate or food handler card not available"
67235,"20121217",103142,"Low Risk","Unclean nonfood contact surfaces"
67237,"20150424",103119,"Moderate Risk","Inadequate and inaccessible handwashing facilities"
67237,"20150424",103103,"High Risk","High risk food holding temperature "
67237,"20150424",103105,"High Risk","Improper cooling methods"
67237,"20131217",103148,"Low Risk","No thermometers or uncalibrated thermometers "
67237,"20131217",103157,"Low Risk","Food safety certificate or food handler card not available"
67237,"20131217",103124,"Moderate Risk","Inadequately cleaned or sanitized food contact surfaces"
67237,"20131217",103119,"Moderate Risk","Inadequate and inaccessible handwashing facilities"
67237,"20131217",103138,"Low Risk","Improper storage use or identification of toxic substances"
67237,"20130125",103103,"High Risk","High risk food holding temperature "
67237,"20140507",103149,"Low Risk","Wiping cloths not clean or properly stored or inadequate sanitizer"
67237,"20140507",103144,"Low Risk","Unapproved or unmaintained equipment or utensils"
67237,"20140507",103139,"Low Risk","Improper food storage"
67237,"20140507",103120,"Moderate Risk","Moderate risk food holding temperature "
67237,"20140507",103124,"Moderate Risk","Inadequately cleaned or sanitized food contact surfaces"
67246,"20150513",103109,"High Risk","Unclean or unsanitary food contact surfaces"
67246,"20150513",103139,"Low Risk","Improper food storage"
67246,"20150513",103145,"Low Risk","Improper storage of equipment utensils or linens"
67246,"20150513",103157,"Low Risk","Food safety certificate or food handler card not available"
67246,"20130401",103124,"Moderate Risk","Inadequately cleaned or sanitized food contact surfaces"
67250,"20150513",103157,"Low Risk","Food safety certificate or food handler card not available"
67250,"20150513",103144,"Low Risk","Unapproved or unmaintained equipment or utensils"
67250,"20150513",103159,"Low Risk","Worker safety hazards"
67250,"20130401",103129,"Moderate Risk","Insufficient hot water or running water"
67262,"20121206",103119,"Moderate Risk","Inadequate and inaccessible handwashing facilities"
67262,"20121206",103145,"Low Risk","Improper storage of equipment utensils or linens"
67262,"20121206",103139,"Low Risk","Improper food storage"
67262,"20140514",103156,"Low Risk","Permit license or inspection report not posted"
67262,"20140514",103147,"Low Risk","Inadequate ventilation or lighting"
67262,"20140514",103133,"Moderate Risk","Foods not protected from contamination"
67262,"20140514",103109,"High Risk","Unclean or unsanitary food contact surfaces"
67262,"20140514",103103,"High Risk","High risk food holding temperature "
67262,"20140514",103102,"High Risk","Unclean hands or improper use of gloves"
67262,"20140514",103157,"Low Risk","Food safety certificate or food handler card not available"
67276,"20141119",103124,"Moderate Risk","Inadequately cleaned or sanitized food contact surfaces"
67276,"20141119",103139,"Low Risk","Improper food storage"
67276,"20141119",103148,"Low Risk","No thermometers or uncalibrated thermometers "
67276,"20141119",103155,"Low Risk","Unapproved  living quarters in food facility"
67276,"20141119",103161,"Low Risk","Low risk vermin infestation"
67276,"20131118",103124,"Moderate Risk","Inadequately cleaned or sanitized food contact surfaces"
67276,"20131118",103149,"Low Risk","Wiping cloths not clean or properly stored or inadequate sanitizer"
67276,"20131118",103157,"Low Risk","Food safety certificate or food handler card not available"
67276,"20131118",103150,"Low Risk","Improper or defective plumbing"
67276,"20131118",103138,"Low Risk","Improper storage use or identification of toxic substances"
67276,"20131118",103110,"High Risk","Unapproved food source"
67276,"20131118",103103,"High Risk","High risk food holding temperature "
67276,"20131118",103144,"Low Risk","Unapproved or unmaintained equipment or utensils"
67276,"20130109",103119,"Moderate Risk","Inadequate and inaccessible handwashing facilities"
67303,"20150305",103157,"Low Risk","Food safety certificate or food handler card not available"
67303,"20150305",103119,"Moderate Risk","Inadequate and inaccessible handwashing facilities"
67303,"20150305",103124,"Moderate Risk","Inadequately cleaned or sanitized food contact surfaces"
67303,"20150305",103133,"Moderate Risk","Foods not protected from contamination"
67303,"20150305",103150,"Low Risk","Improper or defective plumbing"
67303,"20150305",103156,"Low Risk","Permit license or inspection report not posted"
67303,"20131028",103103,"High Risk","High risk food holding temperature "
67303,"20131028",103156,"Low Risk","Permit license or inspection report not posted"
67303,"20130102",103157,"Low Risk","Food safety certificate or food handler card not available"
67303,"20130102",103109,"High Risk","Unclean or unsanitary food contact surfaces"
67303,"20140606",103116,"Moderate Risk","Inadequate food safety knowledge or lack of certified food safety manager"
67311,"20130225",103119,"Moderate Risk","Inadequate and inaccessible handwashing facilities"
67311,"20130225",103142,"Low Risk","Unclean nonfood contact surfaces"
67311,"20130225",103124,"Moderate Risk","Inadequately cleaned or sanitized food contact surfaces"
67311,"20130225",103112,"High Risk","No hot water or running water"
67311,"20130225",103149,"Low Risk","Wiping cloths not clean or properly stored or inadequate sanitizer"
67311,"20130225",103144,"Low Risk","Unapproved or unmaintained equipment or utensils"
67311,"20130225",103154,"Low Risk","Unclean or degraded floors walls or ceilings"
67311,"20130225",103147,"Low Risk","Inadequate ventilation or lighting"
67311,"20140805",103144,"Low Risk","Unapproved or unmaintained equipment or utensils"
67311,"20140805",103145,"Low Risk","Improper storage of equipment utensils or linens"
67311,"20140805",103133,"Moderate Risk","Foods not protected from contamination"
67311,"20140805",103113,"High Risk","Sewage or wastewater contamination"
67311,"20140805",103119,"Moderate Risk","Inadequate and inaccessible handwashing facilities"
67311,"20140805",103112,"High Risk","No hot water or running water"
67311,"20140805",103116,"Moderate Risk","Inadequate food safety knowledge or lack of certified food safety manager"
67330,"20131008",103102,"High Risk","Unclean hands or improper use of gloves"
67330,"20131008",103131,"Moderate Risk","Moderate risk vermin infestation"
67330,"20131008",103103,"High Risk","High risk food holding temperature "
67330,"20131008",103124,"Moderate Risk","Inadequately cleaned or sanitized food contact surfaces"
67330,"20131008",103108,"High Risk","Contaminated or adulterated food"
67330,"20130404",103161,"Low Risk","Low risk vermin infestation"
67330,"20130404",103120,"Moderate Risk","Moderate risk food holding temperature "
67330,"20130404",103119,"Moderate Risk","Inadequate and inaccessible handwashing facilities"
67330,"20140221",103133,"Moderate Risk","Foods not protected from contamination"
67330,"20140221",103120,"Moderate Risk","Moderate risk food holding temperature "
67330,"20130124",103102,"High Risk","Unclean hands or improper use of gloves"
67330,"20130124",103103,"High Risk","High risk food holding temperature "
67330,"20130124",103108,"High Risk","Contaminated or adulterated food"
67330,"20130124",103131,"Moderate Risk","Moderate risk vermin infestation"
67330,"20140603",103108,"High Risk","Contaminated or adulterated food"
67330,"20140603",103132,"Moderate Risk","Improper thawing methods "
67330,"20140603",103131,"Moderate Risk","Moderate risk vermin infestation"
67330,"20140603",103129,"Moderate Risk","Insufficient hot water or running water"
67330,"20140603",103124,"Moderate Risk","Inadequately cleaned or sanitized food contact surfaces"
67356,"20140903",103124,"Moderate Risk","Inadequately cleaned or sanitized food contact surfaces"
67356,"20130618",103142,"Low Risk","Unclean nonfood contact surfaces"
67356,"20130618",103105,"High Risk","Improper cooling methods"
67356,"20130618",103162,"Low Risk","Other low risk violation"
67356,"20130618",103154,"Low Risk","Unclean or degraded floors walls or ceilings"
67356,"20130618",103114,"High Risk","High risk vermin infestation"
67356,"20130618",103138,"Low Risk","Improper storage use or identification of toxic substances"
67356,"20130618",103144,"Low Risk","Unapproved or unmaintained equipment or utensils"
67357,"20141103",103147,"Low Risk","Inadequate ventilation or lighting"
67357,"20141103",103102,"High Risk","Unclean hands or improper use of gloves"
67357,"20131021",103154,"Low Risk","Unclean or degraded floors walls or ceilings"
67357,"20120801",103101,"High Risk","Unreported or unrestricted ill employee with communicable disease"
67357,"20121214",103144,"Low Risk","Unapproved or unmaintained equipment or utensils"
67357,"20140604",103149,"Low Risk","Wiping cloths not clean or properly stored or inadequate sanitizer"
67359,"20150121",103132,"Moderate Risk","Improper thawing methods "
67359,"20150121",103139,"Low Risk","Improper food storage"
67359,"20150121",103144,"Low Risk","Unapproved or unmaintained equipment or utensils"
67359,"20140115",103116,"Moderate Risk","Inadequate food safety knowledge or lack of certified food safety manager"
67359,"20140115",103109,"High Risk","Unclean or unsanitary food contact surfaces"
67359,"20130503",103149,"Low Risk","Wiping cloths not clean or properly stored or inadequate sanitizer"
67359,"20130503",103120,"Moderate Risk","Moderate risk food holding temperature "
67359,"20130503",103142,"Low Risk","Unclean nonfood contact surfaces"
67371,"20150218",103144,"Low Risk","Unapproved or unmaintained equipment or utensils"
67371,"20150218",103154,"Low Risk","Unclean or degraded floors walls or ceilings"
67371,"20150218",103108,"High Risk","Contaminated or adulterated food"
67371,"20150218",103109,"High Risk","Unclean or unsanitary food contact surfaces"
67371,"20150218",103114,"High Risk","High risk vermin infestation"
67371,"20150218",103116,"Moderate Risk","Inadequate food safety knowledge or lack of certified food safety manager"
67371,"20150218",103120,"Moderate Risk","Moderate risk food holding temperature "
67371,"20131029",103120,"Moderate Risk","Moderate risk food holding temperature "
67371,"20131029",103144,"Low Risk","Unapproved or unmaintained equipment or utensils"
67371,"20131029",103102,"High Risk","Unclean hands or improper use of gloves"
67371,"20131029",103142,"Low Risk","Unclean nonfood contact surfaces"
67371,"20131029",103124,"Moderate Risk","Inadequately cleaned or sanitized food contact surfaces"
67371,"20131029",103131,"Moderate Risk","Moderate risk vermin infestation"
67371,"20131029",103105,"High Risk","Improper cooling methods"
67371,"20131029",103133,"Moderate Risk","Foods not protected from contamination"
67371,"20130206",103142,"Low Risk","Unclean nonfood contact surfaces"
67371,"20130206",103139,"Low Risk","Improper food storage"
67371,"20130206",103105,"High Risk","Improper cooling methods"
67371,"20130206",103120,"Moderate Risk","Moderate risk food holding temperature "
67371,"20130206",103131,"Moderate Risk","Moderate risk vermin infestation"
67371,"20140619",103149,"Low Risk","Wiping cloths not clean or properly stored or inadequate sanitizer"
67371,"20140619",103103,"High Risk","High risk food holding temperature "
67371,"20140619",103142,"Low Risk","Unclean nonfood contact surfaces"
67371,"20140619",103144,"Low Risk","Unapproved or unmaintained equipment or utensils"
67371,"20140619",103133,"Moderate Risk","Foods not protected from contamination"
67371,"20140619",103131,"Moderate Risk","Moderate risk vermin infestation"
67371,"20140619",103123,"Moderate Risk","Food in poor condition"
67374,"20150423",103157,"Low Risk","Food safety certificate or food handler card not available"
67374,"20150423",103114,"High Risk","High risk vermin infestation"
67374,"20150423",103144,"Low Risk","Unapproved or unmaintained equipment or utensils"
67374,"20150423",103154,"Low Risk","Unclean or degraded floors walls or ceilings"
67374,"20131001",103161,"Low Risk","Low risk vermin infestation"
67374,"20131001",103154,"Low Risk","Unclean or degraded floors walls or ceilings"
67374,"20140401",103161,"Low Risk","Low risk vermin infestation"
67374,"20140401",103119,"Moderate Risk","Inadequate and inaccessible handwashing facilities"
67374,"20121213",103109,"High Risk","Unclean or unsanitary food contact surfaces"
67374,"20121213",103154,"Low Risk","Unclean or degraded floors walls or ceilings"
67374,"20121213",103145,"Low Risk","Improper storage of equipment utensils or linens"
67385,"20150421",103119,"Moderate Risk","Inadequate and inaccessible handwashing facilities"
67385,"20150421",103152,"Low Risk","Unclean unmaintained or improperly constructed toilet facilities"
67385,"20131212",103149,"Low Risk","Wiping cloths not clean or properly stored or inadequate sanitizer"
67385,"20121102",103144,"Low Risk","Unapproved or unmaintained equipment or utensils"
67385,"20121102",103156,"Low Risk","Permit license or inspection report not posted"
67385,"20121102",103145,"Low Risk","Improper storage of equipment utensils or linens"
67385,"20121102",103152,"Low Risk","Unclean unmaintained or improperly constructed toilet facilities"
67385,"20121102",103157,"Low Risk","Food safety certificate or food handler card not available"
67417,"20150605",103157,"Low Risk","Food safety certificate or food handler card not available"
67417,"20140218",103149,"Low Risk","Wiping cloths not clean or properly stored or inadequate sanitizer"
67417,"20140218",103144,"Low Risk","Unapproved or unmaintained equipment or utensils"
67417,"20120806",103149,"Low Risk","Wiping cloths not clean or properly stored or inadequate sanitizer"
67417,"20130213",103149,"Low Risk","Wiping cloths not clean or properly stored or inadequate sanitizer"
67417,"20130213",103119,"Moderate Risk","Inadequate and inaccessible handwashing facilities"
67424,"20141029",103133,"Moderate Risk","Foods not protected from contamination"
67424,"20140110",103139,"Low Risk","Improper food storage"
67424,"20140110",103145,"Low Risk","Improper storage of equipment utensils or linens"
67424,"20140110",103154,"Low Risk","Unclean or degraded floors walls or ceilings"
67424,"20140110",103124,"Moderate Risk","Inadequately cleaned or sanitized food contact surfaces"
67424,"20130524",103119,"Moderate Risk","Inadequate and inaccessible handwashing facilities"
67424,"20130524",103139,"Low Risk","Improper food storage"
67424,"20130524",103154,"Low Risk","Unclean or degraded floors walls or ceilings"
67424,"20130524",103156,"Low Risk","Permit license or inspection report not posted"
67424,"20121003",103144,"Low Risk","Unapproved or unmaintained equipment or utensils"
67424,"20121003",103154,"Low Risk","Unclean or degraded floors walls or ceilings"
67424,"20121003",103139,"Low Risk","Improper food storage"
67424,"20121003",103133,"Moderate Risk","Foods not protected from contamination"
67427,"20150120",103133,"Moderate Risk","Foods not protected from contamination"
67427,"20150120",103145,"Low Risk","Improper storage of equipment utensils or linens"
67427,"20131210",103131,"Moderate Risk","Moderate risk vermin infestation"
67427,"20130308",103154,"Low Risk","Unclean or degraded floors walls or ceilings"
67427,"20120831",103102,"High Risk","Unclean hands or improper use of gloves"
67427,"20120831",103139,"Low Risk","Improper food storage"
67427,"20120831",103149,"Low Risk","Wiping cloths not clean or properly stored or inadequate sanitizer"
67427,"20120831",103133,"Moderate Risk","Foods not protected from contamination"
67427,"20140703",103131,"Moderate Risk","Moderate risk vermin infestation"
67432,"20130626",103120,"Moderate Risk","Moderate risk food holding temperature "
67432,"20130626",103127,"Moderate Risk","Noncompliance with HAACP plan or variance"
67432,"20140306",103120,"Moderate Risk","Moderate risk food holding temperature "
67432,"20140306",103133,"Moderate Risk","Foods not protected from contamination"
67432,"20140306",103149,"Low Risk","Wiping cloths not clean or properly stored or inadequate sanitizer"
67432,"20120620",103102,"High Risk","Unclean hands or improper use of gloves"
67432,"20120620",103109,"High Risk","Unclean or unsanitary food contact surfaces"
67432,"20120620",103120,"Moderate Risk","Moderate risk food holding temperature "
67432,"20120620",103133,"Moderate Risk","Foods not protected from contamination"
67446,"20131025",103106,"High Risk","Improper cooking time or temperatures"
67446,"20130307",103119,"Moderate Risk","Inadequate and inaccessible handwashing facilities"
67446,"20130307",103103,"High Risk","High risk food holding temperature "
67446,"20130307",103148,"Low Risk","No thermometers or uncalibrated thermometers "
67448,"20150527",103133,"Moderate Risk","Foods not protected from contamination"
67448,"20150527",103132,"Moderate Risk","Improper thawing methods "
67448,"20150527",103109,"High Risk","Unclean or unsanitary food contact surfaces"
67448,"20150527",103105,"High Risk","Improper cooling methods"
67448,"20130904",103154,"Low Risk","Unclean or degraded floors walls or ceilings"
67448,"20130904",103103,"High Risk","High risk food holding temperature "
67448,"20130904",103109,"High Risk","Unclean or unsanitary food contact surfaces"
67448,"20140505",103120,"Moderate Risk","Moderate risk food holding temperature "
67448,"20140505",103145,"Low Risk","Improper storage of equipment utensils or linens"
67448,"20140505",103139,"Low Risk","Improper food storage"
67448,"20140505",103129,"Moderate Risk","Insufficient hot water or running water"
67448,"20121127",103124,"Moderate Risk","Inadequately cleaned or sanitized food contact surfaces"
67486,"20141028",103120,"Moderate Risk","Moderate risk food holding temperature "
67486,"20141028",103138,"Low Risk","Improper storage use or identification of toxic substances"
67486,"20141028",103153,"Low Risk","Inadequate dressing rooms or improper storage of personal items"
67486,"20150220",103120,"Moderate Risk","Moderate risk food holding temperature "
67486,"20150220",103124,"Moderate Risk","Inadequately cleaned or sanitized food contact surfaces"
67486,"20150220",103139,"Low Risk","Improper food storage"
67486,"20130828",103149,"Low Risk","Wiping cloths not clean or properly stored or inadequate sanitizer"
67486,"20130828",103124,"Moderate Risk","Inadequately cleaned or sanitized food contact surfaces"
67486,"20130828",103123,"Moderate Risk","Food in poor condition"
67486,"20130828",103143,"Low Risk","Inadequate warewashing facilities or equipment"
67486,"20130828",103119,"Moderate Risk","Inadequate and inaccessible handwashing facilities"
67486,"20130404",103173,"Moderate Risk","Mobile food facility stored in unapproved location"
67486,"20130404",103130,"Moderate Risk","Inadequate sewage or wastewater disposal"
67486,"20120825",103156,"Low Risk","Permit license or inspection report not posted"
67486,"20140520",103124,"Moderate Risk","Inadequately cleaned or sanitized food contact surfaces"
67486,"20140520",103162,"Low Risk","Other low risk violation"
67489,"20150402",103154,"Low Risk","Unclean or degraded floors walls or ceilings"
67489,"20150402",103131,"Moderate Risk","Moderate risk vermin infestation"
67489,"20140313",103143,"Low Risk","Inadequate warewashing facilities or equipment"
67489,"20140313",103147,"Low Risk","Inadequate ventilation or lighting"
67489,"20140313",103157,"Low Risk","Food safety certificate or food handler card not available"
67492,"20150605",103105,"High Risk","Improper cooling methods"
67492,"20150605",103120,"Moderate Risk","Moderate risk food holding temperature "
67492,"20130917",103133,"Moderate Risk","Foods not protected from contamination"
67492,"20130917",103139,"Low Risk","Improper food storage"
67492,"20140422",103156,"Low Risk","Permit license or inspection report not posted"
67492,"20140422",103161,"Low Risk","Low risk vermin infestation"
67492,"20140422",103159,"Low Risk","Worker safety hazards"
67492,"20140422",103143,"Low Risk","Inadequate warewashing facilities or equipment"
67492,"20140422",103144,"Low Risk","Unapproved or unmaintained equipment or utensils"
67492,"20121206",103142,"Low Risk","Unclean nonfood contact surfaces"
67492,"20121206",103105,"High Risk","Improper cooling methods"
67492,"20121206",103108,"High Risk","Contaminated or adulterated food"
67492,"20121206",103124,"Moderate Risk","Inadequately cleaned or sanitized food contact surfaces"
67492,"20121206",103139,"Low Risk","Improper food storage"
67494,"20131127",103119,"Moderate Risk","Inadequate and inaccessible handwashing facilities"
67494,"20121205",103156,"Low Risk","Permit license or inspection report not posted"
67494,"20121205",103129,"Moderate Risk","Insufficient hot water or running water"
67495,"20141103",103145,"Low Risk","Improper storage of equipment utensils or linens"
67495,"20141103",103154,"Low Risk","Unclean or degraded floors walls or ceilings"
67495,"20131230",103143,"Low Risk","Inadequate warewashing facilities or equipment"
67495,"20120625",103144,"Low Risk","Unapproved or unmaintained equipment or utensils"
67495,"20120625",103120,"Moderate Risk","Moderate risk food holding temperature "
67495,"20130219",103120,"Moderate Risk","Moderate risk food holding temperature "
67495,"20130219",103124,"Moderate Risk","Inadequately cleaned or sanitized food contact surfaces"
67495,"20130219",103152,"Low Risk","Unclean unmaintained or improperly constructed toilet facilities"
67500,"20131218",103133,"Moderate Risk","Foods not protected from contamination"
67500,"20131218",103142,"Low Risk","Unclean nonfood contact surfaces"
67500,"20131218",103144,"Low Risk","Unapproved or unmaintained equipment or utensils"
67500,"20131218",103116,"Moderate Risk","Inadequate food safety knowledge or lack of certified food safety manager"
67500,"20131218",103124,"Moderate Risk","Inadequately cleaned or sanitized food contact surfaces"
67500,"20131218",103120,"Moderate Risk","Moderate risk food holding temperature "
67501,"20141002",103154,"Low Risk","Unclean or degraded floors walls or ceilings"
67501,"20141002",103131,"Moderate Risk","Moderate risk vermin infestation"
67501,"20141002",103120,"Moderate Risk","Moderate risk food holding temperature "
67501,"20140219",103120,"Moderate Risk","Moderate risk food holding temperature "
67501,"20140219",103124,"Moderate Risk","Inadequately cleaned or sanitized food contact surfaces"
67501,"20120621",103120,"Moderate Risk","Moderate risk food holding temperature "
67501,"20130219",103157,"Low Risk","Food safety certificate or food handler card not available"
67510,"20141231",103142,"Low Risk","Unclean nonfood contact surfaces"
67510,"20141231",103114,"High Risk","High risk vermin infestation"
67510,"20141231",103154,"Low Risk","Unclean or degraded floors walls or ceilings"
67510,"20141231",103150,"Low Risk","Improper or defective plumbing"
67510,"20141231",103144,"Low Risk","Unapproved or unmaintained equipment or utensils"
67510,"20130621",103120,"Moderate Risk","Moderate risk food holding temperature "
67510,"20130621",103156,"Low Risk","Permit license or inspection report not posted"
67514,"20141105",103119,"Moderate Risk","Inadequate and inaccessible handwashing facilities"
67514,"20141105",103139,"Low Risk","Improper food storage"
67514,"20141105",103116,"Moderate Risk","Inadequate food safety knowledge or lack of certified food safety manager"
67514,"20131218",103153,"Low Risk","Inadequate dressing rooms or improper storage of personal items"
67514,"20131218",103156,"Low Risk","Permit license or inspection report not posted"
67514,"20131218",103102,"High Risk","Unclean hands or improper use of gloves"
67514,"20131218",103119,"Moderate Risk","Inadequate and inaccessible handwashing facilities"
67514,"20130613",103116,"Moderate Risk","Inadequate food safety knowledge or lack of certified food safety manager"
67514,"20130613",103102,"High Risk","Unclean hands or improper use of gloves"
67515,"20141120",103134,"Moderate Risk","Other moderate risk violation"
67515,"20141119",103114,"High Risk","High risk vermin infestation"
67515,"20141119",103120,"Moderate Risk","Moderate risk food holding temperature "
67515,"20141119",103124,"Moderate Risk","Inadequately cleaned or sanitized food contact surfaces"
67515,"20141119",103144,"Low Risk","Unapproved or unmaintained equipment or utensils"
67515,"20141119",103156,"Low Risk","Permit license or inspection report not posted"
67515,"20130808",103149,"Low Risk","Wiping cloths not clean or properly stored or inadequate sanitizer"
67515,"20130808",103132,"Moderate Risk","Improper thawing methods "
67515,"20130808",103147,"Low Risk","Inadequate ventilation or lighting"
67515,"20140311",103133,"Moderate Risk","Foods not protected from contamination"
67515,"20140311",103154,"Low Risk","Unclean or degraded floors walls or ceilings"
67515,"20121205",103104,"High Risk","Unauthorized or unsafe use of time as a public health control measure"
67515,"20121205",103114,"High Risk","High risk vermin infestation"
67515,"20121205",103124,"Moderate Risk","Inadequately cleaned or sanitized food contact surfaces"
67515,"20121205",103148,"Low Risk","No thermometers or uncalibrated thermometers "
67534,"20130327",103103,"High Risk","High risk food holding temperature "
67543,"20140614",103143,"Low Risk","Inadequate warewashing facilities or equipment"
67545,"20130620",103109,"High Risk","Unclean or unsanitary food contact surfaces"
67545,"20130620",103119,"Moderate Risk","Inadequate and inaccessible handwashing facilities"
67545,"20140606",103119,"Moderate Risk","Inadequate and inaccessible handwashing facilities"
67552,"20140904",103103,"High Risk","High risk food holding temperature "
67552,"20140123",103154,"Low Risk","Unclean or degraded floors walls or ceilings"
67552,"20140123",103124,"Moderate Risk","Inadequately cleaned or sanitized food contact surfaces"
67552,"20130619",103120,"Moderate Risk","Moderate risk food holding temperature "
67552,"20130619",103143,"Low Risk","Inadequate warewashing facilities or equipment"
67552,"20130619",103149,"Low Risk","Wiping cloths not clean or properly stored or inadequate sanitizer"
67552,"20120907",103103,"High Risk","High risk food holding temperature "
67552,"20120907",103150,"Low Risk","Improper or defective plumbing"
67554,"20140917",103131,"Moderate Risk","Moderate risk vermin infestation"
67554,"20140917",103124,"Moderate Risk","Inadequately cleaned or sanitized food contact surfaces"
67554,"20140917",103142,"Low Risk","Unclean nonfood contact surfaces"
67554,"20131024",103124,"Moderate Risk","Inadequately cleaned or sanitized food contact surfaces"
67554,"20131024",103119,"Moderate Risk","Inadequate and inaccessible handwashing facilities"
67554,"20131024",103148,"Low Risk","No thermometers or uncalibrated thermometers "
67554,"20130107",103145,"Low Risk","Improper storage of equipment utensils or linens"
67554,"20130107",103109,"High Risk","Unclean or unsanitary food contact surfaces"
67554,"20130107",103118,"Moderate Risk","Employee eating or smoking"
67554,"20130107",103143,"Low Risk","Inadequate warewashing facilities or equipment"
67558,"20140102",103142,"Low Risk","Unclean nonfood contact surfaces"
67558,"20120618",103157,"Low Risk","Food safety certificate or food handler card not available"
67558,"20120618",103139,"Low Risk","Improper food storage"
67558,"20140714",103154,"Low Risk","Unclean or degraded floors walls or ceilings"
67558,"20140714",103147,"Low Risk","Inadequate ventilation or lighting"
67558,"20140714",103150,"Low Risk","Improper or defective plumbing"
67564,"20130821",103138,"Low Risk","Improper storage use or identification of toxic substances"
67564,"20130821",103124,"Moderate Risk","Inadequately cleaned or sanitized food contact surfaces"
67564,"20130821",103105,"High Risk","Improper cooling methods"
67564,"20130821",103154,"Low Risk","Unclean or degraded floors walls or ceilings"
67564,"20130821",103142,"Low Risk","Unclean nonfood contact surfaces"
67564,"20130821",103144,"Low Risk","Unapproved or unmaintained equipment or utensils"
67564,"20130821",103145,"Low Risk","Improper storage of equipment utensils or linens"
67564,"20130821",103133,"Moderate Risk","Foods not protected from contamination"
67564,"20121203",103149,"Low Risk","Wiping cloths not clean or properly stored or inadequate sanitizer"
67564,"20121203",103139,"Low Risk","Improper food storage"
67564,"20121203",103154,"Low Risk","Unclean or degraded floors walls or ceilings"
67564,"20121203",103114,"High Risk","High risk vermin infestation"
67564,"20140807",103124,"Moderate Risk","Inadequately cleaned or sanitized food contact surfaces"
67564,"20140807",103103,"High Risk","High risk food holding temperature "
67564,"20140807",103161,"Low Risk","Low risk vermin infestation"
67564,"20140807",103105,"High Risk","Improper cooling methods"
67564,"20140807",103154,"Low Risk","Unclean or degraded floors walls or ceilings"
67564,"20140807",103145,"Low Risk","Improper storage of equipment utensils or linens"
67564,"20140807",103144,"Low Risk","Unapproved or unmaintained equipment or utensils"
67565,"20140317",103132,"Moderate Risk","Improper thawing methods "
67565,"20140317",103105,"High Risk","Improper cooling methods"
67565,"20140317",103138,"Low Risk","Improper storage use or identification of toxic substances"
67565,"20120619",103120,"Moderate Risk","Moderate risk food holding temperature "
67565,"20120619",103154,"Low Risk","Unclean or degraded floors walls or ceilings"
67565,"20120619",103142,"Low Risk","Unclean nonfood contact surfaces"
67565,"20120619",103139,"Low Risk","Improper food storage"
67565,"20130225",103120,"Moderate Risk","Moderate risk food holding temperature "
67565,"20130225",103119,"Moderate Risk","Inadequate and inaccessible handwashing facilities"
67565,"20130225",103105,"High Risk","Improper cooling methods"
67565,"20130225",103139,"Low Risk","Improper food storage"
67565,"20130225",103144,"Low Risk","Unapproved or unmaintained equipment or utensils"
67565,"20130225",103161,"Low Risk","Low risk vermin infestation"
67565,"20140804",103144,"Low Risk","Unapproved or unmaintained equipment or utensils"
67565,"20140804",103103,"High Risk","High risk food holding temperature "
67565,"20140804",103124,"Moderate Risk","Inadequately cleaned or sanitized food contact surfaces"
67567,"20130628",103142,"Low Risk","Unclean nonfood contact surfaces"
67567,"20140113",103130,"Moderate Risk","Inadequate sewage or wastewater disposal"
67567,"20140113",103142,"Low Risk","Unclean nonfood contact surfaces"
67567,"20121207",103161,"Low Risk","Low risk vermin infestation"
67567,"20121207",103133,"Moderate Risk","Foods not protected from contamination"
67567,"20121207",103154,"Low Risk","Unclean or degraded floors walls or ceilings"
67567,"20140616",103142,"Low Risk","Unclean nonfood contact surfaces"
67572,"20141103",103103,"High Risk","High risk food holding temperature "
67572,"20141103",103105,"High Risk","Improper cooling methods"
67572,"20150505",103149,"Low Risk","Wiping cloths not clean or properly stored or inadequate sanitizer"
67572,"20131115",103153,"Low Risk","Inadequate dressing rooms or improper storage of personal items"
67572,"20131115",103145,"Low Risk","Improper storage of equipment utensils or linens"
67572,"20130607",103119,"Moderate Risk","Inadequate and inaccessible handwashing facilities"
67572,"20130607",103161,"Low Risk","Low risk vermin infestation"
67572,"20120613",103105,"High Risk","Improper cooling methods"
67572,"20140506",103162,"Low Risk","Other low risk violation"
67572,"20140506",103105,"High Risk","Improper cooling methods"
67584,"20140103",103124,"Moderate Risk","Inadequately cleaned or sanitized food contact surfaces"
67584,"20140103",103119,"Moderate Risk","Inadequate and inaccessible handwashing facilities"
67584,"20130404",103120,"Moderate Risk","Moderate risk food holding temperature "
67584,"20130404",103124,"Moderate Risk","Inadequately cleaned or sanitized food contact surfaces"
67584,"20130404",103157,"Low Risk","Food safety certificate or food handler card not available"
67584,"20130404",103133,"Moderate Risk","Foods not protected from contamination"
67584,"20121121",103154,"Low Risk","Unclean or degraded floors walls or ceilings"
67584,"20121121",103119,"Moderate Risk","Inadequate and inaccessible handwashing facilities"
67584,"20121121",103112,"High Risk","No hot water or running water"
67584,"20121121",103157,"Low Risk","Food safety certificate or food handler card not available"
67587,"20150318",103124,"Moderate Risk","Inadequately cleaned or sanitized food contact surfaces"
67587,"20150318",103145,"Low Risk","Improper storage of equipment utensils or linens"
67587,"20150318",103149,"Low Risk","Wiping cloths not clean or properly stored or inadequate sanitizer"
67587,"20150318",103120,"Moderate Risk","Moderate risk food holding temperature "
67587,"20140203",103120,"Moderate Risk","Moderate risk food holding temperature "
67587,"20140203",103138,"Low Risk","Improper storage use or identification of toxic substances"
67587,"20140203",103149,"Low Risk","Wiping cloths not clean or properly stored or inadequate sanitizer"
67587,"20120706",103119,"Moderate Risk","Inadequate and inaccessible handwashing facilities"
67587,"20130107",103147,"Low Risk","Inadequate ventilation or lighting"
67587,"20130107",103149,"Low Risk","Wiping cloths not clean or properly stored or inadequate sanitizer"
67587,"20130107",103139,"Low Risk","Improper food storage"
67590,"20130605",103123,"Moderate Risk","Food in poor condition"
67590,"20130605",103143,"Low Risk","Inadequate warewashing facilities or equipment"
67590,"20121113",103150,"Low Risk","Improper or defective plumbing"
67590,"20121113",103142,"Low Risk","Unclean nonfood contact surfaces"
67590,"20140528",103154,"Low Risk","Unclean or degraded floors walls or ceilings"
67590,"20140528",103108,"High Risk","Contaminated or adulterated food"
67590,"20140528",103114,"High Risk","High risk vermin infestation"
67590,"20140528",103144,"Low Risk","Unapproved or unmaintained equipment or utensils"
67596,"20150427",103120,"Moderate Risk","Moderate risk food holding temperature "
67596,"20150427",103132,"Moderate Risk","Improper thawing methods "
67596,"20150427",103109,"High Risk","Unclean or unsanitary food contact surfaces"
67596,"20150427",103105,"High Risk","Improper cooling methods"
67596,"20130508",103157,"Low Risk","Food safety certificate or food handler card not available"
67596,"20130508",103106,"High Risk","Improper cooking time or temperatures"
67596,"20130508",103133,"Moderate Risk","Foods not protected from contamination"
67596,"20130508",103124,"Moderate Risk","Inadequately cleaned or sanitized food contact surfaces"
67596,"20130508",103142,"Low Risk","Unclean nonfood contact surfaces"
67596,"20130508",103147,"Low Risk","Inadequate ventilation or lighting"
67596,"20130508",103161,"Low Risk","Low risk vermin infestation"
67596,"20130508",103105,"High Risk","Improper cooling methods"
67596,"20130508",103144,"Low Risk","Unapproved or unmaintained equipment or utensils"
67596,"20140211",103120,"Moderate Risk","Moderate risk food holding temperature "
67596,"20140211",103144,"Low Risk","Unapproved or unmaintained equipment or utensils"
67596,"20140211",103139,"Low Risk","Improper food storage"
67596,"20140211",103149,"Low Risk","Wiping cloths not clean or properly stored or inadequate sanitizer"
67596,"20140211",103133,"Moderate Risk","Foods not protected from contamination"
67596,"20140211",103154,"Low Risk","Unclean or degraded floors walls or ceilings"
67596,"20140211",103147,"Low Risk","Inadequate ventilation or lighting"
67596,"20140211",103156,"Low Risk","Permit license or inspection report not posted"
67596,"20140211",103105,"High Risk","Improper cooling methods"
67596,"20140211",103161,"Low Risk","Low risk vermin infestation"
67596,"20120926",103144,"Low Risk","Unapproved or unmaintained equipment or utensils"
67596,"20120926",103142,"Low Risk","Unclean nonfood contact surfaces"
67596,"20120926",103103,"High Risk","High risk food holding temperature "
67596,"20120926",103133,"Moderate Risk","Foods not protected from contamination"
67596,"20120926",103105,"High Risk","Improper cooling methods"
67602,"20141125",103124,"Moderate Risk","Inadequately cleaned or sanitized food contact surfaces"
67602,"20141125",103156,"Low Risk","Permit license or inspection report not posted"
67602,"20130909",103138,"Low Risk","Improper storage use or identification of toxic substances"
67602,"20130909",103153,"Low Risk","Inadequate dressing rooms or improper storage of personal items"
67602,"20140417",103120,"Moderate Risk","Moderate risk food holding temperature "
67602,"20120824",103138,"Low Risk","Improper storage use or identification of toxic substances"
67602,"20120824",103142,"Low Risk","Unclean nonfood contact surfaces"
67602,"20130227",103142,"Low Risk","Unclean nonfood contact surfaces"
67602,"20130227",103138,"Low Risk","Improper storage use or identification of toxic substances"
67606,"20150318",103153,"Low Risk","Inadequate dressing rooms or improper storage of personal items"
67606,"20150318",103124,"Moderate Risk","Inadequately cleaned or sanitized food contact surfaces"
67606,"20131120",103124,"Moderate Risk","Inadequately cleaned or sanitized food contact surfaces"
67606,"20131120",103143,"Low Risk","Inadequate warewashing facilities or equipment"
67606,"20131120",103162,"Low Risk","Other low risk violation"
67606,"20140115",103124,"Moderate Risk","Inadequately cleaned or sanitized food contact surfaces"
67606,"20140115",103143,"Low Risk","Inadequate warewashing facilities or equipment"
67606,"20140115",103120,"Moderate Risk","Moderate risk food holding temperature "
67606,"20121015",103124,"Moderate Risk","Inadequately cleaned or sanitized food contact surfaces"
67606,"20121015",103149,"Low Risk","Wiping cloths not clean or properly stored or inadequate sanitizer"
67612,"20130903",103124,"Moderate Risk","Inadequately cleaned or sanitized food contact surfaces"
67612,"20130903",103145,"Low Risk","Improper storage of equipment utensils or linens"
67612,"20130903",103133,"Moderate Risk","Foods not protected from contamination"
67612,"20140228",103133,"Moderate Risk","Foods not protected from contamination"
67612,"20140228",103145,"Low Risk","Improper storage of equipment utensils or linens"
67612,"20121030",103149,"Low Risk","Wiping cloths not clean or properly stored or inadequate sanitizer"
67612,"20121030",103102,"High Risk","Unclean hands or improper use of gloves"
67614,"20141014",103131,"Moderate Risk","Moderate risk vermin infestation"
67614,"20141014",103156,"Low Risk","Permit license or inspection report not posted"
67614,"20141014",103109,"High Risk","Unclean or unsanitary food contact surfaces"
67614,"20141014",103105,"High Risk","Improper cooling methods"
67614,"20130321",103119,"Moderate Risk","Inadequate and inaccessible handwashing facilities"
67614,"20130321",103153,"Low Risk","Inadequate dressing rooms or improper storage of personal items"
67614,"20140312",103114,"High Risk","High risk vermin infestation"
67614,"20140312",103139,"Low Risk","Improper food storage"
67614,"20140312",103154,"Low Risk","Unclean or degraded floors walls or ceilings"
67614,"20140312",103109,"High Risk","Unclean or unsanitary food contact surfaces"
67614,"20140312",103113,"High Risk","Sewage or wastewater contamination"
67615,"20141210",103116,"Moderate Risk","Inadequate food safety knowledge or lack of certified food safety manager"
67615,"20141210",103103,"High Risk","High risk food holding temperature "
67615,"20140501",103154,"Low Risk","Unclean or degraded floors walls or ceilings"
67615,"20140501",103103,"High Risk","High risk food holding temperature "
67615,"20130215",103103,"High Risk","High risk food holding temperature "
67617,"20121009",103120,"Moderate Risk","Moderate risk food holding temperature "
67617,"20121009",103139,"Low Risk","Improper food storage"
67617,"20121009",103144,"Low Risk","Unapproved or unmaintained equipment or utensils"
67617,"20121009",103154,"Low Risk","Unclean or degraded floors walls or ceilings"
67657,"20150127",103105,"High Risk","Improper cooling methods"
67657,"20150127",103119,"Moderate Risk","Inadequate and inaccessible handwashing facilities"
67657,"20150127",103131,"Moderate Risk","Moderate risk vermin infestation"
67657,"20120821",103139,"Low Risk","Improper food storage"
67657,"20140610",103119,"Moderate Risk","Inadequate and inaccessible handwashing facilities"
67676,"20150518",103139,"Low Risk","Improper food storage"
67676,"20150518",103149,"Low Risk","Wiping cloths not clean or properly stored or inadequate sanitizer"
67676,"20150518",103150,"Low Risk","Improper or defective plumbing"
67676,"20130801",103132,"Moderate Risk","Improper thawing methods "
67676,"20120712",103119,"Moderate Risk","Inadequate and inaccessible handwashing facilities"
67683,"20130219",103154,"Low Risk","Unclean or degraded floors walls or ceilings"
67683,"20130219",103156,"Low Risk","Permit license or inspection report not posted"
67685,"20130918",103120,"Moderate Risk","Moderate risk food holding temperature "
67685,"20120620",103139,"Low Risk","Improper food storage"
67685,"20130219",103156,"Low Risk","Permit license or inspection report not posted"
67688,"20130918",103142,"Low Risk","Unclean nonfood contact surfaces"
67688,"20130918",103144,"Low Risk","Unapproved or unmaintained equipment or utensils"
67688,"20130219",103156,"Low Risk","Permit license or inspection report not posted"
67688,"20130219",103144,"Low Risk","Unapproved or unmaintained equipment or utensils"
67690,"20130625",103124,"Moderate Risk","Inadequately cleaned or sanitized food contact surfaces"
67690,"20130625",103145,"Low Risk","Improper storage of equipment utensils or linens"
67690,"20130625",103144,"Low Risk","Unapproved or unmaintained equipment or utensils"
67690,"20120918",103139,"Low Risk","Improper food storage"
67690,"20120918",103149,"Low Risk","Wiping cloths not clean or properly stored or inadequate sanitizer"
67690,"20120918",103144,"Low Risk","Unapproved or unmaintained equipment or utensils"
67690,"20140723",103120,"Moderate Risk","Moderate risk food holding temperature "
67690,"20140723",103138,"Low Risk","Improper storage use or identification of toxic substances"
67690,"20140723",103119,"Moderate Risk","Inadequate and inaccessible handwashing facilities"
67691,"20130918",103124,"Moderate Risk","Inadequately cleaned or sanitized food contact surfaces"
67691,"20130918",103154,"Low Risk","Unclean or degraded floors walls or ceilings"
67691,"20130219",103156,"Low Risk","Permit license or inspection report not posted"
67691,"20130219",103119,"Moderate Risk","Inadequate and inaccessible handwashing facilities"
67691,"20140602",103143,"Low Risk","Inadequate warewashing facilities or equipment"
67691,"20140602",103154,"Low Risk","Unclean or degraded floors walls or ceilings"
67693,"20130918",103124,"Moderate Risk","Inadequately cleaned or sanitized food contact surfaces"
67693,"20140602",103154,"Low Risk","Unclean or degraded floors walls or ceilings"
67693,"20140602",103124,"Moderate Risk","Inadequately cleaned or sanitized food contact surfaces"
67741,"20131008",103119,"Moderate Risk","Inadequate and inaccessible handwashing facilities"
67741,"20131008",103157,"Low Risk","Food safety certificate or food handler card not available"
67741,"20131008",103144,"Low Risk","Unapproved or unmaintained equipment or utensils"
67741,"20131008",103154,"Low Risk","Unclean or degraded floors walls or ceilings"
67741,"20131008",103142,"Low Risk","Unclean nonfood contact surfaces"
67741,"20130205",103145,"Low Risk","Improper storage of equipment utensils or linens"
67741,"20130205",103133,"Moderate Risk","Foods not protected from contamination"
67741,"20130205",103139,"Low Risk","Improper food storage"
67741,"20130205",103142,"Low Risk","Unclean nonfood contact surfaces"
67741,"20130205",103144,"Low Risk","Unapproved or unmaintained equipment or utensils"
67741,"20130205",103132,"Moderate Risk","Improper thawing methods "
67741,"20130205",103157,"Low Risk","Food safety certificate or food handler card not available"
67741,"20130205",103161,"Low Risk","Low risk vermin infestation"
67741,"20130205",103119,"Moderate Risk","Inadequate and inaccessible handwashing facilities"
67741,"20130212",103158,"Low Risk","Unpermitted food facility"
67741,"20130205",103129,"Moderate Risk","Insufficient hot water or running water"
67741,"20140606",103148,"Low Risk","No thermometers or uncalibrated thermometers "
67741,"20140606",103139,"Low Risk","Improper food storage"
67741,"20140606",103124,"Moderate Risk","Inadequately cleaned or sanitized food contact surfaces"
67741,"20140606",103154,"Low Risk","Unclean or degraded floors walls or ceilings"
67741,"20140606",103142,"Low Risk","Unclean nonfood contact surfaces"
67743,"20130924",103154,"Low Risk","Unclean or degraded floors walls or ceilings"
67743,"20130924",103154,"Low Risk","Unclean or degraded floors walls or ceilings"
67743,"20130924",103124,"Moderate Risk","Inadequately cleaned or sanitized food contact surfaces"
67743,"20130924",103124,"Moderate Risk","Inadequately cleaned or sanitized food contact surfaces"
67743,"20140207",103103,"High Risk","High risk food holding temperature "
67743,"20140207",103105,"High Risk","Improper cooling methods"
67743,"20140207",103139,"Low Risk","Improper food storage"
67743,"20120801",103144,"Low Risk","Unapproved or unmaintained equipment or utensils"
67743,"20120801",103156,"Low Risk","Permit license or inspection report not posted"
67743,"20120801",103154,"Low Risk","Unclean or degraded floors walls or ceilings"
67743,"20120801",103139,"Low Risk","Improper food storage"
67743,"20120801",103124,"Moderate Risk","Inadequately cleaned or sanitized food contact surfaces"
67743,"20130212",103156,"Low Risk","Permit license or inspection report not posted"
67743,"20130212",103139,"Low Risk","Improper food storage"
67743,"20130212",103103,"High Risk","High risk food holding temperature "
67743,"20130212",103119,"Moderate Risk","Inadequate and inaccessible handwashing facilities"
67743,"20130212",103133,"Moderate Risk","Foods not protected from contamination"
67743,"20130212",103121,"Moderate Risk","Inadequate procedures or records for time as a public health control "
67743,"20140819",103121,"Moderate Risk","Inadequate procedures or records for time as a public health control "
67743,"20140819",103133,"Moderate Risk","Foods not protected from contamination"
67743,"20140819",103145,"Low Risk","Improper storage of equipment utensils or linens"
67743,"20140819",103103,"High Risk","High risk food holding temperature "
67754,"20120710",103142,"Low Risk","Unclean nonfood contact surfaces"
67754,"20120710",103145,"Low Risk","Improper storage of equipment utensils or linens"
67754,"20120710",103139,"Low Risk","Improper food storage"
67754,"20130227",103142,"Low Risk","Unclean nonfood contact surfaces"
67754,"20130227",103139,"Low Risk","Improper food storage"
67786,"20130515",103109,"High Risk","Unclean or unsanitary food contact surfaces"
67786,"20130515",103154,"Low Risk","Unclean or degraded floors walls or ceilings"
67786,"20130515",103156,"Low Risk","Permit license or inspection report not posted"
67786,"20130515",103133,"Moderate Risk","Foods not protected from contamination"
67786,"20130515",103131,"Moderate Risk","Moderate risk vermin infestation"
67786,"20140819",103149,"Low Risk","Wiping cloths not clean or properly stored or inadequate sanitizer"
67786,"20140819",103154,"Low Risk","Unclean or degraded floors walls or ceilings"
67786,"20140819",103120,"Moderate Risk","Moderate risk food holding temperature "
67788,"20121019",103156,"Low Risk","Permit license or inspection report not posted"
67806,"20120615",103131,"Moderate Risk","Moderate risk vermin infestation"
67806,"20120615",103154,"Low Risk","Unclean or degraded floors walls or ceilings"
67806,"20130108",103131,"Moderate Risk","Moderate risk vermin infestation"
67806,"20130108",103116,"Moderate Risk","Inadequate food safety knowledge or lack of certified food safety manager"
67806,"20130108",103145,"Low Risk","Improper storage of equipment utensils or linens"
67807,"20130812",103147,"Low Risk","Inadequate ventilation or lighting"
67807,"20130812",103129,"Moderate Risk","Insufficient hot water or running water"
67807,"20130812",103145,"Low Risk","Improper storage of equipment utensils or linens"
67807,"20130812",103142,"Low Risk","Unclean nonfood contact surfaces"
67808,"20131127",103119,"Moderate Risk","Inadequate and inaccessible handwashing facilities"
67808,"20131127",103149,"Low Risk","Wiping cloths not clean or properly stored or inadequate sanitizer"
67808,"20130513",103120,"Moderate Risk","Moderate risk food holding temperature "
67808,"20121025",103124,"Moderate Risk","Inadequately cleaned or sanitized food contact surfaces"
67808,"20140626",103103,"High Risk","High risk food holding temperature "
67809,"20141219",103120,"Moderate Risk","Moderate risk food holding temperature "
67809,"20141219",103124,"Moderate Risk","Inadequately cleaned or sanitized food contact surfaces"
67809,"20141219",103105,"High Risk","Improper cooling methods"
67809,"20141219",103149,"Low Risk","Wiping cloths not clean or properly stored or inadequate sanitizer"
67809,"20141219",103139,"Low Risk","Improper food storage"
67809,"20141219",103119,"Moderate Risk","Inadequate and inaccessible handwashing facilities"
67809,"20130924",103154,"Low Risk","Unclean or degraded floors walls or ceilings"
67809,"20120917",103133,"Moderate Risk","Foods not protected from contamination"
67809,"20120917",103129,"Moderate Risk","Insufficient hot water or running water"
67815,"20150518",103145,"Low Risk","Improper storage of equipment utensils or linens"
67815,"20150518",103120,"Moderate Risk","Moderate risk food holding temperature "
67815,"20130314",103156,"Low Risk","Permit license or inspection report not posted"
67815,"20130314",103103,"High Risk","High risk food holding temperature "
67815,"20130314",103109,"High Risk","Unclean or unsanitary food contact surfaces"
67815,"20130314",103105,"High Risk","Improper cooling methods"
67815,"20130314",103157,"Low Risk","Food safety certificate or food handler card not available"
67815,"20120801",103157,"Low Risk","Food safety certificate or food handler card not available"
67828,"20150424",103139,"Low Risk","Improper food storage"
67828,"20150424",103162,"Low Risk","Other low risk violation"
67828,"20150424",103154,"Low Risk","Unclean or degraded floors walls or ceilings"
67828,"20150424",103124,"Moderate Risk","Inadequately cleaned or sanitized food contact surfaces"
67828,"20150424",103103,"High Risk","High risk food holding temperature "
67828,"20140314",103145,"Low Risk","Improper storage of equipment utensils or linens"
67828,"20140314",103149,"Low Risk","Wiping cloths not clean or properly stored or inadequate sanitizer"
67828,"20140314",103157,"Low Risk","Food safety certificate or food handler card not available"
67828,"20140314",103119,"Moderate Risk","Inadequate and inaccessible handwashing facilities"
67828,"20130227",103139,"Low Risk","Improper food storage"
67828,"20130227",103149,"Low Risk","Wiping cloths not clean or properly stored or inadequate sanitizer"
67828,"20130227",103143,"Low Risk","Inadequate warewashing facilities or equipment"
67828,"20130227",103138,"Low Risk","Improper storage use or identification of toxic substances"
67833,"20141021",103147,"Low Risk","Inadequate ventilation or lighting"
67833,"20141021",103145,"Low Risk","Improper storage of equipment utensils or linens"
67833,"20141021",103154,"Low Risk","Unclean or degraded floors walls or ceilings"
67833,"20130823",103119,"Moderate Risk","Inadequate and inaccessible handwashing facilities"
67833,"20130823",103138,"Low Risk","Improper storage use or identification of toxic substances"
67833,"20130823",103149,"Low Risk","Wiping cloths not clean or properly stored or inadequate sanitizer"
67833,"20130823",103142,"Low Risk","Unclean nonfood contact surfaces"
67833,"20130823",103144,"Low Risk","Unapproved or unmaintained equipment or utensils"
67833,"20130823",103150,"Low Risk","Improper or defective plumbing"
67833,"20130823",103159,"Low Risk","Worker safety hazards"
67833,"20130823",103139,"Low Risk","Improper food storage"
67833,"20130823",103156,"Low Risk","Permit license or inspection report not posted"
67833,"20140227",103144,"Low Risk","Unapproved or unmaintained equipment or utensils"
67833,"20140227",103150,"Low Risk","Improper or defective plumbing"
67833,"20140227",103156,"Low Risk","Permit license or inspection report not posted"
67833,"20140227",103145,"Low Risk","Improper storage of equipment utensils or linens"
67833,"20140227",103142,"Low Risk","Unclean nonfood contact surfaces"
67833,"20140227",103139,"Low Risk","Improper food storage"
67833,"20140227",103152,"Low Risk","Unclean unmaintained or improperly constructed toilet facilities"
67839,"20141215",103156,"Low Risk","Permit license or inspection report not posted"
67839,"20141215",103131,"Moderate Risk","Moderate risk vermin infestation"
67839,"20141215",103157,"Low Risk","Food safety certificate or food handler card not available"
67839,"20141215",103154,"Low Risk","Unclean or degraded floors walls or ceilings"
67839,"20141215",103142,"Low Risk","Unclean nonfood contact surfaces"
67839,"20140218",103124,"Moderate Risk","Inadequately cleaned or sanitized food contact surfaces"
67839,"20140826",103119,"Moderate Risk","Inadequate and inaccessible handwashing facilities"
67839,"20140826",103124,"Moderate Risk","Inadequately cleaned or sanitized food contact surfaces"
67839,"20140826",103102,"High Risk","Unclean hands or improper use of gloves"
67839,"20140826",103154,"Low Risk","Unclean or degraded floors walls or ceilings"
67840,"20141015",103162,"Low Risk","Other low risk violation"
67840,"20141015",103136,"Low Risk","Unsanitary employee garments hair or nails"
67840,"20141015",103149,"Low Risk","Wiping cloths not clean or properly stored or inadequate sanitizer"
67840,"20141015",103124,"Moderate Risk","Inadequately cleaned or sanitized food contact surfaces"
67840,"20141015",103120,"Moderate Risk","Moderate risk food holding temperature "
67840,"20141015",103102,"High Risk","Unclean hands or improper use of gloves"
67840,"20150324",103124,"Moderate Risk","Inadequately cleaned or sanitized food contact surfaces"
67840,"20150324",103149,"Low Risk","Wiping cloths not clean or properly stored or inadequate sanitizer"
67840,"20150324",103142,"Low Risk","Unclean nonfood contact surfaces"
67840,"20150324",103103,"High Risk","High risk food holding temperature "
67840,"20130911",103124,"Moderate Risk","Inadequately cleaned or sanitized food contact surfaces"
67840,"20130911",103176,"Moderate Risk","Unsanitary mobile food facility"
67840,"20130911",103102,"High Risk","Unclean hands or improper use of gloves"
67840,"20130911",103147,"Low Risk","Inadequate ventilation or lighting"
67840,"20130911",103149,"Low Risk","Wiping cloths not clean or properly stored or inadequate sanitizer"
67840,"20130911",103103,"High Risk","High risk food holding temperature "
67840,"20130911",103113,"High Risk","Sewage or wastewater contamination"
67840,"20130308",103120,"Moderate Risk","Moderate risk food holding temperature "
67840,"20130308",103133,"Moderate Risk","Foods not protected from contamination"
67840,"20130308",103144,"Low Risk","Unapproved or unmaintained equipment or utensils"
67840,"20130308",103147,"Low Risk","Inadequate ventilation or lighting"
67840,"20140418",103156,"Low Risk","Permit license or inspection report not posted"
67840,"20140418",103120,"Moderate Risk","Moderate risk food holding temperature "
67840,"20140418",103149,"Low Risk","Wiping cloths not clean or properly stored or inadequate sanitizer"
67840,"20140418",103124,"Moderate Risk","Inadequately cleaned or sanitized food contact surfaces"
67840,"20120913",103149,"Low Risk","Wiping cloths not clean or properly stored or inadequate sanitizer"
67840,"20120913",103133,"Moderate Risk","Foods not protected from contamination"
67840,"20120913",103120,"Moderate Risk","Moderate risk food holding temperature "
67847,"20141003",103124,"Moderate Risk","Inadequately cleaned or sanitized food contact surfaces"
67847,"20141003",103157,"Low Risk","Food safety certificate or food handler card not available"
67847,"20141003",103156,"Low Risk","Permit license or inspection report not posted"
67847,"20141003",103103,"High Risk","High risk food holding temperature "
67847,"20130726",103120,"Moderate Risk","Moderate risk food holding temperature "
67847,"20130726",103109,"High Risk","Unclean or unsanitary food contact surfaces"
67847,"20140407",103119,"Moderate Risk","Inadequate and inaccessible handwashing facilities"
67847,"20120620",103119,"Moderate Risk","Inadequate and inaccessible handwashing facilities"
67847,"20120620",103157,"Low Risk","Food safety certificate or food handler card not available"
67856,"20130826",103154,"Low Risk","Unclean or degraded floors walls or ceilings"
67856,"20130826",103153,"Low Risk","Inadequate dressing rooms or improper storage of personal items"
67856,"20130320",103120,"Moderate Risk","Moderate risk food holding temperature "
67856,"20130320",103154,"Low Risk","Unclean or degraded floors walls or ceilings"
67856,"20130320",103157,"Low Risk","Food safety certificate or food handler card not available"
67856,"20130320",103139,"Low Risk","Improper food storage"
67856,"20120918",103120,"Moderate Risk","Moderate risk food holding temperature "
67856,"20120918",103154,"Low Risk","Unclean or degraded floors walls or ceilings"
67856,"20140617",103124,"Moderate Risk","Inadequately cleaned or sanitized food contact surfaces"
67856,"20140617",103133,"Moderate Risk","Foods not protected from contamination"
67856,"20140617",103156,"Low Risk","Permit license or inspection report not posted"
67862,"20150501",103144,"Low Risk","Unapproved or unmaintained equipment or utensils"
67862,"20150501",103147,"Low Risk","Inadequate ventilation or lighting"
67862,"20150501",103119,"Moderate Risk","Inadequate and inaccessible handwashing facilities"
67862,"20150501",103109,"High Risk","Unclean or unsanitary food contact surfaces"
67862,"20150501",103150,"Low Risk","Improper or defective plumbing"
67862,"20150501",103158,"Low Risk","Unpermitted food facility"
67862,"20150501",103132,"Moderate Risk","Improper thawing methods "
67862,"20130626",103154,"Low Risk","Unclean or degraded floors walls or ceilings"
67862,"20140306",103154,"Low Risk","Unclean or degraded floors walls or ceilings"
67862,"20120830",103154,"Low Risk","Unclean or degraded floors walls or ceilings"
67864,"20131008",103124,"Moderate Risk","Inadequately cleaned or sanitized food contact surfaces"
67864,"20131008",103120,"Moderate Risk","Moderate risk food holding temperature "
67864,"20140429",103144,"Low Risk","Unapproved or unmaintained equipment or utensils"
67864,"20140429",103147,"Low Risk","Inadequate ventilation or lighting"
67865,"20140205",103119,"Moderate Risk","Inadequate and inaccessible handwashing facilities"
67865,"20140205",103129,"Moderate Risk","Insufficient hot water or running water"
67865,"20140205",103149,"Low Risk","Wiping cloths not clean or properly stored or inadequate sanitizer"
67865,"20140815",103149,"Low Risk","Wiping cloths not clean or properly stored or inadequate sanitizer"
67865,"20140815",103119,"Moderate Risk","Inadequate and inaccessible handwashing facilities"
67865,"20140815",103121,"Moderate Risk","Inadequate procedures or records for time as a public health control "
67869,"20140820",103144,"Low Risk","Unapproved or unmaintained equipment or utensils"
67869,"20140820",103133,"Moderate Risk","Foods not protected from contamination"
67869,"20140820",103132,"Moderate Risk","Improper thawing methods "
67869,"20140820",103124,"Moderate Risk","Inadequately cleaned or sanitized food contact surfaces"
67869,"20150123",103120,"Moderate Risk","Moderate risk food holding temperature "
67869,"20150123",103109,"High Risk","Unclean or unsanitary food contact surfaces"
67869,"20130905",103133,"Moderate Risk","Foods not protected from contamination"
67869,"20130905",103144,"Low Risk","Unapproved or unmaintained equipment or utensils"
67869,"20130612",103109,"High Risk","Unclean or unsanitary food contact surfaces"
67869,"20130612",103144,"Low Risk","Unapproved or unmaintained equipment or utensils"
67869,"20130612",103133,"Moderate Risk","Foods not protected from contamination"
67869,"20130612",103102,"High Risk","Unclean hands or improper use of gloves"
67869,"20140408",103120,"Moderate Risk","Moderate risk food holding temperature "
67869,"20140408",103132,"Moderate Risk","Improper thawing methods "
67869,"20140408",103162,"Low Risk","Other low risk violation"
67869,"20130205",103139,"Low Risk","Improper food storage"
67869,"20130205",103124,"Moderate Risk","Inadequately cleaned or sanitized food contact surfaces"
67871,"20150507",103120,"Moderate Risk","Moderate risk food holding temperature "
67871,"20130827",103116,"Moderate Risk","Inadequate food safety knowledge or lack of certified food safety manager"
67871,"20130827",103103,"High Risk","High risk food holding temperature "
67871,"20130827",103112,"High Risk","No hot water or running water"
67871,"20140205",103142,"Low Risk","Unclean nonfood contact surfaces"
67871,"20120823",103157,"Low Risk","Food safety certificate or food handler card not available"
67871,"20120823",103119,"Moderate Risk","Inadequate and inaccessible handwashing facilities"
67871,"20120823",103112,"High Risk","No hot water or running water"
67871,"20130110",103124,"Moderate Risk","Inadequately cleaned or sanitized food contact surfaces"
67871,"20130110",103119,"Moderate Risk","Inadequate and inaccessible handwashing facilities"
67871,"20130110",103157,"Low Risk","Food safety certificate or food handler card not available"
67875,"20141114",103119,"Moderate Risk","Inadequate and inaccessible handwashing facilities"
67875,"20141114",103120,"Moderate Risk","Moderate risk food holding temperature "
67875,"20150220",103120,"Moderate Risk","Moderate risk food holding temperature "
67875,"20150220",103147,"Low Risk","Inadequate ventilation or lighting"
67875,"20150220",103119,"Moderate Risk","Inadequate and inaccessible handwashing facilities"
67875,"20130503",103149,"Low Risk","Wiping cloths not clean or properly stored or inadequate sanitizer"
67875,"20130503",103102,"High Risk","Unclean hands or improper use of gloves"
67875,"20130503",103112,"High Risk","No hot water or running water"
67875,"20130503",103143,"Low Risk","Inadequate warewashing facilities or equipment"
67875,"20130503",103124,"Moderate Risk","Inadequately cleaned or sanitized food contact surfaces"
67875,"20130503",103120,"Moderate Risk","Moderate risk food holding temperature "
67875,"20130503",103119,"Moderate Risk","Inadequate and inaccessible handwashing facilities"
67894,"20150423",103131,"Moderate Risk","Moderate risk vermin infestation"
67894,"20150423",103154,"Low Risk","Unclean or degraded floors walls or ceilings"
67894,"20150423",103124,"Moderate Risk","Inadequately cleaned or sanitized food contact surfaces"
67894,"20130423",103109,"High Risk","Unclean or unsanitary food contact surfaces"
67895,"20150312",103105,"High Risk","Improper cooling methods"
67895,"20130702",103145,"Low Risk","Improper storage of equipment utensils or linens"
67895,"20130702",103120,"Moderate Risk","Moderate risk food holding temperature "
67895,"20140528",103124,"Moderate Risk","Inadequately cleaned or sanitized food contact surfaces"
67911,"20130925",103142,"Low Risk","Unclean nonfood contact surfaces"
67911,"20121001",103145,"Low Risk","Improper storage of equipment utensils or linens"
67911,"20121001",103156,"Low Risk","Permit license or inspection report not posted"
67917,"20130208",103156,"Low Risk","Permit license or inspection report not posted"
67917,"20130208",103119,"Moderate Risk","Inadequate and inaccessible handwashing facilities"
67919,"20150306",103149,"Low Risk","Wiping cloths not clean or properly stored or inadequate sanitizer"
67919,"20150306",103145,"Low Risk","Improper storage of equipment utensils or linens"
67919,"20131113",103142,"Low Risk","Unclean nonfood contact surfaces"
67919,"20130123",103139,"Low Risk","Improper food storage"
67920,"20141119",103132,"Moderate Risk","Improper thawing methods "
67920,"20141119",103103,"High Risk","High risk food holding temperature "
67920,"20141119",103119,"Moderate Risk","Inadequate and inaccessible handwashing facilities"
67920,"20140108",103144,"Low Risk","Unapproved or unmaintained equipment or utensils"
67920,"20140108",103119,"Moderate Risk","Inadequate and inaccessible handwashing facilities"
67920,"20140108",103142,"Low Risk","Unclean nonfood contact surfaces"
67920,"20140108",103154,"Low Risk","Unclean or degraded floors walls or ceilings"
67920,"20140108",103124,"Moderate Risk","Inadequately cleaned or sanitized food contact surfaces"
67920,"20130604",103120,"Moderate Risk","Moderate risk food holding temperature "
67920,"20130604",103131,"Moderate Risk","Moderate risk vermin infestation"
67920,"20130604",103105,"High Risk","Improper cooling methods"
67920,"20130604",103144,"Low Risk","Unapproved or unmaintained equipment or utensils"
67920,"20140521",103142,"Low Risk","Unclean nonfood contact surfaces"
67920,"20140521",103149,"Low Risk","Wiping cloths not clean or properly stored or inadequate sanitizer"
67936,"20130314",103139,"Low Risk","Improper food storage"
67936,"20130314",103154,"Low Risk","Unclean or degraded floors walls or ceilings"
67936,"20130314",103144,"Low Risk","Unapproved or unmaintained equipment or utensils"
67936,"20130314",103150,"Low Risk","Improper or defective plumbing"
67936,"20130314",103103,"High Risk","High risk food holding temperature "
67936,"20130314",103131,"Moderate Risk","Moderate risk vermin infestation"
67936,"20130314",103133,"Moderate Risk","Foods not protected from contamination"
67936,"20140321",103139,"Low Risk","Improper food storage"
67936,"20140321",103145,"Low Risk","Improper storage of equipment utensils or linens"
67943,"20131029",103116,"Moderate Risk","Inadequate food safety knowledge or lack of certified food safety manager"
67943,"20130430",103119,"Moderate Risk","Inadequate and inaccessible handwashing facilities"
67943,"20130430",103116,"Moderate Risk","Inadequate food safety knowledge or lack of certified food safety manager"
67943,"20140502",103115,"High Risk","Other high risk violation"
67943,"20140502",103139,"Low Risk","Improper food storage"
67982,"20130819",103149,"Low Risk","Wiping cloths not clean or properly stored or inadequate sanitizer"
67982,"20130819",103120,"Moderate Risk","Moderate risk food holding temperature "
67982,"20140428",103129,"Moderate Risk","Insufficient hot water or running water"
67982,"20140428",103120,"Moderate Risk","Moderate risk food holding temperature "
67982,"20140428",103141,"Low Risk","Improper food labeling or menu misrepresentation"
67982,"20120723",103109,"High Risk","Unclean or unsanitary food contact surfaces"
67982,"20120723",103120,"Moderate Risk","Moderate risk food holding temperature "
67982,"20120723",103133,"Moderate Risk","Foods not protected from contamination"
67982,"20130214",103112,"High Risk","No hot water or running water"
67982,"20130214",103149,"Low Risk","Wiping cloths not clean or properly stored or inadequate sanitizer"
67982,"20130214",103120,"Moderate Risk","Moderate risk food holding temperature "
67985,"20141209",103116,"Moderate Risk","Inadequate food safety knowledge or lack of certified food safety manager"
67985,"20141209",103103,"High Risk","High risk food holding temperature "
67985,"20131213",103105,"High Risk","Improper cooling methods"
67985,"20131213",103120,"Moderate Risk","Moderate risk food holding temperature "
67985,"20131213",103133,"Moderate Risk","Foods not protected from contamination"
67985,"20130513",103142,"Low Risk","Unclean nonfood contact surfaces"
67985,"20130513",103144,"Low Risk","Unapproved or unmaintained equipment or utensils"
67985,"20121108",103102,"High Risk","Unclean hands or improper use of gloves"
67985,"20121108",103138,"Low Risk","Improper storage use or identification of toxic substances"
67985,"20121108",103144,"Low Risk","Unapproved or unmaintained equipment or utensils"
67985,"20121108",103105,"High Risk","Improper cooling methods"
68007,"20150402",103131,"Moderate Risk","Moderate risk vermin infestation"
68007,"20150402",103119,"Moderate Risk","Inadequate and inaccessible handwashing facilities"
68007,"20130605",103112,"High Risk","No hot water or running water"
68007,"20140312",103149,"Low Risk","Wiping cloths not clean or properly stored or inadequate sanitizer"
68007,"20140312",103139,"Low Risk","Improper food storage"
68007,"20140312",103144,"Low Risk","Unapproved or unmaintained equipment or utensils"
68007,"20120926",103102,"High Risk","Unclean hands or improper use of gloves"
68007,"20120926",103144,"Low Risk","Unapproved or unmaintained equipment or utensils"
68007,"20120926",103139,"Low Risk","Improper food storage"
68013,"20130111",103143,"Low Risk","Inadequate warewashing facilities or equipment"
68013,"20130111",103156,"Low Risk","Permit license or inspection report not posted"
68018,"20140903",103124,"Moderate Risk","Inadequately cleaned or sanitized food contact surfaces"
68018,"20130703",103145,"Low Risk","Improper storage of equipment utensils or linens"
68018,"20130703",103143,"Low Risk","Inadequate warewashing facilities or equipment"
68018,"20130703",103116,"Moderate Risk","Inadequate food safety knowledge or lack of certified food safety manager"
68018,"20140221",103116,"Moderate Risk","Inadequate food safety knowledge or lack of certified food safety manager"
68018,"20121130",103143,"Low Risk","Inadequate warewashing facilities or equipment"
68018,"20121130",103139,"Low Risk","Improper food storage"
68018,"20121130",103116,"Moderate Risk","Inadequate food safety knowledge or lack of certified food safety manager"
68026,"20150327",103112,"High Risk","No hot water or running water"
68026,"20150327",103139,"Low Risk","Improper food storage"
68026,"20150327",103103,"High Risk","High risk food holding temperature "
68026,"20150327",103119,"Moderate Risk","Inadequate and inaccessible handwashing facilities"
68026,"20130911",103139,"Low Risk","Improper food storage"
68026,"20130911",103119,"Moderate Risk","Inadequate and inaccessible handwashing facilities"
68026,"20120614",103149,"Low Risk","Wiping cloths not clean or properly stored or inadequate sanitizer"
68026,"20120614",103139,"Low Risk","Improper food storage"
68026,"20120614",103119,"Moderate Risk","Inadequate and inaccessible handwashing facilities"
68026,"20130122",103112,"High Risk","No hot water or running water"
68026,"20140514",103119,"Moderate Risk","Inadequate and inaccessible handwashing facilities"
68026,"20140514",103149,"Low Risk","Wiping cloths not clean or properly stored or inadequate sanitizer"
68036,"20150326",103119,"Moderate Risk","Inadequate and inaccessible handwashing facilities"
68036,"20150326",103112,"High Risk","No hot water or running water"
68036,"20150326",103133,"Moderate Risk","Foods not protected from contamination"
68036,"20150326",103142,"Low Risk","Unclean nonfood contact surfaces"
68036,"20130819",103142,"Low Risk","Unclean nonfood contact surfaces"
68036,"20130819",103139,"Low Risk","Improper food storage"
68036,"20130819",103144,"Low Risk","Unapproved or unmaintained equipment or utensils"
68036,"20140220",103105,"High Risk","Improper cooling methods"
68036,"20140220",103119,"Moderate Risk","Inadequate and inaccessible handwashing facilities"
68036,"20120614",103133,"Moderate Risk","Foods not protected from contamination"
68036,"20120614",103154,"Low Risk","Unclean or degraded floors walls or ceilings"
68036,"20130107",103119,"Moderate Risk","Inadequate and inaccessible handwashing facilities"
68036,"20130107",103154,"Low Risk","Unclean or degraded floors walls or ceilings"
68036,"20130107",103144,"Low Risk","Unapproved or unmaintained equipment or utensils"
68037,"20141215",103149,"Low Risk","Wiping cloths not clean or properly stored or inadequate sanitizer"
68037,"20141215",103154,"Low Risk","Unclean or degraded floors walls or ceilings"
68037,"20141215",103120,"Moderate Risk","Moderate risk food holding temperature "
68037,"20130725",103120,"Moderate Risk","Moderate risk food holding temperature "
68037,"20130725",103148,"Low Risk","No thermometers or uncalibrated thermometers "
68037,"20130725",103105,"High Risk","Improper cooling methods"
68037,"20140327",103105,"High Risk","Improper cooling methods"
68037,"20140327",103109,"High Risk","Unclean or unsanitary food contact surfaces"
68037,"20140327",103120,"Moderate Risk","Moderate risk food holding temperature "
68037,"20140327",103116,"Moderate Risk","Inadequate food safety knowledge or lack of certified food safety manager"
68037,"20140327",103149,"Low Risk","Wiping cloths not clean or properly stored or inadequate sanitizer"
68037,"20140327",103148,"Low Risk","No thermometers or uncalibrated thermometers "
68037,"20120621",103157,"Low Risk","Food safety certificate or food handler card not available"
68037,"20120621",103105,"High Risk","Improper cooling methods"
68037,"20130226",103150,"Low Risk","Improper or defective plumbing"
68037,"20130226",103109,"High Risk","Unclean or unsanitary food contact surfaces"
68042,"20141029",103133,"Moderate Risk","Foods not protected from contamination"
68042,"20141029",103145,"Low Risk","Improper storage of equipment utensils or linens"
68042,"20141029",103144,"Low Risk","Unapproved or unmaintained equipment or utensils"
68042,"20141029",103138,"Low Risk","Improper storage use or identification of toxic substances"
68042,"20141029",103154,"Low Risk","Unclean or degraded floors walls or ceilings"
68042,"20141029",103120,"Moderate Risk","Moderate risk food holding temperature "
68042,"20141029",103124,"Moderate Risk","Inadequately cleaned or sanitized food contact surfaces"
68042,"20130603",103154,"Low Risk","Unclean or degraded floors walls or ceilings"
68042,"20130603",103156,"Low Risk","Permit license or inspection report not posted"
68042,"20130603",103149,"Low Risk","Wiping cloths not clean or properly stored or inadequate sanitizer"
68042,"20130603",103142,"Low Risk","Unclean nonfood contact surfaces"
68042,"20130603",103139,"Low Risk","Improper food storage"
68042,"20130603",103119,"Moderate Risk","Inadequate and inaccessible handwashing facilities"
68042,"20130603",103120,"Moderate Risk","Moderate risk food holding temperature "
68042,"20130603",103116,"Moderate Risk","Inadequate food safety knowledge or lack of certified food safety manager"
68042,"20130603",103124,"Moderate Risk","Inadequately cleaned or sanitized food contact surfaces"
68042,"20140307",103103,"High Risk","High risk food holding temperature "
68042,"20140307",103139,"Low Risk","Improper food storage"
68042,"20140307",103142,"Low Risk","Unclean nonfood contact surfaces"
68042,"20140307",103145,"Low Risk","Improper storage of equipment utensils or linens"
68042,"20140307",103154,"Low Risk","Unclean or degraded floors walls or ceilings"
68042,"20140307",103119,"Moderate Risk","Inadequate and inaccessible handwashing facilities"
68045,"20140314",103120,"Moderate Risk","Moderate risk food holding temperature "
68045,"20140314",103118,"Moderate Risk","Employee eating or smoking"
68045,"20130208",103123,"Moderate Risk","Food in poor condition"
68045,"20130208",103124,"Moderate Risk","Inadequately cleaned or sanitized food contact surfaces"
68045,"20130208",103154,"Low Risk","Unclean or degraded floors walls or ceilings"
68056,"20141028",103132,"Moderate Risk","Improper thawing methods "
68056,"20141028",103103,"High Risk","High risk food holding temperature "
68056,"20141028",103124,"Moderate Risk","Inadequately cleaned or sanitized food contact surfaces"
68056,"20141028",103102,"High Risk","Unclean hands or improper use of gloves"
68056,"20141119",103120,"Moderate Risk","Moderate risk food holding temperature "
68056,"20141028",103131,"Moderate Risk","Moderate risk vermin infestation"
68056,"20141028",103144,"Low Risk","Unapproved or unmaintained equipment or utensils"
68056,"20141028",103133,"Moderate Risk","Foods not protected from contamination"
68056,"20130501",103144,"Low Risk","Unapproved or unmaintained equipment or utensils"
68056,"20130501",103133,"Moderate Risk","Foods not protected from contamination"
68056,"20130501",103132,"Moderate Risk","Improper thawing methods "
68056,"20130501",103129,"Moderate Risk","Insufficient hot water or running water"
68056,"20130501",103124,"Moderate Risk","Inadequately cleaned or sanitized food contact surfaces"
68056,"20130501",103103,"High Risk","High risk food holding temperature "
68056,"20130501",103161,"Low Risk","Low risk vermin infestation"
68056,"20140206",103144,"Low Risk","Unapproved or unmaintained equipment or utensils"
68056,"20140206",103138,"Low Risk","Improper storage use or identification of toxic substances"
68056,"20140206",103124,"Moderate Risk","Inadequately cleaned or sanitized food contact surfaces"
68056,"20140206",103142,"Low Risk","Unclean nonfood contact surfaces"
68056,"20140206",103123,"Moderate Risk","Food in poor condition"
68056,"20140206",103119,"Moderate Risk","Inadequate and inaccessible handwashing facilities"
68056,"20140206",103120,"Moderate Risk","Moderate risk food holding temperature "
68058,"20130801",103119,"Moderate Risk","Inadequate and inaccessible handwashing facilities"
68058,"20130131",103119,"Moderate Risk","Inadequate and inaccessible handwashing facilities"
68067,"20141118",103102,"High Risk","Unclean hands or improper use of gloves"
68067,"20130731",103148,"Low Risk","No thermometers or uncalibrated thermometers "
68067,"20140407",103103,"High Risk","High risk food holding temperature "
68068,"20150311",103138,"Low Risk","Improper storage use or identification of toxic substances"
68068,"20150311",103148,"Low Risk","No thermometers or uncalibrated thermometers "
68068,"20150311",103149,"Low Risk","Wiping cloths not clean or properly stored or inadequate sanitizer"
68068,"20130307",103157,"Low Risk","Food safety certificate or food handler card not available"
68068,"20130307",103156,"Low Risk","Permit license or inspection report not posted"
68068,"20140306",103157,"Low Risk","Food safety certificate or food handler card not available"
68068,"20140306",103156,"Low Risk","Permit license or inspection report not posted"
68068,"20121018",103139,"Low Risk","Improper food storage"
68068,"20121018",103102,"High Risk","Unclean hands or improper use of gloves"
68068,"20121018",103112,"High Risk","No hot water or running water"
68068,"20121018",103119,"Moderate Risk","Inadequate and inaccessible handwashing facilities"
68070,"20130909",103109,"High Risk","Unclean or unsanitary food contact surfaces"
68070,"20140611",103133,"Moderate Risk","Foods not protected from contamination"
68070,"20140611",103120,"Moderate Risk","Moderate risk food holding temperature "
68070,"20140611",103162,"Low Risk","Other low risk violation"
68071,"20150501",103133,"Moderate Risk","Foods not protected from contamination"
68071,"20150501",103161,"Low Risk","Low risk vermin infestation"
68071,"20131018",103142,"Low Risk","Unclean nonfood contact surfaces"
68071,"20131018",103145,"Low Risk","Improper storage of equipment utensils or linens"
68071,"20131018",103149,"Low Risk","Wiping cloths not clean or properly stored or inadequate sanitizer"
68071,"20131018",103154,"Low Risk","Unclean or degraded floors walls or ceilings"
68071,"20130403",103133,"Moderate Risk","Foods not protected from contamination"
68071,"20130403",103109,"High Risk","Unclean or unsanitary food contact surfaces"
68079,"20150302",103120,"Moderate Risk","Moderate risk food holding temperature "
68079,"20150302",103144,"Low Risk","Unapproved or unmaintained equipment or utensils"
68079,"20150302",103154,"Low Risk","Unclean or degraded floors walls or ceilings"
68079,"20131004",103154,"Low Risk","Unclean or degraded floors walls or ceilings"
68079,"20131004",103129,"Moderate Risk","Insufficient hot water or running water"
68079,"20130510",103154,"Low Risk","Unclean or degraded floors walls or ceilings"
68079,"20130510",103145,"Low Risk","Improper storage of equipment utensils or linens"
68079,"20130510",103139,"Low Risk","Improper food storage"
68079,"20120809",103149,"Low Risk","Wiping cloths not clean or properly stored or inadequate sanitizer"
68079,"20120809",103154,"Low Risk","Unclean or degraded floors walls or ceilings"
68079,"20120809",103124,"Moderate Risk","Inadequately cleaned or sanitized food contact surfaces"
68079,"20140410",103112,"High Risk","No hot water or running water"
68079,"20140410",103154,"Low Risk","Unclean or degraded floors walls or ceilings"
68089,"20150417",103160,"Low Risk","Inadequate HACCP plan record keeping"
68089,"20130717",103129,"Moderate Risk","Insufficient hot water or running water"
68089,"20140319",103139,"Low Risk","Improper food storage"
68089,"20140319",103156,"Low Risk","Permit license or inspection report not posted"
68089,"20120907",103112,"High Risk","No hot water or running water"
68090,"20150114",103139,"Low Risk","Improper food storage"
68090,"20150114",103154,"Low Risk","Unclean or degraded floors walls or ceilings"
68090,"20150114",103103,"High Risk","High risk food holding temperature "
68090,"20150114",103145,"Low Risk","Improper storage of equipment utensils or linens"
68090,"20150114",103105,"High Risk","Improper cooling methods"
68090,"20121023",103156,"Low Risk","Permit license or inspection report not posted"
68090,"20121023",103119,"Moderate Risk","Inadequate and inaccessible handwashing facilities"
68090,"20121023",103145,"Low Risk","Improper storage of equipment utensils or linens"
68090,"20121023",103149,"Low Risk","Wiping cloths not clean or properly stored or inadequate sanitizer"
68090,"20140522",103131,"Moderate Risk","Moderate risk vermin infestation"
68090,"20140522",103156,"Low Risk","Permit license or inspection report not posted"
68090,"20140522",103144,"Low Risk","Unapproved or unmaintained equipment or utensils"
68090,"20140522",103133,"Moderate Risk","Foods not protected from contamination"
68091,"20150107",103144,"Low Risk","Unapproved or unmaintained equipment or utensils"
68091,"20150107",103133,"Moderate Risk","Foods not protected from contamination"
68091,"20150107",103119,"Moderate Risk","Inadequate and inaccessible handwashing facilities"
68091,"20150107",103116,"Moderate Risk","Inadequate food safety knowledge or lack of certified food safety manager"
68091,"20150107",103114,"High Risk","High risk vermin infestation"
68091,"20130604",103124,"Moderate Risk","Inadequately cleaned or sanitized food contact surfaces"
68091,"20130604",103144,"Low Risk","Unapproved or unmaintained equipment or utensils"
68091,"20130604",103157,"Low Risk","Food safety certificate or food handler card not available"
68091,"20130604",103114,"High Risk","High risk vermin infestation"
68091,"20130604",103154,"Low Risk","Unclean or degraded floors walls or ceilings"
68104,"20130819",103105,"High Risk","Improper cooling methods"
68104,"20130819",103156,"Low Risk","Permit license or inspection report not posted"
68104,"20120727",103153,"Low Risk","Inadequate dressing rooms or improper storage of personal items"
68104,"20120727",103119,"Moderate Risk","Inadequate and inaccessible handwashing facilities"
68104,"20140528",103161,"Low Risk","Low risk vermin infestation"
68104,"20140528",103124,"Moderate Risk","Inadequately cleaned or sanitized food contact surfaces"
68104,"20140528",103144,"Low Risk","Unapproved or unmaintained equipment or utensils"
68104,"20140528",103154,"Low Risk","Unclean or degraded floors walls or ceilings"
68104,"20140528",103150,"Low Risk","Improper or defective plumbing"
68105,"20131105",103120,"Moderate Risk","Moderate risk food holding temperature "
68105,"20131105",103157,"Low Risk","Food safety certificate or food handler card not available"
68105,"20131105",103124,"Moderate Risk","Inadequately cleaned or sanitized food contact surfaces"
68105,"20131105",103154,"Low Risk","Unclean or degraded floors walls or ceilings"
68105,"20131105",103119,"Moderate Risk","Inadequate and inaccessible handwashing facilities"
68105,"20130412",103119,"Moderate Risk","Inadequate and inaccessible handwashing facilities"
68105,"20130412",103124,"Moderate Risk","Inadequately cleaned or sanitized food contact surfaces"
68105,"20130412",103139,"Low Risk","Improper food storage"
68105,"20130412",103144,"Low Risk","Unapproved or unmaintained equipment or utensils"
68105,"20130412",103154,"Low Risk","Unclean or degraded floors walls or ceilings"
68105,"20130412",103156,"Low Risk","Permit license or inspection report not posted"
68105,"20120917",103139,"Low Risk","Improper food storage"
68105,"20140616",103145,"Low Risk","Improper storage of equipment utensils or linens"
68105,"20140616",103133,"Moderate Risk","Foods not protected from contamination"
68105,"20140616",103120,"Moderate Risk","Moderate risk food holding temperature "
68121,"20140220",103116,"Moderate Risk","Inadequate food safety knowledge or lack of certified food safety manager"
68121,"20140220",103109,"High Risk","Unclean or unsanitary food contact surfaces"
68121,"20140220",103103,"High Risk","High risk food holding temperature "
68121,"20140220",103102,"High Risk","Unclean hands or improper use of gloves"
68121,"20121016",103139,"Low Risk","Improper food storage"
68121,"20121016",103144,"Low Risk","Unapproved or unmaintained equipment or utensils"
68121,"20121016",103124,"Moderate Risk","Inadequately cleaned or sanitized food contact surfaces"
68130,"20150330",103131,"Moderate Risk","Moderate risk vermin infestation"
68130,"20150330",103124,"Moderate Risk","Inadequately cleaned or sanitized food contact surfaces"
68130,"20150330",103116,"Moderate Risk","Inadequate food safety knowledge or lack of certified food safety manager"
68130,"20150330",103103,"High Risk","High risk food holding temperature "
68130,"20130515",103131,"Moderate Risk","Moderate risk vermin infestation"
68130,"20130515",103154,"Low Risk","Unclean or degraded floors walls or ceilings"
68130,"20130515",103150,"Low Risk","Improper or defective plumbing"
68130,"20121029",103161,"Low Risk","Low risk vermin infestation"
68130,"20121029",103120,"Moderate Risk","Moderate risk food holding temperature "
68130,"20121029",103146,"Low Risk","Noncompliance of vending machine "
68131,"20150429",103138,"Low Risk","Improper storage use or identification of toxic substances"
68131,"20150429",103116,"Moderate Risk","Inadequate food safety knowledge or lack of certified food safety manager"
68131,"20130515",103157,"Low Risk","Food safety certificate or food handler card not available"
68131,"20140318",103116,"Moderate Risk","Inadequate food safety knowledge or lack of certified food safety manager"
68131,"20140318",103154,"Low Risk","Unclean or degraded floors walls or ceilings"
68131,"20140318",103139,"Low Risk","Improper food storage"
68131,"20120823",103139,"Low Risk","Improper food storage"
68131,"20120823",103120,"Moderate Risk","Moderate risk food holding temperature "
68131,"20120823",103133,"Moderate Risk","Foods not protected from contamination"
68146,"20121119",103157,"Low Risk","Food safety certificate or food handler card not available"
68146,"20121119",103124,"Moderate Risk","Inadequately cleaned or sanitized food contact surfaces"
68148,"20130719",103149,"Low Risk","Wiping cloths not clean or properly stored or inadequate sanitizer"
68148,"20131028",103154,"Low Risk","Unclean or degraded floors walls or ceilings"
68148,"20131028",103145,"Low Risk","Improper storage of equipment utensils or linens"
68148,"20131028",103121,"Moderate Risk","Inadequate procedures or records for time as a public health control "
68148,"20131028",103109,"High Risk","Unclean or unsanitary food contact surfaces"
68148,"20130322",103116,"Moderate Risk","Inadequate food safety knowledge or lack of certified food safety manager"
68148,"20130322",103133,"Moderate Risk","Foods not protected from contamination"
68148,"20130322",103120,"Moderate Risk","Moderate risk food holding temperature "
68148,"20130322",103119,"Moderate Risk","Inadequate and inaccessible handwashing facilities"
68148,"20130322",103109,"High Risk","Unclean or unsanitary food contact surfaces"
68148,"20130508",103131,"Moderate Risk","Moderate risk vermin infestation"
68148,"20130322",103104,"High Risk","Unauthorized or unsafe use of time as a public health control measure"
68148,"20140513",103116,"Moderate Risk","Inadequate food safety knowledge or lack of certified food safety manager"
68148,"20140513",103120,"Moderate Risk","Moderate risk food holding temperature "
68148,"20140513",103133,"Moderate Risk","Foods not protected from contamination"
68148,"20140513",103124,"Moderate Risk","Inadequately cleaned or sanitized food contact surfaces"
68149,"20150327",103156,"Low Risk","Permit license or inspection report not posted"
68149,"20150327",103157,"Low Risk","Food safety certificate or food handler card not available"
68149,"20121002",103153,"Low Risk","Inadequate dressing rooms or improper storage of personal items"
68149,"20121002",103119,"Moderate Risk","Inadequate and inaccessible handwashing facilities"
68149,"20121002",103149,"Low Risk","Wiping cloths not clean or properly stored or inadequate sanitizer"
68149,"20140627",103138,"Low Risk","Improper storage use or identification of toxic substances"
68158,"20150330",103129,"Moderate Risk","Insufficient hot water or running water"
68158,"20150330",103154,"Low Risk","Unclean or degraded floors walls or ceilings"
68158,"20140203",103131,"Moderate Risk","Moderate risk vermin infestation"
68158,"20140203",103116,"Moderate Risk","Inadequate food safety knowledge or lack of certified food safety manager"
68158,"20140203",103144,"Low Risk","Unapproved or unmaintained equipment or utensils"
68158,"20140203",103142,"Low Risk","Unclean nonfood contact surfaces"
68158,"20140203",103109,"High Risk","Unclean or unsanitary food contact surfaces"
68158,"20130513",103119,"Moderate Risk","Inadequate and inaccessible handwashing facilities"
68158,"20130513",103154,"Low Risk","Unclean or degraded floors walls or ceilings"
68158,"20130513",103133,"Moderate Risk","Foods not protected from contamination"
68158,"20130513",103142,"Low Risk","Unclean nonfood contact surfaces"
68158,"20130513",103144,"Low Risk","Unapproved or unmaintained equipment or utensils"
68158,"20130513",103139,"Low Risk","Improper food storage"
68158,"20140707",103124,"Moderate Risk","Inadequately cleaned or sanitized food contact surfaces"
68158,"20140707",103161,"Low Risk","Low risk vermin infestation"
68158,"20140707",103139,"Low Risk","Improper food storage"
68158,"20140707",103142,"Low Risk","Unclean nonfood contact surfaces"
68158,"20140707",103152,"Low Risk","Unclean unmaintained or improperly constructed toilet facilities"
68158,"20140707",103154,"Low Risk","Unclean or degraded floors walls or ceilings"
68159,"20131127",103142,"Low Risk","Unclean nonfood contact surfaces"
68159,"20131127",103120,"Moderate Risk","Moderate risk food holding temperature "
68159,"20131127",103118,"Moderate Risk","Employee eating or smoking"
68159,"20131127",103144,"Low Risk","Unapproved or unmaintained equipment or utensils"
68159,"20130415",103124,"Moderate Risk","Inadequately cleaned or sanitized food contact surfaces"
68159,"20130415",103142,"Low Risk","Unclean nonfood contact surfaces"
68159,"20130415",103120,"Moderate Risk","Moderate risk food holding temperature "
68159,"20140605",103116,"Moderate Risk","Inadequate food safety knowledge or lack of certified food safety manager"
68159,"20140605",103142,"Low Risk","Unclean nonfood contact surfaces"
68159,"20140605",103120,"Moderate Risk","Moderate risk food holding temperature "
68160,"20130820",103142,"Low Risk","Unclean nonfood contact surfaces"
68160,"20130820",103139,"Low Risk","Improper food storage"
68160,"20140327",103154,"Low Risk","Unclean or degraded floors walls or ceilings"
68160,"20140327",103145,"Low Risk","Improper storage of equipment utensils or linens"
68160,"20140327",103144,"Low Risk","Unapproved or unmaintained equipment or utensils"
68160,"20140327",103120,"Moderate Risk","Moderate risk food holding temperature "
68160,"20140327",103142,"Low Risk","Unclean nonfood contact surfaces"
68160,"20120801",103131,"Moderate Risk","Moderate risk vermin infestation"
68160,"20120801",103103,"High Risk","High risk food holding temperature "
68160,"20120801",103119,"Moderate Risk","Inadequate and inaccessible handwashing facilities"
68160,"20120801",103109,"High Risk","Unclean or unsanitary food contact surfaces"
68160,"20120801",103142,"Low Risk","Unclean nonfood contact surfaces"
68160,"20120801",103154,"Low Risk","Unclean or degraded floors walls or ceilings"
68160,"20130228",103142,"Low Risk","Unclean nonfood contact surfaces"
68160,"20130228",103154,"Low Risk","Unclean or degraded floors walls or ceilings"
68160,"20130228",103102,"High Risk","Unclean hands or improper use of gloves"
68160,"20130228",103131,"Moderate Risk","Moderate risk vermin infestation"
68172,"20140929",103131,"Moderate Risk","Moderate risk vermin infestation"
68172,"20140929",103103,"High Risk","High risk food holding temperature "
68172,"20140929",103116,"Moderate Risk","Inadequate food safety knowledge or lack of certified food safety manager"
68172,"20131004",103109,"High Risk","Unclean or unsanitary food contact surfaces"
68172,"20131004",103114,"High Risk","High risk vermin infestation"
68172,"20131004",103108,"High Risk","Contaminated or adulterated food"
68172,"20131004",103120,"Moderate Risk","Moderate risk food holding temperature "
68172,"20130308",103144,"Low Risk","Unapproved or unmaintained equipment or utensils"
68172,"20130308",103139,"Low Risk","Improper food storage"
68172,"20130308",103119,"Moderate Risk","Inadequate and inaccessible handwashing facilities"
68173,"20150504",103116,"Moderate Risk","Inadequate food safety knowledge or lack of certified food safety manager"
68173,"20131113",103129,"Moderate Risk","Insufficient hot water or running water"
68173,"20131113",103105,"High Risk","Improper cooling methods"
68173,"20131113",103104,"High Risk","Unauthorized or unsafe use of time as a public health control measure"
68173,"20131113",103103,"High Risk","High risk food holding temperature "
68173,"20131113",103145,"Low Risk","Improper storage of equipment utensils or linens"
68173,"20120711",103105,"High Risk","Improper cooling methods"
68173,"20120711",103109,"High Risk","Unclean or unsanitary food contact surfaces"
68173,"20120711",103120,"Moderate Risk","Moderate risk food holding temperature "
68173,"20120711",103144,"Low Risk","Unapproved or unmaintained equipment or utensils"
68189,"20150504",103139,"Low Risk","Improper food storage"
68189,"20150504",103143,"Low Risk","Inadequate warewashing facilities or equipment"
68189,"20140106",103120,"Moderate Risk","Moderate risk food holding temperature "
68189,"20130521",103154,"Low Risk","Unclean or degraded floors walls or ceilings"
68189,"20130521",103114,"High Risk","High risk vermin infestation"
68189,"20121128",103143,"Low Risk","Inadequate warewashing facilities or equipment"
68189,"20140609",103139,"Low Risk","Improper food storage"
68196,"20140828",103124,"Moderate Risk","Inadequately cleaned or sanitized food contact surfaces"
68196,"20121101",103139,"Low Risk","Improper food storage"
68219,"20120806",103157,"Low Risk","Food safety certificate or food handler card not available"
68219,"20140620",103148,"Low Risk","No thermometers or uncalibrated thermometers "
68219,"20140620",103103,"High Risk","High risk food holding temperature "
68220,"20141015",103154,"Low Risk","Unclean or degraded floors walls or ceilings"
68220,"20141015",103149,"Low Risk","Wiping cloths not clean or properly stored or inadequate sanitizer"
68220,"20141015",103145,"Low Risk","Improper storage of equipment utensils or linens"
68220,"20141015",103161,"Low Risk","Low risk vermin infestation"
68220,"20150213",103145,"Low Risk","Improper storage of equipment utensils or linens"
68220,"20150213",103157,"Low Risk","Food safety certificate or food handler card not available"
68220,"20150213",103161,"Low Risk","Low risk vermin infestation"
68220,"20150213",103149,"Low Risk","Wiping cloths not clean or properly stored or inadequate sanitizer"
68220,"20150213",103159,"Low Risk","Worker safety hazards"
68220,"20140213",103157,"Low Risk","Food safety certificate or food handler card not available"
68220,"20140213",103162,"Low Risk","Other low risk violation"
68220,"20140213",103156,"Low Risk","Permit license or inspection report not posted"
68220,"20140213",103154,"Low Risk","Unclean or degraded floors walls or ceilings"
68220,"20121123",103147,"Low Risk","Inadequate ventilation or lighting"
68220,"20121123",103119,"Moderate Risk","Inadequate and inaccessible handwashing facilities"
68220,"20121123",103138,"Low Risk","Improper storage use or identification of toxic substances"
68220,"20121123",103149,"Low Risk","Wiping cloths not clean or properly stored or inadequate sanitizer"
68220,"20121123",103120,"Moderate Risk","Moderate risk food holding temperature "
68223,"20140905",103145,"Low Risk","Improper storage of equipment utensils or linens"
68223,"20140905",103142,"Low Risk","Unclean nonfood contact surfaces"
68223,"20140905",103162,"Low Risk","Other low risk violation"
68223,"20140905",103154,"Low Risk","Unclean or degraded floors walls or ceilings"
68223,"20140905",103103,"High Risk","High risk food holding temperature "
68223,"20150317",103144,"Low Risk","Unapproved or unmaintained equipment or utensils"
68223,"20150317",103149,"Low Risk","Wiping cloths not clean or properly stored or inadequate sanitizer"
68223,"20150317",103112,"High Risk","No hot water or running water"
68223,"20150317",103153,"Low Risk","Inadequate dressing rooms or improper storage of personal items"
68223,"20150317",103159,"Low Risk","Worker safety hazards"
68223,"20150317",103142,"Low Risk","Unclean nonfood contact surfaces"
68223,"20130807",103124,"Moderate Risk","Inadequately cleaned or sanitized food contact surfaces"
68223,"20130807",103131,"Moderate Risk","Moderate risk vermin infestation"
68223,"20130807",103142,"Low Risk","Unclean nonfood contact surfaces"
68223,"20140219",103149,"Low Risk","Wiping cloths not clean or properly stored or inadequate sanitizer"
68223,"20140219",103120,"Moderate Risk","Moderate risk food holding temperature "
68223,"20140219",103154,"Low Risk","Unclean or degraded floors walls or ceilings"
68223,"20140219",103145,"Low Risk","Improper storage of equipment utensils or linens"
68223,"20140219",103142,"Low Risk","Unclean nonfood contact surfaces"
68223,"20120808",103161,"Low Risk","Low risk vermin infestation"
68223,"20120808",103142,"Low Risk","Unclean nonfood contact surfaces"
68223,"20120808",103149,"Low Risk","Wiping cloths not clean or properly stored or inadequate sanitizer"
68223,"20120808",103154,"Low Risk","Unclean or degraded floors walls or ceilings"
68223,"20120808",103145,"Low Risk","Improper storage of equipment utensils or linens"
68223,"20130211",103157,"Low Risk","Food safety certificate or food handler card not available"
68223,"20130211",103145,"Low Risk","Improper storage of equipment utensils or linens"
68223,"20130211",103142,"Low Risk","Unclean nonfood contact surfaces"
68223,"20130211",103119,"Moderate Risk","Inadequate and inaccessible handwashing facilities"
68223,"20130211",103114,"High Risk","High risk vermin infestation"
68226,"20150309",103120,"Moderate Risk","Moderate risk food holding temperature "
68226,"20150309",103102,"High Risk","Unclean hands or improper use of gloves"
68226,"20150309",103112,"High Risk","No hot water or running water"
68226,"20150309",103124,"Moderate Risk","Inadequately cleaned or sanitized food contact surfaces"
68226,"20150309",103138,"Low Risk","Improper storage use or identification of toxic substances"
68226,"20150309",103143,"Low Risk","Inadequate warewashing facilities or equipment"
68226,"20150309",103149,"Low Risk","Wiping cloths not clean or properly stored or inadequate sanitizer"
68226,"20130306",103124,"Moderate Risk","Inadequately cleaned or sanitized food contact surfaces"
68226,"20140303",103156,"Low Risk","Permit license or inspection report not posted"
68226,"20140303",103124,"Moderate Risk","Inadequately cleaned or sanitized food contact surfaces"
68234,"20150126",103133,"Moderate Risk","Foods not protected from contamination"
68234,"20150126",103103,"High Risk","High risk food holding temperature "
68234,"20130725",103148,"Low Risk","No thermometers or uncalibrated thermometers "
68234,"20130725",103144,"Low Risk","Unapproved or unmaintained equipment or utensils"
68234,"20120918",103119,"Moderate Risk","Inadequate and inaccessible handwashing facilities"
68234,"20120918",103139,"Low Risk","Improper food storage"
68237,"20150326",103131,"Moderate Risk","Moderate risk vermin infestation"
68237,"20130816",103139,"Low Risk","Improper food storage"
68242,"20130502",103154,"Low Risk","Unclean or degraded floors walls or ceilings"
68242,"20130502",103120,"Moderate Risk","Moderate risk food holding temperature "
68242,"20130502",103124,"Moderate Risk","Inadequately cleaned or sanitized food contact surfaces"
68242,"20130502",103129,"Moderate Risk","Insufficient hot water or running water"
68242,"20130502",103131,"Moderate Risk","Moderate risk vermin infestation"
68242,"20130502",103133,"Moderate Risk","Foods not protected from contamination"
68242,"20130502",103119,"Moderate Risk","Inadequate and inaccessible handwashing facilities"
68242,"20140430",103102,"High Risk","Unclean hands or improper use of gloves"
68242,"20140430",103103,"High Risk","High risk food holding temperature "
68242,"20140430",103124,"Moderate Risk","Inadequately cleaned or sanitized food contact surfaces"
68242,"20140430",103161,"Low Risk","Low risk vermin infestation"
68242,"20120726",103119,"Moderate Risk","Inadequate and inaccessible handwashing facilities"
68242,"20120726",103152,"Low Risk","Unclean unmaintained or improperly constructed toilet facilities"
68242,"20120726",103154,"Low Risk","Unclean or degraded floors walls or ceilings"
68245,"20141003",103120,"Moderate Risk","Moderate risk food holding temperature "
68245,"20141003",103148,"Low Risk","No thermometers or uncalibrated thermometers "
68245,"20141003",103103,"High Risk","High risk food holding temperature "
68245,"20141003",103157,"Low Risk","Food safety certificate or food handler card not available"
68245,"20141003",103147,"Low Risk","Inadequate ventilation or lighting"
68245,"20130628",103120,"Moderate Risk","Moderate risk food holding temperature "
68245,"20121115",103116,"Moderate Risk","Inadequate food safety knowledge or lack of certified food safety manager"
68245,"20121115",103120,"Moderate Risk","Moderate risk food holding temperature "
68245,"20121115",103102,"High Risk","Unclean hands or improper use of gloves"
68247,"20130926",103148,"Low Risk","No thermometers or uncalibrated thermometers "
68247,"20130926",103143,"Low Risk","Inadequate warewashing facilities or equipment"
68247,"20130926",103144,"Low Risk","Unapproved or unmaintained equipment or utensils"
68247,"20130926",103119,"Moderate Risk","Inadequate and inaccessible handwashing facilities"
68247,"20140605",103120,"Moderate Risk","Moderate risk food holding temperature "
68249,"20130409",103118,"Moderate Risk","Employee eating or smoking"
68249,"20130409",103124,"Moderate Risk","Inadequately cleaned or sanitized food contact surfaces"
68249,"20121009",103149,"Low Risk","Wiping cloths not clean or properly stored or inadequate sanitizer"
68249,"20121009",103148,"Low Risk","No thermometers or uncalibrated thermometers "
68249,"20121009",103124,"Moderate Risk","Inadequately cleaned or sanitized food contact surfaces"
68254,"20131029",103149,"Low Risk","Wiping cloths not clean or properly stored or inadequate sanitizer"
68254,"20131029",103138,"Low Risk","Improper storage use or identification of toxic substances"
68254,"20131029",103124,"Moderate Risk","Inadequately cleaned or sanitized food contact surfaces"
68254,"20131029",103119,"Moderate Risk","Inadequate and inaccessible handwashing facilities"
68254,"20140703",103120,"Moderate Risk","Moderate risk food holding temperature "
68254,"20140703",103172,"High Risk","Mobile food facility with unapproved operating conditions"
68254,"20140703",103148,"Low Risk","No thermometers or uncalibrated thermometers "
68254,"20140703",103142,"Low Risk","Unclean nonfood contact surfaces"
68254,"20140703",103156,"Low Risk","Permit license or inspection report not posted"
68254,"20140703",103147,"Low Risk","Inadequate ventilation or lighting"
68257,"20131003",103120,"Moderate Risk","Moderate risk food holding temperature "
68257,"20131003",103144,"Low Risk","Unapproved or unmaintained equipment or utensils"
68257,"20130208",103120,"Moderate Risk","Moderate risk food holding temperature "
68257,"20130208",103149,"Low Risk","Wiping cloths not clean or properly stored or inadequate sanitizer"
68257,"20140606",103160,"Low Risk","Inadequate HACCP plan record keeping"
68257,"20140606",103145,"Low Risk","Improper storage of equipment utensils or linens"
68258,"20130529",103154,"Low Risk","Unclean or degraded floors walls or ceilings"
68259,"20121127",103132,"Moderate Risk","Improper thawing methods "
68259,"20121127",103116,"Moderate Risk","Inadequate food safety knowledge or lack of certified food safety manager"
68259,"20140508",103148,"Low Risk","No thermometers or uncalibrated thermometers "
68260,"20140612",103119,"Moderate Risk","Inadequate and inaccessible handwashing facilities"
68261,"20150429",103119,"Moderate Risk","Inadequate and inaccessible handwashing facilities"
68261,"20131105",103119,"Moderate Risk","Inadequate and inaccessible handwashing facilities"
68261,"20140423",103120,"Moderate Risk","Moderate risk food holding temperature "
68262,"20150603",103119,"Moderate Risk","Inadequate and inaccessible handwashing facilities"
68262,"20130912",103156,"Low Risk","Permit license or inspection report not posted"
68262,"20140418",103156,"Low Risk","Permit license or inspection report not posted"
68262,"20130118",103124,"Moderate Risk","Inadequately cleaned or sanitized food contact surfaces"
68264,"20140902",103116,"Moderate Risk","Inadequate food safety knowledge or lack of certified food safety manager"
68264,"20140902",103154,"Low Risk","Unclean or degraded floors walls or ceilings"
68264,"20140902",103156,"Low Risk","Permit license or inspection report not posted"
68264,"20131030",103120,"Moderate Risk","Moderate risk food holding temperature "
68264,"20121228",103156,"Low Risk","Permit license or inspection report not posted"
68264,"20121228",103109,"High Risk","Unclean or unsanitary food contact surfaces"
68269,"20130315",103152,"Low Risk","Unclean unmaintained or improperly constructed toilet facilities"
68269,"20130315",103120,"Moderate Risk","Moderate risk food holding temperature "
68274,"20150205",103154,"Low Risk","Unclean or degraded floors walls or ceilings"
68274,"20140313",103154,"Low Risk","Unclean or degraded floors walls or ceilings"
68278,"20141114",103120,"Moderate Risk","Moderate risk food holding temperature "
68278,"20141114",103133,"Moderate Risk","Foods not protected from contamination"
68278,"20130924",103138,"Low Risk","Improper storage use or identification of toxic substances"
68278,"20130924",103103,"High Risk","High risk food holding temperature "
68278,"20130924",103119,"Moderate Risk","Inadequate and inaccessible handwashing facilities"
68278,"20130924",103149,"Low Risk","Wiping cloths not clean or properly stored or inadequate sanitizer"
68278,"20140328",103109,"High Risk","Unclean or unsanitary food contact surfaces"
68278,"20120803",103120,"Moderate Risk","Moderate risk food holding temperature "
68278,"20121119",103119,"Moderate Risk","Inadequate and inaccessible handwashing facilities"
68278,"20121119",103103,"High Risk","High risk food holding temperature "
68278,"20121119",103144,"Low Risk","Unapproved or unmaintained equipment or utensils"
68279,"20150122",103124,"Moderate Risk","Inadequately cleaned or sanitized food contact surfaces"
68279,"20150122",103156,"Low Risk","Permit license or inspection report not posted"
68279,"20130619",103139,"Low Risk","Improper food storage"
68279,"20130619",103124,"Moderate Risk","Inadequately cleaned or sanitized food contact surfaces"
68279,"20130619",103142,"Low Risk","Unclean nonfood contact surfaces"
68279,"20130619",103119,"Moderate Risk","Inadequate and inaccessible handwashing facilities"
68279,"20130619",103156,"Low Risk","Permit license or inspection report not posted"
68279,"20130619",103157,"Low Risk","Food safety certificate or food handler card not available"
68279,"20140110",103124,"Moderate Risk","Inadequately cleaned or sanitized food contact surfaces"
68279,"20140110",103129,"Moderate Risk","Insufficient hot water or running water"
68279,"20140110",103131,"Moderate Risk","Moderate risk vermin infestation"
68279,"20140110",103139,"Low Risk","Improper food storage"
68279,"20140110",103156,"Low Risk","Permit license or inspection report not posted"
68279,"20140110",103116,"Moderate Risk","Inadequate food safety knowledge or lack of certified food safety manager"
68279,"20120823",103156,"Low Risk","Permit license or inspection report not posted"
68279,"20120823",103116,"Moderate Risk","Inadequate food safety knowledge or lack of certified food safety manager"
68279,"20120823",103119,"Moderate Risk","Inadequate and inaccessible handwashing facilities"
68279,"20120823",103124,"Moderate Risk","Inadequately cleaned or sanitized food contact surfaces"
68279,"20120823",103139,"Low Risk","Improper food storage"
68279,"20120823",103144,"Low Risk","Unapproved or unmaintained equipment or utensils"
68279,"20120823",103154,"Low Risk","Unclean or degraded floors walls or ceilings"
68279,"20140529",103103,"High Risk","High risk food holding temperature "
68279,"20140529",103156,"Low Risk","Permit license or inspection report not posted"
68279,"20140529",103157,"Low Risk","Food safety certificate or food handler card not available"
68281,"20131125",103119,"Moderate Risk","Inadequate and inaccessible handwashing facilities"
68281,"20131125",103124,"Moderate Risk","Inadequately cleaned or sanitized food contact surfaces"
68281,"20131125",103161,"Low Risk","Low risk vermin infestation"
68281,"20130528",103109,"High Risk","Unclean or unsanitary food contact surfaces"
68281,"20130528",103119,"Moderate Risk","Inadequate and inaccessible handwashing facilities"
68281,"20130528",103105,"High Risk","Improper cooling methods"
68281,"20130528",103161,"Low Risk","Low risk vermin infestation"
68281,"20140430",103120,"Moderate Risk","Moderate risk food holding temperature "
68281,"20140430",103149,"Low Risk","Wiping cloths not clean or properly stored or inadequate sanitizer"
68281,"20140430",103161,"Low Risk","Low risk vermin infestation"
68281,"20121205",103103,"High Risk","High risk food holding temperature "
68281,"20121205",103142,"Low Risk","Unclean nonfood contact surfaces"
68281,"20121205",103149,"Low Risk","Wiping cloths not clean or properly stored or inadequate sanitizer"
68283,"20140424",103156,"Low Risk","Permit license or inspection report not posted"
68283,"20130102",103135,"Low Risk","No person in charge of food facility"
68287,"20130910",103139,"Low Risk","Improper food storage"
68287,"20130910",103124,"Moderate Risk","Inadequately cleaned or sanitized food contact surfaces"
68287,"20130910",103119,"Moderate Risk","Inadequate and inaccessible handwashing facilities"
68287,"20140501",103154,"Low Risk","Unclean or degraded floors walls or ceilings"
68287,"20130116",103119,"Moderate Risk","Inadequate and inaccessible handwashing facilities"
68287,"20130116",103120,"Moderate Risk","Moderate risk food holding temperature "
68287,"20130116",103124,"Moderate Risk","Inadequately cleaned or sanitized food contact surfaces"
68287,"20130116",103154,"Low Risk","Unclean or degraded floors walls or ceilings"
68288,"20141010",103154,"Low Risk","Unclean or degraded floors walls or ceilings"
68288,"20141010",103124,"Moderate Risk","Inadequately cleaned or sanitized food contact surfaces"
68288,"20141010",103156,"Low Risk","Permit license or inspection report not posted"
68288,"20130802",103154,"Low Risk","Unclean or degraded floors walls or ceilings"
68288,"20140324",103129,"Moderate Risk","Insufficient hot water or running water"
68289,"20150108",103150,"Low Risk","Improper or defective plumbing"
68289,"20150108",103154,"Low Risk","Unclean or degraded floors walls or ceilings"
68289,"20150108",103142,"Low Risk","Unclean nonfood contact surfaces"
68289,"20131001",103152,"Low Risk","Unclean unmaintained or improperly constructed toilet facilities"
68289,"20131001",103154,"Low Risk","Unclean or degraded floors walls or ceilings"
68289,"20131001",103139,"Low Risk","Improper food storage"
68289,"20131001",103145,"Low Risk","Improper storage of equipment utensils or linens"
68289,"20140411",103144,"Low Risk","Unapproved or unmaintained equipment or utensils"
68289,"20140411",103154,"Low Risk","Unclean or degraded floors walls or ceilings"
68289,"20140411",103114,"High Risk","High risk vermin infestation"
68289,"20130104",103139,"Low Risk","Improper food storage"
68289,"20130104",103144,"Low Risk","Unapproved or unmaintained equipment or utensils"
68289,"20130104",103142,"Low Risk","Unclean nonfood contact surfaces"
68289,"20130104",103119,"Moderate Risk","Inadequate and inaccessible handwashing facilities"
68289,"20130104",103154,"Low Risk","Unclean or degraded floors walls or ceilings"
68294,"20130925",103150,"Low Risk","Improper or defective plumbing"
68294,"20130925",103129,"Moderate Risk","Insufficient hot water or running water"
68294,"20130322",103119,"Moderate Risk","Inadequate and inaccessible handwashing facilities"
68294,"20140418",103129,"Moderate Risk","Insufficient hot water or running water"
68295,"20140227",103162,"Low Risk","Other low risk violation"
68298,"20130925",103119,"Moderate Risk","Inadequate and inaccessible handwashing facilities"
68298,"20130322",103119,"Moderate Risk","Inadequate and inaccessible handwashing facilities"
68298,"20120920",103129,"Moderate Risk","Insufficient hot water or running water"
68307,"20150211",103124,"Moderate Risk","Inadequately cleaned or sanitized food contact surfaces"
68307,"20150211",103153,"Low Risk","Inadequate dressing rooms or improper storage of personal items"
68307,"20150211",103142,"Low Risk","Unclean nonfood contact surfaces"
68318,"20150603",103120,"Moderate Risk","Moderate risk food holding temperature "
68318,"20150603",103139,"Low Risk","Improper food storage"
68318,"20150603",103132,"Moderate Risk","Improper thawing methods "
68318,"20131022",103161,"Low Risk","Low risk vermin infestation"
68318,"20131022",103105,"High Risk","Improper cooling methods"
68318,"20130425",103107,"High Risk","Improper reheating of food"
68318,"20130425",103114,"High Risk","High risk vermin infestation"
68318,"20130425",103156,"Low Risk","Permit license or inspection report not posted"
68318,"20130425",103150,"Low Risk","Improper or defective plumbing"
68318,"20130425",103139,"Low Risk","Improper food storage"
68318,"20130425",103124,"Moderate Risk","Inadequately cleaned or sanitized food contact surfaces"
68318,"20140417",103131,"Moderate Risk","Moderate risk vermin infestation"
68318,"20140417",103156,"Low Risk","Permit license or inspection report not posted"
68318,"20121101",103156,"Low Risk","Permit license or inspection report not posted"
68318,"20121101",103145,"Low Risk","Improper storage of equipment utensils or linens"
68318,"20121101",103139,"Low Risk","Improper food storage"
68320,"20141204",103148,"Low Risk","No thermometers or uncalibrated thermometers "
68320,"20141204",103104,"High Risk","Unauthorized or unsafe use of time as a public health control measure"
68320,"20141204",103119,"Moderate Risk","Inadequate and inaccessible handwashing facilities"
68320,"20141204",103120,"Moderate Risk","Moderate risk food holding temperature "
68320,"20141204",103161,"Low Risk","Low risk vermin infestation"
68320,"20130618",103102,"High Risk","Unclean hands or improper use of gloves"
68320,"20130618",103119,"Moderate Risk","Inadequate and inaccessible handwashing facilities"
68320,"20130618",103120,"Moderate Risk","Moderate risk food holding temperature "
68320,"20130618",103148,"Low Risk","No thermometers or uncalibrated thermometers "
68320,"20130618",103121,"Moderate Risk","Inadequate procedures or records for time as a public health control "
68321,"20131023",103157,"Low Risk","Food safety certificate or food handler card not available"
68321,"20131023",103139,"Low Risk","Improper food storage"
68321,"20131023",103142,"Low Risk","Unclean nonfood contact surfaces"
68321,"20131023",103124,"Moderate Risk","Inadequately cleaned or sanitized food contact surfaces"
68321,"20131023",103107,"High Risk","Improper reheating of food"
68321,"20131023",103154,"Low Risk","Unclean or degraded floors walls or ceilings"
68321,"20131023",103119,"Moderate Risk","Inadequate and inaccessible handwashing facilities"
68321,"20131023",103144,"Low Risk","Unapproved or unmaintained equipment or utensils"
68321,"20130117",103154,"Low Risk","Unclean or degraded floors walls or ceilings"
68321,"20130117",103119,"Moderate Risk","Inadequate and inaccessible handwashing facilities"
68321,"20130117",103124,"Moderate Risk","Inadequately cleaned or sanitized food contact surfaces"
68321,"20130117",103126,"Moderate Risk","Noncompliance with Gulf Coast oyster regulation"
68321,"20130117",103139,"Low Risk","Improper food storage"
68321,"20130117",103150,"Low Risk","Improper or defective plumbing"
68321,"20140617",103103,"High Risk","High risk food holding temperature "
68321,"20140617",103105,"High Risk","Improper cooling methods"
68321,"20140617",103119,"Moderate Risk","Inadequate and inaccessible handwashing facilities"
68321,"20140617",103142,"Low Risk","Unclean nonfood contact surfaces"
68321,"20140617",103124,"Moderate Risk","Inadequately cleaned or sanitized food contact surfaces"
68323,"20140904",103154,"Low Risk","Unclean or degraded floors walls or ceilings"
68323,"20131126",103145,"Low Risk","Improper storage of equipment utensils or linens"
68323,"20131126",103150,"Low Risk","Improper or defective plumbing"
68323,"20130405",103120,"Moderate Risk","Moderate risk food holding temperature "
68323,"20120716",103120,"Moderate Risk","Moderate risk food holding temperature "
68323,"20120716",103139,"Low Risk","Improper food storage"
68331,"20150204",103107,"High Risk","Improper reheating of food"
68331,"20150204",103161,"Low Risk","Low risk vermin infestation"
68331,"20131106",103124,"Moderate Risk","Inadequately cleaned or sanitized food contact surfaces"
68331,"20131106",103120,"Moderate Risk","Moderate risk food holding temperature "
68331,"20131106",103149,"Low Risk","Wiping cloths not clean or properly stored or inadequate sanitizer"
68331,"20120706",103145,"Low Risk","Improper storage of equipment utensils or linens"
68331,"20120706",103119,"Moderate Risk","Inadequate and inaccessible handwashing facilities"
68331,"20120706",103161,"Low Risk","Low risk vermin infestation"
68331,"20120706",103149,"Low Risk","Wiping cloths not clean or properly stored or inadequate sanitizer"
68331,"20130114",103131,"Moderate Risk","Moderate risk vermin infestation"
68331,"20130114",103133,"Moderate Risk","Foods not protected from contamination"
68331,"20130114",103137,"Low Risk","Improperly washed fruits and vegetables"
68331,"20130114",103144,"Low Risk","Unapproved or unmaintained equipment or utensils"
68331,"20130114",103154,"Low Risk","Unclean or degraded floors walls or ceilings"
68331,"20130114",103123,"Moderate Risk","Food in poor condition"
68331,"20140616",103149,"Low Risk","Wiping cloths not clean or properly stored or inadequate sanitizer"
68331,"20140616",103148,"Low Risk","No thermometers or uncalibrated thermometers "
68331,"20140616",103103,"High Risk","High risk food holding temperature "
68345,"20121129",103157,"Low Risk","Food safety certificate or food handler card not available"
68345,"20121129",103156,"Low Risk","Permit license or inspection report not posted"
68345,"20121129",103144,"Low Risk","Unapproved or unmaintained equipment or utensils"
68345,"20121129",103142,"Low Risk","Unclean nonfood contact surfaces"
68345,"20121129",103143,"Low Risk","Inadequate warewashing facilities or equipment"
68345,"20121129",103149,"Low Risk","Wiping cloths not clean or properly stored or inadequate sanitizer"
68351,"20141222",103145,"Low Risk","Improper storage of equipment utensils or linens"
68351,"20141222",103105,"High Risk","Improper cooling methods"
68351,"20141222",103103,"High Risk","High risk food holding temperature "
68351,"20141222",103124,"Moderate Risk","Inadequately cleaned or sanitized food contact surfaces"
68351,"20131230",103139,"Low Risk","Improper food storage"
68351,"20131230",103103,"High Risk","High risk food holding temperature "
68351,"20131230",103116,"Moderate Risk","Inadequate food safety knowledge or lack of certified food safety manager"
68351,"20131230",103124,"Moderate Risk","Inadequately cleaned or sanitized food contact surfaces"
68351,"20130123",103108,"High Risk","Contaminated or adulterated food"
68351,"20140603",103154,"Low Risk","Unclean or degraded floors walls or ceilings"
68351,"20140603",103149,"Low Risk","Wiping cloths not clean or properly stored or inadequate sanitizer"
68351,"20140603",103103,"High Risk","High risk food holding temperature "
68351,"20140603",103105,"High Risk","Improper cooling methods"
68352,"20131022",103156,"Low Risk","Permit license or inspection report not posted"
68352,"20131022",103124,"Moderate Risk","Inadequately cleaned or sanitized food contact surfaces"
68352,"20131022",103139,"Low Risk","Improper food storage"
68352,"20120615",103133,"Moderate Risk","Foods not protected from contamination"
68352,"20120615",103131,"Moderate Risk","Moderate risk vermin infestation"
68352,"20120615",103109,"High Risk","Unclean or unsanitary food contact surfaces"
68352,"20130104",103124,"Moderate Risk","Inadequately cleaned or sanitized food contact surfaces"
68352,"20130104",103133,"Moderate Risk","Foods not protected from contamination"
68352,"20130104",103144,"Low Risk","Unapproved or unmaintained equipment or utensils"
68353,"20150126",103161,"Low Risk","Low risk vermin infestation"
68353,"20150126",103154,"Low Risk","Unclean or degraded floors walls or ceilings"
68353,"20150126",103144,"Low Risk","Unapproved or unmaintained equipment or utensils"
68353,"20130719",103119,"Moderate Risk","Inadequate and inaccessible handwashing facilities"
68353,"20130719",103153,"Low Risk","Inadequate dressing rooms or improper storage of personal items"
68353,"20130719",103156,"Low Risk","Permit license or inspection report not posted"
68353,"20140211",103124,"Moderate Risk","Inadequately cleaned or sanitized food contact surfaces"
68353,"20140211",103133,"Moderate Risk","Foods not protected from contamination"
68353,"20140211",103120,"Moderate Risk","Moderate risk food holding temperature "
68353,"20140211",103154,"Low Risk","Unclean or degraded floors walls or ceilings"
68353,"20120802",103150,"Low Risk","Improper or defective plumbing"
68353,"20120802",103124,"Moderate Risk","Inadequately cleaned or sanitized food contact surfaces"
68353,"20120802",103103,"High Risk","High risk food holding temperature "
68356,"20120622",103139,"Low Risk","Improper food storage"
68356,"20120622",103107,"High Risk","Improper reheating of food"
68356,"20130206",103154,"Low Risk","Unclean or degraded floors walls or ceilings"
68356,"20130206",103150,"Low Risk","Improper or defective plumbing"
68356,"20130206",103139,"Low Risk","Improper food storage"
68356,"20130206",103124,"Moderate Risk","Inadequately cleaned or sanitized food contact surfaces"
68360,"20131113",103149,"Low Risk","Wiping cloths not clean or properly stored or inadequate sanitizer"
68360,"20131113",103105,"High Risk","Improper cooling methods"
68360,"20131113",103102,"High Risk","Unclean hands or improper use of gloves"
68360,"20130408",103150,"Low Risk","Improper or defective plumbing"
68360,"20130408",103149,"Low Risk","Wiping cloths not clean or properly stored or inadequate sanitizer"
68360,"20130408",103145,"Low Risk","Improper storage of equipment utensils or linens"
68360,"20130408",103142,"Low Risk","Unclean nonfood contact surfaces"
68360,"20130408",103132,"Moderate Risk","Improper thawing methods "
68360,"20130408",103107,"High Risk","Improper reheating of food"
68360,"20130408",103154,"Low Risk","Unclean or degraded floors walls or ceilings"
68360,"20120924",103154,"Low Risk","Unclean or degraded floors walls or ceilings"
68360,"20120924",103147,"Low Risk","Inadequate ventilation or lighting"
68360,"20120924",103139,"Low Risk","Improper food storage"
68360,"20120924",103119,"Moderate Risk","Inadequate and inaccessible handwashing facilities"
68362,"20150313",103124,"Moderate Risk","Inadequately cleaned or sanitized food contact surfaces"
68362,"20130416",103105,"High Risk","Improper cooling methods"
68362,"20130416",103103,"High Risk","High risk food holding temperature "
68362,"20120919",103149,"Low Risk","Wiping cloths not clean or properly stored or inadequate sanitizer"
68362,"20120919",103133,"Moderate Risk","Foods not protected from contamination"
68362,"20120919",103105,"High Risk","Improper cooling methods"
68362,"20140619",103120,"Moderate Risk","Moderate risk food holding temperature "
68365,"20141217",103114,"High Risk","High risk vermin infestation"
68365,"20141217",103119,"Moderate Risk","Inadequate and inaccessible handwashing facilities"
68365,"20141217",103124,"Moderate Risk","Inadequately cleaned or sanitized food contact surfaces"
68365,"20141217",103154,"Low Risk","Unclean or degraded floors walls or ceilings"
68366,"20141204",103112,"High Risk","No hot water or running water"
68366,"20141204",103120,"Moderate Risk","Moderate risk food holding temperature "
68366,"20141204",103144,"Low Risk","Unapproved or unmaintained equipment or utensils"
68366,"20141204",103148,"Low Risk","No thermometers or uncalibrated thermometers "
68366,"20141204",103149,"Low Risk","Wiping cloths not clean or properly stored or inadequate sanitizer"
68366,"20141204",103154,"Low Risk","Unclean or degraded floors walls or ceilings"
68366,"20141204",103147,"Low Risk","Inadequate ventilation or lighting"
68366,"20141204",103142,"Low Risk","Unclean nonfood contact surfaces"
68366,"20130917",103124,"Moderate Risk","Inadequately cleaned or sanitized food contact surfaces"
68366,"20130917",103133,"Moderate Risk","Foods not protected from contamination"
68366,"20140319",103132,"Moderate Risk","Improper thawing methods "
68366,"20140319",103109,"High Risk","Unclean or unsanitary food contact surfaces"
68366,"20140319",103131,"Moderate Risk","Moderate risk vermin infestation"
68366,"20140319",103157,"Low Risk","Food safety certificate or food handler card not available"
68366,"20140319",103142,"Low Risk","Unclean nonfood contact surfaces"
68367,"20130924",103103,"High Risk","High risk food holding temperature "
68367,"20130924",103131,"Moderate Risk","Moderate risk vermin infestation"
68367,"20130924",103124,"Moderate Risk","Inadequately cleaned or sanitized food contact surfaces"
68367,"20130924",103142,"Low Risk","Unclean nonfood contact surfaces"
68367,"20130924",103119,"Moderate Risk","Inadequate and inaccessible handwashing facilities"
68367,"20131220",103109,"High Risk","Unclean or unsanitary food contact surfaces"
68367,"20131220",103103,"High Risk","High risk food holding temperature "
68367,"20140507",103142,"Low Risk","Unclean nonfood contact surfaces"
68367,"20140507",103114,"High Risk","High risk vermin infestation"
68367,"20140507",103133,"Moderate Risk","Foods not protected from contamination"
68367,"20140507",103124,"Moderate Risk","Inadequately cleaned or sanitized food contact surfaces"
68367,"20140507",103103,"High Risk","High risk food holding temperature "
68367,"20121203",103103,"High Risk","High risk food holding temperature "
68367,"20121203",103154,"Low Risk","Unclean or degraded floors walls or ceilings"
68367,"20121203",103149,"Low Risk","Wiping cloths not clean or properly stored or inadequate sanitizer"
68367,"20121203",103142,"Low Risk","Unclean nonfood contact surfaces"
68367,"20121203",103132,"Moderate Risk","Improper thawing methods "
68367,"20121203",103131,"Moderate Risk","Moderate risk vermin infestation"
68367,"20121203",103108,"High Risk","Contaminated or adulterated food"
68367,"20121203",103119,"Moderate Risk","Inadequate and inaccessible handwashing facilities"
68367,"20140507",103154,"Low Risk","Unclean or degraded floors walls or ceilings"
68379,"20131227",103145,"Low Risk","Improper storage of equipment utensils or linens"
68379,"20131227",103141,"Low Risk","Improper food labeling or menu misrepresentation"
68379,"20131227",103154,"Low Risk","Unclean or degraded floors walls or ceilings"
68379,"20130604",103116,"Moderate Risk","Inadequate food safety knowledge or lack of certified food safety manager"
68379,"20130604",103119,"Moderate Risk","Inadequate and inaccessible handwashing facilities"
68379,"20140729",103120,"Moderate Risk","Moderate risk food holding temperature "
68379,"20140729",103157,"Low Risk","Food safety certificate or food handler card not available"
68379,"20140729",103149,"Low Risk","Wiping cloths not clean or properly stored or inadequate sanitizer"
68379,"20140729",103156,"Low Risk","Permit license or inspection report not posted"
68379,"20140729",103141,"Low Risk","Improper food labeling or menu misrepresentation"
68379,"20140729",103139,"Low Risk","Improper food storage"
68379,"20140729",103102,"High Risk","Unclean hands or improper use of gloves"
68390,"20150303",103133,"Moderate Risk","Foods not protected from contamination"
68390,"20150303",103103,"High Risk","High risk food holding temperature "
68390,"20150303",103154,"Low Risk","Unclean or degraded floors walls or ceilings"
68390,"20150303",103119,"Moderate Risk","Inadequate and inaccessible handwashing facilities"
68390,"20130829",103102,"High Risk","Unclean hands or improper use of gloves"
68390,"20130829",103139,"Low Risk","Improper food storage"
68390,"20140407",103105,"High Risk","Improper cooling methods"
68390,"20140407",103131,"Moderate Risk","Moderate risk vermin infestation"
68390,"20140407",103103,"High Risk","High risk food holding temperature "
68390,"20140407",103119,"Moderate Risk","Inadequate and inaccessible handwashing facilities"
68390,"20140407",103154,"Low Risk","Unclean or degraded floors walls or ceilings"
68390,"20140407",103139,"Low Risk","Improper food storage"
68390,"20130102",103142,"Low Risk","Unclean nonfood contact surfaces"
68390,"20130102",103149,"Low Risk","Wiping cloths not clean or properly stored or inadequate sanitizer"
68390,"20130102",103145,"Low Risk","Improper storage of equipment utensils or linens"
68390,"20130102",103144,"Low Risk","Unapproved or unmaintained equipment or utensils"
68394,"20150112",103133,"Moderate Risk","Foods not protected from contamination"
68394,"20150112",103144,"Low Risk","Unapproved or unmaintained equipment or utensils"
68394,"20131112",103127,"Moderate Risk","Noncompliance with HAACP plan or variance"
68394,"20120621",103120,"Moderate Risk","Moderate risk food holding temperature "
68394,"20120621",103149,"Low Risk","Wiping cloths not clean or properly stored or inadequate sanitizer"
68394,"20120621",103133,"Moderate Risk","Foods not protected from contamination"
68394,"20130212",103119,"Moderate Risk","Inadequate and inaccessible handwashing facilities"
68400,"20150423",103144,"Low Risk","Unapproved or unmaintained equipment or utensils"
68400,"20150423",103103,"High Risk","High risk food holding temperature "
68400,"20150423",103110,"High Risk","Unapproved food source"
68400,"20150423",103142,"Low Risk","Unclean nonfood contact surfaces"
68400,"20130812",103119,"Moderate Risk","Inadequate and inaccessible handwashing facilities"
68400,"20130812",103161,"Low Risk","Low risk vermin infestation"
68400,"20130812",103154,"Low Risk","Unclean or degraded floors walls or ceilings"
68400,"20130812",103144,"Low Risk","Unapproved or unmaintained equipment or utensils"
68400,"20140328",103110,"High Risk","Unapproved food source"
68400,"20140328",103116,"Moderate Risk","Inadequate food safety knowledge or lack of certified food safety manager"
68400,"20140328",103142,"Low Risk","Unclean nonfood contact surfaces"
68400,"20121113",103154,"Low Risk","Unclean or degraded floors walls or ceilings"
68400,"20121113",103120,"Moderate Risk","Moderate risk food holding temperature "
68400,"20121113",103138,"Low Risk","Improper storage use or identification of toxic substances"
68400,"20121113",103102,"High Risk","Unclean hands or improper use of gloves"
68400,"20121113",103144,"Low Risk","Unapproved or unmaintained equipment or utensils"
68401,"20140911",103104,"High Risk","Unauthorized or unsafe use of time as a public health control measure"
68401,"20130821",103124,"Moderate Risk","Inadequately cleaned or sanitized food contact surfaces"
68401,"20130821",103103,"High Risk","High risk food holding temperature "
68401,"20140305",103157,"Low Risk","Food safety certificate or food handler card not available"
68401,"20140305",103103,"High Risk","High risk food holding temperature "
68401,"20120709",103157,"Low Risk","Food safety certificate or food handler card not available"
68401,"20120709",103152,"Low Risk","Unclean unmaintained or improperly constructed toilet facilities"
68401,"20130211",103157,"Low Risk","Food safety certificate or food handler card not available"
68401,"20130211",103139,"Low Risk","Improper food storage"
68401,"20130211",103121,"Moderate Risk","Inadequate procedures or records for time as a public health control "
68403,"20150217",103154,"Low Risk","Unclean or degraded floors walls or ceilings"
68403,"20150217",103132,"Moderate Risk","Improper thawing methods "
68403,"20150217",103124,"Moderate Risk","Inadequately cleaned or sanitized food contact surfaces"
68403,"20150217",103144,"Low Risk","Unapproved or unmaintained equipment or utensils"
68403,"20150217",103119,"Moderate Risk","Inadequate and inaccessible handwashing facilities"
68403,"20150217",103138,"Low Risk","Improper storage use or identification of toxic substances"
68403,"20150217",103103,"High Risk","High risk food holding temperature "
68403,"20150217",103108,"High Risk","Contaminated or adulterated food"
68403,"20130903",103133,"Moderate Risk","Foods not protected from contamination"
68403,"20130903",103120,"Moderate Risk","Moderate risk food holding temperature "
68403,"20130903",103144,"Low Risk","Unapproved or unmaintained equipment or utensils"
68403,"20130903",103109,"High Risk","Unclean or unsanitary food contact surfaces"
68403,"20130903",103119,"Moderate Risk","Inadequate and inaccessible handwashing facilities"
68403,"20140409",103144,"Low Risk","Unapproved or unmaintained equipment or utensils"
68403,"20140409",103109,"High Risk","Unclean or unsanitary food contact surfaces"
68403,"20140409",103154,"Low Risk","Unclean or degraded floors walls or ceilings"
68403,"20140409",103120,"Moderate Risk","Moderate risk food holding temperature "
68403,"20140409",103142,"Low Risk","Unclean nonfood contact surfaces"
68403,"20140409",103150,"Low Risk","Improper or defective plumbing"
68403,"20140409",103133,"Moderate Risk","Foods not protected from contamination"
68403,"20121127",103124,"Moderate Risk","Inadequately cleaned or sanitized food contact surfaces"
68403,"20121127",103154,"Low Risk","Unclean or degraded floors walls or ceilings"
68403,"20121127",103120,"Moderate Risk","Moderate risk food holding temperature "
68403,"20121127",103132,"Moderate Risk","Improper thawing methods "
68403,"20121127",103139,"Low Risk","Improper food storage"
68403,"20121127",103142,"Low Risk","Unclean nonfood contact surfaces"
68407,"20150520",103120,"Moderate Risk","Moderate risk food holding temperature "
68407,"20150520",103105,"High Risk","Improper cooling methods"
68407,"20131119",103154,"Low Risk","Unclean or degraded floors walls or ceilings"
68407,"20131119",103133,"Moderate Risk","Foods not protected from contamination"
68407,"20131119",103102,"High Risk","Unclean hands or improper use of gloves"
68407,"20130204",103132,"Moderate Risk","Improper thawing methods "
68407,"20130204",103133,"Moderate Risk","Foods not protected from contamination"
68407,"20140604",103144,"Low Risk","Unapproved or unmaintained equipment or utensils"
68410,"20140825",103119,"Moderate Risk","Inadequate and inaccessible handwashing facilities"
68410,"20140129",103143,"Low Risk","Inadequate warewashing facilities or equipment"
68410,"20140206",103119,"Moderate Risk","Inadequate and inaccessible handwashing facilities"
68410,"20140129",103119,"Moderate Risk","Inadequate and inaccessible handwashing facilities"
68410,"20140129",103152,"Low Risk","Unclean unmaintained or improperly constructed toilet facilities"
68410,"20140129",103112,"High Risk","No hot water or running water"
68410,"20130521",103152,"Low Risk","Unclean unmaintained or improperly constructed toilet facilities"
68410,"20130521",103154,"Low Risk","Unclean or degraded floors walls or ceilings"
68410,"20121002",103119,"Moderate Risk","Inadequate and inaccessible handwashing facilities"
68410,"20121002",103150,"Low Risk","Improper or defective plumbing"
68410,"20121002",103152,"Low Risk","Unclean unmaintained or improperly constructed toilet facilities"
68410,"20121002",103157,"Low Risk","Food safety certificate or food handler card not available"
68412,"20150109",103119,"Moderate Risk","Inadequate and inaccessible handwashing facilities"
68412,"20150109",103139,"Low Risk","Improper food storage"
68412,"20131119",103119,"Moderate Risk","Inadequate and inaccessible handwashing facilities"
68412,"20131119",103144,"Low Risk","Unapproved or unmaintained equipment or utensils"
68412,"20131119",103142,"Low Risk","Unclean nonfood contact surfaces"
68412,"20131119",103129,"Moderate Risk","Insufficient hot water or running water"
68412,"20131119",103105,"High Risk","Improper cooling methods"
68412,"20120828",103144,"Low Risk","Unapproved or unmaintained equipment or utensils"
68412,"20120828",103149,"Low Risk","Wiping cloths not clean or properly stored or inadequate sanitizer"
68412,"20120828",103168,"N/A",
68412,"20130206",103124,"Moderate Risk","Inadequately cleaned or sanitized food contact surfaces"
68412,"20140508",103124,"Moderate Risk","Inadequately cleaned or sanitized food contact surfaces"
68412,"20140508",103144,"Low Risk","Unapproved or unmaintained equipment or utensils"
68412,"20140508",103133,"Moderate Risk","Foods not protected from contamination"
68421,"20140905",103143,"Low Risk","Inadequate warewashing facilities or equipment"
68421,"20140905",103116,"Moderate Risk","Inadequate food safety knowledge or lack of certified food safety manager"
68421,"20140905",103142,"Low Risk","Unclean nonfood contact surfaces"
68421,"20140905",103156,"Low Risk","Permit license or inspection report not posted"
68421,"20140905",103129,"Moderate Risk","Insufficient hot water or running water"
68421,"20131223",103116,"Moderate Risk","Inadequate food safety knowledge or lack of certified food safety manager"
68421,"20131223",103119,"Moderate Risk","Inadequate and inaccessible handwashing facilities"
68421,"20131223",103116,"Moderate Risk","Inadequate food safety knowledge or lack of certified food safety manager"
68421,"20130416",103162,"Low Risk","Other low risk violation"
68421,"20130416",103145,"Low Risk","Improper storage of equipment utensils or linens"
68421,"20130416",103109,"High Risk","Unclean or unsanitary food contact surfaces"
68421,"20121219",103149,"Low Risk","Wiping cloths not clean or properly stored or inadequate sanitizer"
68421,"20121219",103145,"Low Risk","Improper storage of equipment utensils or linens"
68422,"20140905",103116,"Moderate Risk","Inadequate food safety knowledge or lack of certified food safety manager"
68422,"20140905",103142,"Low Risk","Unclean nonfood contact surfaces"
68422,"20140905",103156,"Low Risk","Permit license or inspection report not posted"
68422,"20140905",103143,"Low Risk","Inadequate warewashing facilities or equipment"
68422,"20131223",103116,"Moderate Risk","Inadequate food safety knowledge or lack of certified food safety manager"
68422,"20130417",103109,"High Risk","Unclean or unsanitary food contact surfaces"
68422,"20130417",103118,"Moderate Risk","Employee eating or smoking"
68422,"20130417",103119,"Moderate Risk","Inadequate and inaccessible handwashing facilities"
68422,"20130417",103153,"Low Risk","Inadequate dressing rooms or improper storage of personal items"
68422,"20121219",103139,"Low Risk","Improper food storage"
68422,"20121219",103154,"Low Risk","Unclean or degraded floors walls or ceilings"
68422,"20121219",103149,"Low Risk","Wiping cloths not clean or properly stored or inadequate sanitizer"
68422,"20121219",103153,"Low Risk","Inadequate dressing rooms or improper storage of personal items"
68428,"20140922",103102,"High Risk","Unclean hands or improper use of gloves"
68428,"20140922",103120,"Moderate Risk","Moderate risk food holding temperature "
68428,"20140922",103114,"High Risk","High risk vermin infestation"
68428,"20140922",103147,"Low Risk","Inadequate ventilation or lighting"
68428,"20140922",103154,"Low Risk","Unclean or degraded floors walls or ceilings"
68428,"20140922",103157,"Low Risk","Food safety certificate or food handler card not available"
68428,"20130808",103150,"Low Risk","Improper or defective plumbing"
68428,"20130606",103119,"Moderate Risk","Inadequate and inaccessible handwashing facilities"
68428,"20130606",103116,"Moderate Risk","Inadequate food safety knowledge or lack of certified food safety manager"
68428,"20120713",103119,"Moderate Risk","Inadequate and inaccessible handwashing facilities"
68428,"20120713",103116,"Moderate Risk","Inadequate food safety knowledge or lack of certified food safety manager"
68428,"20120713",103149,"Low Risk","Wiping cloths not clean or properly stored or inadequate sanitizer"
68430,"20130417",103153,"Low Risk","Inadequate dressing rooms or improper storage of personal items"
68430,"20130417",103103,"High Risk","High risk food holding temperature "
68430,"20140527",103124,"Moderate Risk","Inadequately cleaned or sanitized food contact surfaces"
68431,"20150227",103105,"High Risk","Improper cooling methods"
68431,"20150227",103139,"Low Risk","Improper food storage"
68431,"20131007",103149,"Low Risk","Wiping cloths not clean or properly stored or inadequate sanitizer"
68431,"20131007",103103,"High Risk","High risk food holding temperature "
68431,"20130308",103120,"Moderate Risk","Moderate risk food holding temperature "
68431,"20130308",103139,"Low Risk","Improper food storage"
68431,"20130308",103144,"Low Risk","Unapproved or unmaintained equipment or utensils"
68431,"20130308",103148,"Low Risk","No thermometers or uncalibrated thermometers "
68431,"20120907",103148,"Low Risk","No thermometers or uncalibrated thermometers "
68431,"20120907",103139,"Low Risk","Improper food storage"
68431,"20120907",103103,"High Risk","High risk food holding temperature "
68431,"20140605",103154,"Low Risk","Unclean or degraded floors walls or ceilings"
68431,"20140605",103103,"High Risk","High risk food holding temperature "
68433,"20141103",103119,"Moderate Risk","Inadequate and inaccessible handwashing facilities"
68433,"20141210",103103,"High Risk","High risk food holding temperature "
68433,"20141103",103161,"Low Risk","Low risk vermin infestation"
68433,"20141103",103156,"Low Risk","Permit license or inspection report not posted"
68433,"20141103",103149,"Low Risk","Wiping cloths not clean or properly stored or inadequate sanitizer"
68433,"20141103",103142,"Low Risk","Unclean nonfood contact surfaces"
68433,"20141103",103138,"Low Risk","Improper storage use or identification of toxic substances"
68433,"20141103",103129,"Moderate Risk","Insufficient hot water or running water"
68433,"20141103",103103,"High Risk","High risk food holding temperature "
68433,"20141103",103102,"High Risk","Unclean hands or improper use of gloves"
68433,"20141103",103133,"Moderate Risk","Foods not protected from contamination"
68433,"20131112",103124,"Moderate Risk","Inadequately cleaned or sanitized food contact surfaces"
68433,"20131112",103142,"Low Risk","Unclean nonfood contact surfaces"
68433,"20131112",103133,"Moderate Risk","Foods not protected from contamination"
68433,"20131112",103120,"Moderate Risk","Moderate risk food holding temperature "
68433,"20131112",103154,"Low Risk","Unclean or degraded floors walls or ceilings"
68433,"20131112",103149,"Low Risk","Wiping cloths not clean or properly stored or inadequate sanitizer"
68433,"20131112",103144,"Low Risk","Unapproved or unmaintained equipment or utensils"
68433,"20130313",103144,"Low Risk","Unapproved or unmaintained equipment or utensils"
68433,"20130313",103103,"High Risk","High risk food holding temperature "
68433,"20130313",103132,"Moderate Risk","Improper thawing methods "
68433,"20130313",103149,"Low Risk","Wiping cloths not clean or properly stored or inadequate sanitizer"
68433,"20130313",103154,"Low Risk","Unclean or degraded floors walls or ceilings"
68433,"20130313",103124,"Moderate Risk","Inadequately cleaned or sanitized food contact surfaces"
68433,"20120718",103102,"High Risk","Unclean hands or improper use of gloves"
68433,"20120718",103147,"Low Risk","Inadequate ventilation or lighting"
68433,"20120718",103109,"High Risk","Unclean or unsanitary food contact surfaces"
68433,"20120718",103103,"High Risk","High risk food holding temperature "
68433,"20120718",103131,"Moderate Risk","Moderate risk vermin infestation"
68433,"20120718",103154,"Low Risk","Unclean or degraded floors walls or ceilings"
68438,"20130115",103157,"Low Risk","Food safety certificate or food handler card not available"
68438,"20130115",103109,"High Risk","Unclean or unsanitary food contact surfaces"
68438,"20130115",103148,"Low Risk","No thermometers or uncalibrated thermometers "
68438,"20130115",103112,"High Risk","No hot water or running water"
68438,"20130115",103103,"High Risk","High risk food holding temperature "
68442,"20140124",103154,"Low Risk","Unclean or degraded floors walls or ceilings"
68442,"20140124",103150,"Low Risk","Improper or defective plumbing"
68442,"20140124",103119,"Moderate Risk","Inadequate and inaccessible handwashing facilities"
68442,"20130219",103150,"Low Risk","Improper or defective plumbing"
68442,"20130219",103154,"Low Risk","Unclean or degraded floors walls or ceilings"
68442,"20130219",103143,"Low Risk","Inadequate warewashing facilities or equipment"
68442,"20140731",103109,"High Risk","Unclean or unsanitary food contact surfaces"
68442,"20140731",103154,"Low Risk","Unclean or degraded floors walls or ceilings"
68442,"20140731",103131,"Moderate Risk","Moderate risk vermin infestation"
68451,"20130416",103103,"High Risk","High risk food holding temperature "
68451,"20130416",103154,"Low Risk","Unclean or degraded floors walls or ceilings"
68451,"20130416",103134,"Moderate Risk","Other moderate risk violation"
68451,"20130416",103124,"Moderate Risk","Inadequately cleaned or sanitized food contact surfaces"
68451,"20140506",103103,"High Risk","High risk food holding temperature "
68451,"20140506",103119,"Moderate Risk","Inadequate and inaccessible handwashing facilities"
68451,"20140506",103131,"Moderate Risk","Moderate risk vermin infestation"
68451,"20140506",103115,"High Risk","Other high risk violation"
68452,"20150106",103103,"High Risk","High risk food holding temperature "
68452,"20150106",103131,"Moderate Risk","Moderate risk vermin infestation"
68452,"20140408",103114,"High Risk","High risk vermin infestation"
68452,"20140408",103108,"High Risk","Contaminated or adulterated food"
68452,"20140408",103105,"High Risk","Improper cooling methods"
68454,"20140827",103114,"High Risk","High risk vermin infestation"
68454,"20140827",103134,"Moderate Risk","Other moderate risk violation"
68454,"20140827",103144,"Low Risk","Unapproved or unmaintained equipment or utensils"
68454,"20140827",103147,"Low Risk","Inadequate ventilation or lighting"
68454,"20140827",103150,"Low Risk","Improper or defective plumbing"
68454,"20140827",103133,"Moderate Risk","Foods not protected from contamination"
68454,"20140827",103103,"High Risk","High risk food holding temperature "
68454,"20130619",103144,"Low Risk","Unapproved or unmaintained equipment or utensils"
68454,"20130619",103154,"Low Risk","Unclean or degraded floors walls or ceilings"
68454,"20130619",103149,"Low Risk","Wiping cloths not clean or properly stored or inadequate sanitizer"
68454,"20140124",103119,"Moderate Risk","Inadequate and inaccessible handwashing facilities"
68454,"20140124",103124,"Moderate Risk","Inadequately cleaned or sanitized food contact surfaces"
68454,"20121029",103149,"Low Risk","Wiping cloths not clean or properly stored or inadequate sanitizer"
68454,"20121029",103154,"Low Risk","Unclean or degraded floors walls or ceilings"
68454,"20121029",103131,"Moderate Risk","Moderate risk vermin infestation"
68462,"20150605",103144,"Low Risk","Unapproved or unmaintained equipment or utensils"
68462,"20150605",103154,"Low Risk","Unclean or degraded floors walls or ceilings"
68462,"20130604",103157,"Low Risk","Food safety certificate or food handler card not available"
68462,"20130604",103144,"Low Risk","Unapproved or unmaintained equipment or utensils"
68462,"20130604",103154,"Low Risk","Unclean or degraded floors walls or ceilings"
68462,"20130109",103162,"Low Risk","Other low risk violation"
68462,"20130109",103144,"Low Risk","Unapproved or unmaintained equipment or utensils"
68462,"20140512",103154,"Low Risk","Unclean or degraded floors walls or ceilings"
68469,"20140917",103143,"Low Risk","Inadequate warewashing facilities or equipment"
68469,"20140917",103149,"Low Risk","Wiping cloths not clean or properly stored or inadequate sanitizer"
68469,"20140917",103148,"Low Risk","No thermometers or uncalibrated thermometers "
68469,"20140917",103147,"Low Risk","Inadequate ventilation or lighting"
68469,"20140917",103144,"Low Risk","Unapproved or unmaintained equipment or utensils"
68469,"20140917",103119,"Moderate Risk","Inadequate and inaccessible handwashing facilities"
68469,"20130517",103119,"Moderate Risk","Inadequate and inaccessible handwashing facilities"
68469,"20130517",103120,"Moderate Risk","Moderate risk food holding temperature "
68469,"20130517",103124,"Moderate Risk","Inadequately cleaned or sanitized food contact surfaces"
68469,"20130517",103148,"Low Risk","No thermometers or uncalibrated thermometers "
68469,"20120620",103116,"Moderate Risk","Inadequate food safety knowledge or lack of certified food safety manager"
68469,"20120620",103124,"Moderate Risk","Inadequately cleaned or sanitized food contact surfaces"
68483,"20140929",103157,"Low Risk","Food safety certificate or food handler card not available"
68483,"20140929",103139,"Low Risk","Improper food storage"
68483,"20130722",103133,"Moderate Risk","Foods not protected from contamination"
68483,"20130722",103124,"Moderate Risk","Inadequately cleaned or sanitized food contact surfaces"
68483,"20130919",103120,"Moderate Risk","Moderate risk food holding temperature "
68483,"20130722",103161,"Low Risk","Low risk vermin infestation"
68483,"20120719",103120,"Moderate Risk","Moderate risk food holding temperature "
68483,"20120719",103133,"Moderate Risk","Foods not protected from contamination"
68487,"20150105",103142,"Low Risk","Unclean nonfood contact surfaces"
68487,"20150105",103145,"Low Risk","Improper storage of equipment utensils or linens"
68487,"20130919",103145,"Low Risk","Improper storage of equipment utensils or linens"
68487,"20130919",103149,"Low Risk","Wiping cloths not clean or properly stored or inadequate sanitizer"
68487,"20140410",103139,"Low Risk","Improper food storage"
68487,"20140410",103124,"Moderate Risk","Inadequately cleaned or sanitized food contact surfaces"
68487,"20130102",103103,"High Risk","High risk food holding temperature "
68488,"20131121",103144,"Low Risk","Unapproved or unmaintained equipment or utensils"
68488,"20131121",103120,"Moderate Risk","Moderate risk food holding temperature "
68488,"20131121",103154,"Low Risk","Unclean or degraded floors walls or ceilings"
68488,"20131121",103131,"Moderate Risk","Moderate risk vermin infestation"
68488,"20131121",103133,"Moderate Risk","Foods not protected from contamination"
68488,"20130430",103114,"High Risk","High risk vermin infestation"
68488,"20130430",103142,"Low Risk","Unclean nonfood contact surfaces"
68488,"20130430",103144,"Low Risk","Unapproved or unmaintained equipment or utensils"
68488,"20130430",103154,"Low Risk","Unclean or degraded floors walls or ceilings"
68488,"20120822",103139,"Low Risk","Improper food storage"
68488,"20120822",103120,"Moderate Risk","Moderate risk food holding temperature "
68488,"20120822",103149,"Low Risk","Wiping cloths not clean or properly stored or inadequate sanitizer"
68488,"20120822",103119,"Moderate Risk","Inadequate and inaccessible handwashing facilities"
68488,"20120822",103142,"Low Risk","Unclean nonfood contact surfaces"
68488,"20120822",103131,"Moderate Risk","Moderate risk vermin infestation"
68488,"20120822",103145,"Low Risk","Improper storage of equipment utensils or linens"
68488,"20140528",103119,"Moderate Risk","Inadequate and inaccessible handwashing facilities"
68493,"20141210",103144,"Low Risk","Unapproved or unmaintained equipment or utensils"
68493,"20141210",103133,"Moderate Risk","Foods not protected from contamination"
68493,"20141210",103124,"Moderate Risk","Inadequately cleaned or sanitized food contact surfaces"
68493,"20131107",103119,"Moderate Risk","Inadequate and inaccessible handwashing facilities"
68493,"20130426",103119,"Moderate Risk","Inadequate and inaccessible handwashing facilities"
68493,"20130426",103120,"Moderate Risk","Moderate risk food holding temperature "
68493,"20140424",103133,"Moderate Risk","Foods not protected from contamination"
68493,"20121108",103144,"Low Risk","Unapproved or unmaintained equipment or utensils"
68493,"20121108",103119,"Moderate Risk","Inadequate and inaccessible handwashing facilities"
68500,"20130620",103156,"Low Risk","Permit license or inspection report not posted"
68500,"20130620",103143,"Low Risk","Inadequate warewashing facilities or equipment"
68500,"20140628",103129,"Moderate Risk","Insufficient hot water or running water"
68500,"20140628",103109,"High Risk","Unclean or unsanitary food contact surfaces"
68500,"20140628",103119,"Moderate Risk","Inadequate and inaccessible handwashing facilities"
68500,"20140628",103156,"Low Risk","Permit license or inspection report not posted"
68500,"20140628",103133,"Moderate Risk","Foods not protected from contamination"
68503,"20130424",103103,"High Risk","High risk food holding temperature "
68503,"20130424",103142,"Low Risk","Unclean nonfood contact surfaces"
68503,"20121030",103142,"Low Risk","Unclean nonfood contact surfaces"
68503,"20121030",103157,"Low Risk","Food safety certificate or food handler card not available"
68504,"20131004",103139,"Low Risk","Improper food storage"
68504,"20130304",103124,"Moderate Risk","Inadequately cleaned or sanitized food contact surfaces"
68504,"20120830",103124,"Moderate Risk","Inadequately cleaned or sanitized food contact surfaces"
68504,"20140519",103147,"Low Risk","Inadequate ventilation or lighting"
68508,"20130725",103150,"Low Risk","Improper or defective plumbing"
68508,"20130725",103109,"High Risk","Unclean or unsanitary food contact surfaces"
68508,"20130725",103147,"Low Risk","Inadequate ventilation or lighting"
68508,"20130725",103157,"Low Risk","Food safety certificate or food handler card not available"
68508,"20140124",103144,"Low Risk","Unapproved or unmaintained equipment or utensils"
68508,"20140124",103142,"Low Risk","Unclean nonfood contact surfaces"
68508,"20140124",103143,"Low Risk","Inadequate warewashing facilities or equipment"
68508,"20121213",103142,"Low Risk","Unclean nonfood contact surfaces"
68508,"20121213",103147,"Low Risk","Inadequate ventilation or lighting"
68508,"20121213",103131,"Moderate Risk","Moderate risk vermin infestation"
68508,"20121213",103139,"Low Risk","Improper food storage"
68508,"20121213",103109,"High Risk","Unclean or unsanitary food contact surfaces"
68508,"20140707",103109,"High Risk","Unclean or unsanitary food contact surfaces"
68508,"20140707",103139,"Low Risk","Improper food storage"
68508,"20140707",103144,"Low Risk","Unapproved or unmaintained equipment or utensils"
68508,"20140707",103147,"Low Risk","Inadequate ventilation or lighting"
68508,"20140707",103156,"Low Risk","Permit license or inspection report not posted"
68508,"20140707",103145,"Low Risk","Improper storage of equipment utensils or linens"
68508,"20140707",103149,"Low Risk","Wiping cloths not clean or properly stored or inadequate sanitizer"
68511,"20141016",103139,"Low Risk","Improper food storage"
68511,"20141016",103114,"High Risk","High risk vermin infestation"
68511,"20130620",103114,"High Risk","High risk vermin infestation"
68511,"20130620",103156,"Low Risk","Permit license or inspection report not posted"
68511,"20130620",103142,"Low Risk","Unclean nonfood contact surfaces"
68511,"20130620",103139,"Low Risk","Improper food storage"
68511,"20130620",103124,"Moderate Risk","Inadequately cleaned or sanitized food contact surfaces"
68511,"20140131",103139,"Low Risk","Improper food storage"
68511,"20140131",103154,"Low Risk","Unclean or degraded floors walls or ceilings"
68511,"20140131",103156,"Low Risk","Permit license or inspection report not posted"
68511,"20140131",103131,"Moderate Risk","Moderate risk vermin infestation"
68511,"20130118",103105,"High Risk","Improper cooling methods"
68511,"20130118",103103,"High Risk","High risk food holding temperature "
68511,"20130118",103116,"Moderate Risk","Inadequate food safety knowledge or lack of certified food safety manager"
68511,"20130118",103142,"Low Risk","Unclean nonfood contact surfaces"
68511,"20130130",103124,"Moderate Risk","Inadequately cleaned or sanitized food contact surfaces"
68525,"20150428",103120,"Moderate Risk","Moderate risk food holding temperature "
68525,"20130617",103139,"Low Risk","Improper food storage"
68525,"20120803",103109,"High Risk","Unclean or unsanitary food contact surfaces"
68530,"20130711",103144,"Low Risk","Unapproved or unmaintained equipment or utensils"
68530,"20130711",103154,"Low Risk","Unclean or degraded floors walls or ceilings"
68530,"20140418",103144,"Low Risk","Unapproved or unmaintained equipment or utensils"
68530,"20120723",103154,"Low Risk","Unclean or degraded floors walls or ceilings"
68530,"20121003",103144,"Low Risk","Unapproved or unmaintained equipment or utensils"
68530,"20120723",103119,"Moderate Risk","Inadequate and inaccessible handwashing facilities"
68530,"20120723",103144,"Low Risk","Unapproved or unmaintained equipment or utensils"
68530,"20120822",103129,"Moderate Risk","Insufficient hot water or running water"
68531,"20150305",103124,"Moderate Risk","Inadequately cleaned or sanitized food contact surfaces"
68531,"20150305",103154,"Low Risk","Unclean or degraded floors walls or ceilings"
68531,"20150305",103157,"Low Risk","Food safety certificate or food handler card not available"
68531,"20150305",103151,"Low Risk","Inadequate or unsanitary refuse containers or area or no garbage service"
68531,"20140206",103154,"Low Risk","Unclean or degraded floors walls or ceilings"
68531,"20140206",103139,"Low Risk","Improper food storage"
68531,"20140206",103120,"Moderate Risk","Moderate risk food holding temperature "
68531,"20140206",103149,"Low Risk","Wiping cloths not clean or properly stored or inadequate sanitizer"
68531,"20140821",103152,"Low Risk","Unclean unmaintained or improperly constructed toilet facilities"
68531,"20140821",103109,"High Risk","Unclean or unsanitary food contact surfaces"
68531,"20140821",103161,"Low Risk","Low risk vermin infestation"
68531,"20140821",103103,"High Risk","High risk food holding temperature "
68531,"20140821",103119,"Moderate Risk","Inadequate and inaccessible handwashing facilities"
68540,"20130905",103145,"Low Risk","Improper storage of equipment utensils or linens"
68540,"20130905",103103,"High Risk","High risk food holding temperature "
68540,"20120615",103103,"High Risk","High risk food holding temperature "
68540,"20120615",103148,"Low Risk","No thermometers or uncalibrated thermometers "
68540,"20120615",103116,"Moderate Risk","Inadequate food safety knowledge or lack of certified food safety manager"
68540,"20130123",103114,"High Risk","High risk vermin infestation"
68540,"20130123",103156,"Low Risk","Permit license or inspection report not posted"
68540,"20130123",103109,"High Risk","Unclean or unsanitary food contact surfaces"
68540,"20130131",103103,"High Risk","High risk food holding temperature "
68540,"20140520",103148,"Low Risk","No thermometers or uncalibrated thermometers "
68540,"20140520",103109,"High Risk","Unclean or unsanitary food contact surfaces"
68540,"20140520",103145,"Low Risk","Improper storage of equipment utensils or linens"
68542,"20141110",103103,"High Risk","High risk food holding temperature "
68542,"20141110",103142,"Low Risk","Unclean nonfood contact surfaces"
68542,"20141110",103116,"Moderate Risk","Inadequate food safety knowledge or lack of certified food safety manager"
68542,"20130606",103124,"Moderate Risk","Inadequately cleaned or sanitized food contact surfaces"
68542,"20130606",103139,"Low Risk","Improper food storage"
68542,"20140421",103103,"High Risk","High risk food holding temperature "
68544,"20130416",103119,"Moderate Risk","Inadequate and inaccessible handwashing facilities"
68544,"20130416",103124,"Moderate Risk","Inadequately cleaned or sanitized food contact surfaces"
68544,"20120809",103119,"Moderate Risk","Inadequate and inaccessible handwashing facilities"
68544,"20120809",103143,"Low Risk","Inadequate warewashing facilities or equipment"
68544,"20120809",103123,"Moderate Risk","Food in poor condition"
68544,"20140523",103134,"Moderate Risk","Other moderate risk violation"
68560,"20131028",103133,"Moderate Risk","Foods not protected from contamination"
68560,"20131028",103105,"High Risk","Improper cooling methods"
68560,"20131028",103119,"Moderate Risk","Inadequate and inaccessible handwashing facilities"
68560,"20131028",103144,"Low Risk","Unapproved or unmaintained equipment or utensils"
68560,"20130319",103149,"Low Risk","Wiping cloths not clean or properly stored or inadequate sanitizer"
68560,"20130319",103139,"Low Risk","Improper food storage"
68560,"20130319",103120,"Moderate Risk","Moderate risk food holding temperature "
68560,"20140512",103133,"Moderate Risk","Foods not protected from contamination"
68560,"20140512",103120,"Moderate Risk","Moderate risk food holding temperature "
68560,"20140512",103116,"Moderate Risk","Inadequate food safety knowledge or lack of certified food safety manager"
68560,"20140512",103105,"High Risk","Improper cooling methods"
68560,"20140512",103165,"Low Risk","No plan review or Building Permit"
68560,"20140512",103144,"Low Risk","Unapproved or unmaintained equipment or utensils"
68560,"20140512",103161,"Low Risk","Low risk vermin infestation"
68591,"20130820",103161,"Low Risk","Low risk vermin infestation"
68600,"20140805",103149,"Low Risk","Wiping cloths not clean or properly stored or inadequate sanitizer"
68600,"20140805",103154,"Low Risk","Unclean or degraded floors walls or ceilings"
68600,"20140805",103119,"Moderate Risk","Inadequate and inaccessible handwashing facilities"
68600,"20140805",103114,"High Risk","High risk vermin infestation"
68600,"20140805",103142,"Low Risk","Unclean nonfood contact surfaces"
68602,"20150310",103120,"Moderate Risk","Moderate risk food holding temperature "
68608,"20130417",103103,"High Risk","High risk food holding temperature "
68608,"20140527",103120,"Moderate Risk","Moderate risk food holding temperature "
68608,"20140527",103119,"Moderate Risk","Inadequate and inaccessible handwashing facilities"
68615,"20141217",103134,"Moderate Risk","Other moderate risk violation"
68615,"20141217",103132,"Moderate Risk","Improper thawing methods "
68615,"20131003",103139,"Low Risk","Improper food storage"
68615,"20131003",103115,"High Risk","Other high risk violation"
68615,"20131003",103119,"Moderate Risk","Inadequate and inaccessible handwashing facilities"
68615,"20130228",103143,"Low Risk","Inadequate warewashing facilities or equipment"
68615,"20130228",103124,"Moderate Risk","Inadequately cleaned or sanitized food contact surfaces"
68615,"20130228",103119,"Moderate Risk","Inadequate and inaccessible handwashing facilities"
68615,"20130228",103105,"High Risk","Improper cooling methods"
68616,"20131209",103157,"Low Risk","Food safety certificate or food handler card not available"
68618,"20150220",103161,"Low Risk","Low risk vermin infestation"
68618,"20150220",103149,"Low Risk","Wiping cloths not clean or properly stored or inadequate sanitizer"
68618,"20150220",103133,"Moderate Risk","Foods not protected from contamination"
68618,"20130806",103131,"Moderate Risk","Moderate risk vermin infestation"
68618,"20140204",103114,"High Risk","High risk vermin infestation"
68618,"20140204",103142,"Low Risk","Unclean nonfood contact surfaces"
68618,"20140204",103139,"Low Risk","Improper food storage"
68618,"20140204",103154,"Low Risk","Unclean or degraded floors walls or ceilings"
68618,"20120711",103149,"Low Risk","Wiping cloths not clean or properly stored or inadequate sanitizer"
68618,"20140820",103120,"Moderate Risk","Moderate risk food holding temperature "
68618,"20140820",103157,"Low Risk","Food safety certificate or food handler card not available"
68618,"20140820",103156,"Low Risk","Permit license or inspection report not posted"
68618,"20140820",103131,"Moderate Risk","Moderate risk vermin infestation"
68620,"20130410",103142,"Low Risk","Unclean nonfood contact surfaces"
68620,"20130410",103124,"Moderate Risk","Inadequately cleaned or sanitized food contact surfaces"
68620,"20130410",103102,"High Risk","Unclean hands or improper use of gloves"
68620,"20130410",103103,"High Risk","High risk food holding temperature "
68620,"20130410",103105,"High Risk","Improper cooling methods"
68620,"20130410",103116,"Moderate Risk","Inadequate food safety knowledge or lack of certified food safety manager"
68620,"20130410",103139,"Low Risk","Improper food storage"
68620,"20130410",103154,"Low Risk","Unclean or degraded floors walls or ceilings"
68620,"20130410",103114,"High Risk","High risk vermin infestation"
68620,"20140425",103141,"Low Risk","Improper food labeling or menu misrepresentation"
68620,"20140425",103144,"Low Risk","Unapproved or unmaintained equipment or utensils"
68620,"20140425",103162,"Low Risk","Other low risk violation"
68620,"20140425",103132,"Moderate Risk","Improper thawing methods "
68620,"20140425",103133,"Moderate Risk","Foods not protected from contamination"
68620,"20140425",103142,"Low Risk","Unclean nonfood contact surfaces"
68620,"20120925",103132,"Moderate Risk","Improper thawing methods "
68620,"20120925",103143,"Low Risk","Inadequate warewashing facilities or equipment"
68620,"20120925",103103,"High Risk","High risk food holding temperature "
68620,"20120925",103105,"High Risk","Improper cooling methods"
68620,"20120925",103119,"Moderate Risk","Inadequate and inaccessible handwashing facilities"
68620,"20120925",103139,"Low Risk","Improper food storage"
68626,"20150121",103142,"Low Risk","Unclean nonfood contact surfaces"
68626,"20150121",103132,"Moderate Risk","Improper thawing methods "
68626,"20150121",103109,"High Risk","Unclean or unsanitary food contact surfaces"
68626,"20150121",103105,"High Risk","Improper cooling methods"
68629,"20141023",103124,"Moderate Risk","Inadequately cleaned or sanitized food contact surfaces"
68629,"20141023",103119,"Moderate Risk","Inadequate and inaccessible handwashing facilities"
68629,"20141023",103151,"Low Risk","Inadequate or unsanitary refuse containers or area or no garbage service"
68629,"20141023",103139,"Low Risk","Improper food storage"
68629,"20141023",103114,"High Risk","High risk vermin infestation"
68629,"20141023",103123,"Moderate Risk","Food in poor condition"
68629,"20121213",103119,"Moderate Risk","Inadequate and inaccessible handwashing facilities"
68629,"20121213",103143,"Low Risk","Inadequate warewashing facilities or equipment"
68633,"20150122",103144,"Low Risk","Unapproved or unmaintained equipment or utensils"
68633,"20150122",103150,"Low Risk","Improper or defective plumbing"
68633,"20150122",103154,"Low Risk","Unclean or degraded floors walls or ceilings"
68633,"20131030",103145,"Low Risk","Improper storage of equipment utensils or linens"
68633,"20131030",103133,"Moderate Risk","Foods not protected from contamination"
68633,"20131030",103124,"Moderate Risk","Inadequately cleaned or sanitized food contact surfaces"
68633,"20130429",103105,"High Risk","Improper cooling methods"
68633,"20130429",103102,"High Risk","Unclean hands or improper use of gloves"
68633,"20130110",103119,"Moderate Risk","Inadequate and inaccessible handwashing facilities"
68633,"20130110",103142,"Low Risk","Unclean nonfood contact surfaces"
68633,"20130110",103133,"Moderate Risk","Foods not protected from contamination"
68633,"20130110",103114,"High Risk","High risk vermin infestation"
68633,"20130110",103108,"High Risk","Contaminated or adulterated food"
68633,"20140512",103142,"Low Risk","Unclean nonfood contact surfaces"
68633,"20140512",103132,"Moderate Risk","Improper thawing methods "
68633,"20140512",103130,"Moderate Risk","Inadequate sewage or wastewater disposal"
68633,"20140512",103119,"Moderate Risk","Inadequate and inaccessible handwashing facilities"
68633,"20140512",103109,"High Risk","Unclean or unsanitary food contact surfaces"
68633,"20140512",103104,"High Risk","Unauthorized or unsafe use of time as a public health control measure"
68633,"20140512",103103,"High Risk","High risk food holding temperature "
68633,"20140512",103102,"High Risk","Unclean hands or improper use of gloves"
68633,"20140512",103150,"Low Risk","Improper or defective plumbing"
68633,"20140512",103149,"Low Risk","Wiping cloths not clean or properly stored or inadequate sanitizer"
68633,"20140512",103144,"Low Risk","Unapproved or unmaintained equipment or utensils"
68633,"20140512",103139,"Low Risk","Improper food storage"
68633,"20140512",103133,"Moderate Risk","Foods not protected from contamination"
68636,"20130603",103154,"Low Risk","Unclean or degraded floors walls or ceilings"
68636,"20130603",103150,"Low Risk","Improper or defective plumbing"
68636,"20130603",103142,"Low Risk","Unclean nonfood contact surfaces"
68636,"20130603",103120,"Moderate Risk","Moderate risk food holding temperature "
68636,"20140305",103142,"Low Risk","Unclean nonfood contact surfaces"
68636,"20140305",103145,"Low Risk","Improper storage of equipment utensils or linens"
68636,"20140305",103120,"Moderate Risk","Moderate risk food holding temperature "
68636,"20140305",103139,"Low Risk","Improper food storage"
68636,"20140305",103147,"Low Risk","Inadequate ventilation or lighting"
68636,"20140305",103149,"Low Risk","Wiping cloths not clean or properly stored or inadequate sanitizer"
68636,"20140305",103154,"Low Risk","Unclean or degraded floors walls or ceilings"
68644,"20130430",103119,"Moderate Risk","Inadequate and inaccessible handwashing facilities"
68644,"20130430",103154,"Low Risk","Unclean or degraded floors walls or ceilings"
68644,"20140416",103154,"Low Risk","Unclean or degraded floors walls or ceilings"
68649,"20141022",103149,"Low Risk","Wiping cloths not clean or properly stored or inadequate sanitizer"
68649,"20141022",103102,"High Risk","Unclean hands or improper use of gloves"
68649,"20141022",103107,"High Risk","Improper reheating of food"
68649,"20141022",103112,"High Risk","No hot water or running water"
68649,"20141022",103120,"Moderate Risk","Moderate risk food holding temperature "
68649,"20130907",103124,"Moderate Risk","Inadequately cleaned or sanitized food contact surfaces"
68649,"20130907",103138,"Low Risk","Improper storage use or identification of toxic substances"
68649,"20130502",103153,"Low Risk","Inadequate dressing rooms or improper storage of personal items"
68649,"20130502",103124,"Moderate Risk","Inadequately cleaned or sanitized food contact surfaces"
68649,"20140409",103138,"Low Risk","Improper storage use or identification of toxic substances"
68649,"20120618",103119,"Moderate Risk","Inadequate and inaccessible handwashing facilities"
68649,"20120820",103143,"Low Risk","Inadequate warewashing facilities or equipment"
68649,"20120820",103139,"Low Risk","Improper food storage"
68649,"20120820",103124,"Moderate Risk","Inadequately cleaned or sanitized food contact surfaces"
68650,"20130905",103124,"Moderate Risk","Inadequately cleaned or sanitized food contact surfaces"
68650,"20130416",103144,"Low Risk","Unapproved or unmaintained equipment or utensils"
68650,"20140123",103145,"Low Risk","Improper storage of equipment utensils or linens"
68659,"20150326",103144,"Low Risk","Unapproved or unmaintained equipment or utensils"
68659,"20150326",103102,"High Risk","Unclean hands or improper use of gloves"
68659,"20150326",103116,"Moderate Risk","Inadequate food safety knowledge or lack of certified food safety manager"
68659,"20131107",103119,"Moderate Risk","Inadequate and inaccessible handwashing facilities"
68659,"20131107",103133,"Moderate Risk","Foods not protected from contamination"
68659,"20121012",103124,"Moderate Risk","Inadequately cleaned or sanitized food contact surfaces"
68659,"20121012",103116,"Moderate Risk","Inadequate food safety knowledge or lack of certified food safety manager"
68659,"20121012",103139,"Low Risk","Improper food storage"
68659,"20121012",103119,"Moderate Risk","Inadequate and inaccessible handwashing facilities"
68659,"20121012",103108,"High Risk","Contaminated or adulterated food"
68659,"20121012",103118,"Moderate Risk","Employee eating or smoking"
68672,"20150407",103141,"Low Risk","Improper food labeling or menu misrepresentation"
68672,"20150407",103144,"Low Risk","Unapproved or unmaintained equipment or utensils"
68672,"20150407",103109,"High Risk","Unclean or unsanitary food contact surfaces"
68672,"20150407",103142,"Low Risk","Unclean nonfood contact surfaces"
68672,"20150407",103145,"Low Risk","Improper storage of equipment utensils or linens"
68672,"20150407",103114,"High Risk","High risk vermin infestation"
68672,"20150407",103119,"Moderate Risk","Inadequate and inaccessible handwashing facilities"
68672,"20150407",103139,"Low Risk","Improper food storage"
68672,"20150407",103149,"Low Risk","Wiping cloths not clean or properly stored or inadequate sanitizer"
68672,"20150407",103154,"Low Risk","Unclean or degraded floors walls or ceilings"
68672,"20150427",103120,"Moderate Risk","Moderate risk food holding temperature "
68672,"20150427",103132,"Moderate Risk","Improper thawing methods "
68672,"20150407",103128,"Moderate Risk","Consumer advisory not provided for raw or undercooked foods"
68672,"20131227",103142,"Low Risk","Unclean nonfood contact surfaces"
68672,"20131227",103152,"Low Risk","Unclean unmaintained or improperly constructed toilet facilities"
68672,"20131227",103119,"Moderate Risk","Inadequate and inaccessible handwashing facilities"
68672,"20131227",103149,"Low Risk","Wiping cloths not clean or properly stored or inadequate sanitizer"
68672,"20131227",103156,"Low Risk","Permit license or inspection report not posted"
68672,"20131227",103154,"Low Risk","Unclean or degraded floors walls or ceilings"
68672,"20131227",103129,"Moderate Risk","Insufficient hot water or running water"
68672,"20131227",103114,"High Risk","High risk vermin infestation"
68672,"20130204",103132,"Moderate Risk","Improper thawing methods "
68672,"20130204",103114,"High Risk","High risk vermin infestation"
68672,"20130204",103119,"Moderate Risk","Inadequate and inaccessible handwashing facilities"
68672,"20140714",103109,"High Risk","Unclean or unsanitary food contact surfaces"
68672,"20140714",103144,"Low Risk","Unapproved or unmaintained equipment or utensils"
68672,"20140714",103147,"Low Risk","Inadequate ventilation or lighting"
68672,"20140714",103149,"Low Risk","Wiping cloths not clean or properly stored or inadequate sanitizer"
68672,"20140714",103159,"Low Risk","Worker safety hazards"
68672,"20140714",103156,"Low Risk","Permit license or inspection report not posted"
68674,"20150511",103150,"Low Risk","Improper or defective plumbing"
68674,"20150511",103141,"Low Risk","Improper food labeling or menu misrepresentation"
68674,"20130313",103156,"Low Risk","Permit license or inspection report not posted"
68674,"20130313",103154,"Low Risk","Unclean or degraded floors walls or ceilings"
68674,"20130313",103144,"Low Risk","Unapproved or unmaintained equipment or utensils"
68674,"20130313",103142,"Low Risk","Unclean nonfood contact surfaces"
68674,"20140506",103124,"Moderate Risk","Inadequately cleaned or sanitized food contact surfaces"
68674,"20140506",103145,"Low Risk","Improper storage of equipment utensils or linens"
68674,"20120913",103133,"Moderate Risk","Foods not protected from contamination"
68674,"20120913",103149,"Low Risk","Wiping cloths not clean or properly stored or inadequate sanitizer"
68682,"20150513",103145,"Low Risk","Improper storage of equipment utensils or linens"
68682,"20150513",103144,"Low Risk","Unapproved or unmaintained equipment or utensils"
68682,"20150513",103102,"High Risk","Unclean hands or improper use of gloves"
68682,"20150513",103109,"High Risk","Unclean or unsanitary food contact surfaces"
68682,"20150513",103116,"Moderate Risk","Inadequate food safety knowledge or lack of certified food safety manager"
68682,"20150513",103120,"Moderate Risk","Moderate risk food holding temperature "
68682,"20150513",103131,"Moderate Risk","Moderate risk vermin infestation"
68682,"20150513",103133,"Moderate Risk","Foods not protected from contamination"
68682,"20150513",103156,"Low Risk","Permit license or inspection report not posted"
68682,"20130306",103154,"Low Risk","Unclean or degraded floors walls or ceilings"
68682,"20130306",103116,"Moderate Risk","Inadequate food safety knowledge or lack of certified food safety manager"
68682,"20130306",103119,"Moderate Risk","Inadequate and inaccessible handwashing facilities"
68682,"20130306",103144,"Low Risk","Unapproved or unmaintained equipment or utensils"
68682,"20130306",103149,"Low Risk","Wiping cloths not clean or properly stored or inadequate sanitizer"
68682,"20140506",103103,"High Risk","High risk food holding temperature "
68682,"20140506",103105,"High Risk","Improper cooling methods"
68682,"20140506",103119,"Moderate Risk","Inadequate and inaccessible handwashing facilities"
68682,"20140506",103133,"Moderate Risk","Foods not protected from contamination"
68682,"20140506",103124,"Moderate Risk","Inadequately cleaned or sanitized food contact surfaces"
68682,"20140506",103156,"Low Risk","Permit license or inspection report not posted"
68682,"20140506",103144,"Low Risk","Unapproved or unmaintained equipment or utensils"
68682,"20140506",103154,"Low Risk","Unclean or degraded floors walls or ceilings"
68682,"20121009",103139,"Low Risk","Improper food storage"
68682,"20121009",103149,"Low Risk","Wiping cloths not clean or properly stored or inadequate sanitizer"
68682,"20121009",103154,"Low Risk","Unclean or degraded floors walls or ceilings"
68690,"20150302",103141,"Low Risk","Improper food labeling or menu misrepresentation"
68690,"20150302",103149,"Low Risk","Wiping cloths not clean or properly stored or inadequate sanitizer"
68690,"20131206",103153,"Low Risk","Inadequate dressing rooms or improper storage of personal items"
68690,"20131206",103124,"Moderate Risk","Inadequately cleaned or sanitized food contact surfaces"
68690,"20131206",103120,"Moderate Risk","Moderate risk food holding temperature "
68690,"20130425",103116,"Moderate Risk","Inadequate food safety knowledge or lack of certified food safety manager"
68690,"20130425",103120,"Moderate Risk","Moderate risk food holding temperature "
68690,"20130425",103124,"Moderate Risk","Inadequately cleaned or sanitized food contact surfaces"
68690,"20130425",103156,"Low Risk","Permit license or inspection report not posted"
68690,"20120912",103124,"Moderate Risk","Inadequately cleaned or sanitized food contact surfaces"
68690,"20120912",103139,"Low Risk","Improper food storage"
68690,"20120912",103119,"Moderate Risk","Inadequate and inaccessible handwashing facilities"
68690,"20140616",103101,"High Risk","Unreported or unrestricted ill employee with communicable disease"
68691,"20150112",103154,"Low Risk","Unclean or degraded floors walls or ceilings"
68691,"20150112",103151,"Low Risk","Inadequate or unsanitary refuse containers or area or no garbage service"
68691,"20150112",103144,"Low Risk","Unapproved or unmaintained equipment or utensils"
68691,"20150112",103131,"Moderate Risk","Moderate risk vermin infestation"
68691,"20150112",103119,"Moderate Risk","Inadequate and inaccessible handwashing facilities"
68691,"20150112",103108,"High Risk","Contaminated or adulterated food"
68691,"20150112",103103,"High Risk","High risk food holding temperature "
68691,"20130509",103103,"High Risk","High risk food holding temperature "
68691,"20130509",103142,"Low Risk","Unclean nonfood contact surfaces"
68691,"20130509",103133,"Moderate Risk","Foods not protected from contamination"
68691,"20130509",103119,"Moderate Risk","Inadequate and inaccessible handwashing facilities"
68691,"20130509",103114,"High Risk","High risk vermin infestation"
68691,"20130509",103143,"Low Risk","Inadequate warewashing facilities or equipment"
68691,"20140506",103154,"Low Risk","Unclean or degraded floors walls or ceilings"
68691,"20140506",103131,"Moderate Risk","Moderate risk vermin infestation"
68691,"20140506",103139,"Low Risk","Improper food storage"
68691,"20140506",103124,"Moderate Risk","Inadequately cleaned or sanitized food contact surfaces"
68691,"20140506",103133,"Moderate Risk","Foods not protected from contamination"
68691,"20140506",103144,"Low Risk","Unapproved or unmaintained equipment or utensils"
68692,"20131007",103116,"Moderate Risk","Inadequate food safety knowledge or lack of certified food safety manager"
68692,"20131007",103161,"Low Risk","Low risk vermin infestation"
68692,"20131007",103142,"Low Risk","Unclean nonfood contact surfaces"
68692,"20131007",103119,"Moderate Risk","Inadequate and inaccessible handwashing facilities"
68692,"20131007",103139,"Low Risk","Improper food storage"
68692,"20130405",103144,"Low Risk","Unapproved or unmaintained equipment or utensils"
68692,"20130405",103157,"Low Risk","Food safety certificate or food handler card not available"
68692,"20130405",103148,"Low Risk","No thermometers or uncalibrated thermometers "
68692,"20120912",103129,"Moderate Risk","Insufficient hot water or running water"
68692,"20120912",103124,"Moderate Risk","Inadequately cleaned or sanitized food contact surfaces"
68692,"20140611",103112,"High Risk","No hot water or running water"
68692,"20140611",103139,"Low Risk","Improper food storage"
68692,"20140611",103161,"Low Risk","Low risk vermin infestation"
68696,"20150402",103157,"Low Risk","Food safety certificate or food handler card not available"
68696,"20150402",103127,"Moderate Risk","Noncompliance with HAACP plan or variance"
68696,"20131114",103157,"Low Risk","Food safety certificate or food handler card not available"
68696,"20131114",103145,"Low Risk","Improper storage of equipment utensils or linens"
68696,"20131114",103149,"Low Risk","Wiping cloths not clean or properly stored or inadequate sanitizer"
68696,"20131114",103127,"Moderate Risk","Noncompliance with HAACP plan or variance"
68696,"20140609",103150,"Low Risk","Improper or defective plumbing"
68714,"20130828",103119,"Moderate Risk","Inadequate and inaccessible handwashing facilities"
68714,"20130828",103143,"Low Risk","Inadequate warewashing facilities or equipment"
68716,"20121108",103157,"Low Risk","Food safety certificate or food handler card not available"
68716,"20121108",103144,"Low Risk","Unapproved or unmaintained equipment or utensils"
68718,"20150209",103120,"Moderate Risk","Moderate risk food holding temperature "
68718,"20150209",103144,"Low Risk","Unapproved or unmaintained equipment or utensils"
68718,"20150209",103119,"Moderate Risk","Inadequate and inaccessible handwashing facilities"
68718,"20130924",103124,"Moderate Risk","Inadequately cleaned or sanitized food contact surfaces"
68718,"20140618",103144,"Low Risk","Unapproved or unmaintained equipment or utensils"
68718,"20140618",103139,"Low Risk","Improper food storage"
68721,"20141208",103116,"Moderate Risk","Inadequate food safety knowledge or lack of certified food safety manager"
68721,"20141208",103103,"High Risk","High risk food holding temperature "
68721,"20141208",103154,"Low Risk","Unclean or degraded floors walls or ceilings"
68721,"20141208",103139,"Low Risk","Improper food storage"
68721,"20141208",103109,"High Risk","Unclean or unsanitary food contact surfaces"
68721,"20130828",103154,"Low Risk","Unclean or degraded floors walls or ceilings"
68721,"20130828",103105,"High Risk","Improper cooling methods"
68721,"20140417",103141,"Low Risk","Improper food labeling or menu misrepresentation"
68721,"20140417",103120,"Moderate Risk","Moderate risk food holding temperature "
68721,"20120911",103103,"High Risk","High risk food holding temperature "
68721,"20120911",103119,"Moderate Risk","Inadequate and inaccessible handwashing facilities"
68721,"20120911",103139,"Low Risk","Improper food storage"
68721,"20120911",103149,"Low Risk","Wiping cloths not clean or properly stored or inadequate sanitizer"
68739,"20130111",103156,"Low Risk","Permit license or inspection report not posted"
68740,"20121108",103119,"Moderate Risk","Inadequate and inaccessible handwashing facilities"
68740,"20121108",103156,"Low Risk","Permit license or inspection report not posted"
68742,"20140614",103158,"Low Risk","Unpermitted food facility"
68752,"20131003",103105,"High Risk","Improper cooling methods"
68752,"20131003",103154,"Low Risk","Unclean or degraded floors walls or ceilings"
68752,"20140509",103131,"Moderate Risk","Moderate risk vermin infestation"
68752,"20140509",103154,"Low Risk","Unclean or degraded floors walls or ceilings"
68752,"20140509",103142,"Low Risk","Unclean nonfood contact surfaces"
68752,"20140509",103144,"Low Risk","Unapproved or unmaintained equipment or utensils"
68752,"20140509",103149,"Low Risk","Wiping cloths not clean or properly stored or inadequate sanitizer"
68752,"20140509",103109,"High Risk","Unclean or unsanitary food contact surfaces"
68753,"20150603",103159,"Low Risk","Worker safety hazards"
68753,"20150603",103154,"Low Risk","Unclean or degraded floors walls or ceilings"
68753,"20150603",103139,"Low Risk","Improper food storage"
68753,"20150603",103120,"Moderate Risk","Moderate risk food holding temperature "
68753,"20130523",103144,"Low Risk","Unapproved or unmaintained equipment or utensils"
68753,"20130523",103121,"Moderate Risk","Inadequate procedures or records for time as a public health control "
68753,"20140306",103133,"Moderate Risk","Foods not protected from contamination"
68753,"20140306",103103,"High Risk","High risk food holding temperature "
68753,"20140306",103149,"Low Risk","Wiping cloths not clean or properly stored or inadequate sanitizer"
68753,"20121214",103151,"Low Risk","Inadequate or unsanitary refuse containers or area or no garbage service"
68753,"20121214",103149,"Low Risk","Wiping cloths not clean or properly stored or inadequate sanitizer"
68753,"20121214",103145,"Low Risk","Improper storage of equipment utensils or linens"
68753,"20121214",103144,"Low Risk","Unapproved or unmaintained equipment or utensils"
68753,"20121214",103125,"Moderate Risk","Noncompliance with shell fish tags or display"
68753,"20121214",103119,"Moderate Risk","Inadequate and inaccessible handwashing facilities"
68753,"20121214",103103,"High Risk","High risk food holding temperature "
68753,"20121214",103133,"Moderate Risk","Foods not protected from contamination"
68760,"20130315",103131,"Moderate Risk","Moderate risk vermin infestation"
68760,"20130315",103138,"Low Risk","Improper storage use or identification of toxic substances"
68760,"20130315",103141,"Low Risk","Improper food labeling or menu misrepresentation"
68760,"20130315",103161,"Low Risk","Low risk vermin infestation"
68760,"20140506",103149,"Low Risk","Wiping cloths not clean or properly stored or inadequate sanitizer"
68760,"20140506",103150,"Low Risk","Improper or defective plumbing"
68760,"20140506",103142,"Low Risk","Unclean nonfood contact surfaces"
68761,"20140922",103124,"Moderate Risk","Inadequately cleaned or sanitized food contact surfaces"
68761,"20140922",103144,"Low Risk","Unapproved or unmaintained equipment or utensils"
68761,"20140922",103119,"Moderate Risk","Inadequate and inaccessible handwashing facilities"
68761,"20140922",103149,"Low Risk","Wiping cloths not clean or properly stored or inadequate sanitizer"
68763,"20130829",103120,"Moderate Risk","Moderate risk food holding temperature "
68763,"20140423",103103,"High Risk","High risk food holding temperature "
68763,"20120904",103161,"Low Risk","Low risk vermin infestation"
68763,"20120823",103120,"Moderate Risk","Moderate risk food holding temperature "
68763,"20120823",103150,"Low Risk","Improper or defective plumbing"
68763,"20120823",103154,"Low Risk","Unclean or degraded floors walls or ceilings"
68763,"20120823",103131,"Moderate Risk","Moderate risk vermin infestation"
68763,"20120823",103149,"Low Risk","Wiping cloths not clean or properly stored or inadequate sanitizer"
68763,"20120823",103142,"Low Risk","Unclean nonfood contact surfaces"
68763,"20130227",103120,"Moderate Risk","Moderate risk food holding temperature "
68763,"20130227",103142,"Low Risk","Unclean nonfood contact surfaces"
68763,"20140818",103156,"Low Risk","Permit license or inspection report not posted"
68763,"20140818",103139,"Low Risk","Improper food storage"
68763,"20140818",103142,"Low Risk","Unclean nonfood contact surfaces"
68764,"20150211",103124,"Moderate Risk","Inadequately cleaned or sanitized food contact surfaces"
68764,"20150211",103145,"Low Risk","Improper storage of equipment utensils or linens"
68764,"20140130",103145,"Low Risk","Improper storage of equipment utensils or linens"
68764,"20140130",103142,"Low Risk","Unclean nonfood contact surfaces"
68764,"20130416",103120,"Moderate Risk","Moderate risk food holding temperature "
68764,"20130416",103124,"Moderate Risk","Inadequately cleaned or sanitized food contact surfaces"
68764,"20130416",103119,"Moderate Risk","Inadequate and inaccessible handwashing facilities"
68764,"20120822",103124,"Moderate Risk","Inadequately cleaned or sanitized food contact surfaces"
68764,"20120822",103125,"Moderate Risk","Noncompliance with shell fish tags or display"
68766,"20140131",103114,"High Risk","High risk vermin infestation"
68766,"20140131",103116,"Moderate Risk","Inadequate food safety knowledge or lack of certified food safety manager"
68766,"20140131",103109,"High Risk","Unclean or unsanitary food contact surfaces"
68766,"20140131",103133,"Moderate Risk","Foods not protected from contamination"
68766,"20140131",103154,"Low Risk","Unclean or degraded floors walls or ceilings"
68766,"20140725",103109,"High Risk","Unclean or unsanitary food contact surfaces"
68767,"20141103",103120,"Moderate Risk","Moderate risk food holding temperature "
68767,"20140307",103157,"Low Risk","Food safety certificate or food handler card not available"
68768,"20150127",103147,"Low Risk","Inadequate ventilation or lighting"
68768,"20150127",103103,"High Risk","High risk food holding temperature "
68768,"20150127",103131,"Moderate Risk","Moderate risk vermin infestation"
68768,"20150127",103108,"High Risk","Contaminated or adulterated food"
68768,"20130903",103149,"Low Risk","Wiping cloths not clean or properly stored or inadequate sanitizer"
68768,"20130903",103105,"High Risk","Improper cooling methods"
68768,"20130903",103120,"Moderate Risk","Moderate risk food holding temperature "
68768,"20130903",103131,"Moderate Risk","Moderate risk vermin infestation"
68768,"20130903",103133,"Moderate Risk","Foods not protected from contamination"
68768,"20140324",103154,"Low Risk","Unclean or degraded floors walls or ceilings"
68768,"20140324",103103,"High Risk","High risk food holding temperature "
68768,"20140324",103139,"Low Risk","Improper food storage"
68768,"20121219",103103,"High Risk","High risk food holding temperature "
68768,"20121219",103116,"Moderate Risk","Inadequate food safety knowledge or lack of certified food safety manager"
68768,"20121219",103123,"Moderate Risk","Food in poor condition"
68768,"20121219",103142,"Low Risk","Unclean nonfood contact surfaces"
68768,"20121219",103145,"Low Risk","Improper storage of equipment utensils or linens"
68768,"20121219",103162,"Low Risk","Other low risk violation"
68768,"20121219",103149,"Low Risk","Wiping cloths not clean or properly stored or inadequate sanitizer"
68773,"20131030",103133,"Moderate Risk","Foods not protected from contamination"
68773,"20131030",103124,"Moderate Risk","Inadequately cleaned or sanitized food contact surfaces"
68773,"20131030",103105,"High Risk","Improper cooling methods"
68773,"20131030",103120,"Moderate Risk","Moderate risk food holding temperature "
68773,"20131030",103150,"Low Risk","Improper or defective plumbing"
68773,"20130424",103103,"High Risk","High risk food holding temperature "
68773,"20130424",103109,"High Risk","Unclean or unsanitary food contact surfaces"
68773,"20140521",103120,"Moderate Risk","Moderate risk food holding temperature "
68773,"20140521",103131,"Moderate Risk","Moderate risk vermin infestation"
68773,"20140521",103119,"Moderate Risk","Inadequate and inaccessible handwashing facilities"
68773,"20140521",103124,"Moderate Risk","Inadequately cleaned or sanitized food contact surfaces"
68775,"20150409",103154,"Low Risk","Unclean or degraded floors walls or ceilings"
68775,"20150409",103120,"Moderate Risk","Moderate risk food holding temperature "
68775,"20131112",103118,"Moderate Risk","Employee eating or smoking"
68775,"20130529",103161,"Low Risk","Low risk vermin infestation"
68775,"20140529",103154,"Low Risk","Unclean or degraded floors walls or ceilings"
68775,"20140529",103161,"Low Risk","Low risk vermin infestation"
68799,"20130501",103142,"Low Risk","Unclean nonfood contact surfaces"
68799,"20130501",103129,"Moderate Risk","Insufficient hot water or running water"
68799,"20140418",103145,"Low Risk","Improper storage of equipment utensils or linens"
68799,"20140418",103139,"Low Risk","Improper food storage"
68800,"20130313",103103,"High Risk","High risk food holding temperature "
68804,"20150317",103124,"Moderate Risk","Inadequately cleaned or sanitized food contact surfaces"
68804,"20150317",103120,"Moderate Risk","Moderate risk food holding temperature "
68804,"20130307",103112,"High Risk","No hot water or running water"
68804,"20130307",103102,"High Risk","Unclean hands or improper use of gloves"
68804,"20130307",103102,"High Risk","Unclean hands or improper use of gloves"
68804,"20130307",103112,"High Risk","No hot water or running water"
68804,"20140226",103124,"Moderate Risk","Inadequately cleaned or sanitized food contact surfaces"
68804,"20140226",103119,"Moderate Risk","Inadequate and inaccessible handwashing facilities"
68804,"20121114",103149,"Low Risk","Wiping cloths not clean or properly stored or inadequate sanitizer"
68804,"20121114",103145,"Low Risk","Improper storage of equipment utensils or linens"
68804,"20121114",103124,"Moderate Risk","Inadequately cleaned or sanitized food contact surfaces"
68808,"20150331",103142,"Low Risk","Unclean nonfood contact surfaces"
68808,"20150331",103154,"Low Risk","Unclean or degraded floors walls or ceilings"
68808,"20150331",103124,"Moderate Risk","Inadequately cleaned or sanitized food contact surfaces"
68808,"20150331",103131,"Moderate Risk","Moderate risk vermin infestation"
68808,"20150331",103139,"Low Risk","Improper food storage"
68808,"20140317",103138,"Low Risk","Improper storage use or identification of toxic substances"
68808,"20140317",103149,"Low Risk","Wiping cloths not clean or properly stored or inadequate sanitizer"
68808,"20130220",103154,"Low Risk","Unclean or degraded floors walls or ceilings"
68808,"20121116",103149,"Low Risk","Wiping cloths not clean or properly stored or inadequate sanitizer"
68808,"20121116",103147,"Low Risk","Inadequate ventilation or lighting"
68808,"20130220",103152,"Low Risk","Unclean unmaintained or improperly constructed toilet facilities"
68808,"20130220",103147,"Low Risk","Inadequate ventilation or lighting"
68808,"20130220",103119,"Moderate Risk","Inadequate and inaccessible handwashing facilities"
68808,"20121116",103154,"Low Risk","Unclean or degraded floors walls or ceilings"
68809,"20141202",103154,"Low Risk","Unclean or degraded floors walls or ceilings"
68809,"20141202",103131,"Moderate Risk","Moderate risk vermin infestation"
68809,"20141202",103142,"Low Risk","Unclean nonfood contact surfaces"
68809,"20141202",103144,"Low Risk","Unapproved or unmaintained equipment or utensils"
68809,"20141202",103149,"Low Risk","Wiping cloths not clean or properly stored or inadequate sanitizer"
68809,"20150320",103150,"Low Risk","Improper or defective plumbing"
68809,"20150320",103149,"Low Risk","Wiping cloths not clean or properly stored or inadequate sanitizer"
68809,"20150320",103154,"Low Risk","Unclean or degraded floors walls or ceilings"
68809,"20150320",103138,"Low Risk","Improper storage use or identification of toxic substances"
68809,"20131125",103139,"Low Risk","Improper food storage"
68809,"20131122",103151,"Low Risk","Inadequate or unsanitary refuse containers or area or no garbage service"
68809,"20131122",103143,"Low Risk","Inadequate warewashing facilities or equipment"
68809,"20131125",103154,"Low Risk","Unclean or degraded floors walls or ceilings"
68809,"20130515",103138,"Low Risk","Improper storage use or identification of toxic substances"
68809,"20130515",103127,"Moderate Risk","Noncompliance with HAACP plan or variance"
68809,"20130515",103154,"Low Risk","Unclean or degraded floors walls or ceilings"
68809,"20120808",103152,"Low Risk","Unclean unmaintained or improperly constructed toilet facilities"
68809,"20120808",103162,"Low Risk","Other low risk violation"
68809,"20120808",103157,"Low Risk","Food safety certificate or food handler card not available"
68809,"20140528",103157,"Low Risk","Food safety certificate or food handler card not available"
68809,"20140528",103161,"Low Risk","Low risk vermin infestation"
68809,"20140528",103154,"Low Risk","Unclean or degraded floors walls or ceilings"
68809,"20140528",103142,"Low Risk","Unclean nonfood contact surfaces"
68809,"20140528",103139,"Low Risk","Improper food storage"
68811,"20141009",103139,"Low Risk","Improper food storage"
68811,"20130715",103139,"Low Risk","Improper food storage"
68811,"20130715",103142,"Low Risk","Unclean nonfood contact surfaces"
68813,"20130312",103104,"High Risk","Unauthorized or unsafe use of time as a public health control measure"
68813,"20140429",103144,"Low Risk","Unapproved or unmaintained equipment or utensils"
68813,"20140429",103156,"Low Risk","Permit license or inspection report not posted"
68813,"20140429",103154,"Low Risk","Unclean or degraded floors walls or ceilings"
68813,"20140429",103104,"High Risk","Unauthorized or unsafe use of time as a public health control measure"
68814,"20150320",103103,"High Risk","High risk food holding temperature "
68814,"20150407",103120,"Moderate Risk","Moderate risk food holding temperature "
68814,"20140211",103144,"Low Risk","Unapproved or unmaintained equipment or utensils"
68814,"20140211",103149,"Low Risk","Wiping cloths not clean or properly stored or inadequate sanitizer"
68814,"20121004",103119,"Moderate Risk","Inadequate and inaccessible handwashing facilities"
68814,"20121004",103124,"Moderate Risk","Inadequately cleaned or sanitized food contact surfaces"
68824,"20141023",103139,"Low Risk","Improper food storage"
68824,"20141023",103116,"Moderate Risk","Inadequate food safety knowledge or lack of certified food safety manager"
68824,"20141023",103119,"Moderate Risk","Inadequate and inaccessible handwashing facilities"
68824,"20141023",103129,"Moderate Risk","Insufficient hot water or running water"
68824,"20141023",103144,"Low Risk","Unapproved or unmaintained equipment or utensils"
68824,"20141023",103150,"Low Risk","Improper or defective plumbing"
68824,"20141023",103154,"Low Risk","Unclean or degraded floors walls or ceilings"
68824,"20141023",103120,"Moderate Risk","Moderate risk food holding temperature "
68824,"20140207",103145,"Low Risk","Improper storage of equipment utensils or linens"
68824,"20140207",103116,"Moderate Risk","Inadequate food safety knowledge or lack of certified food safety manager"
68824,"20140207",103144,"Low Risk","Unapproved or unmaintained equipment or utensils"
68824,"20140207",103124,"Moderate Risk","Inadequately cleaned or sanitized food contact surfaces"
68824,"20140207",103159,"Low Risk","Worker safety hazards"
68824,"20140207",103142,"Low Risk","Unclean nonfood contact surfaces"
68824,"20140207",103139,"Low Risk","Improper food storage"
68824,"20130307",103152,"Low Risk","Unclean unmaintained or improperly constructed toilet facilities"
68824,"20130307",103154,"Low Risk","Unclean or degraded floors walls or ceilings"
68824,"20130307",103162,"Low Risk","Other low risk violation"
68824,"20130307",103132,"Moderate Risk","Improper thawing methods "
68824,"20130307",103103,"High Risk","High risk food holding temperature "
68826,"20140924",103148,"Low Risk","No thermometers or uncalibrated thermometers "
68826,"20140924",103103,"High Risk","High risk food holding temperature "
68826,"20130814",103143,"Low Risk","Inadequate warewashing facilities or equipment"
68826,"20130814",103139,"Low Risk","Improper food storage"
68826,"20130814",103157,"Low Risk","Food safety certificate or food handler card not available"
68826,"20130814",103161,"Low Risk","Low risk vermin infestation"
68826,"20121226",103133,"Moderate Risk","Foods not protected from contamination"
68826,"20121226",103131,"Moderate Risk","Moderate risk vermin infestation"
68826,"20121226",103149,"Low Risk","Wiping cloths not clean or properly stored or inadequate sanitizer"
68826,"20121226",103144,"Low Risk","Unapproved or unmaintained equipment or utensils"
68826,"20121226",103119,"Moderate Risk","Inadequate and inaccessible handwashing facilities"
68826,"20121226",103120,"Moderate Risk","Moderate risk food holding temperature "
68826,"20121226",103114,"High Risk","High risk vermin infestation"
68826,"20121226",103139,"Low Risk","Improper food storage"
68831,"20130422",103148,"Low Risk","No thermometers or uncalibrated thermometers "
68831,"20140421",103148,"Low Risk","No thermometers or uncalibrated thermometers "
68831,"20140421",103119,"Moderate Risk","Inadequate and inaccessible handwashing facilities"
68831,"20121113",103145,"Low Risk","Improper storage of equipment utensils or linens"
68831,"20121113",103124,"Moderate Risk","Inadequately cleaned or sanitized food contact surfaces"
68831,"20140716",103145,"Low Risk","Improper storage of equipment utensils or linens"
68832,"20150217",103145,"Low Risk","Improper storage of equipment utensils or linens"
68832,"20150217",103154,"Low Risk","Unclean or degraded floors walls or ceilings"
68832,"20150217",103131,"Moderate Risk","Moderate risk vermin infestation"
68832,"20150217",103105,"High Risk","Improper cooling methods"
68832,"20130802",103120,"Moderate Risk","Moderate risk food holding temperature "
68832,"20140423",103142,"Low Risk","Unclean nonfood contact surfaces"
68832,"20140423",103143,"Low Risk","Inadequate warewashing facilities or equipment"
68832,"20140423",103144,"Low Risk","Unapproved or unmaintained equipment or utensils"
68832,"20140423",103149,"Low Risk","Wiping cloths not clean or properly stored or inadequate sanitizer"
68832,"20120705",103142,"Low Risk","Unclean nonfood contact surfaces"
68832,"20130107",103142,"Low Risk","Unclean nonfood contact surfaces"
68832,"20130107",103103,"High Risk","High risk food holding temperature "
68839,"20150221",103133,"Moderate Risk","Foods not protected from contamination"
68839,"20150221",103143,"Low Risk","Inadequate warewashing facilities or equipment"
68839,"20131021",103116,"Moderate Risk","Inadequate food safety knowledge or lack of certified food safety manager"
68839,"20131021",103149,"Low Risk","Wiping cloths not clean or properly stored or inadequate sanitizer"
68839,"20131021",103102,"High Risk","Unclean hands or improper use of gloves"
68839,"20131021",103143,"Low Risk","Inadequate warewashing facilities or equipment"
68839,"20131021",103103,"High Risk","High risk food holding temperature "
68839,"20131021",103112,"High Risk","No hot water or running water"
68839,"20140505",103124,"Moderate Risk","Inadequately cleaned or sanitized food contact surfaces"
68839,"20140505",103162,"Low Risk","Other low risk violation"
68842,"20130610",103124,"Moderate Risk","Inadequately cleaned or sanitized food contact surfaces"
68842,"20130610",103139,"Low Risk","Improper food storage"
68842,"20140623",103124,"Moderate Risk","Inadequately cleaned or sanitized food contact surfaces"
68842,"20140623",103149,"Low Risk","Wiping cloths not clean or properly stored or inadequate sanitizer"
68860,"20131112",103161,"Low Risk","Low risk vermin infestation"
68860,"20131112",103119,"Moderate Risk","Inadequate and inaccessible handwashing facilities"
68860,"20131112",103116,"Moderate Risk","Inadequate food safety knowledge or lack of certified food safety manager"
68860,"20131112",103145,"Low Risk","Improper storage of equipment utensils or linens"
68860,"20131112",103132,"Moderate Risk","Improper thawing methods "
68860,"20131112",103139,"Low Risk","Improper food storage"
68860,"20131112",103124,"Moderate Risk","Inadequately cleaned or sanitized food contact surfaces"
68860,"20131112",103103,"High Risk","High risk food holding temperature "
68860,"20130429",103149,"Low Risk","Wiping cloths not clean or properly stored or inadequate sanitizer"
68860,"20130429",103144,"Low Risk","Unapproved or unmaintained equipment or utensils"
68860,"20130429",103139,"Low Risk","Improper food storage"
68860,"20130429",103133,"Moderate Risk","Foods not protected from contamination"
68860,"20130429",103132,"Moderate Risk","Improper thawing methods "
68860,"20130429",103114,"High Risk","High risk vermin infestation"
68860,"20130429",103116,"Moderate Risk","Inadequate food safety knowledge or lack of certified food safety manager"
68860,"20130429",103153,"Low Risk","Inadequate dressing rooms or improper storage of personal items"
68860,"20130430",103131,"Moderate Risk","Moderate risk vermin infestation"
68860,"20140327",103142,"Low Risk","Unclean nonfood contact surfaces"
68860,"20140327",103139,"Low Risk","Improper food storage"
68860,"20140327",103149,"Low Risk","Wiping cloths not clean or properly stored or inadequate sanitizer"
68860,"20140327",103119,"Moderate Risk","Inadequate and inaccessible handwashing facilities"
68860,"20140327",103116,"Moderate Risk","Inadequate food safety knowledge or lack of certified food safety manager"
68860,"20130103",103149,"Low Risk","Wiping cloths not clean or properly stored or inadequate sanitizer"
68860,"20130103",103144,"Low Risk","Unapproved or unmaintained equipment or utensils"
68860,"20130103",103138,"Low Risk","Improper storage use or identification of toxic substances"
68860,"20130103",103102,"High Risk","Unclean hands or improper use of gloves"
68860,"20130103",103116,"Moderate Risk","Inadequate food safety knowledge or lack of certified food safety manager"
68860,"20130103",103142,"Low Risk","Unclean nonfood contact surfaces"
68865,"20141105",103145,"Low Risk","Improper storage of equipment utensils or linens"
68865,"20141105",103133,"Moderate Risk","Foods not protected from contamination"
68865,"20131112",103114,"High Risk","High risk vermin infestation"
68865,"20131112",103150,"Low Risk","Improper or defective plumbing"
68865,"20131112",103133,"Moderate Risk","Foods not protected from contamination"
68865,"20131112",103124,"Moderate Risk","Inadequately cleaned or sanitized food contact surfaces"
68865,"20120711",103124,"Moderate Risk","Inadequately cleaned or sanitized food contact surfaces"
68865,"20120711",103145,"Low Risk","Improper storage of equipment utensils or linens"
68865,"20120711",103142,"Low Risk","Unclean nonfood contact surfaces"
68865,"20130123",103149,"Low Risk","Wiping cloths not clean or properly stored or inadequate sanitizer"
68865,"20130123",103124,"Moderate Risk","Inadequately cleaned or sanitized food contact surfaces"
68865,"20130123",103119,"Moderate Risk","Inadequate and inaccessible handwashing facilities"
68865,"20140624",103120,"Moderate Risk","Moderate risk food holding temperature "
68865,"20140624",103133,"Moderate Risk","Foods not protected from contamination"
68872,"20140108",103132,"Moderate Risk","Improper thawing methods "
68872,"20140108",103124,"Moderate Risk","Inadequately cleaned or sanitized food contact surfaces"
68872,"20130501",103103,"High Risk","High risk food holding temperature "
68872,"20130501",103124,"Moderate Risk","Inadequately cleaned or sanitized food contact surfaces"
68872,"20130501",103139,"Low Risk","Improper food storage"
68872,"20130501",103157,"Low Risk","Food safety certificate or food handler card not available"
68872,"20140422",103114,"High Risk","High risk vermin infestation"
68872,"20121023",103142,"Low Risk","Unclean nonfood contact surfaces"
68872,"20121023",103103,"High Risk","High risk food holding temperature "
68872,"20121023",103139,"Low Risk","Improper food storage"
68872,"20140703",103142,"Low Risk","Unclean nonfood contact surfaces"
68872,"20140703",103124,"Moderate Risk","Inadequately cleaned or sanitized food contact surfaces"
68880,"20141022",103145,"Low Risk","Improper storage of equipment utensils or linens"
68880,"20141022",103129,"Moderate Risk","Insufficient hot water or running water"
68880,"20141022",103124,"Moderate Risk","Inadequately cleaned or sanitized food contact surfaces"
68880,"20130307",103143,"Low Risk","Inadequate warewashing facilities or equipment"
68880,"20130307",103116,"Moderate Risk","Inadequate food safety knowledge or lack of certified food safety manager"
68880,"20130307",103103,"High Risk","High risk food holding temperature "
68880,"20130307",103132,"Moderate Risk","Improper thawing methods "
68880,"20140207",103157,"Low Risk","Food safety certificate or food handler card not available"
68880,"20140207",103120,"Moderate Risk","Moderate risk food holding temperature "
68880,"20140207",103132,"Moderate Risk","Improper thawing methods "
68881,"20131024",103149,"Low Risk","Wiping cloths not clean or properly stored or inadequate sanitizer"
68881,"20131024",103103,"High Risk","High risk food holding temperature "
68881,"20131024",103116,"Moderate Risk","Inadequate food safety knowledge or lack of certified food safety manager"
68881,"20131024",103138,"Low Risk","Improper storage use or identification of toxic substances"
68881,"20131024",103131,"Moderate Risk","Moderate risk vermin infestation"
68881,"20131024",103147,"Low Risk","Inadequate ventilation or lighting"
68881,"20131024",103145,"Low Risk","Improper storage of equipment utensils or linens"
68881,"20131024",103148,"Low Risk","No thermometers or uncalibrated thermometers "
68881,"20131024",103154,"Low Risk","Unclean or degraded floors walls or ceilings"
68881,"20130319",103149,"Low Risk","Wiping cloths not clean or properly stored or inadequate sanitizer"
68881,"20130319",103144,"Low Risk","Unapproved or unmaintained equipment or utensils"
68881,"20130319",103119,"Moderate Risk","Inadequate and inaccessible handwashing facilities"
68881,"20130319",103103,"High Risk","High risk food holding temperature "
68881,"20130319",103116,"Moderate Risk","Inadequate food safety knowledge or lack of certified food safety manager"
68881,"20130319",103139,"Low Risk","Improper food storage"
68881,"20140410",103109,"High Risk","Unclean or unsanitary food contact surfaces"
68881,"20140410",103116,"Moderate Risk","Inadequate food safety knowledge or lack of certified food safety manager"
68881,"20140410",103142,"Low Risk","Unclean nonfood contact surfaces"
68881,"20140410",103114,"High Risk","High risk vermin infestation"
68890,"20150608",103145,"Low Risk","Improper storage of equipment utensils or linens"
68890,"20150608",103119,"Moderate Risk","Inadequate and inaccessible handwashing facilities"
68890,"20150608",103109,"High Risk","Unclean or unsanitary food contact surfaces"
68890,"20150608",103157,"Low Risk","Food safety certificate or food handler card not available"
68890,"20150608",103102,"High Risk","Unclean hands or improper use of gloves"
68890,"20131119",103109,"High Risk","Unclean or unsanitary food contact surfaces"
68890,"20131119",103145,"Low Risk","Improper storage of equipment utensils or linens"
68890,"20130215",103152,"Low Risk","Unclean unmaintained or improperly constructed toilet facilities"
68890,"20120808",103145,"Low Risk","Improper storage of equipment utensils or linens"
68890,"20140605",103144,"Low Risk","Unapproved or unmaintained equipment or utensils"
68891,"20121109",103143,"Low Risk","Inadequate warewashing facilities or equipment"
68891,"20121109",103118,"Moderate Risk","Employee eating or smoking"
68891,"20121109",103149,"Low Risk","Wiping cloths not clean or properly stored or inadequate sanitizer"
68891,"20121109",103144,"Low Risk","Unapproved or unmaintained equipment or utensils"
68891,"20121109",103119,"Moderate Risk","Inadequate and inaccessible handwashing facilities"
68891,"20121109",103148,"Low Risk","No thermometers or uncalibrated thermometers "
68894,"20150203",103121,"Moderate Risk","Inadequate procedures or records for time as a public health control "
68894,"20150203",103144,"Low Risk","Unapproved or unmaintained equipment or utensils"
68894,"20131015",103143,"Low Risk","Inadequate warewashing facilities or equipment"
68894,"20131015",103121,"Moderate Risk","Inadequate procedures or records for time as a public health control "
68894,"20130515",103154,"Low Risk","Unclean or degraded floors walls or ceilings"
68894,"20130515",103149,"Low Risk","Wiping cloths not clean or properly stored or inadequate sanitizer"
68894,"20130515",103144,"Low Risk","Unapproved or unmaintained equipment or utensils"
68894,"20130515",103131,"Moderate Risk","Moderate risk vermin infestation"
68894,"20120712",103109,"High Risk","Unclean or unsanitary food contact surfaces"
68894,"20140507",103121,"Moderate Risk","Inadequate procedures or records for time as a public health control "
68894,"20140507",103119,"Moderate Risk","Inadequate and inaccessible handwashing facilities"
68895,"20140827",103154,"Low Risk","Unclean or degraded floors walls or ceilings"
68895,"20140130",103156,"Low Risk","Permit license or inspection report not posted"
68895,"20140130",103116,"Moderate Risk","Inadequate food safety knowledge or lack of certified food safety manager"
68895,"20130613",103156,"Low Risk","Permit license or inspection report not posted"
68895,"20130613",103119,"Moderate Risk","Inadequate and inaccessible handwashing facilities"
68895,"20130613",103157,"Low Risk","Food safety certificate or food handler card not available"
68909,"20131214",103131,"Moderate Risk","Moderate risk vermin infestation"
68909,"20131212",103149,"Low Risk","Wiping cloths not clean or properly stored or inadequate sanitizer"
68909,"20131212",103120,"Moderate Risk","Moderate risk food holding temperature "
68909,"20131212",103142,"Low Risk","Unclean nonfood contact surfaces"
68909,"20131212",103114,"High Risk","High risk vermin infestation"
68909,"20130510",103103,"High Risk","High risk food holding temperature "
68909,"20130510",103161,"Low Risk","Low risk vermin infestation"
68909,"20130510",103150,"Low Risk","Improper or defective plumbing"
68909,"20130510",103144,"Low Risk","Unapproved or unmaintained equipment or utensils"
68909,"20130510",103142,"Low Risk","Unclean nonfood contact surfaces"
68909,"20130510",103119,"Moderate Risk","Inadequate and inaccessible handwashing facilities"
68909,"20130510",103124,"Moderate Risk","Inadequately cleaned or sanitized food contact surfaces"
68909,"20140715",103144,"Low Risk","Unapproved or unmaintained equipment or utensils"
68909,"20140715",103161,"Low Risk","Low risk vermin infestation"
68909,"20140715",103138,"Low Risk","Improper storage use or identification of toxic substances"
68909,"20140715",103124,"Moderate Risk","Inadequately cleaned or sanitized food contact surfaces"
68909,"20140715",103120,"Moderate Risk","Moderate risk food holding temperature "
68916,"20141120",103139,"Low Risk","Improper food storage"
68916,"20141120",103156,"Low Risk","Permit license or inspection report not posted"
68916,"20141120",103154,"Low Risk","Unclean or degraded floors walls or ceilings"
68916,"20141120",103151,"Low Risk","Inadequate or unsanitary refuse containers or area or no garbage service"
68916,"20141120",103109,"High Risk","Unclean or unsanitary food contact surfaces"
68916,"20141120",103132,"Moderate Risk","Improper thawing methods "
68916,"20141120",103120,"Moderate Risk","Moderate risk food holding temperature "
68916,"20141120",103119,"Moderate Risk","Inadequate and inaccessible handwashing facilities"
68916,"20141120",103114,"High Risk","High risk vermin infestation"
68916,"20131021",103157,"Low Risk","Food safety certificate or food handler card not available"
68916,"20131021",103156,"Low Risk","Permit license or inspection report not posted"
68916,"20131021",103139,"Low Risk","Improper food storage"
68916,"20131021",103119,"Moderate Risk","Inadequate and inaccessible handwashing facilities"
68916,"20131021",103149,"Low Risk","Wiping cloths not clean or properly stored or inadequate sanitizer"
68916,"20131021",103124,"Moderate Risk","Inadequately cleaned or sanitized food contact surfaces"
68916,"20131021",103133,"Moderate Risk","Foods not protected from contamination"
68916,"20131021",103142,"Low Risk","Unclean nonfood contact surfaces"
68916,"20131021",103113,"High Risk","Sewage or wastewater contamination"
68916,"20131021",103114,"High Risk","High risk vermin infestation"
68916,"20131021",103154,"Low Risk","Unclean or degraded floors walls or ceilings"
68916,"20120626",103133,"Moderate Risk","Foods not protected from contamination"
68916,"20120626",103148,"Low Risk","No thermometers or uncalibrated thermometers "
68930,"20141006",103109,"High Risk","Unclean or unsanitary food contact surfaces"
68930,"20141006",103118,"Moderate Risk","Employee eating or smoking"
68930,"20141006",103149,"Low Risk","Wiping cloths not clean or properly stored or inadequate sanitizer"
68930,"20141006",103151,"Low Risk","Inadequate or unsanitary refuse containers or area or no garbage service"
68930,"20141006",103154,"Low Risk","Unclean or degraded floors walls or ceilings"
68930,"20141006",103108,"High Risk","Contaminated or adulterated food"
68930,"20141006",103103,"High Risk","High risk food holding temperature "
68930,"20141006",103150,"Low Risk","Improper or defective plumbing"
68930,"20141006",103162,"Low Risk","Other low risk violation"
68930,"20141006",103114,"High Risk","High risk vermin infestation"
68930,"20141006",103148,"Low Risk","No thermometers or uncalibrated thermometers "
68930,"20130819",103157,"Low Risk","Food safety certificate or food handler card not available"
68930,"20130819",103124,"Moderate Risk","Inadequately cleaned or sanitized food contact surfaces"
68930,"20130819",103145,"Low Risk","Improper storage of equipment utensils or linens"
68930,"20130819",103151,"Low Risk","Inadequate or unsanitary refuse containers or area or no garbage service"
68930,"20130819",103154,"Low Risk","Unclean or degraded floors walls or ceilings"
68930,"20130819",103139,"Low Risk","Improper food storage"
68930,"20121119",103109,"High Risk","Unclean or unsanitary food contact surfaces"
68930,"20121119",103114,"High Risk","High risk vermin infestation"
68930,"20121119",103148,"Low Risk","No thermometers or uncalibrated thermometers "
68930,"20121119",103154,"Low Risk","Unclean or degraded floors walls or ceilings"
68930,"20121119",103103,"High Risk","High risk food holding temperature "
68930,"20121119",103133,"Moderate Risk","Foods not protected from contamination"
68930,"20140529",103131,"Moderate Risk","Moderate risk vermin infestation"
68930,"20140528",103109,"High Risk","Unclean or unsanitary food contact surfaces"
68930,"20140528",103114,"High Risk","High risk vermin infestation"
68930,"20140528",103142,"Low Risk","Unclean nonfood contact surfaces"
68930,"20140528",103144,"Low Risk","Unapproved or unmaintained equipment or utensils"
68930,"20140528",103151,"Low Risk","Inadequate or unsanitary refuse containers or area or no garbage service"
68930,"20140528",103154,"Low Risk","Unclean or degraded floors walls or ceilings"
68938,"20130904",103149,"Low Risk","Wiping cloths not clean or properly stored or inadequate sanitizer"
68938,"20130904",103120,"Moderate Risk","Moderate risk food holding temperature "
68938,"20130904",103132,"Moderate Risk","Improper thawing methods "
68938,"20140416",103149,"Low Risk","Wiping cloths not clean or properly stored or inadequate sanitizer"
68938,"20140416",103131,"Moderate Risk","Moderate risk vermin infestation"
68938,"20140416",103120,"Moderate Risk","Moderate risk food holding temperature "
68938,"20121128",103124,"Moderate Risk","Inadequately cleaned or sanitized food contact surfaces"
68944,"20150204",103139,"Low Risk","Improper food storage"
68944,"20150204",103156,"Low Risk","Permit license or inspection report not posted"
68944,"20150204",103157,"Low Risk","Food safety certificate or food handler card not available"
68944,"20130730",103149,"Low Risk","Wiping cloths not clean or properly stored or inadequate sanitizer"
68944,"20130730",103124,"Moderate Risk","Inadequately cleaned or sanitized food contact surfaces"
68944,"20140204",103119,"Moderate Risk","Inadequate and inaccessible handwashing facilities"
68944,"20121108",103149,"Low Risk","Wiping cloths not clean or properly stored or inadequate sanitizer"
68945,"20141023",103149,"Low Risk","Wiping cloths not clean or properly stored or inadequate sanitizer"
68945,"20141023",103116,"Moderate Risk","Inadequate food safety knowledge or lack of certified food safety manager"
68945,"20141023",103107,"High Risk","Improper reheating of food"
68945,"20141023",103103,"High Risk","High risk food holding temperature "
68945,"20150507",103145,"Low Risk","Improper storage of equipment utensils or linens"
68945,"20150507",103133,"Moderate Risk","Foods not protected from contamination"
68945,"20130508",103154,"Low Risk","Unclean or degraded floors walls or ceilings"
68945,"20130508",103103,"High Risk","High risk food holding temperature "
68945,"20130508",103107,"High Risk","Improper reheating of food"
68945,"20130508",103131,"Moderate Risk","Moderate risk vermin infestation"
68945,"20130508",103153,"Low Risk","Inadequate dressing rooms or improper storage of personal items"
68945,"20140409",103149,"Low Risk","Wiping cloths not clean or properly stored or inadequate sanitizer"
68945,"20140409",103103,"High Risk","High risk food holding temperature "
68945,"20140409",103142,"Low Risk","Unclean nonfood contact surfaces"
68945,"20140409",103153,"Low Risk","Inadequate dressing rooms or improper storage of personal items"
68945,"20121115",103103,"High Risk","High risk food holding temperature "
68945,"20121115",103161,"Low Risk","Low risk vermin infestation"
68949,"20130325",103139,"Low Risk","Improper food storage"
68949,"20130325",103152,"Low Risk","Unclean unmaintained or improperly constructed toilet facilities"
68949,"20130325",103149,"Low Risk","Wiping cloths not clean or properly stored or inadequate sanitizer"
68949,"20130325",103154,"Low Risk","Unclean or degraded floors walls or ceilings"
68949,"20130325",103157,"Low Risk","Food safety certificate or food handler card not available"
68949,"20130325",103138,"Low Risk","Improper storage use or identification of toxic substances"
68949,"20140610",103119,"Moderate Risk","Inadequate and inaccessible handwashing facilities"
68949,"20140610",103157,"Low Risk","Food safety certificate or food handler card not available"
68949,"20140610",103152,"Low Risk","Unclean unmaintained or improperly constructed toilet facilities"
68955,"20131022",103149,"Low Risk","Wiping cloths not clean or properly stored or inadequate sanitizer"
68955,"20131022",103142,"Low Risk","Unclean nonfood contact surfaces"
68955,"20130423",103149,"Low Risk","Wiping cloths not clean or properly stored or inadequate sanitizer"
68955,"20140430",103145,"Low Risk","Improper storage of equipment utensils or linens"
68959,"20150313",103157,"Low Risk","Food safety certificate or food handler card not available"
68959,"20150313",103109,"High Risk","Unclean or unsanitary food contact surfaces"
68959,"20140304",103142,"Low Risk","Unclean nonfood contact surfaces"
68959,"20130213",103149,"Low Risk","Wiping cloths not clean or properly stored or inadequate sanitizer"
68961,"20131206",103144,"Low Risk","Unapproved or unmaintained equipment or utensils"
68961,"20131206",103157,"Low Risk","Food safety certificate or food handler card not available"
68961,"20131206",103148,"Low Risk","No thermometers or uncalibrated thermometers "
68961,"20131206",103147,"Low Risk","Inadequate ventilation or lighting"
68961,"20130405",103116,"Moderate Risk","Inadequate food safety knowledge or lack of certified food safety manager"
68961,"20130405",103147,"Low Risk","Inadequate ventilation or lighting"
68961,"20140612",103142,"Low Risk","Unclean nonfood contact surfaces"
68961,"20140612",103143,"Low Risk","Inadequate warewashing facilities or equipment"
68961,"20140612",103149,"Low Risk","Wiping cloths not clean or properly stored or inadequate sanitizer"
68963,"20130424",103124,"Moderate Risk","Inadequately cleaned or sanitized food contact surfaces"
68963,"20130424",103119,"Moderate Risk","Inadequate and inaccessible handwashing facilities"
68963,"20130424",103103,"High Risk","High risk food holding temperature "
68963,"20140415",103120,"Moderate Risk","Moderate risk food holding temperature "
68963,"20140415",103105,"High Risk","Improper cooling methods"
68974,"20131217",103124,"Moderate Risk","Inadequately cleaned or sanitized food contact surfaces"
68974,"20131217",103132,"Moderate Risk","Improper thawing methods "
68974,"20131217",103119,"Moderate Risk","Inadequate and inaccessible handwashing facilities"
68974,"20131217",103144,"Low Risk","Unapproved or unmaintained equipment or utensils"
68974,"20130612",103144,"Low Risk","Unapproved or unmaintained equipment or utensils"
68974,"20130612",103132,"Moderate Risk","Improper thawing methods "
68974,"20120927",103154,"Low Risk","Unclean or degraded floors walls or ceilings"
68974,"20120927",103145,"Low Risk","Improper storage of equipment utensils or linens"
68974,"20140515",103156,"Low Risk","Permit license or inspection report not posted"
68974,"20140515",103120,"Moderate Risk","Moderate risk food holding temperature "
68981,"20140914",103157,"Low Risk","Food safety certificate or food handler card not available"
68981,"20140914",103144,"Low Risk","Unapproved or unmaintained equipment or utensils"
68981,"20140914",103147,"Low Risk","Inadequate ventilation or lighting"
68981,"20131028",103103,"High Risk","High risk food holding temperature "
68981,"20131028",103119,"Moderate Risk","Inadequate and inaccessible handwashing facilities"
68981,"20131028",103139,"Low Risk","Improper food storage"
68981,"20130522",103133,"Moderate Risk","Foods not protected from contamination"
68981,"20130522",103105,"High Risk","Improper cooling methods"
68981,"20140307",103157,"Low Risk","Food safety certificate or food handler card not available"
68981,"20140307",103156,"Low Risk","Permit license or inspection report not posted"
68981,"20140307",103147,"Low Risk","Inadequate ventilation or lighting"
68981,"20121009",103133,"Moderate Risk","Foods not protected from contamination"
68981,"20121009",103149,"Low Risk","Wiping cloths not clean or properly stored or inadequate sanitizer"
68981,"20121009",103119,"Moderate Risk","Inadequate and inaccessible handwashing facilities"
68981,"20120702",103149,"Low Risk","Wiping cloths not clean or properly stored or inadequate sanitizer"
68981,"20120702",103147,"Low Risk","Inadequate ventilation or lighting"
68981,"20120702",103120,"Moderate Risk","Moderate risk food holding temperature "
68981,"20121009",103103,"High Risk","High risk food holding temperature "
68981,"20120702",103119,"Moderate Risk","Inadequate and inaccessible handwashing facilities"
68981,"20121009",103112,"High Risk","No hot water or running water"
68982,"20150311",103139,"Low Risk","Improper food storage"
68982,"20150311",103159,"Low Risk","Worker safety hazards"
68982,"20150311",103142,"Low Risk","Unclean nonfood contact surfaces"
68982,"20130823",103109,"High Risk","Unclean or unsanitary food contact surfaces"
68982,"20130823",103119,"Moderate Risk","Inadequate and inaccessible handwashing facilities"
68982,"20130823",103120,"Moderate Risk","Moderate risk food holding temperature "
68982,"20130823",103139,"Low Risk","Improper food storage"
68982,"20130823",103142,"Low Risk","Unclean nonfood contact surfaces"
68982,"20130823",103159,"Low Risk","Worker safety hazards"
68982,"20120808",103144,"Low Risk","Unapproved or unmaintained equipment or utensils"
68982,"20120808",103103,"High Risk","High risk food holding temperature "
68982,"20140516",103127,"Moderate Risk","Noncompliance with HAACP plan or variance"
68982,"20140516",103150,"Low Risk","Improper or defective plumbing"
68982,"20140516",103119,"Moderate Risk","Inadequate and inaccessible handwashing facilities"
68982,"20140516",103124,"Moderate Risk","Inadequately cleaned or sanitized food contact surfaces"
68986,"20140912",103144,"Low Risk","Unapproved or unmaintained equipment or utensils"
68986,"20140912",103154,"Low Risk","Unclean or degraded floors walls or ceilings"
68986,"20140912",103139,"Low Risk","Improper food storage"
68986,"20140103",103149,"Low Risk","Wiping cloths not clean or properly stored or inadequate sanitizer"
68986,"20140103",103131,"Moderate Risk","Moderate risk vermin infestation"
68986,"20130524",103156,"Low Risk","Permit license or inspection report not posted"
68986,"20130524",103150,"Low Risk","Improper or defective plumbing"
68986,"20130524",103149,"Low Risk","Wiping cloths not clean or properly stored or inadequate sanitizer"
68986,"20130524",103139,"Low Risk","Improper food storage"
68991,"20131213",103149,"Low Risk","Wiping cloths not clean or properly stored or inadequate sanitizer"
68991,"20131213",103156,"Low Risk","Permit license or inspection report not posted"
68991,"20131213",103145,"Low Risk","Improper storage of equipment utensils or linens"
68991,"20131213",103144,"Low Risk","Unapproved or unmaintained equipment or utensils"
68991,"20131213",103141,"Low Risk","Improper food labeling or menu misrepresentation"
68991,"20130530",103105,"High Risk","Improper cooling methods"
68991,"20130530",103129,"Moderate Risk","Insufficient hot water or running water"
68991,"20130530",103120,"Moderate Risk","Moderate risk food holding temperature "
68991,"20120926",103129,"Moderate Risk","Insufficient hot water or running water"
68991,"20120926",103131,"Moderate Risk","Moderate risk vermin infestation"
68991,"20120926",103142,"Low Risk","Unclean nonfood contact surfaces"
68991,"20120926",103147,"Low Risk","Inadequate ventilation or lighting"
68991,"20120926",103120,"Moderate Risk","Moderate risk food holding temperature "
68991,"20120926",103119,"Moderate Risk","Inadequate and inaccessible handwashing facilities"
68991,"20140613",103149,"Low Risk","Wiping cloths not clean or properly stored or inadequate sanitizer"
68991,"20140613",103144,"Low Risk","Unapproved or unmaintained equipment or utensils"
68991,"20140613",103103,"High Risk","High risk food holding temperature "
68994,"20140617",103161,"Low Risk","Low risk vermin infestation"
68998,"20150310",103154,"Low Risk","Unclean or degraded floors walls or ceilings"
68998,"20150310",103145,"Low Risk","Improper storage of equipment utensils or linens"
68998,"20150310",103144,"Low Risk","Unapproved or unmaintained equipment or utensils"
68998,"20130610",103133,"Moderate Risk","Foods not protected from contamination"
68998,"20130610",103149,"Low Risk","Wiping cloths not clean or properly stored or inadequate sanitizer"
68998,"20130610",103150,"Low Risk","Improper or defective plumbing"
68998,"20130115",103149,"Low Risk","Wiping cloths not clean or properly stored or inadequate sanitizer"
68998,"20130115",103142,"Low Risk","Unclean nonfood contact surfaces"
68998,"20140521",103119,"Moderate Risk","Inadequate and inaccessible handwashing facilities"
68998,"20140521",103149,"Low Risk","Wiping cloths not clean or properly stored or inadequate sanitizer"
68998,"20140521",103157,"Low Risk","Food safety certificate or food handler card not available"
68998,"20140521",103137,"Low Risk","Improperly washed fruits and vegetables"
69006,"20141119",103119,"Moderate Risk","Inadequate and inaccessible handwashing facilities"
69006,"20131206",103157,"Low Risk","Food safety certificate or food handler card not available"
69006,"20131206",103149,"Low Risk","Wiping cloths not clean or properly stored or inadequate sanitizer"
69006,"20131206",103103,"High Risk","High risk food holding temperature "
69006,"20131206",103119,"Moderate Risk","Inadequate and inaccessible handwashing facilities"
69006,"20140530",103157,"Low Risk","Food safety certificate or food handler card not available"
69006,"20140530",103103,"High Risk","High risk food holding temperature "
69012,"20141118",103124,"Moderate Risk","Inadequately cleaned or sanitized food contact surfaces"
69012,"20141118",103139,"Low Risk","Improper food storage"
69012,"20131204",103143,"Low Risk","Inadequate warewashing facilities or equipment"
69012,"20130506",103172,"High Risk","Mobile food facility with unapproved operating conditions"
69012,"20130506",103143,"Low Risk","Inadequate warewashing facilities or equipment"
69012,"20120904",103124,"Moderate Risk","Inadequately cleaned or sanitized food contact surfaces"
69012,"20120904",103145,"Low Risk","Improper storage of equipment utensils or linens"
69012,"20140602",103144,"Low Risk","Unapproved or unmaintained equipment or utensils"
69012,"20140602",103124,"Moderate Risk","Inadequately cleaned or sanitized food contact surfaces"
69013,"20140210",103144,"Low Risk","Unapproved or unmaintained equipment or utensils"
69013,"20140210",103162,"Low Risk","Other low risk violation"
69013,"20140210",103153,"Low Risk","Inadequate dressing rooms or improper storage of personal items"
69016,"20150318",103109,"High Risk","Unclean or unsanitary food contact surfaces"
69016,"20150318",103133,"Moderate Risk","Foods not protected from contamination"
69016,"20150318",103147,"Low Risk","Inadequate ventilation or lighting"
69016,"20150318",103114,"High Risk","High risk vermin infestation"
69016,"20150318",103149,"Low Risk","Wiping cloths not clean or properly stored or inadequate sanitizer"
69016,"20150318",103156,"Low Risk","Permit license or inspection report not posted"
69016,"20150318",103144,"Low Risk","Unapproved or unmaintained equipment or utensils"
69016,"20150318",103124,"Moderate Risk","Inadequately cleaned or sanitized food contact surfaces"
69016,"20130711",103142,"Low Risk","Unclean nonfood contact surfaces"
69016,"20130711",103134,"Moderate Risk","Other moderate risk violation"
69016,"20130711",103114,"High Risk","High risk vermin infestation"
69016,"20130711",103157,"Low Risk","Food safety certificate or food handler card not available"
69016,"20130711",103156,"Low Risk","Permit license or inspection report not posted"
69016,"20130711",103109,"High Risk","Unclean or unsanitary food contact surfaces"
69016,"20131209",103131,"Moderate Risk","Moderate risk vermin infestation"
69016,"20131209",103145,"Low Risk","Improper storage of equipment utensils or linens"
69016,"20131209",103154,"Low Risk","Unclean or degraded floors walls or ceilings"
69016,"20131209",103103,"High Risk","High risk food holding temperature "
69016,"20131209",103109,"High Risk","Unclean or unsanitary food contact surfaces"
69016,"20131209",103156,"Low Risk","Permit license or inspection report not posted"
69016,"20120625",103131,"Moderate Risk","Moderate risk vermin infestation"
69016,"20120625",103109,"High Risk","Unclean or unsanitary food contact surfaces"
69016,"20121213",103131,"Moderate Risk","Moderate risk vermin infestation"
69016,"20121213",103154,"Low Risk","Unclean or degraded floors walls or ceilings"
69016,"20121213",103142,"Low Risk","Unclean nonfood contact surfaces"
69016,"20121213",103103,"High Risk","High risk food holding temperature "
69016,"20121213",103157,"Low Risk","Food safety certificate or food handler card not available"
69016,"20121213",103149,"Low Risk","Wiping cloths not clean or properly stored or inadequate sanitizer"
69016,"20140618",103119,"Moderate Risk","Inadequate and inaccessible handwashing facilities"
69016,"20140618",103103,"High Risk","High risk food holding temperature "
69016,"20140618",103154,"Low Risk","Unclean or degraded floors walls or ceilings"
69016,"20140618",103109,"High Risk","Unclean or unsanitary food contact surfaces"
69016,"20140618",103116,"Moderate Risk","Inadequate food safety knowledge or lack of certified food safety manager"
69023,"20130312",103120,"Moderate Risk","Moderate risk food holding temperature "
69023,"20130312",103138,"Low Risk","Improper storage use or identification of toxic substances"
69023,"20140320",103149,"Low Risk","Wiping cloths not clean or properly stored or inadequate sanitizer"
69023,"20140320",103120,"Moderate Risk","Moderate risk food holding temperature "
69023,"20140320",103147,"Low Risk","Inadequate ventilation or lighting"
69023,"20121119",103123,"Moderate Risk","Food in poor condition"
69023,"20121119",103157,"Low Risk","Food safety certificate or food handler card not available"
69023,"20121119",103149,"Low Risk","Wiping cloths not clean or properly stored or inadequate sanitizer"
69026,"20141028",103103,"High Risk","High risk food holding temperature "
69026,"20140204",103143,"Low Risk","Inadequate warewashing facilities or equipment"
69026,"20140204",103142,"Low Risk","Unclean nonfood contact surfaces"
69026,"20140204",103153,"Low Risk","Inadequate dressing rooms or improper storage of personal items"
69026,"20140204",103119,"Moderate Risk","Inadequate and inaccessible handwashing facilities"
69026,"20130502",103161,"Low Risk","Low risk vermin infestation"
69026,"20130502",103152,"Low Risk","Unclean unmaintained or improperly constructed toilet facilities"
69026,"20130502",103102,"High Risk","Unclean hands or improper use of gloves"
69026,"20130502",103103,"High Risk","High risk food holding temperature "
69026,"20130502",103142,"Low Risk","Unclean nonfood contact surfaces"
69026,"20130502",103144,"Low Risk","Unapproved or unmaintained equipment or utensils"
69026,"20130502",103150,"Low Risk","Improper or defective plumbing"
69026,"20121029",103142,"Low Risk","Unclean nonfood contact surfaces"
69026,"20121029",103143,"Low Risk","Inadequate warewashing facilities or equipment"
69026,"20121029",103109,"High Risk","Unclean or unsanitary food contact surfaces"
69026,"20121029",103119,"Moderate Risk","Inadequate and inaccessible handwashing facilities"
69026,"20121029",103149,"Low Risk","Wiping cloths not clean or properly stored or inadequate sanitizer"
69026,"20121029",103139,"Low Risk","Improper food storage"
69041,"20150325",103139,"Low Risk","Improper food storage"
69041,"20150325",103149,"Low Risk","Wiping cloths not clean or properly stored or inadequate sanitizer"
69041,"20150325",103120,"Moderate Risk","Moderate risk food holding temperature "
69041,"20150325",103144,"Low Risk","Unapproved or unmaintained equipment or utensils"
69041,"20150325",103154,"Low Risk","Unclean or degraded floors walls or ceilings"
69041,"20120802",103139,"Low Risk","Improper food storage"
69041,"20120802",103109,"High Risk","Unclean or unsanitary food contact surfaces"
69041,"20120802",103162,"Low Risk","Other low risk violation"
69041,"20120802",103119,"Moderate Risk","Inadequate and inaccessible handwashing facilities"
69041,"20120802",103120,"Moderate Risk","Moderate risk food holding temperature "
69041,"20130225",103154,"Low Risk","Unclean or degraded floors walls or ceilings"
69041,"20130225",103144,"Low Risk","Unapproved or unmaintained equipment or utensils"
69041,"20130225",103108,"High Risk","Contaminated or adulterated food"
69041,"20130225",103114,"High Risk","High risk vermin infestation"
69041,"20130225",103120,"Moderate Risk","Moderate risk food holding temperature "
69041,"20130225",103133,"Moderate Risk","Foods not protected from contamination"
69041,"20130225",103156,"Low Risk","Permit license or inspection report not posted"
69041,"20130225",103109,"High Risk","Unclean or unsanitary food contact surfaces"
69044,"20130824",103133,"Moderate Risk","Foods not protected from contamination"
69044,"20130405",103132,"Moderate Risk","Improper thawing methods "
69044,"20130405",103120,"Moderate Risk","Moderate risk food holding temperature "
69044,"20120920",103129,"Moderate Risk","Insufficient hot water or running water"
69044,"20120920",103149,"Low Risk","Wiping cloths not clean or properly stored or inadequate sanitizer"
69045,"20150419",103130,"Moderate Risk","Inadequate sewage or wastewater disposal"
69048,"20150419",103149,"Low Risk","Wiping cloths not clean or properly stored or inadequate sanitizer"
69048,"20130824",103120,"Moderate Risk","Moderate risk food holding temperature "
69048,"20140408",103120,"Moderate Risk","Moderate risk food holding temperature "
69048,"20120920",103119,"Moderate Risk","Inadequate and inaccessible handwashing facilities"
69048,"20121015",103149,"Low Risk","Wiping cloths not clean or properly stored or inadequate sanitizer"
69053,"20120920",103144,"Low Risk","Unapproved or unmaintained equipment or utensils"
69053,"20120920",103133,"Moderate Risk","Foods not protected from contamination"
69064,"20150112",103145,"Low Risk","Improper storage of equipment utensils or linens"
69064,"20150112",103120,"Moderate Risk","Moderate risk food holding temperature "
69064,"20150112",103119,"Moderate Risk","Inadequate and inaccessible handwashing facilities"
69064,"20150112",103142,"Low Risk","Unclean nonfood contact surfaces"
69064,"20150112",103144,"Low Risk","Unapproved or unmaintained equipment or utensils"
69064,"20150112",103154,"Low Risk","Unclean or degraded floors walls or ceilings"
69064,"20130905",103124,"Moderate Risk","Inadequately cleaned or sanitized food contact surfaces"
69064,"20130905",103139,"Low Risk","Improper food storage"
69064,"20130905",103142,"Low Risk","Unclean nonfood contact surfaces"
69064,"20130905",103156,"Low Risk","Permit license or inspection report not posted"
69064,"20130905",103103,"High Risk","High risk food holding temperature "
69064,"20130905",103112,"High Risk","No hot water or running water"
69064,"20130103",103124,"Moderate Risk","Inadequately cleaned or sanitized food contact surfaces"
69064,"20130103",103144,"Low Risk","Unapproved or unmaintained equipment or utensils"
69064,"20130103",103142,"Low Risk","Unclean nonfood contact surfaces"
69064,"20130103",103119,"Moderate Risk","Inadequate and inaccessible handwashing facilities"
69064,"20140514",103151,"Low Risk","Inadequate or unsanitary refuse containers or area or no garbage service"
69064,"20140514",103120,"Moderate Risk","Moderate risk food holding temperature "
69064,"20140514",103129,"Moderate Risk","Insufficient hot water or running water"
69064,"20140514",103131,"Moderate Risk","Moderate risk vermin infestation"
69064,"20140514",103142,"Low Risk","Unclean nonfood contact surfaces"
69064,"20140514",103154,"Low Risk","Unclean or degraded floors walls or ceilings"
69064,"20140514",103156,"Low Risk","Permit license or inspection report not posted"
69064,"20140514",103157,"Low Risk","Food safety certificate or food handler card not available"
69064,"20140514",103119,"Moderate Risk","Inadequate and inaccessible handwashing facilities"
69066,"20130328",103149,"Low Risk","Wiping cloths not clean or properly stored or inadequate sanitizer"
69066,"20120614",103144,"Low Risk","Unapproved or unmaintained equipment or utensils"
69066,"20120614",103119,"Moderate Risk","Inadequate and inaccessible handwashing facilities"
69066,"20140818",103121,"Moderate Risk","Inadequate procedures or records for time as a public health control "
69066,"20140818",103144,"Low Risk","Unapproved or unmaintained equipment or utensils"
69070,"20130201",103109,"High Risk","Unclean or unsanitary food contact surfaces"
69081,"20121128",103156,"Low Risk","Permit license or inspection report not posted"
69110,"20130320",103156,"Low Risk","Permit license or inspection report not posted"
69110,"20130320",103150,"Low Risk","Improper or defective plumbing"
69110,"20130320",103149,"Low Risk","Wiping cloths not clean or properly stored or inadequate sanitizer"
69110,"20130320",103118,"Moderate Risk","Employee eating or smoking"
69110,"20120710",103119,"Moderate Risk","Inadequate and inaccessible handwashing facilities"
69110,"20120710",103150,"Low Risk","Improper or defective plumbing"
69110,"20140819",103149,"Low Risk","Wiping cloths not clean or properly stored or inadequate sanitizer"
69110,"20140819",103142,"Low Risk","Unclean nonfood contact surfaces"
69110,"20140819",103133,"Moderate Risk","Foods not protected from contamination"
69113,"20150107",103144,"Low Risk","Unapproved or unmaintained equipment or utensils"
69113,"20150107",103154,"Low Risk","Unclean or degraded floors walls or ceilings"
69113,"20130730",103131,"Moderate Risk","Moderate risk vermin infestation"
69113,"20140206",103133,"Moderate Risk","Foods not protected from contamination"
69113,"20121116",103152,"Low Risk","Unclean unmaintained or improperly constructed toilet facilities"
69115,"20140902",103133,"Moderate Risk","Foods not protected from contamination"
69115,"20140902",103102,"High Risk","Unclean hands or improper use of gloves"
69115,"20140902",103154,"Low Risk","Unclean or degraded floors walls or ceilings"
69115,"20140902",103109,"High Risk","Unclean or unsanitary food contact surfaces"
69115,"20140902",103103,"High Risk","High risk food holding temperature "
69115,"20140902",103156,"Low Risk","Permit license or inspection report not posted"
69115,"20130918",103133,"Moderate Risk","Foods not protected from contamination"
69115,"20130918",103131,"Moderate Risk","Moderate risk vermin infestation"
69115,"20130918",103154,"Low Risk","Unclean or degraded floors walls or ceilings"
69115,"20130918",103139,"Low Risk","Improper food storage"
69115,"20130918",103124,"Moderate Risk","Inadequately cleaned or sanitized food contact surfaces"
69115,"20130918",103156,"Low Risk","Permit license or inspection report not posted"
69115,"20120717",103114,"High Risk","High risk vermin infestation"
69115,"20120717",103154,"Low Risk","Unclean or degraded floors walls or ceilings"
69115,"20120717",103144,"Low Risk","Unapproved or unmaintained equipment or utensils"
69115,"20120717",103133,"Moderate Risk","Foods not protected from contamination"
69115,"20120717",103105,"High Risk","Improper cooling methods"
69115,"20120717",103132,"Moderate Risk","Improper thawing methods "
69115,"20120717",103139,"Low Risk","Improper food storage"
69115,"20120717",103124,"Moderate Risk","Inadequately cleaned or sanitized food contact surfaces"
69118,"20140827",103103,"High Risk","High risk food holding temperature "
69118,"20140827",103145,"Low Risk","Improper storage of equipment utensils or linens"
69118,"20140827",103124,"Moderate Risk","Inadequately cleaned or sanitized food contact surfaces"
69118,"20140827",103139,"Low Risk","Improper food storage"
69118,"20140827",103144,"Low Risk","Unapproved or unmaintained equipment or utensils"
69118,"20140827",103154,"Low Risk","Unclean or degraded floors walls or ceilings"
69118,"20130724",103105,"High Risk","Improper cooling methods"
69118,"20130724",103124,"Moderate Risk","Inadequately cleaned or sanitized food contact surfaces"
69118,"20130724",103139,"Low Risk","Improper food storage"
69118,"20130724",103149,"Low Risk","Wiping cloths not clean or properly stored or inadequate sanitizer"
69118,"20130724",103157,"Low Risk","Food safety certificate or food handler card not available"
69118,"20130724",103103,"High Risk","High risk food holding temperature "
69118,"20140227",103139,"Low Risk","Improper food storage"
69118,"20140227",103142,"Low Risk","Unclean nonfood contact surfaces"
69118,"20140227",103131,"Moderate Risk","Moderate risk vermin infestation"
69118,"20140227",103144,"Low Risk","Unapproved or unmaintained equipment or utensils"
69118,"20140227",103124,"Moderate Risk","Inadequately cleaned or sanitized food contact surfaces"
69118,"20140227",103154,"Low Risk","Unclean or degraded floors walls or ceilings"
69118,"20140227",103119,"Moderate Risk","Inadequate and inaccessible handwashing facilities"
69118,"20140227",103120,"Moderate Risk","Moderate risk food holding temperature "
69118,"20121002",103154,"Low Risk","Unclean or degraded floors walls or ceilings"
69118,"20121002",103103,"High Risk","High risk food holding temperature "
69118,"20121002",103124,"Moderate Risk","Inadequately cleaned or sanitized food contact surfaces"
69118,"20121002",103133,"Moderate Risk","Foods not protected from contamination"
69118,"20121002",103139,"Low Risk","Improper food storage"
69118,"20121002",103142,"Low Risk","Unclean nonfood contact surfaces"
69118,"20121002",103150,"Low Risk","Improper or defective plumbing"
69121,"20141103",103159,"Low Risk","Worker safety hazards"
69121,"20141103",103142,"Low Risk","Unclean nonfood contact surfaces"
69121,"20130426",103119,"Moderate Risk","Inadequate and inaccessible handwashing facilities"
69121,"20130426",103142,"Low Risk","Unclean nonfood contact surfaces"
69121,"20130426",103156,"Low Risk","Permit license or inspection report not posted"
69121,"20130426",103109,"High Risk","Unclean or unsanitary food contact surfaces"
69121,"20130426",103154,"Low Risk","Unclean or degraded floors walls or ceilings"
69121,"20130426",103144,"Low Risk","Unapproved or unmaintained equipment or utensils"
69121,"20130426",103149,"Low Risk","Wiping cloths not clean or properly stored or inadequate sanitizer"
69121,"20130426",103116,"Moderate Risk","Inadequate food safety knowledge or lack of certified food safety manager"
69122,"20150427",103147,"Low Risk","Inadequate ventilation or lighting"
69122,"20120628",103120,"Moderate Risk","Moderate risk food holding temperature "
69122,"20121113",103145,"Low Risk","Improper storage of equipment utensils or linens"
69122,"20121113",103144,"Low Risk","Unapproved or unmaintained equipment or utensils"
69123,"20120628",103147,"Low Risk","Inadequate ventilation or lighting"
69123,"20120628",103102,"High Risk","Unclean hands or improper use of gloves"
69123,"20120628",103112,"High Risk","No hot water or running water"
69125,"20141028",103132,"Moderate Risk","Improper thawing methods "
69125,"20141028",103124,"Moderate Risk","Inadequately cleaned or sanitized food contact surfaces"
69125,"20131114",103176,"Moderate Risk","Unsanitary mobile food facility"
69125,"20140210",103124,"Moderate Risk","Inadequately cleaned or sanitized food contact surfaces"
69125,"20140210",103120,"Moderate Risk","Moderate risk food holding temperature "
69125,"20131114",103119,"Moderate Risk","Inadequate and inaccessible handwashing facilities"
69125,"20140210",103149,"Low Risk","Wiping cloths not clean or properly stored or inadequate sanitizer"
69125,"20131114",103144,"Low Risk","Unapproved or unmaintained equipment or utensils"
69125,"20140210",103129,"Moderate Risk","Insufficient hot water or running water"
69125,"20130404",103124,"Moderate Risk","Inadequately cleaned or sanitized food contact surfaces"
69125,"20120803",103143,"Low Risk","Inadequate warewashing facilities or equipment"
69125,"20120803",103102,"High Risk","Unclean hands or improper use of gloves"
69125,"20120803",103112,"High Risk","No hot water or running water"
69125,"20120803",103172,"High Risk","Mobile food facility with unapproved operating conditions"
69125,"20120803",103155,"Low Risk","Unapproved  living quarters in food facility"
69125,"20120803",103139,"Low Risk","Improper food storage"
69127,"20150401",103133,"Moderate Risk","Foods not protected from contamination"
69127,"20150129",103144,"Low Risk","Unapproved or unmaintained equipment or utensils"
69127,"20150129",103147,"Low Risk","Inadequate ventilation or lighting"
69127,"20150129",103102,"High Risk","Unclean hands or improper use of gloves"
69127,"20150129",103112,"High Risk","No hot water or running water"
69127,"20150401",103112,"High Risk","No hot water or running water"
69127,"20150401",103156,"Low Risk","Permit license or inspection report not posted"
69127,"20150401",103103,"High Risk","High risk food holding temperature "
69127,"20150129",103124,"Moderate Risk","Inadequately cleaned or sanitized food contact surfaces"
69127,"20150129",103123,"Moderate Risk","Food in poor condition"
69127,"20130319",103120,"Moderate Risk","Moderate risk food holding temperature "
69127,"20130319",103129,"Moderate Risk","Insufficient hot water or running water"
69127,"20140312",103151,"Low Risk","Inadequate or unsanitary refuse containers or area or no garbage service"
69127,"20140312",103133,"Moderate Risk","Foods not protected from contamination"
69127,"20140312",103119,"Moderate Risk","Inadequate and inaccessible handwashing facilities"
69127,"20140312",103103,"High Risk","High risk food holding temperature "
69127,"20120726",103148,"Low Risk","No thermometers or uncalibrated thermometers "
69127,"20120726",103150,"Low Risk","Improper or defective plumbing"
69135,"20150419",103124,"Moderate Risk","Inadequately cleaned or sanitized food contact surfaces"
69135,"20130824",103124,"Moderate Risk","Inadequately cleaned or sanitized food contact surfaces"
69135,"20130824",103142,"Low Risk","Unclean nonfood contact surfaces"
69135,"20130405",103119,"Moderate Risk","Inadequate and inaccessible handwashing facilities"
69135,"20130405",103144,"Low Risk","Unapproved or unmaintained equipment or utensils"
69135,"20121015",103144,"Low Risk","Unapproved or unmaintained equipment or utensils"
69135,"20120920",103150,"Low Risk","Improper or defective plumbing"
69147,"20150225",103139,"Low Risk","Improper food storage"
69147,"20150225",103120,"Moderate Risk","Moderate risk food holding temperature "
69147,"20150225",103124,"Moderate Risk","Inadequately cleaned or sanitized food contact surfaces"
69147,"20130808",103103,"High Risk","High risk food holding temperature "
69147,"20130808",103148,"Low Risk","No thermometers or uncalibrated thermometers "
69147,"20130808",103157,"Low Risk","Food safety certificate or food handler card not available"
69147,"20130426",103124,"Moderate Risk","Inadequately cleaned or sanitized food contact surfaces"
69147,"20130426",103139,"Low Risk","Improper food storage"
69147,"20130426",103119,"Moderate Risk","Inadequate and inaccessible handwashing facilities"
69149,"20140902",103156,"Low Risk","Permit license or inspection report not posted"
69149,"20140902",103162,"Low Risk","Other low risk violation"
69149,"20131206",103139,"Low Risk","Improper food storage"
69149,"20131206",103131,"Moderate Risk","Moderate risk vermin infestation"
69149,"20130410",103131,"Moderate Risk","Moderate risk vermin infestation"
69149,"20130410",103119,"Moderate Risk","Inadequate and inaccessible handwashing facilities"
69149,"20120726",103154,"Low Risk","Unclean or degraded floors walls or ceilings"
69150,"20131118",103109,"High Risk","Unclean or unsanitary food contact surfaces"
69150,"20131118",103154,"Low Risk","Unclean or degraded floors walls or ceilings"
69150,"20131118",103151,"Low Risk","Inadequate or unsanitary refuse containers or area or no garbage service"
69150,"20131118",103145,"Low Risk","Improper storage of equipment utensils or linens"
69150,"20131118",103142,"Low Risk","Unclean nonfood contact surfaces"
69150,"20131118",103114,"High Risk","High risk vermin infestation"
69150,"20130311",103124,"Moderate Risk","Inadequately cleaned or sanitized food contact surfaces"
69150,"20130311",103114,"High Risk","High risk vermin infestation"
69150,"20130311",103145,"Low Risk","Improper storage of equipment utensils or linens"
69150,"20130311",103154,"Low Risk","Unclean or degraded floors walls or ceilings"
69150,"20120717",103132,"Moderate Risk","Improper thawing methods "
69150,"20120717",103149,"Low Risk","Wiping cloths not clean or properly stored or inadequate sanitizer"
69150,"20120717",103119,"Moderate Risk","Inadequate and inaccessible handwashing facilities"
69150,"20120717",103120,"Moderate Risk","Moderate risk food holding temperature "
69150,"20120717",103139,"Low Risk","Improper food storage"
69152,"20130517",103149,"Low Risk","Wiping cloths not clean or properly stored or inadequate sanitizer"
69152,"20130517",103133,"Moderate Risk","Foods not protected from contamination"
69152,"20140328",103157,"Low Risk","Food safety certificate or food handler card not available"
69152,"20140328",103154,"Low Risk","Unclean or degraded floors walls or ceilings"
69152,"20140328",103142,"Low Risk","Unclean nonfood contact surfaces"
69152,"20140328",103139,"Low Risk","Improper food storage"
69152,"20120625",103150,"Low Risk","Improper or defective plumbing"
69169,"20141021",103119,"Moderate Risk","Inadequate and inaccessible handwashing facilities"
69169,"20141021",103120,"Moderate Risk","Moderate risk food holding temperature "
69169,"20141021",103131,"Moderate Risk","Moderate risk vermin infestation"
69169,"20141021",103154,"Low Risk","Unclean or degraded floors walls or ceilings"
69169,"20141021",103144,"Low Risk","Unapproved or unmaintained equipment or utensils"
69169,"20141021",103139,"Low Risk","Improper food storage"
69169,"20130313",103156,"Low Risk","Permit license or inspection report not posted"
69169,"20130313",103154,"Low Risk","Unclean or degraded floors walls or ceilings"
69169,"20130313",103152,"Low Risk","Unclean unmaintained or improperly constructed toilet facilities"
69169,"20130313",103144,"Low Risk","Unapproved or unmaintained equipment or utensils"
69169,"20130313",103139,"Low Risk","Improper food storage"
69169,"20130313",103131,"Moderate Risk","Moderate risk vermin infestation"
69169,"20130313",103124,"Moderate Risk","Inadequately cleaned or sanitized food contact surfaces"
69169,"20130313",103103,"High Risk","High risk food holding temperature "
69169,"20130313",103102,"High Risk","Unclean hands or improper use of gloves"
69169,"20130313",103116,"Moderate Risk","Inadequate food safety knowledge or lack of certified food safety manager"
69169,"20140401",103119,"Moderate Risk","Inadequate and inaccessible handwashing facilities"
69169,"20140401",103142,"Low Risk","Unclean nonfood contact surfaces"
69169,"20140401",103139,"Low Risk","Improper food storage"
69169,"20140401",103116,"Moderate Risk","Inadequate food safety knowledge or lack of certified food safety manager"
69169,"20140401",103114,"High Risk","High risk vermin infestation"
69169,"20120627",103124,"Moderate Risk","Inadequately cleaned or sanitized food contact surfaces"
69169,"20120627",103154,"Low Risk","Unclean or degraded floors walls or ceilings"
69169,"20120627",103139,"Low Risk","Improper food storage"
69169,"20120627",103152,"Low Risk","Unclean unmaintained or improperly constructed toilet facilities"
69169,"20120627",103142,"Low Risk","Unclean nonfood contact surfaces"
69172,"20130821",103145,"Low Risk","Improper storage of equipment utensils or linens"
69172,"20130821",103139,"Low Risk","Improper food storage"
69172,"20130821",103116,"Moderate Risk","Inadequate food safety knowledge or lack of certified food safety manager"
69172,"20140108",103116,"Moderate Risk","Inadequate food safety knowledge or lack of certified food safety manager"
69172,"20140108",103124,"Moderate Risk","Inadequately cleaned or sanitized food contact surfaces"
69172,"20140108",103156,"Low Risk","Permit license or inspection report not posted"
69172,"20121130",103145,"Low Risk","Improper storage of equipment utensils or linens"
69172,"20121130",103144,"Low Risk","Unapproved or unmaintained equipment or utensils"
69172,"20121130",103139,"Low Risk","Improper food storage"
69172,"20140723",103139,"Low Risk","Improper food storage"
69172,"20140723",103114,"High Risk","High risk vermin infestation"
69172,"20140723",103109,"High Risk","Unclean or unsanitary food contact surfaces"
69172,"20140723",103156,"Low Risk","Permit license or inspection report not posted"
69175,"20131015",103132,"Moderate Risk","Improper thawing methods "
69175,"20131015",103103,"High Risk","High risk food holding temperature "
69175,"20130416",103151,"Low Risk","Inadequate or unsanitary refuse containers or area or no garbage service"
69175,"20130416",103103,"High Risk","High risk food holding temperature "
69175,"20140414",103103,"High Risk","High risk food holding temperature "
69178,"20140923",103120,"Moderate Risk","Moderate risk food holding temperature "
69178,"20150505",103120,"Moderate Risk","Moderate risk food holding temperature "
69178,"20150505",103138,"Low Risk","Improper storage use or identification of toxic substances"
69178,"20150505",103154,"Low Risk","Unclean or degraded floors walls or ceilings"
69178,"20130924",103116,"Moderate Risk","Inadequate food safety knowledge or lack of certified food safety manager"
69178,"20140318",103120,"Moderate Risk","Moderate risk food holding temperature "
69178,"20120809",103102,"High Risk","Unclean hands or improper use of gloves"
69178,"20120809",103149,"Low Risk","Wiping cloths not clean or properly stored or inadequate sanitizer"
69178,"20130220",103133,"Moderate Risk","Foods not protected from contamination"
69178,"20130220",103116,"Moderate Risk","Inadequate food safety knowledge or lack of certified food safety manager"
69180,"20150422",103103,"High Risk","High risk food holding temperature "
69180,"20130911",103131,"Moderate Risk","Moderate risk vermin infestation"
69180,"20130911",103149,"Low Risk","Wiping cloths not clean or properly stored or inadequate sanitizer"
69180,"20130911",103105,"High Risk","Improper cooling methods"
69180,"20140404",103139,"Low Risk","Improper food storage"
69180,"20140404",103132,"Moderate Risk","Improper thawing methods "
69180,"20140404",103131,"Moderate Risk","Moderate risk vermin infestation"
69180,"20120904",103141,"Low Risk","Improper food labeling or menu misrepresentation"
69180,"20120904",103124,"Moderate Risk","Inadequately cleaned or sanitized food contact surfaces"
69180,"20120904",103145,"Low Risk","Improper storage of equipment utensils or linens"
69180,"20120904",103139,"Low Risk","Improper food storage"
69181,"20150203",103119,"Moderate Risk","Inadequate and inaccessible handwashing facilities"
69181,"20150203",103136,"Low Risk","Unsanitary employee garments hair or nails"
69181,"20150203",103154,"Low Risk","Unclean or degraded floors walls or ceilings"
69181,"20131015",103105,"High Risk","Improper cooling methods"
69181,"20131015",103139,"Low Risk","Improper food storage"
69181,"20131015",103132,"Moderate Risk","Improper thawing methods "
69181,"20130515",103149,"Low Risk","Wiping cloths not clean or properly stored or inadequate sanitizer"
69181,"20130515",103103,"High Risk","High risk food holding temperature "
69181,"20130515",103119,"Moderate Risk","Inadequate and inaccessible handwashing facilities"
69181,"20130515",103144,"Low Risk","Unapproved or unmaintained equipment or utensils"
69181,"20140507",103114,"High Risk","High risk vermin infestation"
69181,"20140507",103103,"High Risk","High risk food holding temperature "
69181,"20140507",103138,"Low Risk","Improper storage use or identification of toxic substances"
69186,"20131119",103129,"Moderate Risk","Insufficient hot water or running water"
69186,"20131119",103124,"Moderate Risk","Inadequately cleaned or sanitized food contact surfaces"
69186,"20130211",103131,"Moderate Risk","Moderate risk vermin infestation"
69186,"20130211",103139,"Low Risk","Improper food storage"
69186,"20130211",103129,"Moderate Risk","Insufficient hot water or running water"
69186,"20140620",103124,"Moderate Risk","Inadequately cleaned or sanitized food contact surfaces"
69186,"20140620",103139,"Low Risk","Improper food storage"
69186,"20140620",103132,"Moderate Risk","Improper thawing methods "
69188,"20150513",103154,"Low Risk","Unclean or degraded floors walls or ceilings"
69188,"20150513",103102,"High Risk","Unclean hands or improper use of gloves"
69188,"20140128",103151,"Low Risk","Inadequate or unsanitary refuse containers or area or no garbage service"
69188,"20140128",103149,"Low Risk","Wiping cloths not clean or properly stored or inadequate sanitizer"
69188,"20140128",103159,"Low Risk","Worker safety hazards"
69188,"20130603",103133,"Moderate Risk","Foods not protected from contamination"
69189,"20141007",103103,"High Risk","High risk food holding temperature "
69189,"20130916",103145,"Low Risk","Improper storage of equipment utensils or linens"
69189,"20130916",103119,"Moderate Risk","Inadequate and inaccessible handwashing facilities"
69189,"20130916",103120,"Moderate Risk","Moderate risk food holding temperature "
69189,"20130916",103108,"High Risk","Contaminated or adulterated food"
69189,"20130916",103139,"Low Risk","Improper food storage"
69189,"20140429",103145,"Low Risk","Improper storage of equipment utensils or linens"
69189,"20121213",103120,"Moderate Risk","Moderate risk food holding temperature "
69189,"20121213",103119,"Moderate Risk","Inadequate and inaccessible handwashing facilities"
69191,"20140424",103112,"High Risk","No hot water or running water"
69191,"20140424",103119,"Moderate Risk","Inadequate and inaccessible handwashing facilities"
69191,"20140424",103142,"Low Risk","Unclean nonfood contact surfaces"
69191,"20140424",103144,"Low Risk","Unapproved or unmaintained equipment or utensils"
69194,"20141009",103144,"Low Risk","Unapproved or unmaintained equipment or utensils"
69194,"20141009",103120,"Moderate Risk","Moderate risk food holding temperature "
69194,"20141009",103147,"Low Risk","Inadequate ventilation or lighting"
69194,"20141009",103149,"Low Risk","Wiping cloths not clean or properly stored or inadequate sanitizer"
69194,"20130725",103147,"Low Risk","Inadequate ventilation or lighting"
69194,"20130725",103119,"Moderate Risk","Inadequate and inaccessible handwashing facilities"
69194,"20130725",103144,"Low Risk","Unapproved or unmaintained equipment or utensils"
69194,"20130725",103103,"High Risk","High risk food holding temperature "
69194,"20140219",103149,"Low Risk","Wiping cloths not clean or properly stored or inadequate sanitizer"
69194,"20140219",103144,"Low Risk","Unapproved or unmaintained equipment or utensils"
69194,"20140219",103159,"Low Risk","Worker safety hazards"
69194,"20140219",103156,"Low Risk","Permit license or inspection report not posted"
69194,"20120823",103145,"Low Risk","Improper storage of equipment utensils or linens"
69194,"20120823",103149,"Low Risk","Wiping cloths not clean or properly stored or inadequate sanitizer"
69195,"20150324",103103,"High Risk","High risk food holding temperature "
69195,"20150324",103119,"Moderate Risk","Inadequate and inaccessible handwashing facilities"
69195,"20130730",103132,"Moderate Risk","Improper thawing methods "
69195,"20130730",103120,"Moderate Risk","Moderate risk food holding temperature "
69195,"20140129",103149,"Low Risk","Wiping cloths not clean or properly stored or inadequate sanitizer"
69195,"20121212",103109,"High Risk","Unclean or unsanitary food contact surfaces"
69195,"20121212",103132,"Moderate Risk","Improper thawing methods "
69195,"20121212",103124,"Moderate Risk","Inadequately cleaned or sanitized food contact surfaces"
69195,"20130118",103103,"High Risk","High risk food holding temperature "
69195,"20130118",103109,"High Risk","Unclean or unsanitary food contact surfaces"
69199,"20141023",103119,"Moderate Risk","Inadequate and inaccessible handwashing facilities"
69199,"20121022",103148,"Low Risk","No thermometers or uncalibrated thermometers "
69199,"20121022",103105,"High Risk","Improper cooling methods"
69199,"20121022",103143,"Low Risk","Inadequate warewashing facilities or equipment"
69199,"20121022",103124,"Moderate Risk","Inadequately cleaned or sanitized food contact surfaces"
69205,"20150513",103133,"Moderate Risk","Foods not protected from contamination"
69205,"20150513",103124,"Moderate Risk","Inadequately cleaned or sanitized food contact surfaces"
69205,"20150513",103103,"High Risk","High risk food holding temperature "
69205,"20150513",103144,"Low Risk","Unapproved or unmaintained equipment or utensils"
69205,"20150513",103119,"Moderate Risk","Inadequate and inaccessible handwashing facilities"
69205,"20150513",103132,"Moderate Risk","Improper thawing methods "
69205,"20150513",103131,"Moderate Risk","Moderate risk vermin infestation"
69205,"20130729",103103,"High Risk","High risk food holding temperature "
69205,"20130729",103154,"Low Risk","Unclean or degraded floors walls or ceilings"
69205,"20130729",103118,"Moderate Risk","Employee eating or smoking"
69205,"20130729",103149,"Low Risk","Wiping cloths not clean or properly stored or inadequate sanitizer"
69205,"20130729",103142,"Low Risk","Unclean nonfood contact surfaces"
69205,"20130729",103133,"Moderate Risk","Foods not protected from contamination"
69205,"20130729",103131,"Moderate Risk","Moderate risk vermin infestation"
69205,"20130729",103119,"Moderate Risk","Inadequate and inaccessible handwashing facilities"
69205,"20130729",103150,"Low Risk","Improper or defective plumbing"
69205,"20121210",103154,"Low Risk","Unclean or degraded floors walls or ceilings"
69205,"20121210",103103,"High Risk","High risk food holding temperature "
69205,"20121210",103132,"Moderate Risk","Improper thawing methods "
69205,"20121210",103102,"High Risk","Unclean hands or improper use of gloves"
69205,"20121210",103144,"Low Risk","Unapproved or unmaintained equipment or utensils"
69205,"20121210",103105,"High Risk","Improper cooling methods"
69205,"20121210",103116,"Moderate Risk","Inadequate food safety knowledge or lack of certified food safety manager"
69205,"20121210",103133,"Moderate Risk","Foods not protected from contamination"
69205,"20121210",103124,"Moderate Risk","Inadequately cleaned or sanitized food contact surfaces"
69205,"20140602",103119,"Moderate Risk","Inadequate and inaccessible handwashing facilities"
69205,"20140602",103124,"Moderate Risk","Inadequately cleaned or sanitized food contact surfaces"
69205,"20140602",103129,"Moderate Risk","Insufficient hot water or running water"
69205,"20140602",103139,"Low Risk","Improper food storage"
69205,"20140602",103154,"Low Risk","Unclean or degraded floors walls or ceilings"
69205,"20140602",103156,"Low Risk","Permit license or inspection report not posted"
69207,"20140310",103161,"Low Risk","Low risk vermin infestation"
69207,"20140310",103162,"Low Risk","Other low risk violation"
69207,"20140310",103120,"Moderate Risk","Moderate risk food holding temperature "
69207,"20120802",103120,"Moderate Risk","Moderate risk food holding temperature "
69207,"20120802",103157,"Low Risk","Food safety certificate or food handler card not available"
69207,"20121127",103124,"Moderate Risk","Inadequately cleaned or sanitized food contact surfaces"
69207,"20130118",103143,"Low Risk","Inadequate warewashing facilities or equipment"
69207,"20121127",103150,"Low Risk","Improper or defective plumbing"
69207,"20130118",103157,"Low Risk","Food safety certificate or food handler card not available"
69208,"20150326",103124,"Moderate Risk","Inadequately cleaned or sanitized food contact surfaces"
69214,"20130724",103154,"Low Risk","Unclean or degraded floors walls or ceilings"
69214,"20130724",103110,"High Risk","Unapproved food source"
69214,"20140117",103154,"Low Risk","Unclean or degraded floors walls or ceilings"
69214,"20130129",103154,"Low Risk","Unclean or degraded floors walls or ceilings"
69215,"20131028",103143,"Low Risk","Inadequate warewashing facilities or equipment"
69215,"20131028",103156,"Low Risk","Permit license or inspection report not posted"
69215,"20130419",103148,"Low Risk","No thermometers or uncalibrated thermometers "
69215,"20130419",103147,"Low Risk","Inadequate ventilation or lighting"
69215,"20130419",103119,"Moderate Risk","Inadequate and inaccessible handwashing facilities"
69215,"20130419",103156,"Low Risk","Permit license or inspection report not posted"
69215,"20140311",103138,"Low Risk","Improper storage use or identification of toxic substances"
69215,"20140311",103133,"Moderate Risk","Foods not protected from contamination"
69217,"20130416",103133,"Moderate Risk","Foods not protected from contamination"
69217,"20130416",103120,"Moderate Risk","Moderate risk food holding temperature "
69217,"20140709",103120,"Moderate Risk","Moderate risk food holding temperature "
69217,"20140709",103133,"Moderate Risk","Foods not protected from contamination"
69217,"20140709",103161,"Low Risk","Low risk vermin infestation"
69231,"20140709",103120,"Moderate Risk","Moderate risk food holding temperature "
69231,"20140709",103147,"Low Risk","Inadequate ventilation or lighting"
69231,"20140709",103162,"Low Risk","Other low risk violation"
69231,"20140709",103156,"Low Risk","Permit license or inspection report not posted"
69231,"20140709",103149,"Low Risk","Wiping cloths not clean or properly stored or inadequate sanitizer"
69231,"20140709",103144,"Low Risk","Unapproved or unmaintained equipment or utensils"
69234,"20140923",103102,"High Risk","Unclean hands or improper use of gloves"
69234,"20140923",103114,"High Risk","High risk vermin infestation"
69234,"20140923",103124,"Moderate Risk","Inadequately cleaned or sanitized food contact surfaces"
69234,"20140923",103132,"Moderate Risk","Improper thawing methods "
69234,"20140923",103133,"Moderate Risk","Foods not protected from contamination"
69234,"20140923",103138,"Low Risk","Improper storage use or identification of toxic substances"
69234,"20140923",103142,"Low Risk","Unclean nonfood contact surfaces"
69234,"20140925",103131,"Moderate Risk","Moderate risk vermin infestation"
69234,"20140923",103103,"High Risk","High risk food holding temperature "
69234,"20130620",103142,"Low Risk","Unclean nonfood contact surfaces"
69234,"20130621",103131,"Moderate Risk","Moderate risk vermin infestation"
69234,"20130620",103124,"Moderate Risk","Inadequately cleaned or sanitized food contact surfaces"
69234,"20130620",103144,"Low Risk","Unapproved or unmaintained equipment or utensils"
69234,"20130620",103133,"Moderate Risk","Foods not protected from contamination"
69234,"20130620",103103,"High Risk","High risk food holding temperature "
69234,"20130620",103114,"High Risk","High risk vermin infestation"
69234,"20130620",103138,"Low Risk","Improper storage use or identification of toxic substances"
69234,"20140317",103103,"High Risk","High risk food holding temperature "
69234,"20140317",103109,"High Risk","Unclean or unsanitary food contact surfaces"
69234,"20140317",103116,"Moderate Risk","Inadequate food safety knowledge or lack of certified food safety manager"
69234,"20140317",103133,"Moderate Risk","Foods not protected from contamination"
69234,"20140317",103102,"High Risk","Unclean hands or improper use of gloves"
69234,"20140317",103161,"Low Risk","Low risk vermin infestation"
69234,"20120925",103161,"Low Risk","Low risk vermin infestation"
69234,"20120925",103133,"Moderate Risk","Foods not protected from contamination"
69234,"20120925",103109,"High Risk","Unclean or unsanitary food contact surfaces"
69234,"20120925",103152,"Low Risk","Unclean unmaintained or improperly constructed toilet facilities"
69234,"20140613",103139,"Low Risk","Improper food storage"
69234,"20140613",103124,"Moderate Risk","Inadequately cleaned or sanitized food contact surfaces"
69234,"20140613",103119,"Moderate Risk","Inadequate and inaccessible handwashing facilities"
69236,"20130501",103161,"Low Risk","Low risk vermin infestation"
69236,"20130501",103124,"Moderate Risk","Inadequately cleaned or sanitized food contact surfaces"
69236,"20130501",103119,"Moderate Risk","Inadequate and inaccessible handwashing facilities"
69236,"20120904",103168,"N/A",
69236,"20120904",103154,"Low Risk","Unclean or degraded floors walls or ceilings"
69236,"20120904",103133,"Moderate Risk","Foods not protected from contamination"
69236,"20120904",103120,"Moderate Risk","Moderate risk food holding temperature "
69236,"20120904",103139,"Low Risk","Improper food storage"
69236,"20120904",103150,"Low Risk","Improper or defective plumbing"
69236,"20120904",103144,"Low Risk","Unapproved or unmaintained equipment or utensils"
69236,"20140624",103147,"Low Risk","Inadequate ventilation or lighting"
69236,"20140624",103144,"Low Risk","Unapproved or unmaintained equipment or utensils"
69236,"20140624",103133,"Moderate Risk","Foods not protected from contamination"
69237,"20120725",103119,"Moderate Risk","Inadequate and inaccessible handwashing facilities"
69237,"20120725",103148,"Low Risk","No thermometers or uncalibrated thermometers "
69244,"20131114",103156,"Low Risk","Permit license or inspection report not posted"
69244,"20131114",103144,"Low Risk","Unapproved or unmaintained equipment or utensils"
69244,"20130312",103105,"High Risk","Improper cooling methods"
69244,"20130312",103119,"Moderate Risk","Inadequate and inaccessible handwashing facilities"
69244,"20130312",103142,"Low Risk","Unclean nonfood contact surfaces"
69244,"20130312",103149,"Low Risk","Wiping cloths not clean or properly stored or inadequate sanitizer"
69244,"20130312",103130,"Moderate Risk","Inadequate sewage or wastewater disposal"
69244,"20140624",103145,"Low Risk","Improper storage of equipment utensils or linens"
69244,"20140624",103142,"Low Risk","Unclean nonfood contact surfaces"
69249,"20130628",103119,"Moderate Risk","Inadequate and inaccessible handwashing facilities"
69249,"20130628",103121,"Moderate Risk","Inadequate procedures or records for time as a public health control "
69249,"20130628",103133,"Moderate Risk","Foods not protected from contamination"
69249,"20130628",103105,"High Risk","Improper cooling methods"
69249,"20120629",103129,"Moderate Risk","Insufficient hot water or running water"
69249,"20120629",103132,"Moderate Risk","Improper thawing methods "
69249,"20120629",103120,"Moderate Risk","Moderate risk food holding temperature "
69249,"20120629",103105,"High Risk","Improper cooling methods"
69249,"20140602",103103,"High Risk","High risk food holding temperature "
69249,"20140602",103121,"Moderate Risk","Inadequate procedures or records for time as a public health control "
69249,"20140602",103105,"High Risk","Improper cooling methods"
69249,"20140602",103102,"High Risk","Unclean hands or improper use of gloves"
69251,"20141023",103102,"High Risk","Unclean hands or improper use of gloves"
69251,"20141023",103120,"Moderate Risk","Moderate risk food holding temperature "
69251,"20141023",103147,"Low Risk","Inadequate ventilation or lighting"
69251,"20131001",103102,"High Risk","Unclean hands or improper use of gloves"
69251,"20131001",103141,"Low Risk","Improper food labeling or menu misrepresentation"
69251,"20131001",103120,"Moderate Risk","Moderate risk food holding temperature "
69251,"20131001",103133,"Moderate Risk","Foods not protected from contamination"
69251,"20140219",103102,"High Risk","Unclean hands or improper use of gloves"
69251,"20140219",103120,"Moderate Risk","Moderate risk food holding temperature "
69251,"20140219",103157,"Low Risk","Food safety certificate or food handler card not available"
69251,"20120703",103120,"Moderate Risk","Moderate risk food holding temperature "
69251,"20120703",103119,"Moderate Risk","Inadequate and inaccessible handwashing facilities"
69251,"20120703",103109,"High Risk","Unclean or unsanitary food contact surfaces"
69251,"20130111",103120,"Moderate Risk","Moderate risk food holding temperature "
69251,"20130111",103144,"Low Risk","Unapproved or unmaintained equipment or utensils"
69251,"20130111",103138,"Low Risk","Improper storage use or identification of toxic substances"
69253,"20150506",103133,"Moderate Risk","Foods not protected from contamination"
69253,"20150506",103120,"Moderate Risk","Moderate risk food holding temperature "
69253,"20150506",103145,"Low Risk","Improper storage of equipment utensils or linens"
69253,"20131216",103120,"Moderate Risk","Moderate risk food holding temperature "
69253,"20131216",103144,"Low Risk","Unapproved or unmaintained equipment or utensils"
69253,"20131216",103139,"Low Risk","Improper food storage"
69253,"20131216",103142,"Low Risk","Unclean nonfood contact surfaces"
69253,"20130403",103105,"High Risk","Improper cooling methods"
69253,"20130403",103102,"High Risk","Unclean hands or improper use of gloves"
69253,"20130403",103138,"Low Risk","Improper storage use or identification of toxic substances"
69253,"20130403",103133,"Moderate Risk","Foods not protected from contamination"
69253,"20130403",103149,"Low Risk","Wiping cloths not clean or properly stored or inadequate sanitizer"
69253,"20130403",103120,"Moderate Risk","Moderate risk food holding temperature "
69253,"20130403",103106,"High Risk","Improper cooking time or temperatures"
69253,"20120816",103142,"Low Risk","Unclean nonfood contact surfaces"
69253,"20120816",103133,"Moderate Risk","Foods not protected from contamination"
69253,"20120816",103129,"Moderate Risk","Insufficient hot water or running water"
69253,"20120816",103138,"Low Risk","Improper storage use or identification of toxic substances"
69253,"20120816",103116,"Moderate Risk","Inadequate food safety knowledge or lack of certified food safety manager"
69253,"20120816",103102,"High Risk","Unclean hands or improper use of gloves"
69253,"20120912",103105,"High Risk","Improper cooling methods"
69253,"20120816",103154,"Low Risk","Unclean or degraded floors walls or ceilings"
69253,"20120816",103109,"High Risk","Unclean or unsanitary food contact surfaces"
69253,"20120912",103144,"Low Risk","Unapproved or unmaintained equipment or utensils"
69253,"20120816",103120,"Moderate Risk","Moderate risk food holding temperature "
69253,"20121115",103116,"Moderate Risk","Inadequate food safety knowledge or lack of certified food safety manager"
69257,"20150520",103139,"Low Risk","Improper food storage"
69257,"20130318",103114,"High Risk","High risk vermin infestation"
69259,"20141107",103105,"High Risk","Improper cooling methods"
69259,"20141107",103121,"Moderate Risk","Inadequate procedures or records for time as a public health control "
69259,"20130702",103102,"High Risk","Unclean hands or improper use of gloves"
69259,"20140131",103145,"Low Risk","Improper storage of equipment utensils or linens"
69259,"20140131",103120,"Moderate Risk","Moderate risk food holding temperature "
69259,"20130524",103149,"Low Risk","Wiping cloths not clean or properly stored or inadequate sanitizer"
69259,"20130524",103119,"Moderate Risk","Inadequate and inaccessible handwashing facilities"
69259,"20120910",103144,"Low Risk","Unapproved or unmaintained equipment or utensils"
69259,"20120910",103151,"Low Risk","Inadequate or unsanitary refuse containers or area or no garbage service"
69259,"20120910",103119,"Moderate Risk","Inadequate and inaccessible handwashing facilities"
69272,"20131125",103143,"Low Risk","Inadequate warewashing facilities or equipment"
69272,"20130424",103129,"Moderate Risk","Insufficient hot water or running water"
69272,"20140515",103129,"Moderate Risk","Insufficient hot water or running water"
69272,"20140515",103119,"Moderate Risk","Inadequate and inaccessible handwashing facilities"
69275,"20150128",103124,"Moderate Risk","Inadequately cleaned or sanitized food contact surfaces"
69275,"20150128",103120,"Moderate Risk","Moderate risk food holding temperature "
69275,"20131008",103143,"Low Risk","Inadequate warewashing facilities or equipment"
69275,"20131008",103144,"Low Risk","Unapproved or unmaintained equipment or utensils"
69275,"20131008",103129,"Moderate Risk","Insufficient hot water or running water"
69275,"20130402",103129,"Moderate Risk","Insufficient hot water or running water"
69275,"20130402",103157,"Low Risk","Food safety certificate or food handler card not available"
69275,"20140421",103124,"Moderate Risk","Inadequately cleaned or sanitized food contact surfaces"
69275,"20140421",103149,"Low Risk","Wiping cloths not clean or properly stored or inadequate sanitizer"
69275,"20120907",103119,"Moderate Risk","Inadequate and inaccessible handwashing facilities"
69275,"20120907",103157,"Low Risk","Food safety certificate or food handler card not available"
69275,"20120907",103156,"Low Risk","Permit license or inspection report not posted"
69275,"20121105",103124,"Moderate Risk","Inadequately cleaned or sanitized food contact surfaces"
69275,"20121105",103119,"Moderate Risk","Inadequate and inaccessible handwashing facilities"
69275,"20121105",103112,"High Risk","No hot water or running water"
69275,"20121105",103103,"High Risk","High risk food holding temperature "
69278,"20141204",103138,"Low Risk","Improper storage use or identification of toxic substances"
69278,"20141204",103133,"Moderate Risk","Foods not protected from contamination"
69278,"20141204",103124,"Moderate Risk","Inadequately cleaned or sanitized food contact surfaces"
69278,"20131009",103119,"Moderate Risk","Inadequate and inaccessible handwashing facilities"
69278,"20131009",103109,"High Risk","Unclean or unsanitary food contact surfaces"
69278,"20130118",103162,"Low Risk","Other low risk violation"
69278,"20130118",103145,"Low Risk","Improper storage of equipment utensils or linens"
69279,"20130816",103139,"Low Risk","Improper food storage"
69281,"20141204",103142,"Low Risk","Unclean nonfood contact surfaces"
69281,"20141204",103116,"Moderate Risk","Inadequate food safety knowledge or lack of certified food safety manager"
69281,"20131009",103133,"Moderate Risk","Foods not protected from contamination"
69281,"20131009",103119,"Moderate Risk","Inadequate and inaccessible handwashing facilities"
69281,"20131009",103127,"Moderate Risk","Noncompliance with HAACP plan or variance"
69281,"20140319",103154,"Low Risk","Unclean or degraded floors walls or ceilings"
69281,"20130118",103154,"Low Risk","Unclean or degraded floors walls or ceilings"
69282,"20131015",103114,"High Risk","High risk vermin infestation"
69282,"20130923",103144,"Low Risk","Unapproved or unmaintained equipment or utensils"
69282,"20130916",103114,"High Risk","High risk vermin infestation"
69282,"20130916",103124,"Moderate Risk","Inadequately cleaned or sanitized food contact surfaces"
69282,"20130916",103142,"Low Risk","Unclean nonfood contact surfaces"
69282,"20130916",103144,"Low Risk","Unapproved or unmaintained equipment or utensils"
69282,"20130318",103139,"Low Risk","Improper food storage"
69282,"20130318",103149,"Low Risk","Wiping cloths not clean or properly stored or inadequate sanitizer"
69282,"20130318",103132,"Moderate Risk","Improper thawing methods "
69282,"20130318",103145,"Low Risk","Improper storage of equipment utensils or linens"
69282,"20130318",103133,"Moderate Risk","Foods not protected from contamination"
69282,"20140402",103102,"High Risk","Unclean hands or improper use of gloves"
69282,"20140402",103142,"Low Risk","Unclean nonfood contact surfaces"
69282,"20140402",103144,"Low Risk","Unapproved or unmaintained equipment or utensils"
69282,"20140402",103124,"Moderate Risk","Inadequately cleaned or sanitized food contact surfaces"
69282,"20120828",103145,"Low Risk","Improper storage of equipment utensils or linens"
69282,"20120828",103124,"Moderate Risk","Inadequately cleaned or sanitized food contact surfaces"
69283,"20141204",103133,"Moderate Risk","Foods not protected from contamination"
69283,"20141204",103124,"Moderate Risk","Inadequately cleaned or sanitized food contact surfaces"
69283,"20131009",103109,"High Risk","Unclean or unsanitary food contact surfaces"
69283,"20131009",103119,"Moderate Risk","Inadequate and inaccessible handwashing facilities"
69283,"20140319",103133,"Moderate Risk","Foods not protected from contamination"
69283,"20140319",103124,"Moderate Risk","Inadequately cleaned or sanitized food contact surfaces"
69283,"20140319",103119,"Moderate Risk","Inadequate and inaccessible handwashing facilities"
69284,"20141204",103162,"Low Risk","Other low risk violation"
69284,"20140319",103144,"Low Risk","Unapproved or unmaintained equipment or utensils"
69284,"20140319",103150,"Low Risk","Improper or defective plumbing"
69284,"20130118",103150,"Low Risk","Improper or defective plumbing"
69285,"20141204",103145,"Low Risk","Improper storage of equipment utensils or linens"
69285,"20131009",103129,"Moderate Risk","Insufficient hot water or running water"
69285,"20131009",103119,"Moderate Risk","Inadequate and inaccessible handwashing facilities"
69285,"20131009",103131,"Moderate Risk","Moderate risk vermin infestation"
69285,"20131009",103144,"Low Risk","Unapproved or unmaintained equipment or utensils"
69285,"20131009",103142,"Low Risk","Unclean nonfood contact surfaces"
69285,"20140319",103133,"Moderate Risk","Foods not protected from contamination"
69288,"20140908",103119,"Moderate Risk","Inadequate and inaccessible handwashing facilities"
69288,"20140908",103154,"Low Risk","Unclean or degraded floors walls or ceilings"
69288,"20140908",103109,"High Risk","Unclean or unsanitary food contact surfaces"
69288,"20140908",103144,"Low Risk","Unapproved or unmaintained equipment or utensils"
69288,"20130617",103149,"Low Risk","Wiping cloths not clean or properly stored or inadequate sanitizer"
69288,"20130617",103109,"High Risk","Unclean or unsanitary food contact surfaces"
69290,"20140220",103102,"High Risk","Unclean hands or improper use of gloves"
69290,"20140220",103112,"High Risk","No hot water or running water"
69290,"20140220",103124,"Moderate Risk","Inadequately cleaned or sanitized food contact surfaces"
69290,"20140220",103170,"High Risk","Mobile food facility not operating with an approved commissary"
69291,"20140903",103141,"Low Risk","Improper food labeling or menu misrepresentation"
69291,"20130808",103139,"Low Risk","Improper food storage"
69291,"20121105",103157,"Low Risk","Food safety certificate or food handler card not available"
69294,"20150324",103129,"Moderate Risk","Insufficient hot water or running water"
69294,"20150324",103133,"Moderate Risk","Foods not protected from contamination"
69294,"20150324",103145,"Low Risk","Improper storage of equipment utensils or linens"
69294,"20150324",103119,"Moderate Risk","Inadequate and inaccessible handwashing facilities"
69294,"20150324",103120,"Moderate Risk","Moderate risk food holding temperature "
69294,"20150324",103149,"Low Risk","Wiping cloths not clean or properly stored or inadequate sanitizer"
69294,"20131119",103143,"Low Risk","Inadequate warewashing facilities or equipment"
69294,"20131119",103119,"Moderate Risk","Inadequate and inaccessible handwashing facilities"
69294,"20140408",103119,"Moderate Risk","Inadequate and inaccessible handwashing facilities"
69294,"20140408",103132,"Moderate Risk","Improper thawing methods "
69294,"20140408",103124,"Moderate Risk","Inadequately cleaned or sanitized food contact surfaces"
69297,"20131122",103147,"Low Risk","Inadequate ventilation or lighting"
69297,"20131122",103124,"Moderate Risk","Inadequately cleaned or sanitized food contact surfaces"
69297,"20131122",103138,"Low Risk","Improper storage use or identification of toxic substances"
69297,"20131122",103120,"Moderate Risk","Moderate risk food holding temperature "
69297,"20131122",103144,"Low Risk","Unapproved or unmaintained equipment or utensils"
69297,"20121030",103149,"Low Risk","Wiping cloths not clean or properly stored or inadequate sanitizer"
69297,"20121030",103147,"Low Risk","Inadequate ventilation or lighting"
69297,"20121030",103119,"Moderate Risk","Inadequate and inaccessible handwashing facilities"
69297,"20121030",103116,"Moderate Risk","Inadequate food safety knowledge or lack of certified food safety manager"
69297,"20121030",103157,"Low Risk","Food safety certificate or food handler card not available"
69297,"20121030",103156,"Low Risk","Permit license or inspection report not posted"
69297,"20121030",103113,"High Risk","Sewage or wastewater contamination"
69297,"20121030",103103,"High Risk","High risk food holding temperature "
69297,"20121030",103102,"High Risk","Unclean hands or improper use of gloves"
69297,"20121030",103144,"Low Risk","Unapproved or unmaintained equipment or utensils"
69297,"20140306",103103,"High Risk","High risk food holding temperature "
69297,"20120904",103147,"Low Risk","Inadequate ventilation or lighting"
69297,"20120904",103130,"Moderate Risk","Inadequate sewage or wastewater disposal"
69297,"20120904",103116,"Moderate Risk","Inadequate food safety knowledge or lack of certified food safety manager"
69297,"20120904",103148,"Low Risk","No thermometers or uncalibrated thermometers "
69299,"20150423",103119,"Moderate Risk","Inadequate and inaccessible handwashing facilities"
69299,"20150423",103120,"Moderate Risk","Moderate risk food holding temperature "
69299,"20150423",103132,"Moderate Risk","Improper thawing methods "
69299,"20130715",103154,"Low Risk","Unclean or degraded floors walls or ceilings"
69299,"20130715",103119,"Moderate Risk","Inadequate and inaccessible handwashing facilities"
69299,"20130715",103139,"Low Risk","Improper food storage"
69299,"20130715",103142,"Low Risk","Unclean nonfood contact surfaces"
69299,"20130715",103144,"Low Risk","Unapproved or unmaintained equipment or utensils"
69299,"20130715",103145,"Low Risk","Improper storage of equipment utensils or linens"
69299,"20130715",103105,"High Risk","Improper cooling methods"
69299,"20130715",103161,"Low Risk","Low risk vermin infestation"
69299,"20140422",103154,"Low Risk","Unclean or degraded floors walls or ceilings"
69299,"20140422",103155,"Low Risk","Unapproved  living quarters in food facility"
69299,"20140422",103144,"Low Risk","Unapproved or unmaintained equipment or utensils"
69299,"20121010",103120,"Moderate Risk","Moderate risk food holding temperature "
69299,"20121010",103119,"Moderate Risk","Inadequate and inaccessible handwashing facilities"
69299,"20121010",103124,"Moderate Risk","Inadequately cleaned or sanitized food contact surfaces"
69299,"20121010",103133,"Moderate Risk","Foods not protected from contamination"
69299,"20121010",103161,"Low Risk","Low risk vermin infestation"
69301,"20130808",103132,"Moderate Risk","Improper thawing methods "
69301,"20130808",103139,"Low Risk","Improper food storage"
69301,"20130808",103145,"Low Risk","Improper storage of equipment utensils or linens"
69301,"20130808",103116,"Moderate Risk","Inadequate food safety knowledge or lack of certified food safety manager"
69301,"20130808",103154,"Low Risk","Unclean or degraded floors walls or ceilings"
69301,"20130808",103149,"Low Risk","Wiping cloths not clean or properly stored or inadequate sanitizer"
69301,"20140227",103145,"Low Risk","Improper storage of equipment utensils or linens"
69301,"20140227",103103,"High Risk","High risk food holding temperature "
69301,"20140227",103131,"Moderate Risk","Moderate risk vermin infestation"
69301,"20140227",103132,"Moderate Risk","Improper thawing methods "
69301,"20140227",103133,"Moderate Risk","Foods not protected from contamination"
69301,"20140227",103139,"Low Risk","Improper food storage"
69301,"20140227",103142,"Low Risk","Unclean nonfood contact surfaces"
69301,"20140227",103156,"Low Risk","Permit license or inspection report not posted"
69301,"20120829",103144,"Low Risk","Unapproved or unmaintained equipment or utensils"
69301,"20120829",103139,"Low Risk","Improper food storage"
69301,"20130228",103145,"Low Risk","Improper storage of equipment utensils or linens"
69301,"20130228",103118,"Moderate Risk","Employee eating or smoking"
69301,"20130228",103161,"Low Risk","Low risk vermin infestation"
69301,"20130228",103133,"Moderate Risk","Foods not protected from contamination"
69301,"20130228",103124,"Moderate Risk","Inadequately cleaned or sanitized food contact surfaces"
69301,"20130228",103134,"Moderate Risk","Other moderate risk violation"
69302,"20140911",103161,"Low Risk","Low risk vermin infestation"
69302,"20140911",103142,"Low Risk","Unclean nonfood contact surfaces"
69302,"20140911",103162,"Low Risk","Other low risk violation"
69302,"20130823",103124,"Moderate Risk","Inadequately cleaned or sanitized food contact surfaces"
69302,"20130823",103156,"Low Risk","Permit license or inspection report not posted"
69302,"20130823",103103,"High Risk","High risk food holding temperature "
69302,"20130823",103144,"Low Risk","Unapproved or unmaintained equipment or utensils"
69302,"20130823",103119,"Moderate Risk","Inadequate and inaccessible handwashing facilities"
69302,"20140305",103154,"Low Risk","Unclean or degraded floors walls or ceilings"
69302,"20120709",103154,"Low Risk","Unclean or degraded floors walls or ceilings"
69302,"20120709",103120,"Moderate Risk","Moderate risk food holding temperature "
69302,"20120709",103119,"Moderate Risk","Inadequate and inaccessible handwashing facilities"
69302,"20120709",103152,"Low Risk","Unclean unmaintained or improperly constructed toilet facilities"
69302,"20130208",103154,"Low Risk","Unclean or degraded floors walls or ceilings"
69302,"20130208",103149,"Low Risk","Wiping cloths not clean or properly stored or inadequate sanitizer"
69312,"20120822",103143,"Low Risk","Inadequate warewashing facilities or equipment"
69312,"20120822",103102,"High Risk","Unclean hands or improper use of gloves"
69312,"20120822",103112,"High Risk","No hot water or running water"
69317,"20140929",103154,"Low Risk","Unclean or degraded floors walls or ceilings"
69317,"20140929",103148,"Low Risk","No thermometers or uncalibrated thermometers "
69317,"20140129",103141,"Low Risk","Improper food labeling or menu misrepresentation"
69317,"20140129",103119,"Moderate Risk","Inadequate and inaccessible handwashing facilities"
69317,"20140129",103154,"Low Risk","Unclean or degraded floors walls or ceilings"
69317,"20140129",103144,"Low Risk","Unapproved or unmaintained equipment or utensils"
69317,"20130523",103131,"Moderate Risk","Moderate risk vermin infestation"
69317,"20130523",103144,"Low Risk","Unapproved or unmaintained equipment or utensils"
69317,"20130523",103154,"Low Risk","Unclean or degraded floors walls or ceilings"
69317,"20130523",103145,"Low Risk","Improper storage of equipment utensils or linens"
69317,"20130523",103120,"Moderate Risk","Moderate risk food holding temperature "
69317,"20120906",103109,"High Risk","Unclean or unsanitary food contact surfaces"
69317,"20120906",103102,"High Risk","Unclean hands or improper use of gloves"
69317,"20120906",103108,"High Risk","Contaminated or adulterated food"
69317,"20120906",103144,"Low Risk","Unapproved or unmaintained equipment or utensils"
69317,"20120906",103154,"Low Risk","Unclean or degraded floors walls or ceilings"
69322,"20140312",103139,"Low Risk","Improper food storage"
69324,"20140822",103145,"Low Risk","Improper storage of equipment utensils or linens"
69324,"20140822",103120,"Moderate Risk","Moderate risk food holding temperature "
69324,"20130718",103157,"Low Risk","Food safety certificate or food handler card not available"
69324,"20130718",103119,"Moderate Risk","Inadequate and inaccessible handwashing facilities"
69324,"20130718",103109,"High Risk","Unclean or unsanitary food contact surfaces"
69324,"20140303",103143,"Low Risk","Inadequate warewashing facilities or equipment"
69324,"20140303",103142,"Low Risk","Unclean nonfood contact surfaces"
69324,"20140303",103144,"Low Risk","Unapproved or unmaintained equipment or utensils"
69324,"20121219",103112,"High Risk","No hot water or running water"
69324,"20121219",103147,"Low Risk","Inadequate ventilation or lighting"
69324,"20121219",103142,"Low Risk","Unclean nonfood contact surfaces"
69324,"20121219",103131,"Moderate Risk","Moderate risk vermin infestation"
69325,"20140529",103138,"Low Risk","Improper storage use or identification of toxic substances"
69325,"20140529",103116,"Moderate Risk","Inadequate food safety knowledge or lack of certified food safety manager"
69325,"20140529",103149,"Low Risk","Wiping cloths not clean or properly stored or inadequate sanitizer"
69325,"20140529",103120,"Moderate Risk","Moderate risk food holding temperature "
69325,"20140529",103161,"Low Risk","Low risk vermin infestation"
69339,"20130530",103143,"Low Risk","Inadequate warewashing facilities or equipment"
69339,"20130530",103144,"Low Risk","Unapproved or unmaintained equipment or utensils"
69339,"20140724",103162,"Low Risk","Other low risk violation"
69350,"20130419",103134,"Moderate Risk","Other moderate risk violation"
69350,"20130419",103120,"Moderate Risk","Moderate risk food holding temperature "
69350,"20120727",103118,"Moderate Risk","Employee eating or smoking"
69351,"20130708",103153,"Low Risk","Inadequate dressing rooms or improper storage of personal items"
69351,"20130708",103103,"High Risk","High risk food holding temperature "
69351,"20140417",103102,"High Risk","Unclean hands or improper use of gloves"
69351,"20140417",103109,"High Risk","Unclean or unsanitary food contact surfaces"
69351,"20140417",103120,"Moderate Risk","Moderate risk food holding temperature "
69351,"20140417",103145,"Low Risk","Improper storage of equipment utensils or linens"
69351,"20120618",103154,"Low Risk","Unclean or degraded floors walls or ceilings"
69351,"20120618",103151,"Low Risk","Inadequate or unsanitary refuse containers or area or no garbage service"
69351,"20120618",103138,"Low Risk","Improper storage use or identification of toxic substances"
69351,"20121228",103132,"Moderate Risk","Improper thawing methods "
69351,"20121228",103119,"Moderate Risk","Inadequate and inaccessible handwashing facilities"
69351,"20121228",103142,"Low Risk","Unclean nonfood contact surfaces"
69351,"20121228",103120,"Moderate Risk","Moderate risk food holding temperature "
69351,"20121228",103147,"Low Risk","Inadequate ventilation or lighting"
69353,"20150420",103109,"High Risk","Unclean or unsanitary food contact surfaces"
69353,"20150420",103142,"Low Risk","Unclean nonfood contact surfaces"
69353,"20150420",103133,"Moderate Risk","Foods not protected from contamination"
69353,"20150420",103119,"Moderate Risk","Inadequate and inaccessible handwashing facilities"
69353,"20150420",103149,"Low Risk","Wiping cloths not clean or properly stored or inadequate sanitizer"
69353,"20150420",103131,"Moderate Risk","Moderate risk vermin infestation"
69353,"20150420",103114,"High Risk","High risk vermin infestation"
69353,"20130716",103145,"Low Risk","Improper storage of equipment utensils or linens"
69353,"20130716",103154,"Low Risk","Unclean or degraded floors walls or ceilings"
69353,"20131217",103131,"Moderate Risk","Moderate risk vermin infestation"
69353,"20131217",103120,"Moderate Risk","Moderate risk food holding temperature "
69353,"20120614",103149,"Low Risk","Wiping cloths not clean or properly stored or inadequate sanitizer"
69353,"20120614",103142,"Low Risk","Unclean nonfood contact surfaces"
69353,"20121206",103154,"Low Risk","Unclean or degraded floors walls or ceilings"
69353,"20121206",103142,"Low Risk","Unclean nonfood contact surfaces"
69353,"20140618",103154,"Low Risk","Unclean or degraded floors walls or ceilings"
69353,"20140618",103120,"Moderate Risk","Moderate risk food holding temperature "
69353,"20140618",103131,"Moderate Risk","Moderate risk vermin infestation"
69354,"20141107",103119,"Moderate Risk","Inadequate and inaccessible handwashing facilities"
69354,"20141107",103133,"Moderate Risk","Foods not protected from contamination"
69354,"20130730",103145,"Low Risk","Improper storage of equipment utensils or linens"
69354,"20130730",103119,"Moderate Risk","Inadequate and inaccessible handwashing facilities"
69354,"20130730",103149,"Low Risk","Wiping cloths not clean or properly stored or inadequate sanitizer"
69354,"20130730",103154,"Low Risk","Unclean or degraded floors walls or ceilings"
69354,"20140123",103145,"Low Risk","Improper storage of equipment utensils or linens"
69354,"20140123",103131,"Moderate Risk","Moderate risk vermin infestation"
69354,"20120724",103124,"Moderate Risk","Inadequately cleaned or sanitized food contact surfaces"
69354,"20120724",103142,"Low Risk","Unclean nonfood contact surfaces"
69354,"20130205",103120,"Moderate Risk","Moderate risk food holding temperature "
69354,"20130205",103119,"Moderate Risk","Inadequate and inaccessible handwashing facilities"
69354,"20130205",103142,"Low Risk","Unclean nonfood contact surfaces"
69359,"20131106",103148,"Low Risk","No thermometers or uncalibrated thermometers "
69359,"20131106",103143,"Low Risk","Inadequate warewashing facilities or equipment"
69359,"20130417",103127,"Moderate Risk","Noncompliance with HAACP plan or variance"
69359,"20130417",103124,"Moderate Risk","Inadequately cleaned or sanitized food contact surfaces"
69359,"20130417",103119,"Moderate Risk","Inadequate and inaccessible handwashing facilities"
69359,"20130417",103143,"Low Risk","Inadequate warewashing facilities or equipment"
69359,"20120808",103143,"Low Risk","Inadequate warewashing facilities or equipment"
69359,"20120808",103112,"High Risk","No hot water or running water"
69359,"20140514",103120,"Moderate Risk","Moderate risk food holding temperature "
69359,"20140514",103138,"Low Risk","Improper storage use or identification of toxic substances"
69368,"20140127",103107,"High Risk","Improper reheating of food"
69368,"20140718",103103,"High Risk","High risk food holding temperature "
69380,"20121128",103149,"Low Risk","Wiping cloths not clean or properly stored or inadequate sanitizer"
69380,"20121128",103133,"Moderate Risk","Foods not protected from contamination"
69380,"20140611",103154,"Low Risk","Unclean or degraded floors walls or ceilings"
69383,"20131203",103105,"High Risk","Improper cooling methods"
69383,"20131203",103154,"Low Risk","Unclean or degraded floors walls or ceilings"
69383,"20131203",103149,"Low Risk","Wiping cloths not clean or properly stored or inadequate sanitizer"
69383,"20131203",103145,"Low Risk","Improper storage of equipment utensils or linens"
69383,"20131203",103139,"Low Risk","Improper food storage"
69383,"20131203",103144,"Low Risk","Unapproved or unmaintained equipment or utensils"
69383,"20131203",103142,"Low Risk","Unclean nonfood contact surfaces"
69383,"20130321",103154,"Low Risk","Unclean or degraded floors walls or ceilings"
69383,"20140617",103150,"Low Risk","Improper or defective plumbing"
69383,"20140617",103142,"Low Risk","Unclean nonfood contact surfaces"
69387,"20141016",103145,"Low Risk","Improper storage of equipment utensils or linens"
69387,"20141016",103142,"Low Risk","Unclean nonfood contact surfaces"
69387,"20141016",103143,"Low Risk","Inadequate warewashing facilities or equipment"
69387,"20141016",103149,"Low Risk","Wiping cloths not clean or properly stored or inadequate sanitizer"
69387,"20141016",103139,"Low Risk","Improper food storage"
69387,"20141016",103103,"High Risk","High risk food holding temperature "
69387,"20141016",103138,"Low Risk","Improper storage use or identification of toxic substances"
69387,"20141016",103119,"Moderate Risk","Inadequate and inaccessible handwashing facilities"
69387,"20141016",103161,"Low Risk","Low risk vermin infestation"
69387,"20140113",103145,"Low Risk","Improper storage of equipment utensils or linens"
69387,"20140113",103144,"Low Risk","Unapproved or unmaintained equipment or utensils"
69387,"20140113",103139,"Low Risk","Improper food storage"
69387,"20140113",103124,"Moderate Risk","Inadequately cleaned or sanitized food contact surfaces"
69387,"20140113",103114,"High Risk","High risk vermin infestation"
69387,"20140113",103154,"Low Risk","Unclean or degraded floors walls or ceilings"
69387,"20140113",103105,"High Risk","Improper cooling methods"
69387,"20130513",103154,"Low Risk","Unclean or degraded floors walls or ceilings"
69387,"20130513",103114,"High Risk","High risk vermin infestation"
69387,"20130513",103132,"Moderate Risk","Improper thawing methods "
69387,"20130513",103138,"Low Risk","Improper storage use or identification of toxic substances"
69387,"20130513",103139,"Low Risk","Improper food storage"
69387,"20130513",103145,"Low Risk","Improper storage of equipment utensils or linens"
69387,"20130513",103124,"Moderate Risk","Inadequately cleaned or sanitized food contact surfaces"
69387,"20120817",103154,"Low Risk","Unclean or degraded floors walls or ceilings"
69387,"20120817",103119,"Moderate Risk","Inadequate and inaccessible handwashing facilities"
69387,"20120817",103144,"Low Risk","Unapproved or unmaintained equipment or utensils"
69387,"20120817",103132,"Moderate Risk","Improper thawing methods "
69387,"20120817",103120,"Moderate Risk","Moderate risk food holding temperature "
69388,"20130424",103112,"High Risk","No hot water or running water"
69388,"20130424",103120,"Moderate Risk","Moderate risk food holding temperature "
69388,"20130424",103119,"Moderate Risk","Inadequate and inaccessible handwashing facilities"
69388,"20140818",103142,"Low Risk","Unclean nonfood contact surfaces"
69388,"20140818",103149,"Low Risk","Wiping cloths not clean or properly stored or inadequate sanitizer"
69392,"20140924",103145,"Low Risk","Improper storage of equipment utensils or linens"
69392,"20140924",103142,"Low Risk","Unclean nonfood contact surfaces"
69392,"20140924",103124,"Moderate Risk","Inadequately cleaned or sanitized food contact surfaces"
69392,"20140924",103144,"Low Risk","Unapproved or unmaintained equipment or utensils"
69392,"20140924",103139,"Low Risk","Improper food storage"
69392,"20140924",103133,"Moderate Risk","Foods not protected from contamination"
69392,"20140924",103114,"High Risk","High risk vermin infestation"
69392,"20140924",103103,"High Risk","High risk food holding temperature "
69392,"20130930",103149,"Low Risk","Wiping cloths not clean or properly stored or inadequate sanitizer"
69392,"20130930",103131,"Moderate Risk","Moderate risk vermin infestation"
69392,"20130930",103154,"Low Risk","Unclean or degraded floors walls or ceilings"
69392,"20130930",103103,"High Risk","High risk food holding temperature "
69392,"20130930",103119,"Moderate Risk","Inadequate and inaccessible handwashing facilities"
69392,"20130930",103116,"Moderate Risk","Inadequate food safety knowledge or lack of certified food safety manager"
69392,"20130930",103124,"Moderate Risk","Inadequately cleaned or sanitized food contact surfaces"
69397,"20150320",103105,"High Risk","Improper cooling methods"
69397,"20150320",103116,"Moderate Risk","Inadequate food safety knowledge or lack of certified food safety manager"
69397,"20150320",103133,"Moderate Risk","Foods not protected from contamination"
69397,"20150320",103148,"Low Risk","No thermometers or uncalibrated thermometers "
69397,"20150320",103103,"High Risk","High risk food holding temperature "
69397,"20131213",103144,"Low Risk","Unapproved or unmaintained equipment or utensils"
69397,"20131213",103148,"Low Risk","No thermometers or uncalibrated thermometers "
69397,"20131213",103116,"Moderate Risk","Inadequate food safety knowledge or lack of certified food safety manager"
69397,"20130516",103161,"Low Risk","Low risk vermin infestation"
69397,"20130516",103132,"Moderate Risk","Improper thawing methods "
69397,"20130516",103123,"Moderate Risk","Food in poor condition"
69397,"20130516",103119,"Moderate Risk","Inadequate and inaccessible handwashing facilities"
69397,"20130516",103116,"Moderate Risk","Inadequate food safety knowledge or lack of certified food safety manager"
69397,"20121025",103161,"Low Risk","Low risk vermin infestation"
69397,"20121025",103145,"Low Risk","Improper storage of equipment utensils or linens"
69397,"20121025",103119,"Moderate Risk","Inadequate and inaccessible handwashing facilities"
69397,"20121025",103118,"Moderate Risk","Employee eating or smoking"
69397,"20121025",103116,"Moderate Risk","Inadequate food safety knowledge or lack of certified food safety manager"
69397,"20121025",103105,"High Risk","Improper cooling methods"
69397,"20121025",103108,"High Risk","Contaminated or adulterated food"
69403,"20130926",103133,"Moderate Risk","Foods not protected from contamination"
69403,"20140326",103103,"High Risk","High risk food holding temperature "
69419,"20130801",103124,"Moderate Risk","Inadequately cleaned or sanitized food contact surfaces"
69419,"20130801",103120,"Moderate Risk","Moderate risk food holding temperature "
69419,"20130801",103102,"High Risk","Unclean hands or improper use of gloves"
69419,"20130801",103132,"Moderate Risk","Improper thawing methods "
69419,"20140210",103103,"High Risk","High risk food holding temperature "
69419,"20140210",103116,"Moderate Risk","Inadequate food safety knowledge or lack of certified food safety manager"
69419,"20140210",103124,"Moderate Risk","Inadequately cleaned or sanitized food contact surfaces"
69419,"20120709",103147,"Low Risk","Inadequate ventilation or lighting"
69419,"20120709",103120,"Moderate Risk","Moderate risk food holding temperature "
69419,"20120709",103144,"Low Risk","Unapproved or unmaintained equipment or utensils"
69419,"20130205",103149,"Low Risk","Wiping cloths not clean or properly stored or inadequate sanitizer"
69419,"20130205",103103,"High Risk","High risk food holding temperature "
69419,"20140714",103105,"High Risk","Improper cooling methods"
69419,"20140714",103131,"Moderate Risk","Moderate risk vermin infestation"
69419,"20140714",103139,"Low Risk","Improper food storage"
69433,"20150116",103124,"Moderate Risk","Inadequately cleaned or sanitized food contact surfaces"
69433,"20150116",103156,"Low Risk","Permit license or inspection report not posted"
69433,"20150116",103144,"Low Risk","Unapproved or unmaintained equipment or utensils"
69433,"20130812",103154,"Low Risk","Unclean or degraded floors walls or ceilings"
69433,"20130812",103139,"Low Risk","Improper food storage"
69433,"20130812",103133,"Moderate Risk","Foods not protected from contamination"
69433,"20130812",103120,"Moderate Risk","Moderate risk food holding temperature "
69433,"20140416",103139,"Low Risk","Improper food storage"
69433,"20140416",103124,"Moderate Risk","Inadequately cleaned or sanitized food contact surfaces"
69433,"20140416",103114,"High Risk","High risk vermin infestation"
69433,"20140416",103109,"High Risk","Unclean or unsanitary food contact surfaces"
69448,"20141212",103157,"Low Risk","Food safety certificate or food handler card not available"
69448,"20141212",103156,"Low Risk","Permit license or inspection report not posted"
69448,"20141212",103139,"Low Risk","Improper food storage"
69448,"20120821",103157,"Low Risk","Food safety certificate or food handler card not available"
69448,"20120821",103162,"Low Risk","Other low risk violation"
69448,"20121226",103157,"Low Risk","Food safety certificate or food handler card not available"
69448,"20140522",103157,"Low Risk","Food safety certificate or food handler card not available"
69465,"20150224",103139,"Low Risk","Improper food storage"
69465,"20150224",103120,"Moderate Risk","Moderate risk food holding temperature "
69465,"20131001",103161,"Low Risk","Low risk vermin infestation"
69465,"20131001",103144,"Low Risk","Unapproved or unmaintained equipment or utensils"
69465,"20131001",103139,"Low Risk","Improper food storage"
69465,"20130423",103139,"Low Risk","Improper food storage"
69465,"20130423",103124,"Moderate Risk","Inadequately cleaned or sanitized food contact surfaces"
69465,"20140421",103139,"Low Risk","Improper food storage"
69465,"20140421",103120,"Moderate Risk","Moderate risk food holding temperature "
69465,"20120706",103144,"Low Risk","Unapproved or unmaintained equipment or utensils"
69465,"20120706",103136,"Low Risk","Unsanitary employee garments hair or nails"
69466,"20130702",103156,"Low Risk","Permit license or inspection report not posted"
69466,"20130702",103109,"High Risk","Unclean or unsanitary food contact surfaces"
69466,"20130702",103103,"High Risk","High risk food holding temperature "
69466,"20130612",103131,"Moderate Risk","Moderate risk vermin infestation"
69466,"20130612",103149,"Low Risk","Wiping cloths not clean or properly stored or inadequate sanitizer"
69466,"20130612",103139,"Low Risk","Improper food storage"
69466,"20130612",103120,"Moderate Risk","Moderate risk food holding temperature "
69466,"20120719",103109,"High Risk","Unclean or unsanitary food contact surfaces"
69466,"20120719",103139,"Low Risk","Improper food storage"
69466,"20120719",103154,"Low Risk","Unclean or degraded floors walls or ceilings"
69466,"20140625",103148,"Low Risk","No thermometers or uncalibrated thermometers "
69466,"20140625",103116,"Moderate Risk","Inadequate food safety knowledge or lack of certified food safety manager"
69466,"20140625",103143,"Low Risk","Inadequate warewashing facilities or equipment"
69466,"20140625",103142,"Low Risk","Unclean nonfood contact surfaces"
69475,"20130917",103102,"High Risk","Unclean hands or improper use of gloves"
69475,"20130917",103120,"Moderate Risk","Moderate risk food holding temperature "
69475,"20130917",103156,"Low Risk","Permit license or inspection report not posted"
69475,"20130917",103148,"Low Risk","No thermometers or uncalibrated thermometers "
69475,"20130917",103144,"Low Risk","Unapproved or unmaintained equipment or utensils"
69475,"20140428",103120,"Moderate Risk","Moderate risk food holding temperature "
69475,"20120619",103139,"Low Risk","Improper food storage"
69475,"20120619",103153,"Low Risk","Inadequate dressing rooms or improper storage of personal items"
69475,"20130118",103119,"Moderate Risk","Inadequate and inaccessible handwashing facilities"
69486,"20130708",103118,"Moderate Risk","Employee eating or smoking"
69486,"20130708",103133,"Moderate Risk","Foods not protected from contamination"
69486,"20130708",103103,"High Risk","High risk food holding temperature "
69486,"20130708",103116,"Moderate Risk","Inadequate food safety knowledge or lack of certified food safety manager"
69486,"20130708",103119,"Moderate Risk","Inadequate and inaccessible handwashing facilities"
69486,"20130708",103144,"Low Risk","Unapproved or unmaintained equipment or utensils"
69486,"20130708",103142,"Low Risk","Unclean nonfood contact surfaces"
69486,"20130708",103138,"Low Risk","Improper storage use or identification of toxic substances"
69486,"20130708",103109,"High Risk","Unclean or unsanitary food contact surfaces"
69486,"20140304",103119,"Moderate Risk","Inadequate and inaccessible handwashing facilities"
69486,"20140304",103120,"Moderate Risk","Moderate risk food holding temperature "
69486,"20140304",103105,"High Risk","Improper cooling methods"
69486,"20140304",103133,"Moderate Risk","Foods not protected from contamination"
69486,"20140304",103131,"Moderate Risk","Moderate risk vermin infestation"
69486,"20140304",103124,"Moderate Risk","Inadequately cleaned or sanitized food contact surfaces"
69486,"20121002",103133,"Moderate Risk","Foods not protected from contamination"
69486,"20121002",103144,"Low Risk","Unapproved or unmaintained equipment or utensils"
69486,"20121002",103119,"Moderate Risk","Inadequate and inaccessible handwashing facilities"
69486,"20121002",103116,"Moderate Risk","Inadequate food safety knowledge or lack of certified food safety manager"
69486,"20121002",103103,"High Risk","High risk food holding temperature "
69486,"20121002",103124,"Moderate Risk","Inadequately cleaned or sanitized food contact surfaces"
69486,"20121220",103120,"Moderate Risk","Moderate risk food holding temperature "
69486,"20121220",103109,"High Risk","Unclean or unsanitary food contact surfaces"
69486,"20121213",103102,"High Risk","Unclean hands or improper use of gloves"
69487,"20140127",103149,"Low Risk","Wiping cloths not clean or properly stored or inadequate sanitizer"
69489,"20150116",103107,"High Risk","Improper reheating of food"
69489,"20140408",103157,"Low Risk","Food safety certificate or food handler card not available"
69489,"20120710",103149,"Low Risk","Wiping cloths not clean or properly stored or inadequate sanitizer"
69489,"20120710",103145,"Low Risk","Improper storage of equipment utensils or linens"
69489,"20130215",103149,"Low Risk","Wiping cloths not clean or properly stored or inadequate sanitizer"
69489,"20130215",103144,"Low Risk","Unapproved or unmaintained equipment or utensils"
69489,"20130215",103154,"Low Risk","Unclean or degraded floors walls or ceilings"
69489,"20130215",103142,"Low Risk","Unclean nonfood contact surfaces"
69489,"20130215",103156,"Low Risk","Permit license or inspection report not posted"
69492,"20140310",103157,"Low Risk","Food safety certificate or food handler card not available"
69494,"20150401",103143,"Low Risk","Inadequate warewashing facilities or equipment"
69494,"20150401",103139,"Low Risk","Improper food storage"
69494,"20150401",103147,"Low Risk","Inadequate ventilation or lighting"
69494,"20150401",103150,"Low Risk","Improper or defective plumbing"
69494,"20150401",103144,"Low Risk","Unapproved or unmaintained equipment or utensils"
69495,"20150413",103139,"Low Risk","Improper food storage"
69495,"20150413",103154,"Low Risk","Unclean or degraded floors walls or ceilings"
69495,"20150413",103143,"Low Risk","Inadequate warewashing facilities or equipment"
69495,"20130419",103144,"Low Risk","Unapproved or unmaintained equipment or utensils"
69495,"20130419",103121,"Moderate Risk","Inadequate procedures or records for time as a public health control "
69495,"20130419",103120,"Moderate Risk","Moderate risk food holding temperature "
69495,"20130419",103156,"Low Risk","Permit license or inspection report not posted"
69500,"20120705",103144,"Low Risk","Unapproved or unmaintained equipment or utensils"
69500,"20120705",103152,"Low Risk","Unclean unmaintained or improperly constructed toilet facilities"
69500,"20120705",103154,"Low Risk","Unclean or degraded floors walls or ceilings"
69500,"20120705",103120,"Moderate Risk","Moderate risk food holding temperature "
69500,"20130219",103116,"Moderate Risk","Inadequate food safety knowledge or lack of certified food safety manager"
69500,"20130219",103147,"Low Risk","Inadequate ventilation or lighting"
69500,"20130219",103156,"Low Risk","Permit license or inspection report not posted"
69501,"20140903",103109,"High Risk","Unclean or unsanitary food contact surfaces"
69501,"20140903",103119,"Moderate Risk","Inadequate and inaccessible handwashing facilities"
69501,"20140903",103120,"Moderate Risk","Moderate risk food holding temperature "
69501,"20140903",103133,"Moderate Risk","Foods not protected from contamination"
69501,"20140903",103139,"Low Risk","Improper food storage"
69501,"20140903",103156,"Low Risk","Permit license or inspection report not posted"
69501,"20140903",103154,"Low Risk","Unclean or degraded floors walls or ceilings"
69501,"20131002",103142,"Low Risk","Unclean nonfood contact surfaces"
69509,"20141015",103119,"Moderate Risk","Inadequate and inaccessible handwashing facilities"
69509,"20141015",103124,"Moderate Risk","Inadequately cleaned or sanitized food contact surfaces"
69509,"20141015",103131,"Moderate Risk","Moderate risk vermin infestation"
69509,"20141015",103142,"Low Risk","Unclean nonfood contact surfaces"
69509,"20141015",103149,"Low Risk","Wiping cloths not clean or properly stored or inadequate sanitizer"
69509,"20141015",103133,"Moderate Risk","Foods not protected from contamination"
69509,"20120703",103139,"Low Risk","Improper food storage"
69509,"20120703",103142,"Low Risk","Unclean nonfood contact surfaces"
69511,"20130409",103112,"High Risk","No hot water or running water"
69511,"20130409",103103,"High Risk","High risk food holding temperature "
69511,"20130409",103172,"High Risk","Mobile food facility with unapproved operating conditions"
69511,"20130409",103124,"Moderate Risk","Inadequately cleaned or sanitized food contact surfaces"
69511,"20130409",103149,"Low Risk","Wiping cloths not clean or properly stored or inadequate sanitizer"
69511,"20130409",103102,"High Risk","Unclean hands or improper use of gloves"
69512,"20150521",103157,"Low Risk","Food safety certificate or food handler card not available"
69512,"20150521",103132,"Moderate Risk","Improper thawing methods "
69512,"20150521",103156,"Low Risk","Permit license or inspection report not posted"
69512,"20140102",103124,"Moderate Risk","Inadequately cleaned or sanitized food contact surfaces"
69512,"20140102",103139,"Low Risk","Improper food storage"
69512,"20140102",103143,"Low Risk","Inadequate warewashing facilities or equipment"
69512,"20130328",103154,"Low Risk","Unclean or degraded floors walls or ceilings"
69512,"20130328",103144,"Low Risk","Unapproved or unmaintained equipment or utensils"
69512,"20130328",103119,"Moderate Risk","Inadequate and inaccessible handwashing facilities"
69512,"20130111",103154,"Low Risk","Unclean or degraded floors walls or ceilings"
69512,"20130111",103142,"Low Risk","Unclean nonfood contact surfaces"
69512,"20130111",103124,"Moderate Risk","Inadequately cleaned or sanitized food contact surfaces"
69520,"20141021",103132,"Moderate Risk","Improper thawing methods "
69520,"20141021",103114,"High Risk","High risk vermin infestation"
69520,"20141021",103109,"High Risk","Unclean or unsanitary food contact surfaces"
69520,"20141021",103103,"High Risk","High risk food holding temperature "
69520,"20141110",103149,"Low Risk","Wiping cloths not clean or properly stored or inadequate sanitizer"
69520,"20141021",103142,"Low Risk","Unclean nonfood contact surfaces"
69520,"20141110",103119,"Moderate Risk","Inadequate and inaccessible handwashing facilities"
69520,"20141110",103144,"Low Risk","Unapproved or unmaintained equipment or utensils"
69520,"20141021",103105,"High Risk","Improper cooling methods"
69520,"20130916",103133,"Moderate Risk","Foods not protected from contamination"
69520,"20130916",103119,"Moderate Risk","Inadequate and inaccessible handwashing facilities"
69520,"20130916",103120,"Moderate Risk","Moderate risk food holding temperature "
69520,"20130916",103124,"Moderate Risk","Inadequately cleaned or sanitized food contact surfaces"
69520,"20120814",103119,"Moderate Risk","Inadequate and inaccessible handwashing facilities"
69520,"20120814",103118,"Moderate Risk","Employee eating or smoking"
69520,"20120814",103139,"Low Risk","Improper food storage"
69527,"20141210",103103,"High Risk","High risk food holding temperature "
69527,"20130625",103152,"Low Risk","Unclean unmaintained or improperly constructed toilet facilities"
69527,"20131210",103156,"Low Risk","Permit license or inspection report not posted"
69527,"20131210",103139,"Low Risk","Improper food storage"
69527,"20131210",103145,"Low Risk","Improper storage of equipment utensils or linens"
69527,"20120703",103145,"Low Risk","Improper storage of equipment utensils or linens"
69527,"20120703",103148,"Low Risk","No thermometers or uncalibrated thermometers "
69527,"20120703",103157,"Low Risk","Food safety certificate or food handler card not available"
69527,"20121219",103152,"Low Risk","Unclean unmaintained or improperly constructed toilet facilities"
69527,"20121219",103119,"Moderate Risk","Inadequate and inaccessible handwashing facilities"
69527,"20140617",103119,"Moderate Risk","Inadequate and inaccessible handwashing facilities"
69527,"20140617",103150,"Low Risk","Improper or defective plumbing"
69527,"20140617",103154,"Low Risk","Unclean or degraded floors walls or ceilings"
69527,"20140617",103156,"Low Risk","Permit license or inspection report not posted"
69528,"20130920",103144,"Low Risk","Unapproved or unmaintained equipment or utensils"
69528,"20120719",103150,"Low Risk","Improper or defective plumbing"
69528,"20120719",103138,"Low Risk","Improper storage use or identification of toxic substances"
69529,"20130618",103139,"Low Risk","Improper food storage"
69529,"20130618",103131,"Moderate Risk","Moderate risk vermin infestation"
69529,"20130618",103144,"Low Risk","Unapproved or unmaintained equipment or utensils"
69529,"20130618",103120,"Moderate Risk","Moderate risk food holding temperature "
69547,"20130130",103157,"Low Risk","Food safety certificate or food handler card not available"
69557,"20150114",103147,"Low Risk","Inadequate ventilation or lighting"
69557,"20150114",103156,"Low Risk","Permit license or inspection report not posted"
69557,"20150114",103102,"High Risk","Unclean hands or improper use of gloves"
69557,"20150114",103133,"Moderate Risk","Foods not protected from contamination"
69557,"20150114",103119,"Moderate Risk","Inadequate and inaccessible handwashing facilities"
69557,"20150114",103157,"Low Risk","Food safety certificate or food handler card not available"
69557,"20140204",103119,"Moderate Risk","Inadequate and inaccessible handwashing facilities"
69557,"20140204",103120,"Moderate Risk","Moderate risk food holding temperature "
69557,"20140204",103145,"Low Risk","Improper storage of equipment utensils or linens"
69557,"20140204",103148,"Low Risk","No thermometers or uncalibrated thermometers "
69557,"20140204",103157,"Low Risk","Food safety certificate or food handler card not available"
69557,"20130524",103109,"High Risk","Unclean or unsanitary food contact surfaces"
69557,"20130524",103139,"Low Risk","Improper food storage"
69557,"20120827",103149,"Low Risk","Wiping cloths not clean or properly stored or inadequate sanitizer"
69557,"20120827",103120,"Moderate Risk","Moderate risk food holding temperature "
69557,"20120827",103153,"Low Risk","Inadequate dressing rooms or improper storage of personal items"
69557,"20120827",103154,"Low Risk","Unclean or degraded floors walls or ceilings"
69557,"20120827",103159,"Low Risk","Worker safety hazards"
69557,"20120827",103150,"Low Risk","Improper or defective plumbing"
69562,"20130131",103124,"Moderate Risk","Inadequately cleaned or sanitized food contact surfaces"
69574,"20150407",103119,"Moderate Risk","Inadequate and inaccessible handwashing facilities"
69574,"20130812",103154,"Low Risk","Unclean or degraded floors walls or ceilings"
69574,"20130812",103144,"Low Risk","Unapproved or unmaintained equipment or utensils"
69574,"20130812",103121,"Moderate Risk","Inadequate procedures or records for time as a public health control "
69574,"20130812",103116,"Moderate Risk","Inadequate food safety knowledge or lack of certified food safety manager"
69574,"20140410",103165,"Low Risk","No plan review or Building Permit"
69574,"20140410",103141,"Low Risk","Improper food labeling or menu misrepresentation"
69574,"20121207",103109,"High Risk","Unclean or unsanitary food contact surfaces"
69575,"20150508",103119,"Moderate Risk","Inadequate and inaccessible handwashing facilities"
69575,"20150508",103116,"Moderate Risk","Inadequate food safety knowledge or lack of certified food safety manager"
69575,"20121030",103147,"Low Risk","Inadequate ventilation or lighting"
69576,"20140815",103120,"Moderate Risk","Moderate risk food holding temperature "
69576,"20140815",103144,"Low Risk","Unapproved or unmaintained equipment or utensils"
69576,"20130719",103149,"Low Risk","Wiping cloths not clean or properly stored or inadequate sanitizer"
69576,"20130719",103139,"Low Risk","Improper food storage"
69576,"20130719",103102,"High Risk","Unclean hands or improper use of gloves"
69576,"20140212",103102,"High Risk","Unclean hands or improper use of gloves"
69576,"20121220",103145,"Low Risk","Improper storage of equipment utensils or linens"
69576,"20121220",103149,"Low Risk","Wiping cloths not clean or properly stored or inadequate sanitizer"
69576,"20121220",103156,"Low Risk","Permit license or inspection report not posted"
69584,"20130501",103109,"High Risk","Unclean or unsanitary food contact surfaces"
69584,"20130501",103144,"Low Risk","Unapproved or unmaintained equipment or utensils"
69584,"20121127",103114,"High Risk","High risk vermin infestation"
69584,"20121127",103116,"Moderate Risk","Inadequate food safety knowledge or lack of certified food safety manager"
69584,"20121127",103119,"Moderate Risk","Inadequate and inaccessible handwashing facilities"
69584,"20121127",103143,"Low Risk","Inadequate warewashing facilities or equipment"
69584,"20121127",103108,"High Risk","Contaminated or adulterated food"
69584,"20140604",103149,"Low Risk","Wiping cloths not clean or properly stored or inadequate sanitizer"
69584,"20140604",103154,"Low Risk","Unclean or degraded floors walls or ceilings"
69584,"20140604",103102,"High Risk","Unclean hands or improper use of gloves"
69584,"20140604",103116,"Moderate Risk","Inadequate food safety knowledge or lack of certified food safety manager"
69584,"20140604",103131,"Moderate Risk","Moderate risk vermin infestation"
69584,"20140604",103133,"Moderate Risk","Foods not protected from contamination"
69584,"20140604",103139,"Low Risk","Improper food storage"
69584,"20140604",103144,"Low Risk","Unapproved or unmaintained equipment or utensils"
69584,"20140604",103143,"Low Risk","Inadequate warewashing facilities or equipment"
69590,"20150209",103109,"High Risk","Unclean or unsanitary food contact surfaces"
69590,"20130930",103124,"Moderate Risk","Inadequately cleaned or sanitized food contact surfaces"
69590,"20130930",103161,"Low Risk","Low risk vermin infestation"
69590,"20130930",103145,"Low Risk","Improper storage of equipment utensils or linens"
69590,"20121001",103157,"Low Risk","Food safety certificate or food handler card not available"
69590,"20121001",103119,"Moderate Risk","Inadequate and inaccessible handwashing facilities"
69590,"20121001",103143,"Low Risk","Inadequate warewashing facilities or equipment"
69592,"20150121",103133,"Moderate Risk","Foods not protected from contamination"
69592,"20150121",103116,"Moderate Risk","Inadequate food safety knowledge or lack of certified food safety manager"
69592,"20150121",103120,"Moderate Risk","Moderate risk food holding temperature "
69592,"20150121",103142,"Low Risk","Unclean nonfood contact surfaces"
69592,"20150121",103144,"Low Risk","Unapproved or unmaintained equipment or utensils"
69592,"20150121",103119,"Moderate Risk","Inadequate and inaccessible handwashing facilities"
69592,"20130419",103119,"Moderate Risk","Inadequate and inaccessible handwashing facilities"
69592,"20130419",103156,"Low Risk","Permit license or inspection report not posted"
69592,"20130419",103159,"Low Risk","Worker safety hazards"
69592,"20120802",103119,"Moderate Risk","Inadequate and inaccessible handwashing facilities"
69592,"20120802",103124,"Moderate Risk","Inadequately cleaned or sanitized food contact surfaces"
69595,"20130514",103131,"Moderate Risk","Moderate risk vermin infestation"
69595,"20130514",103149,"Low Risk","Wiping cloths not clean or properly stored or inadequate sanitizer"
69595,"20140806",103131,"Moderate Risk","Moderate risk vermin infestation"
69595,"20140806",103120,"Moderate Risk","Moderate risk food holding temperature "
69604,"20150330",103142,"Low Risk","Unclean nonfood contact surfaces"
69604,"20150330",103144,"Low Risk","Unapproved or unmaintained equipment or utensils"
69604,"20150330",103132,"Moderate Risk","Improper thawing methods "
69604,"20150330",103124,"Moderate Risk","Inadequately cleaned or sanitized food contact surfaces"
69604,"20150330",103131,"Moderate Risk","Moderate risk vermin infestation"
69604,"20150330",103103,"High Risk","High risk food holding temperature "
69604,"20130621",103162,"Low Risk","Other low risk violation"
69604,"20130621",103152,"Low Risk","Unclean unmaintained or improperly constructed toilet facilities"
69604,"20130621",103149,"Low Risk","Wiping cloths not clean or properly stored or inadequate sanitizer"
69604,"20130621",103119,"Moderate Risk","Inadequate and inaccessible handwashing facilities"
69604,"20140305",103120,"Moderate Risk","Moderate risk food holding temperature "
69604,"20140305",103149,"Low Risk","Wiping cloths not clean or properly stored or inadequate sanitizer"
69604,"20140305",103139,"Low Risk","Improper food storage"
69604,"20121121",103112,"High Risk","No hot water or running water"
69604,"20121121",103120,"Moderate Risk","Moderate risk food holding temperature "
69604,"20121121",103145,"Low Risk","Improper storage of equipment utensils or linens"
69604,"20121121",103149,"Low Risk","Wiping cloths not clean or properly stored or inadequate sanitizer"
69604,"20121121",103157,"Low Risk","Food safety certificate or food handler card not available"
69606,"20150318",103157,"Low Risk","Food safety certificate or food handler card not available"
69606,"20150318",103119,"Moderate Risk","Inadequate and inaccessible handwashing facilities"
69606,"20130529",103139,"Low Risk","Improper food storage"
69606,"20130529",103142,"Low Risk","Unclean nonfood contact surfaces"
69606,"20140305",103109,"High Risk","Unclean or unsanitary food contact surfaces"
69606,"20140305",103142,"Low Risk","Unclean nonfood contact surfaces"
69606,"20121011",103109,"High Risk","Unclean or unsanitary food contact surfaces"
69606,"20121011",103119,"Moderate Risk","Inadequate and inaccessible handwashing facilities"
69606,"20121011",103131,"Moderate Risk","Moderate risk vermin infestation"
69606,"20121011",103139,"Low Risk","Improper food storage"
69618,"20150105",103103,"High Risk","High risk food holding temperature "
69618,"20150105",103154,"Low Risk","Unclean or degraded floors walls or ceilings"
69618,"20150105",103139,"Low Risk","Improper food storage"
69618,"20150105",103131,"Moderate Risk","Moderate risk vermin infestation"
69618,"20150105",103124,"Moderate Risk","Inadequately cleaned or sanitized food contact surfaces"
69618,"20130326",103116,"Moderate Risk","Inadequate food safety knowledge or lack of certified food safety manager"
69618,"20130326",103105,"High Risk","Improper cooling methods"
69618,"20130326",103102,"High Risk","Unclean hands or improper use of gloves"
69618,"20130326",103144,"Low Risk","Unapproved or unmaintained equipment or utensils"
69618,"20130326",103142,"Low Risk","Unclean nonfood contact surfaces"
69618,"20130326",103119,"Moderate Risk","Inadequate and inaccessible handwashing facilities"
69618,"20130326",103139,"Low Risk","Improper food storage"
69618,"20130326",103149,"Low Risk","Wiping cloths not clean or properly stored or inadequate sanitizer"
69618,"20130326",103154,"Low Risk","Unclean or degraded floors walls or ceilings"
69618,"20130326",103109,"High Risk","Unclean or unsanitary food contact surfaces"
69618,"20130326",103103,"High Risk","High risk food holding temperature "
69618,"20140319",103109,"High Risk","Unclean or unsanitary food contact surfaces"
69618,"20140319",103133,"Moderate Risk","Foods not protected from contamination"
69618,"20140319",103139,"Low Risk","Improper food storage"
69618,"20140319",103142,"Low Risk","Unclean nonfood contact surfaces"
69618,"20140319",103144,"Low Risk","Unapproved or unmaintained equipment or utensils"
69618,"20140319",103149,"Low Risk","Wiping cloths not clean or properly stored or inadequate sanitizer"
69618,"20140319",103154,"Low Risk","Unclean or degraded floors walls or ceilings"
69621,"20140124",103157,"Low Risk","Food safety certificate or food handler card not available"
69621,"20140124",103129,"Moderate Risk","Insufficient hot water or running water"
69621,"20140124",103124,"Moderate Risk","Inadequately cleaned or sanitized food contact surfaces"
69621,"20140124",103119,"Moderate Risk","Inadequate and inaccessible handwashing facilities"
69621,"20130514",103156,"Low Risk","Permit license or inspection report not posted"
69621,"20130514",103157,"Low Risk","Food safety certificate or food handler card not available"
69621,"20130514",103124,"Moderate Risk","Inadequately cleaned or sanitized food contact surfaces"
69621,"20120802",103119,"Moderate Risk","Inadequate and inaccessible handwashing facilities"
69621,"20140729",103154,"Low Risk","Unclean or degraded floors walls or ceilings"
69621,"20140729",103157,"Low Risk","Food safety certificate or food handler card not available"
69621,"20140729",103119,"Moderate Risk","Inadequate and inaccessible handwashing facilities"
69627,"20150221",103119,"Moderate Risk","Inadequate and inaccessible handwashing facilities"
69627,"20150221",103124,"Moderate Risk","Inadequately cleaned or sanitized food contact surfaces"
69627,"20130628",103107,"High Risk","Improper reheating of food"
69627,"20130628",103144,"Low Risk","Unapproved or unmaintained equipment or utensils"
69627,"20130628",103149,"Low Risk","Wiping cloths not clean or properly stored or inadequate sanitizer"
69627,"20140127",103156,"Low Risk","Permit license or inspection report not posted"
69635,"20150128",103119,"Moderate Risk","Inadequate and inaccessible handwashing facilities"
69635,"20130319",103154,"Low Risk","Unclean or degraded floors walls or ceilings"
69635,"20120830",103154,"Low Risk","Unclean or degraded floors walls or ceilings"
69652,"20150519",103139,"Low Risk","Improper food storage"
69652,"20130925",103148,"Low Risk","No thermometers or uncalibrated thermometers "
69652,"20130925",103157,"Low Risk","Food safety certificate or food handler card not available"
69652,"20130925",103143,"Low Risk","Inadequate warewashing facilities or equipment"
69652,"20130925",103103,"High Risk","High risk food holding temperature "
69652,"20130318",103157,"Low Risk","Food safety certificate or food handler card not available"
69652,"20130318",103156,"Low Risk","Permit license or inspection report not posted"
69652,"20130318",103149,"Low Risk","Wiping cloths not clean or properly stored or inadequate sanitizer"
69652,"20130318",103124,"Moderate Risk","Inadequately cleaned or sanitized food contact surfaces"
69652,"20130318",103112,"High Risk","No hot water or running water"
69652,"20140324",103128,"Moderate Risk","Consumer advisory not provided for raw or undercooked foods"
69652,"20120724",103148,"Low Risk","No thermometers or uncalibrated thermometers "
69652,"20120724",103124,"Moderate Risk","Inadequately cleaned or sanitized food contact surfaces"
69652,"20120724",103119,"Moderate Risk","Inadequate and inaccessible handwashing facilities"
69653,"20131002",103116,"Moderate Risk","Inadequate food safety knowledge or lack of certified food safety manager"
69653,"20131002",103105,"High Risk","Improper cooling methods"
69653,"20131002",103133,"Moderate Risk","Foods not protected from contamination"
69653,"20130328",103116,"Moderate Risk","Inadequate food safety knowledge or lack of certified food safety manager"
69653,"20130328",103105,"High Risk","Improper cooling methods"
69653,"20130328",103103,"High Risk","High risk food holding temperature "
69653,"20130328",103139,"Low Risk","Improper food storage"
69653,"20130328",103156,"Low Risk","Permit license or inspection report not posted"
69653,"20140402",103156,"Low Risk","Permit license or inspection report not posted"
69653,"20121017",103157,"Low Risk","Food safety certificate or food handler card not available"
69653,"20121017",103150,"Low Risk","Improper or defective plumbing"
69653,"20121017",103105,"High Risk","Improper cooling methods"
69653,"20121017",103133,"Moderate Risk","Foods not protected from contamination"
69653,"20121017",103131,"Moderate Risk","Moderate risk vermin infestation"
69665,"20131002",103103,"High Risk","High risk food holding temperature "
69665,"20131002",103154,"Low Risk","Unclean or degraded floors walls or ceilings"
69665,"20131002",103131,"Moderate Risk","Moderate risk vermin infestation"
69665,"20131002",103159,"Low Risk","Worker safety hazards"
69665,"20131002",103124,"Moderate Risk","Inadequately cleaned or sanitized food contact surfaces"
69665,"20130319",103153,"Low Risk","Inadequate dressing rooms or improper storage of personal items"
69665,"20130319",103145,"Low Risk","Improper storage of equipment utensils or linens"
69665,"20130319",103144,"Low Risk","Unapproved or unmaintained equipment or utensils"
69665,"20130319",103124,"Moderate Risk","Inadequately cleaned or sanitized food contact surfaces"
69665,"20130319",103105,"High Risk","Improper cooling methods"
69665,"20130319",103103,"High Risk","High risk food holding temperature "
69665,"20130319",103149,"Low Risk","Wiping cloths not clean or properly stored or inadequate sanitizer"
69665,"20130319",103154,"Low Risk","Unclean or degraded floors walls or ceilings"
69665,"20140430",103151,"Low Risk","Inadequate or unsanitary refuse containers or area or no garbage service"
69665,"20140430",103124,"Moderate Risk","Inadequately cleaned or sanitized food contact surfaces"
69665,"20140430",103116,"Moderate Risk","Inadequate food safety knowledge or lack of certified food safety manager"
69665,"20140430",103154,"Low Risk","Unclean or degraded floors walls or ceilings"
69665,"20140430",103149,"Low Risk","Wiping cloths not clean or properly stored or inadequate sanitizer"
69665,"20140430",103145,"Low Risk","Improper storage of equipment utensils or linens"
69665,"20120822",103144,"Low Risk","Unapproved or unmaintained equipment or utensils"
69665,"20120822",103145,"Low Risk","Improper storage of equipment utensils or linens"
69665,"20120822",103103,"High Risk","High risk food holding temperature "
69665,"20120822",103139,"Low Risk","Improper food storage"
69665,"20120822",103131,"Moderate Risk","Moderate risk vermin infestation"
69665,"20120822",103109,"High Risk","Unclean or unsanitary food contact surfaces"
69665,"20120822",103154,"Low Risk","Unclean or degraded floors walls or ceilings"
69665,"20121204",103103,"High Risk","High risk food holding temperature "
69665,"20121204",103154,"Low Risk","Unclean or degraded floors walls or ceilings"
69666,"20150105",103133,"Moderate Risk","Foods not protected from contamination"
69666,"20150105",103144,"Low Risk","Unapproved or unmaintained equipment or utensils"
69666,"20150105",103124,"Moderate Risk","Inadequately cleaned or sanitized food contact surfaces"
69666,"20150105",103120,"Moderate Risk","Moderate risk food holding temperature "
69666,"20150105",103147,"Low Risk","Inadequate ventilation or lighting"
69666,"20150105",103148,"Low Risk","No thermometers or uncalibrated thermometers "
69666,"20131108",103156,"Low Risk","Permit license or inspection report not posted"
69666,"20131108",103133,"Moderate Risk","Foods not protected from contamination"
69666,"20131108",103130,"Moderate Risk","Inadequate sewage or wastewater disposal"
69666,"20131108",103120,"Moderate Risk","Moderate risk food holding temperature "
69666,"20131108",103113,"High Risk","Sewage or wastewater contamination"
69666,"20140227",103130,"Moderate Risk","Inadequate sewage or wastewater disposal"
69666,"20140221",103131,"Moderate Risk","Moderate risk vermin infestation"
69666,"20130219",103131,"Moderate Risk","Moderate risk vermin infestation"
69666,"20130219",103139,"Low Risk","Improper food storage"
69666,"20130219",103150,"Low Risk","Improper or defective plumbing"
69666,"20140611",103147,"Low Risk","Inadequate ventilation or lighting"
69666,"20140611",103116,"Moderate Risk","Inadequate food safety knowledge or lack of certified food safety manager"
69666,"20140611",103144,"Low Risk","Unapproved or unmaintained equipment or utensils"
69666,"20140611",103133,"Moderate Risk","Foods not protected from contamination"
69666,"20140611",103131,"Moderate Risk","Moderate risk vermin infestation"
69679,"20130308",103154,"Low Risk","Unclean or degraded floors walls or ceilings"
69680,"20130605",103154,"Low Risk","Unclean or degraded floors walls or ceilings"
69680,"20130605",103120,"Moderate Risk","Moderate risk food holding temperature "
69680,"20121031",103154,"Low Risk","Unclean or degraded floors walls or ceilings"
69680,"20121031",103144,"Low Risk","Unapproved or unmaintained equipment or utensils"
69680,"20140528",103139,"Low Risk","Improper food storage"
69680,"20140528",103154,"Low Risk","Unclean or degraded floors walls or ceilings"
69681,"20141216",103124,"Moderate Risk","Inadequately cleaned or sanitized food contact surfaces"
69681,"20141216",103103,"High Risk","High risk food holding temperature "
69681,"20141216",103139,"Low Risk","Improper food storage"
69681,"20131118",103108,"High Risk","Contaminated or adulterated food"
69681,"20131118",103133,"Moderate Risk","Foods not protected from contamination"
69681,"20131118",103139,"Low Risk","Improper food storage"
69681,"20131118",103149,"Low Risk","Wiping cloths not clean or properly stored or inadequate sanitizer"
69681,"20131118",103142,"Low Risk","Unclean nonfood contact surfaces"
69681,"20130206",103133,"Moderate Risk","Foods not protected from contamination"
69681,"20130206",103139,"Low Risk","Improper food storage"
69681,"20130206",103154,"Low Risk","Unclean or degraded floors walls or ceilings"
69682,"20140917",103144,"Low Risk","Unapproved or unmaintained equipment or utensils"
69682,"20140917",103139,"Low Risk","Improper food storage"
69682,"20140917",103142,"Low Risk","Unclean nonfood contact surfaces"
69682,"20140917",103149,"Low Risk","Wiping cloths not clean or properly stored or inadequate sanitizer"
69682,"20140917",103112,"High Risk","No hot water or running water"
69682,"20140917",103119,"Moderate Risk","Inadequate and inaccessible handwashing facilities"
69682,"20140917",103103,"High Risk","High risk food holding temperature "
69682,"20130726",103131,"Moderate Risk","Moderate risk vermin infestation"
69682,"20130726",103119,"Moderate Risk","Inadequate and inaccessible handwashing facilities"
69682,"20121010",103114,"High Risk","High risk vermin infestation"
69682,"20121010",103120,"Moderate Risk","Moderate risk food holding temperature "
69682,"20121010",103149,"Low Risk","Wiping cloths not clean or properly stored or inadequate sanitizer"
69682,"20140606",103159,"Low Risk","Worker safety hazards"
69682,"20140606",103156,"Low Risk","Permit license or inspection report not posted"
69682,"20140606",103144,"Low Risk","Unapproved or unmaintained equipment or utensils"
69682,"20140606",103124,"Moderate Risk","Inadequately cleaned or sanitized food contact surfaces"
69682,"20140606",103116,"Moderate Risk","Inadequate food safety knowledge or lack of certified food safety manager"
69682,"20140606",103119,"Moderate Risk","Inadequate and inaccessible handwashing facilities"
69691,"20141204",103157,"Low Risk","Food safety certificate or food handler card not available"
69691,"20141204",103139,"Low Risk","Improper food storage"
69691,"20141204",103160,"Low Risk","Inadequate HACCP plan record keeping"
69691,"20141204",103119,"Moderate Risk","Inadequate and inaccessible handwashing facilities"
69692,"20131108",103154,"Low Risk","Unclean or degraded floors walls or ceilings"
69692,"20130328",103145,"Low Risk","Improper storage of equipment utensils or linens"
69692,"20130328",103129,"Moderate Risk","Insufficient hot water or running water"
69692,"20140519",103116,"Moderate Risk","Inadequate food safety knowledge or lack of certified food safety manager"
69694,"20130418",103148,"Low Risk","No thermometers or uncalibrated thermometers "
69694,"20130418",103119,"Moderate Risk","Inadequate and inaccessible handwashing facilities"
69694,"20130418",103120,"Moderate Risk","Moderate risk food holding temperature "
69694,"20120905",103139,"Low Risk","Improper food storage"
69694,"20120905",103120,"Moderate Risk","Moderate risk food holding temperature "
69694,"20140528",103120,"Moderate Risk","Moderate risk food holding temperature "
69694,"20140528",103148,"Low Risk","No thermometers or uncalibrated thermometers "
69705,"20130808",103154,"Low Risk","Unclean or degraded floors walls or ceilings"
69705,"20130808",103149,"Low Risk","Wiping cloths not clean or properly stored or inadequate sanitizer"
69705,"20120725",103139,"Low Risk","Improper food storage"
69705,"20130108",103119,"Moderate Risk","Inadequate and inaccessible handwashing facilities"
69705,"20130108",103149,"Low Risk","Wiping cloths not clean or properly stored or inadequate sanitizer"
69705,"20130108",103157,"Low Risk","Food safety certificate or food handler card not available"
69705,"20140520",103149,"Low Risk","Wiping cloths not clean or properly stored or inadequate sanitizer"
69706,"20141219",103150,"Low Risk","Improper or defective plumbing"
69706,"20141219",103124,"Moderate Risk","Inadequately cleaned or sanitized food contact surfaces"
69706,"20141219",103119,"Moderate Risk","Inadequate and inaccessible handwashing facilities"
69706,"20141219",103139,"Low Risk","Improper food storage"
69706,"20141219",103120,"Moderate Risk","Moderate risk food holding temperature "
69706,"20130529",103124,"Moderate Risk","Inadequately cleaned or sanitized food contact surfaces"
69706,"20130529",103119,"Moderate Risk","Inadequate and inaccessible handwashing facilities"
69706,"20130529",103114,"High Risk","High risk vermin infestation"
69706,"20130529",103139,"Low Risk","Improper food storage"
69706,"20130529",103154,"Low Risk","Unclean or degraded floors walls or ceilings"
69706,"20130529",103156,"Low Risk","Permit license or inspection report not posted"
69706,"20140306",103119,"Moderate Risk","Inadequate and inaccessible handwashing facilities"
69706,"20140306",103156,"Low Risk","Permit license or inspection report not posted"
69706,"20140306",103154,"Low Risk","Unclean or degraded floors walls or ceilings"
69706,"20140306",103147,"Low Risk","Inadequate ventilation or lighting"
69706,"20140306",103145,"Low Risk","Improper storage of equipment utensils or linens"
69706,"20140306",103142,"Low Risk","Unclean nonfood contact surfaces"
69706,"20140306",103139,"Low Risk","Improper food storage"
69706,"20140306",103120,"Moderate Risk","Moderate risk food holding temperature "
69706,"20140306",103114,"High Risk","High risk vermin infestation"
69706,"20140306",103124,"Moderate Risk","Inadequately cleaned or sanitized food contact surfaces"
69706,"20121009",103139,"Low Risk","Improper food storage"
69706,"20121009",103124,"Moderate Risk","Inadequately cleaned or sanitized food contact surfaces"
69706,"20121009",103131,"Moderate Risk","Moderate risk vermin infestation"
69707,"20150211",103102,"High Risk","Unclean hands or improper use of gloves"
69707,"20150211",103139,"Low Risk","Improper food storage"
69707,"20150211",103120,"Moderate Risk","Moderate risk food holding temperature "
69707,"20130829",103120,"Moderate Risk","Moderate risk food holding temperature "
69707,"20130829",103124,"Moderate Risk","Inadequately cleaned or sanitized food contact surfaces"
69707,"20130829",103143,"Low Risk","Inadequate warewashing facilities or equipment"
69707,"20130829",103149,"Low Risk","Wiping cloths not clean or properly stored or inadequate sanitizer"
69707,"20130829",103112,"High Risk","No hot water or running water"
69707,"20130502",103124,"Moderate Risk","Inadequately cleaned or sanitized food contact surfaces"
69707,"20130224",103112,"High Risk","No hot water or running water"
69707,"20140401",103119,"Moderate Risk","Inadequate and inaccessible handwashing facilities"
69708,"20130308",103112,"High Risk","No hot water or running water"
69717,"20131001",103102,"High Risk","Unclean hands or improper use of gloves"
69717,"20131001",103139,"Low Risk","Improper food storage"
69717,"20131001",103120,"Moderate Risk","Moderate risk food holding temperature "
69717,"20131001",103124,"Moderate Risk","Inadequately cleaned or sanitized food contact surfaces"
69717,"20131001",103131,"Moderate Risk","Moderate risk vermin infestation"
69717,"20131211",103161,"Low Risk","Low risk vermin infestation"
69717,"20130228",103154,"Low Risk","Unclean or degraded floors walls or ceilings"
69717,"20130228",103120,"Moderate Risk","Moderate risk food holding temperature "
69717,"20130228",103119,"Moderate Risk","Inadequate and inaccessible handwashing facilities"
69717,"20130228",103149,"Low Risk","Wiping cloths not clean or properly stored or inadequate sanitizer"
69717,"20121004",103168,"N/A",
69717,"20140506",103149,"Low Risk","Wiping cloths not clean or properly stored or inadequate sanitizer"
69717,"20140506",103102,"High Risk","Unclean hands or improper use of gloves"
69717,"20140506",103120,"Moderate Risk","Moderate risk food holding temperature "
69717,"20140506",103144,"Low Risk","Unapproved or unmaintained equipment or utensils"
69717,"20140506",103161,"Low Risk","Low risk vermin infestation"
69717,"20140506",103139,"Low Risk","Improper food storage"
69722,"20130416",103149,"Low Risk","Wiping cloths not clean or properly stored or inadequate sanitizer"
69722,"20130416",103116,"Moderate Risk","Inadequate food safety knowledge or lack of certified food safety manager"
69722,"20120905",103153,"Low Risk","Inadequate dressing rooms or improper storage of personal items"
69722,"20120905",103119,"Moderate Risk","Inadequate and inaccessible handwashing facilities"
69722,"20120905",103116,"Moderate Risk","Inadequate food safety knowledge or lack of certified food safety manager"
69722,"20120905",103102,"High Risk","Unclean hands or improper use of gloves"
69722,"20120905",103115,"High Risk","Other high risk violation"
69722,"20121219",103116,"Moderate Risk","Inadequate food safety knowledge or lack of certified food safety manager"
69722,"20121219",103118,"Moderate Risk","Employee eating or smoking"
69722,"20121219",103139,"Low Risk","Improper food storage"
69722,"20121219",103109,"High Risk","Unclean or unsanitary food contact surfaces"
69722,"20140528",103156,"Low Risk","Permit license or inspection report not posted"
69722,"20140528",103124,"Moderate Risk","Inadequately cleaned or sanitized food contact surfaces"
69722,"20140528",103116,"Moderate Risk","Inadequate food safety knowledge or lack of certified food safety manager"
69722,"20140528",103143,"Low Risk","Inadequate warewashing facilities or equipment"
69733,"20120806",103144,"Low Risk","Unapproved or unmaintained equipment or utensils"
69735,"20130909",103120,"Moderate Risk","Moderate risk food holding temperature "
69735,"20130626",103133,"Moderate Risk","Foods not protected from contamination"
69735,"20130626",103123,"Moderate Risk","Food in poor condition"
69735,"20130626",103147,"Low Risk","Inadequate ventilation or lighting"
69735,"20130909",103139,"Low Risk","Improper food storage"
69735,"20140626",103133,"Moderate Risk","Foods not protected from contamination"
69735,"20140626",103162,"Low Risk","Other low risk violation"
69737,"20131209",103124,"Moderate Risk","Inadequately cleaned or sanitized food contact surfaces"
69737,"20130507",103124,"Moderate Risk","Inadequately cleaned or sanitized food contact surfaces"
69737,"20140505",103172,"High Risk","Mobile food facility with unapproved operating conditions"
69737,"20140505",103124,"Moderate Risk","Inadequately cleaned or sanitized food contact surfaces"
69737,"20140505",103129,"Moderate Risk","Insufficient hot water or running water"
69737,"20140505",103162,"Low Risk","Other low risk violation"
69737,"20121029",103139,"Low Risk","Improper food storage"
69750,"20141104",103119,"Moderate Risk","Inadequate and inaccessible handwashing facilities"
69750,"20141104",103154,"Low Risk","Unclean or degraded floors walls or ceilings"
69750,"20141104",103149,"Low Risk","Wiping cloths not clean or properly stored or inadequate sanitizer"
69750,"20141104",103156,"Low Risk","Permit license or inspection report not posted"
69750,"20141104",103144,"Low Risk","Unapproved or unmaintained equipment or utensils"
69750,"20141104",103133,"Moderate Risk","Foods not protected from contamination"
69750,"20141104",103142,"Low Risk","Unclean nonfood contact surfaces"
69750,"20131008",103119,"Moderate Risk","Inadequate and inaccessible handwashing facilities"
69750,"20131008",103133,"Moderate Risk","Foods not protected from contamination"
69750,"20131008",103154,"Low Risk","Unclean or degraded floors walls or ceilings"
69750,"20131008",103156,"Low Risk","Permit license or inspection report not posted"
69750,"20131008",103157,"Low Risk","Food safety certificate or food handler card not available"
69750,"20131008",103120,"Moderate Risk","Moderate risk food holding temperature "
69750,"20140423",103149,"Low Risk","Wiping cloths not clean or properly stored or inadequate sanitizer"
69750,"20140423",103116,"Moderate Risk","Inadequate food safety knowledge or lack of certified food safety manager"
69750,"20140423",103118,"Moderate Risk","Employee eating or smoking"
69750,"20140423",103138,"Low Risk","Improper storage use or identification of toxic substances"
69750,"20140423",103144,"Low Risk","Unapproved or unmaintained equipment or utensils"
69750,"20140423",103153,"Low Risk","Inadequate dressing rooms or improper storage of personal items"
69750,"20140423",103154,"Low Risk","Unclean or degraded floors walls or ceilings"
69750,"20140423",103133,"Moderate Risk","Foods not protected from contamination"
69750,"20121204",103150,"Low Risk","Improper or defective plumbing"
69750,"20121204",103133,"Moderate Risk","Foods not protected from contamination"
69750,"20121204",103154,"Low Risk","Unclean or degraded floors walls or ceilings"
69750,"20121204",103149,"Low Risk","Wiping cloths not clean or properly stored or inadequate sanitizer"
69750,"20121204",103147,"Low Risk","Inadequate ventilation or lighting"
69750,"20121204",103144,"Low Risk","Unapproved or unmaintained equipment or utensils"
69750,"20121204",103143,"Low Risk","Inadequate warewashing facilities or equipment"
69752,"20141028",103156,"Low Risk","Permit license or inspection report not posted"
69752,"20141028",103133,"Moderate Risk","Foods not protected from contamination"
69752,"20141028",103131,"Moderate Risk","Moderate risk vermin infestation"
69752,"20141028",103149,"Low Risk","Wiping cloths not clean or properly stored or inadequate sanitizer"
69752,"20141028",103155,"Low Risk","Unapproved  living quarters in food facility"
69752,"20130716",103138,"Low Risk","Improper storage use or identification of toxic substances"
69752,"20130716",103144,"Low Risk","Unapproved or unmaintained equipment or utensils"
69752,"20130716",103149,"Low Risk","Wiping cloths not clean or properly stored or inadequate sanitizer"
69752,"20130716",103131,"Moderate Risk","Moderate risk vermin infestation"
69752,"20130716",103119,"Moderate Risk","Inadequate and inaccessible handwashing facilities"
69752,"20130716",103116,"Moderate Risk","Inadequate food safety knowledge or lack of certified food safety manager"
69752,"20130716",103153,"Low Risk","Inadequate dressing rooms or improper storage of personal items"
69752,"20140130",103116,"Moderate Risk","Inadequate food safety knowledge or lack of certified food safety manager"
69752,"20140130",103120,"Moderate Risk","Moderate risk food holding temperature "
69752,"20140130",103133,"Moderate Risk","Foods not protected from contamination"
69752,"20140130",103138,"Low Risk","Improper storage use or identification of toxic substances"
69752,"20140130",103141,"Low Risk","Improper food labeling or menu misrepresentation"
69752,"20140130",103145,"Low Risk","Improper storage of equipment utensils or linens"
69752,"20140130",103144,"Low Risk","Unapproved or unmaintained equipment or utensils"
69752,"20140130",103102,"High Risk","Unclean hands or improper use of gloves"
69752,"20130219",103114,"High Risk","High risk vermin infestation"
69752,"20130219",103135,"Low Risk","No person in charge of food facility"
69752,"20130219",103156,"Low Risk","Permit license or inspection report not posted"
69752,"20130219",103157,"Low Risk","Food safety certificate or food handler card not available"
69752,"20130219",103102,"High Risk","Unclean hands or improper use of gloves"
69753,"20140129",103145,"Low Risk","Improper storage of equipment utensils or linens"
69753,"20130613",103120,"Moderate Risk","Moderate risk food holding temperature "
69758,"20130611",103103,"High Risk","High risk food holding temperature "
69758,"20130611",103129,"Moderate Risk","Insufficient hot water or running water"
69758,"20121024",103152,"Low Risk","Unclean unmaintained or improperly constructed toilet facilities"
69758,"20121024",103129,"Moderate Risk","Insufficient hot water or running water"
69758,"20121024",103161,"Low Risk","Low risk vermin infestation"
69758,"20140609",103120,"Moderate Risk","Moderate risk food holding temperature "
69758,"20140609",103161,"Low Risk","Low risk vermin infestation"
69759,"20150527",103103,"High Risk","High risk food holding temperature "
69759,"20150527",103133,"Moderate Risk","Foods not protected from contamination"
69759,"20150527",103159,"Low Risk","Worker safety hazards"
69759,"20150527",103145,"Low Risk","Improper storage of equipment utensils or linens"
69759,"20121025",103149,"Low Risk","Wiping cloths not clean or properly stored or inadequate sanitizer"
69759,"20121025",103153,"Low Risk","Inadequate dressing rooms or improper storage of personal items"
69759,"20140521",103149,"Low Risk","Wiping cloths not clean or properly stored or inadequate sanitizer"
69759,"20140521",103147,"Low Risk","Inadequate ventilation or lighting"
69759,"20140521",103150,"Low Risk","Improper or defective plumbing"
69759,"20140521",103124,"Moderate Risk","Inadequately cleaned or sanitized food contact surfaces"
69759,"20140521",103131,"Moderate Risk","Moderate risk vermin infestation"
69759,"20140521",103133,"Moderate Risk","Foods not protected from contamination"
69762,"20140310",103139,"Low Risk","Improper food storage"
69762,"20140310",103161,"Low Risk","Low risk vermin infestation"
69762,"20140310",103120,"Moderate Risk","Moderate risk food holding temperature "
69762,"20140310",103157,"Low Risk","Food safety certificate or food handler card not available"
69762,"20140310",103156,"Low Risk","Permit license or inspection report not posted"
69762,"20121119",103157,"Low Risk","Food safety certificate or food handler card not available"
69769,"20140108",103153,"Low Risk","Inadequate dressing rooms or improper storage of personal items"
69769,"20120823",103148,"Low Risk","No thermometers or uncalibrated thermometers "
69769,"20120823",103119,"Moderate Risk","Inadequate and inaccessible handwashing facilities"
69771,"20130522",103124,"Moderate Risk","Inadequately cleaned or sanitized food contact surfaces"
69771,"20130522",103119,"Moderate Risk","Inadequate and inaccessible handwashing facilities"
69781,"20141208",103149,"Low Risk","Wiping cloths not clean or properly stored or inadequate sanitizer"
69781,"20130521",103120,"Moderate Risk","Moderate risk food holding temperature "
69781,"20130521",103139,"Low Risk","Improper food storage"
69781,"20130521",103157,"Low Risk","Food safety certificate or food handler card not available"
69782,"20150217",103108,"High Risk","Contaminated or adulterated food"
69782,"20150217",103116,"Moderate Risk","Inadequate food safety knowledge or lack of certified food safety manager"
69782,"20150217",103109,"High Risk","Unclean or unsanitary food contact surfaces"
69782,"20150217",103145,"Low Risk","Improper storage of equipment utensils or linens"
69782,"20150217",103120,"Moderate Risk","Moderate risk food holding temperature "
69782,"20150217",103132,"Moderate Risk","Improper thawing methods "
69782,"20150217",103144,"Low Risk","Unapproved or unmaintained equipment or utensils"
69782,"20130801",103132,"Moderate Risk","Improper thawing methods "
69782,"20130801",103102,"High Risk","Unclean hands or improper use of gloves"
69782,"20130610",103124,"Moderate Risk","Inadequately cleaned or sanitized food contact surfaces"
69782,"20130610",103144,"Low Risk","Unapproved or unmaintained equipment or utensils"
69782,"20130610",103151,"Low Risk","Inadequate or unsanitary refuse containers or area or no garbage service"
69782,"20130610",103119,"Moderate Risk","Inadequate and inaccessible handwashing facilities"
69782,"20130610",103153,"Low Risk","Inadequate dressing rooms or improper storage of personal items"
69782,"20130610",103133,"Moderate Risk","Foods not protected from contamination"
69782,"20130610",103103,"High Risk","High risk food holding temperature "
69782,"20140226",103102,"High Risk","Unclean hands or improper use of gloves"
69782,"20140226",103120,"Moderate Risk","Moderate risk food holding temperature "
69782,"20140226",103124,"Moderate Risk","Inadequately cleaned or sanitized food contact surfaces"
69782,"20140226",103133,"Moderate Risk","Foods not protected from contamination"
69782,"20140226",103145,"Low Risk","Improper storage of equipment utensils or linens"
69782,"20140418",103105,"High Risk","Improper cooling methods"
69782,"20120814",103120,"Moderate Risk","Moderate risk food holding temperature "
69782,"20120814",103109,"High Risk","Unclean or unsanitary food contact surfaces"
69782,"20120814",103112,"High Risk","No hot water or running water"
69782,"20120814",103119,"Moderate Risk","Inadequate and inaccessible handwashing facilities"
69782,"20120814",103142,"Low Risk","Unclean nonfood contact surfaces"
69782,"20120814",103145,"Low Risk","Improper storage of equipment utensils or linens"
69782,"20120814",103161,"Low Risk","Low risk vermin infestation"
69786,"20150108",103149,"Low Risk","Wiping cloths not clean or properly stored or inadequate sanitizer"
69786,"20131025",103116,"Moderate Risk","Inadequate food safety knowledge or lack of certified food safety manager"
69786,"20131025",103139,"Low Risk","Improper food storage"
69786,"20131025",103144,"Low Risk","Unapproved or unmaintained equipment or utensils"
69786,"20131025",103145,"Low Risk","Improper storage of equipment utensils or linens"
69786,"20131025",103148,"Low Risk","No thermometers or uncalibrated thermometers "
69786,"20140605",103149,"Low Risk","Wiping cloths not clean or properly stored or inadequate sanitizer"
69786,"20140605",103145,"Low Risk","Improper storage of equipment utensils or linens"
69786,"20140605",103143,"Low Risk","Inadequate warewashing facilities or equipment"
69792,"20141117",103143,"Low Risk","Inadequate warewashing facilities or equipment"
69792,"20141117",103154,"Low Risk","Unclean or degraded floors walls or ceilings"
69792,"20141117",103144,"Low Risk","Unapproved or unmaintained equipment or utensils"
69792,"20141117",103139,"Low Risk","Improper food storage"
69792,"20141117",103177,"Low Risk","Non service animal"
69792,"20130725",103131,"Moderate Risk","Moderate risk vermin infestation"
69792,"20130725",103139,"Low Risk","Improper food storage"
69792,"20130725",103154,"Low Risk","Unclean or degraded floors walls or ceilings"
69792,"20130725",103145,"Low Risk","Improper storage of equipment utensils or linens"
69799,"20141103",103149,"Low Risk","Wiping cloths not clean or properly stored or inadequate sanitizer"
69799,"20141103",103154,"Low Risk","Unclean or degraded floors walls or ceilings"
69799,"20141103",103145,"Low Risk","Improper storage of equipment utensils or linens"
69799,"20141103",103161,"Low Risk","Low risk vermin infestation"
69799,"20141103",103132,"Moderate Risk","Improper thawing methods "
69799,"20141103",103133,"Moderate Risk","Foods not protected from contamination"
69799,"20141103",103142,"Low Risk","Unclean nonfood contact surfaces"
69799,"20141103",103147,"Low Risk","Inadequate ventilation or lighting"
69799,"20130905",103154,"Low Risk","Unclean or degraded floors walls or ceilings"
69799,"20130905",103114,"High Risk","High risk vermin infestation"
69799,"20130905",103149,"Low Risk","Wiping cloths not clean or properly stored or inadequate sanitizer"
69799,"20130312",103134,"Moderate Risk","Other moderate risk violation"
69799,"20130312",103114,"High Risk","High risk vermin infestation"
69799,"20130312",103149,"Low Risk","Wiping cloths not clean or properly stored or inadequate sanitizer"
69799,"20120822",103131,"Moderate Risk","Moderate risk vermin infestation"
69799,"20120822",103144,"Low Risk","Unapproved or unmaintained equipment or utensils"
69799,"20120822",103134,"Moderate Risk","Other moderate risk violation"
69799,"20120822",103149,"Low Risk","Wiping cloths not clean or properly stored or inadequate sanitizer"
69799,"20140604",103154,"Low Risk","Unclean or degraded floors walls or ceilings"
69799,"20140604",103133,"Moderate Risk","Foods not protected from contamination"
69799,"20140604",103142,"Low Risk","Unclean nonfood contact surfaces"
69799,"20140604",103147,"Low Risk","Inadequate ventilation or lighting"
69799,"20140604",103149,"Low Risk","Wiping cloths not clean or properly stored or inadequate sanitizer"
69799,"20140604",103150,"Low Risk","Improper or defective plumbing"
69803,"20130426",103149,"Low Risk","Wiping cloths not clean or properly stored or inadequate sanitizer"
69803,"20140326",103104,"High Risk","Unauthorized or unsafe use of time as a public health control measure"
69803,"20140326",103121,"Moderate Risk","Inadequate procedures or records for time as a public health control "
69803,"20140326",103103,"High Risk","High risk food holding temperature "
69803,"20130125",103103,"High Risk","High risk food holding temperature "
69803,"20130125",103149,"Low Risk","Wiping cloths not clean or properly stored or inadequate sanitizer"
69803,"20130125",103119,"Moderate Risk","Inadequate and inaccessible handwashing facilities"
69803,"20130125",103162,"Low Risk","Other low risk violation"
69803,"20130125",103162,"Low Risk","Other low risk violation"
69803,"20130125",103157,"Low Risk","Food safety certificate or food handler card not available"
69804,"20130926",103148,"Low Risk","No thermometers or uncalibrated thermometers "
69804,"20130926",103116,"Moderate Risk","Inadequate food safety knowledge or lack of certified food safety manager"
69813,"20150511",103133,"Moderate Risk","Foods not protected from contamination"
69813,"20130924",103128,"Moderate Risk","Consumer advisory not provided for raw or undercooked foods"
69813,"20130924",103131,"Moderate Risk","Moderate risk vermin infestation"
69813,"20130315",103157,"Low Risk","Food safety certificate or food handler card not available"
69822,"20150406",103144,"Low Risk","Unapproved or unmaintained equipment or utensils"
69822,"20150406",103119,"Moderate Risk","Inadequate and inaccessible handwashing facilities"
69822,"20150406",103139,"Low Risk","Improper food storage"
69822,"20150406",103157,"Low Risk","Food safety certificate or food handler card not available"
69822,"20150406",103121,"Moderate Risk","Inadequate procedures or records for time as a public health control "
69822,"20150406",103142,"Low Risk","Unclean nonfood contact surfaces"
69822,"20150406",103161,"Low Risk","Low risk vermin infestation"
69822,"20140121",103144,"Low Risk","Unapproved or unmaintained equipment or utensils"
69822,"20131030",103119,"Moderate Risk","Inadequate and inaccessible handwashing facilities"
69822,"20140121",103120,"Moderate Risk","Moderate risk food holding temperature "
69822,"20130508",103116,"Moderate Risk","Inadequate food safety knowledge or lack of certified food safety manager"
69822,"20130508",103120,"Moderate Risk","Moderate risk food holding temperature "
69822,"20121025",103149,"Low Risk","Wiping cloths not clean or properly stored or inadequate sanitizer"
69822,"20121025",103134,"Moderate Risk","Other moderate risk violation"
69822,"20121025",103104,"High Risk","Unauthorized or unsafe use of time as a public health control measure"
69822,"20140618",103157,"Low Risk","Food safety certificate or food handler card not available"
69822,"20140618",103154,"Low Risk","Unclean or degraded floors walls or ceilings"
69822,"20140618",103149,"Low Risk","Wiping cloths not clean or properly stored or inadequate sanitizer"
69822,"20140618",103124,"Moderate Risk","Inadequately cleaned or sanitized food contact surfaces"
69822,"20140618",103120,"Moderate Risk","Moderate risk food holding temperature "
69828,"20141107",103103,"High Risk","High risk food holding temperature "
69828,"20130404",103154,"Low Risk","Unclean or degraded floors walls or ceilings"
69830,"20140914",103109,"High Risk","Unclean or unsanitary food contact surfaces"
69830,"20140914",103148,"Low Risk","No thermometers or uncalibrated thermometers "
69830,"20150603",103143,"Low Risk","Inadequate warewashing facilities or equipment"
69830,"20131210",103149,"Low Risk","Wiping cloths not clean or properly stored or inadequate sanitizer"
69830,"20131210",103156,"Low Risk","Permit license or inspection report not posted"
69830,"20131210",103124,"Moderate Risk","Inadequately cleaned or sanitized food contact surfaces"
69830,"20131210",103143,"Low Risk","Inadequate warewashing facilities or equipment"
69830,"20131210",103138,"Low Risk","Improper storage use or identification of toxic substances"
69830,"20140211",103124,"Moderate Risk","Inadequately cleaned or sanitized food contact surfaces"
69830,"20140725",103124,"Moderate Risk","Inadequately cleaned or sanitized food contact surfaces"
69830,"20140725",103119,"Moderate Risk","Inadequate and inaccessible handwashing facilities"
69830,"20140725",103149,"Low Risk","Wiping cloths not clean or properly stored or inadequate sanitizer"
69830,"20140725",103156,"Low Risk","Permit license or inspection report not posted"
69849,"20150518",103124,"Moderate Risk","Inadequately cleaned or sanitized food contact surfaces"
69849,"20150518",103119,"Moderate Risk","Inadequate and inaccessible handwashing facilities"
69849,"20150518",103120,"Moderate Risk","Moderate risk food holding temperature "
69849,"20150518",103139,"Low Risk","Improper food storage"
69849,"20131002",103116,"Moderate Risk","Inadequate food safety knowledge or lack of certified food safety manager"
69849,"20131002",103154,"Low Risk","Unclean or degraded floors walls or ceilings"
69849,"20131002",103124,"Moderate Risk","Inadequately cleaned or sanitized food contact surfaces"
69849,"20140416",103142,"Low Risk","Unclean nonfood contact surfaces"
69849,"20140416",103116,"Moderate Risk","Inadequate food safety knowledge or lack of certified food safety manager"
69849,"20140416",103120,"Moderate Risk","Moderate risk food holding temperature "
69849,"20140416",103133,"Moderate Risk","Foods not protected from contamination"
69849,"20130103",103154,"Low Risk","Unclean or degraded floors walls or ceilings"
69849,"20130103",103142,"Low Risk","Unclean nonfood contact surfaces"
69849,"20130103",103139,"Low Risk","Improper food storage"
69850,"20130905",103103,"High Risk","High risk food holding temperature "
69850,"20130905",103172,"High Risk","Mobile food facility with unapproved operating conditions"
69850,"20130905",103124,"Moderate Risk","Inadequately cleaned or sanitized food contact surfaces"
69850,"20130306",103102,"High Risk","Unclean hands or improper use of gloves"
69850,"20130306",103119,"Moderate Risk","Inadequate and inaccessible handwashing facilities"
69850,"20140318",103157,"Low Risk","Food safety certificate or food handler card not available"
69850,"20140423",103119,"Moderate Risk","Inadequate and inaccessible handwashing facilities"
69850,"20140318",103119,"Moderate Risk","Inadequate and inaccessible handwashing facilities"
69850,"20140318",103129,"Moderate Risk","Insufficient hot water or running water"
69850,"20140318",103138,"Low Risk","Improper storage use or identification of toxic substances"
69850,"20140318",103156,"Low Risk","Permit license or inspection report not posted"
69850,"20140423",103157,"Low Risk","Food safety certificate or food handler card not available"
69850,"20140423",103156,"Low Risk","Permit license or inspection report not posted"
69850,"20140423",103124,"Moderate Risk","Inadequately cleaned or sanitized food contact surfaces"
69861,"20140909",103119,"Moderate Risk","Inadequate and inaccessible handwashing facilities"
69861,"20140909",103156,"Low Risk","Permit license or inspection report not posted"
69861,"20140909",103154,"Low Risk","Unclean or degraded floors walls or ceilings"
69861,"20140909",103139,"Low Risk","Improper food storage"
69861,"20130806",103120,"Moderate Risk","Moderate risk food holding temperature "
69861,"20140411",103119,"Moderate Risk","Inadequate and inaccessible handwashing facilities"
69861,"20140411",103139,"Low Risk","Improper food storage"
69863,"20131008",103149,"Low Risk","Wiping cloths not clean or properly stored or inadequate sanitizer"
69863,"20131008",103119,"Moderate Risk","Inadequate and inaccessible handwashing facilities"
69863,"20131008",103143,"Low Risk","Inadequate warewashing facilities or equipment"
69863,"20130425",103149,"Low Risk","Wiping cloths not clean or properly stored or inadequate sanitizer"
69863,"20130425",103144,"Low Risk","Unapproved or unmaintained equipment or utensils"
69863,"20130425",103133,"Moderate Risk","Foods not protected from contamination"
69863,"20130425",103129,"Moderate Risk","Insufficient hot water or running water"
69863,"20130425",103124,"Moderate Risk","Inadequately cleaned or sanitized food contact surfaces"
69863,"20130425",103120,"Moderate Risk","Moderate risk food holding temperature "
69863,"20140414",103124,"Moderate Risk","Inadequately cleaned or sanitized food contact surfaces"
69881,"20150105",103121,"Moderate Risk","Inadequate procedures or records for time as a public health control "
69881,"20150105",103124,"Moderate Risk","Inadequately cleaned or sanitized food contact surfaces"
69881,"20150105",103148,"Low Risk","No thermometers or uncalibrated thermometers "
69881,"20150105",103129,"Moderate Risk","Insufficient hot water or running water"
69881,"20130913",103103,"High Risk","High risk food holding temperature "
69881,"20140602",103149,"Low Risk","Wiping cloths not clean or properly stored or inadequate sanitizer"
69883,"20131007",103105,"High Risk","Improper cooling methods"
69883,"20131007",103133,"Moderate Risk","Foods not protected from contamination"
69883,"20131007",103156,"Low Risk","Permit license or inspection report not posted"
69883,"20131007",103145,"Low Risk","Improper storage of equipment utensils or linens"
69883,"20131007",103139,"Low Risk","Improper food storage"
69883,"20131007",103124,"Moderate Risk","Inadequately cleaned or sanitized food contact surfaces"
69883,"20131007",103103,"High Risk","High risk food holding temperature "
69883,"20140224",103139,"Low Risk","Improper food storage"
69883,"20140224",103118,"Moderate Risk","Employee eating or smoking"
69883,"20140224",103133,"Moderate Risk","Foods not protected from contamination"
69883,"20140224",103149,"Low Risk","Wiping cloths not clean or properly stored or inadequate sanitizer"
69883,"20130108",103103,"High Risk","High risk food holding temperature "
69883,"20130108",103154,"Low Risk","Unclean or degraded floors walls or ceilings"
69883,"20130108",103142,"Low Risk","Unclean nonfood contact surfaces"
69883,"20130108",103139,"Low Risk","Improper food storage"
69883,"20130108",103116,"Moderate Risk","Inadequate food safety knowledge or lack of certified food safety manager"
69883,"20130108",103105,"High Risk","Improper cooling methods"
69883,"20130108",103124,"Moderate Risk","Inadequately cleaned or sanitized food contact surfaces"
69883,"20130108",103132,"Moderate Risk","Improper thawing methods "
69883,"20130108",103133,"Moderate Risk","Foods not protected from contamination"
69883,"20140610",103139,"Low Risk","Improper food storage"
69883,"20140610",103154,"Low Risk","Unclean or degraded floors walls or ceilings"
69883,"20140610",103133,"Moderate Risk","Foods not protected from contamination"
69883,"20140610",103112,"High Risk","No hot water or running water"
69883,"20140610",103142,"Low Risk","Unclean nonfood contact surfaces"
69883,"20140610",103113,"High Risk","Sewage or wastewater contamination"
69883,"20140610",103124,"Moderate Risk","Inadequately cleaned or sanitized food contact surfaces"
69884,"20150506",103139,"Low Risk","Improper food storage"
69884,"20150506",103129,"Moderate Risk","Insufficient hot water or running water"
69884,"20150506",103119,"Moderate Risk","Inadequate and inaccessible handwashing facilities"
69884,"20131113",103120,"Moderate Risk","Moderate risk food holding temperature "
69884,"20131113",103133,"Moderate Risk","Foods not protected from contamination"
69884,"20131113",103119,"Moderate Risk","Inadequate and inaccessible handwashing facilities"
69884,"20130419",103120,"Moderate Risk","Moderate risk food holding temperature "
69884,"20130419",103144,"Low Risk","Unapproved or unmaintained equipment or utensils"
69884,"20130419",103138,"Low Risk","Improper storage use or identification of toxic substances"
69884,"20130419",103133,"Moderate Risk","Foods not protected from contamination"
69884,"20130419",103102,"High Risk","Unclean hands or improper use of gloves"
69885,"20140904",103133,"Moderate Risk","Foods not protected from contamination"
69885,"20131204",103149,"Low Risk","Wiping cloths not clean or properly stored or inadequate sanitizer"
69885,"20131204",103120,"Moderate Risk","Moderate risk food holding temperature "
69885,"20131204",103116,"Moderate Risk","Inadequate food safety knowledge or lack of certified food safety manager"
69885,"20130605",103157,"Low Risk","Food safety certificate or food handler card not available"
69885,"20130605",103147,"Low Risk","Inadequate ventilation or lighting"
69885,"20130605",103105,"High Risk","Improper cooling methods"
69885,"20130605",103120,"Moderate Risk","Moderate risk food holding temperature "
69885,"20130605",103132,"Moderate Risk","Improper thawing methods "
69895,"20130906",103159,"Low Risk","Worker safety hazards"
69895,"20140418",103156,"Low Risk","Permit license or inspection report not posted"
69895,"20140418",103139,"Low Risk","Improper food storage"
69904,"20130723",103102,"High Risk","Unclean hands or improper use of gloves"
69904,"20130723",103133,"Moderate Risk","Foods not protected from contamination"
69904,"20130723",103124,"Moderate Risk","Inadequately cleaned or sanitized food contact surfaces"
69904,"20130723",103103,"High Risk","High risk food holding temperature "
69904,"20140416",103131,"Moderate Risk","Moderate risk vermin infestation"
69904,"20140416",103139,"Low Risk","Improper food storage"
69904,"20140416",103144,"Low Risk","Unapproved or unmaintained equipment or utensils"
69904,"20140416",103159,"Low Risk","Worker safety hazards"
69904,"20140416",103109,"High Risk","Unclean or unsanitary food contact surfaces"
69904,"20140416",103119,"Moderate Risk","Inadequate and inaccessible handwashing facilities"
69904,"20121011",103168,"N/A",
69904,"20130108",103144,"Low Risk","Unapproved or unmaintained equipment or utensils"
69904,"20130108",103120,"Moderate Risk","Moderate risk food holding temperature "
69904,"20130108",103119,"Moderate Risk","Inadequate and inaccessible handwashing facilities"
69906,"20140108",103144,"Low Risk","Unapproved or unmaintained equipment or utensils"
69906,"20140108",103119,"Moderate Risk","Inadequate and inaccessible handwashing facilities"
69906,"20140108",103131,"Moderate Risk","Moderate risk vermin infestation"
69906,"20140108",103139,"Low Risk","Improper food storage"
69906,"20140108",103116,"Moderate Risk","Inadequate food safety knowledge or lack of certified food safety manager"
69906,"20121011",103119,"Moderate Risk","Inadequate and inaccessible handwashing facilities"
69906,"20121011",103147,"Low Risk","Inadequate ventilation or lighting"
69906,"20140517",103149,"Low Risk","Wiping cloths not clean or properly stored or inadequate sanitizer"
69906,"20140517",103124,"Moderate Risk","Inadequately cleaned or sanitized food contact surfaces"
69909,"20140820",103139,"Low Risk","Improper food storage"
69909,"20140820",103154,"Low Risk","Unclean or degraded floors walls or ceilings"
69909,"20130808",103139,"Low Risk","Improper food storage"
69909,"20130808",103154,"Low Risk","Unclean or degraded floors walls or ceilings"
69909,"20130808",103151,"Low Risk","Inadequate or unsanitary refuse containers or area or no garbage service"
69909,"20130808",103119,"Moderate Risk","Inadequate and inaccessible handwashing facilities"
69909,"20140325",103154,"Low Risk","Unclean or degraded floors walls or ceilings"
69909,"20140325",103139,"Low Risk","Improper food storage"
69909,"20130115",103139,"Low Risk","Improper food storage"
69909,"20130115",103119,"Moderate Risk","Inadequate and inaccessible handwashing facilities"
69938,"20150120",103119,"Moderate Risk","Inadequate and inaccessible handwashing facilities"
69938,"20131217",103159,"Low Risk","Worker safety hazards"
69938,"20131217",103149,"Low Risk","Wiping cloths not clean or properly stored or inadequate sanitizer"
69938,"20131217",103142,"Low Risk","Unclean nonfood contact surfaces"
69938,"20131217",103103,"High Risk","High risk food holding temperature "
69938,"20130506",103119,"Moderate Risk","Inadequate and inaccessible handwashing facilities"
69938,"20130506",103124,"Moderate Risk","Inadequately cleaned or sanitized food contact surfaces"
69938,"20130506",103154,"Low Risk","Unclean or degraded floors walls or ceilings"
69938,"20130506",103149,"Low Risk","Wiping cloths not clean or properly stored or inadequate sanitizer"
69938,"20130506",103148,"Low Risk","No thermometers or uncalibrated thermometers "
69938,"20130506",103103,"High Risk","High risk food holding temperature "
69938,"20121004",103148,"Low Risk","No thermometers or uncalibrated thermometers "
69938,"20121004",103144,"Low Risk","Unapproved or unmaintained equipment or utensils"
69938,"20121012",103144,"Low Risk","Unapproved or unmaintained equipment or utensils"
69938,"20121012",103150,"Low Risk","Improper or defective plumbing"
69938,"20121004",103143,"Low Risk","Inadequate warewashing facilities or equipment"
69941,"20130826",103161,"Low Risk","Low risk vermin infestation"
69941,"20130826",103132,"Moderate Risk","Improper thawing methods "
69941,"20130826",103154,"Low Risk","Unclean or degraded floors walls or ceilings"
69941,"20121127",103154,"Low Risk","Unclean or degraded floors walls or ceilings"
69941,"20121127",103139,"Low Risk","Improper food storage"
69941,"20121127",103133,"Moderate Risk","Foods not protected from contamination"
69941,"20140716",103132,"Moderate Risk","Improper thawing methods "
69941,"20140716",103119,"Moderate Risk","Inadequate and inaccessible handwashing facilities"
69941,"20140716",103105,"High Risk","Improper cooling methods"
69941,"20140716",103103,"High Risk","High risk food holding temperature "
69941,"20140716",103124,"Moderate Risk","Inadequately cleaned or sanitized food contact surfaces"
69941,"20140716",103133,"Moderate Risk","Foods not protected from contamination"
69941,"20140716",103148,"Low Risk","No thermometers or uncalibrated thermometers "
69942,"20150429",103105,"High Risk","Improper cooling methods"
69942,"20150429",103139,"Low Risk","Improper food storage"
69942,"20130917",103154,"Low Risk","Unclean or degraded floors walls or ceilings"
69942,"20130917",103139,"Low Risk","Improper food storage"
69942,"20130917",103161,"Low Risk","Low risk vermin infestation"
69942,"20140407",103161,"Low Risk","Low risk vermin infestation"
69942,"20140407",103154,"Low Risk","Unclean or degraded floors walls or ceilings"
69942,"20120822",103107,"High Risk","Improper reheating of food"
69945,"20150316",103103,"High Risk","High risk food holding temperature "
69945,"20150316",103129,"Moderate Risk","Insufficient hot water or running water"
69945,"20150316",103144,"Low Risk","Unapproved or unmaintained equipment or utensils"
69945,"20130715",103147,"Low Risk","Inadequate ventilation or lighting"
69945,"20130715",103124,"Moderate Risk","Inadequately cleaned or sanitized food contact surfaces"
69945,"20130715",103112,"High Risk","No hot water or running water"
69945,"20131202",103103,"High Risk","High risk food holding temperature "
69945,"20131202",103119,"Moderate Risk","Inadequate and inaccessible handwashing facilities"
69945,"20131202",103129,"Moderate Risk","Insufficient hot water or running water"
69945,"20121022",103102,"High Risk","Unclean hands or improper use of gloves"
69945,"20121022",103120,"Moderate Risk","Moderate risk food holding temperature "
69945,"20121022",103144,"Low Risk","Unapproved or unmaintained equipment or utensils"
69945,"20130226",103142,"Low Risk","Unclean nonfood contact surfaces"
69945,"20130226",103147,"Low Risk","Inadequate ventilation or lighting"
69957,"20141105",103124,"Moderate Risk","Inadequately cleaned or sanitized food contact surfaces"
69957,"20141105",103144,"Low Risk","Unapproved or unmaintained equipment or utensils"
69957,"20150316",103147,"Low Risk","Inadequate ventilation or lighting"
69957,"20150316",103149,"Low Risk","Wiping cloths not clean or properly stored or inadequate sanitizer"
69957,"20130615",103157,"Low Risk","Food safety certificate or food handler card not available"
69957,"20130615",103149,"Low Risk","Wiping cloths not clean or properly stored or inadequate sanitizer"
69957,"20130615",103154,"Low Risk","Unclean or degraded floors walls or ceilings"
69957,"20130615",103161,"Low Risk","Low risk vermin infestation"
69957,"20140425",103152,"Low Risk","Unclean unmaintained or improperly constructed toilet facilities"
69957,"20140425",103131,"Moderate Risk","Moderate risk vermin infestation"
69962,"20130920",103104,"High Risk","Unauthorized or unsafe use of time as a public health control measure"
69962,"20130920",103102,"High Risk","Unclean hands or improper use of gloves"
69962,"20130920",103130,"Moderate Risk","Inadequate sewage or wastewater disposal"
69962,"20130920",103119,"Moderate Risk","Inadequate and inaccessible handwashing facilities"
69962,"20130920",103116,"Moderate Risk","Inadequate food safety knowledge or lack of certified food safety manager"
69962,"20130920",103114,"High Risk","High risk vermin infestation"
69962,"20130920",103109,"High Risk","Unclean or unsanitary food contact surfaces"
69962,"20130920",103108,"High Risk","Contaminated or adulterated food"
69962,"20130920",103148,"Low Risk","No thermometers or uncalibrated thermometers "
69962,"20140716",103114,"High Risk","High risk vermin infestation"
69962,"20140716",103108,"High Risk","Contaminated or adulterated food"
69962,"20140716",103103,"High Risk","High risk food holding temperature "
69962,"20140716",103102,"High Risk","Unclean hands or improper use of gloves"
69976,"20131106",103139,"Low Risk","Improper food storage"
69976,"20131106",103116,"Moderate Risk","Inadequate food safety knowledge or lack of certified food safety manager"
69976,"20130122",103157,"Low Risk","Food safety certificate or food handler card not available"
69976,"20130122",103129,"Moderate Risk","Insufficient hot water or running water"
69976,"20130122",103139,"Low Risk","Improper food storage"
69976,"20140529",103139,"Low Risk","Improper food storage"
69978,"20141105",103124,"Moderate Risk","Inadequately cleaned or sanitized food contact surfaces"
69978,"20141105",103120,"Moderate Risk","Moderate risk food holding temperature "
69978,"20130919",103148,"Low Risk","No thermometers or uncalibrated thermometers "
69978,"20130919",103120,"Moderate Risk","Moderate risk food holding temperature "
69978,"20130919",103116,"Moderate Risk","Inadequate food safety knowledge or lack of certified food safety manager"
69978,"20130919",103105,"High Risk","Improper cooling methods"
69978,"20130919",103119,"Moderate Risk","Inadequate and inaccessible handwashing facilities"
69984,"20141030",103103,"High Risk","High risk food holding temperature "
69984,"20150126",103149,"Low Risk","Wiping cloths not clean or properly stored or inadequate sanitizer"
69984,"20150126",103147,"Low Risk","Inadequate ventilation or lighting"
69984,"20150126",103145,"Low Risk","Improper storage of equipment utensils or linens"
69984,"20130912",103139,"Low Risk","Improper food storage"
69984,"20130912",103103,"High Risk","High risk food holding temperature "
69984,"20130912",103144,"Low Risk","Unapproved or unmaintained equipment or utensils"
69984,"20140226",103132,"Moderate Risk","Improper thawing methods "
69984,"20140226",103121,"Moderate Risk","Inadequate procedures or records for time as a public health control "
69984,"20120928",103119,"Moderate Risk","Inadequate and inaccessible handwashing facilities"
69984,"20120928",103149,"Low Risk","Wiping cloths not clean or properly stored or inadequate sanitizer"
69984,"20120928",103121,"Moderate Risk","Inadequate procedures or records for time as a public health control "
69984,"20130212",103120,"Moderate Risk","Moderate risk food holding temperature "
69984,"20130212",103124,"Moderate Risk","Inadequately cleaned or sanitized food contact surfaces"
69984,"20130212",103135,"Low Risk","No person in charge of food facility"
69988,"20130908",103156,"Low Risk","Permit license or inspection report not posted"
69988,"20131016",103122,"Moderate Risk","Reservice of previously served foods"
69988,"20131016",103149,"Low Risk","Wiping cloths not clean or properly stored or inadequate sanitizer"
69988,"20131016",103124,"Moderate Risk","Inadequately cleaned or sanitized food contact surfaces"
69988,"20130516",103119,"Moderate Risk","Inadequate and inaccessible handwashing facilities"
69988,"20130516",103149,"Low Risk","Wiping cloths not clean or properly stored or inadequate sanitizer"
69988,"20130516",103144,"Low Risk","Unapproved or unmaintained equipment or utensils"
69988,"20130516",103124,"Moderate Risk","Inadequately cleaned or sanitized food contact surfaces"
69988,"20120916",103139,"Low Risk","Improper food storage"
69988,"20130112",103120,"Moderate Risk","Moderate risk food holding temperature "
69988,"20121209",103120,"Moderate Risk","Moderate risk food holding temperature "
69988,"20140626",103120,"Moderate Risk","Moderate risk food holding temperature "
69988,"20140626",103144,"Low Risk","Unapproved or unmaintained equipment or utensils"
70014,"20150325",103109,"High Risk","Unclean or unsanitary food contact surfaces"
70014,"20150325",103112,"High Risk","No hot water or running water"
70014,"20150325",103139,"Low Risk","Improper food storage"
70014,"20150325",103120,"Moderate Risk","Moderate risk food holding temperature "
70016,"20141009",103154,"Low Risk","Unclean or degraded floors walls or ceilings"
70016,"20140227",103120,"Moderate Risk","Moderate risk food holding temperature "
70016,"20140227",103119,"Moderate Risk","Inadequate and inaccessible handwashing facilities"
70017,"20141118",103103,"High Risk","High risk food holding temperature "
70017,"20141118",103156,"Low Risk","Permit license or inspection report not posted"
70017,"20141118",103158,"Low Risk","Unpermitted food facility"
70017,"20130626",103149,"Low Risk","Wiping cloths not clean or properly stored or inadequate sanitizer"
70017,"20130626",103139,"Low Risk","Improper food storage"
70017,"20130626",103132,"Moderate Risk","Improper thawing methods "
70017,"20130626",103120,"Moderate Risk","Moderate risk food holding temperature "
70017,"20140109",103156,"Low Risk","Permit license or inspection report not posted"
70017,"20140109",103145,"Low Risk","Improper storage of equipment utensils or linens"
70017,"20140109",103157,"Low Risk","Food safety certificate or food handler card not available"
70017,"20140109",103149,"Low Risk","Wiping cloths not clean or properly stored or inadequate sanitizer"
70017,"20140109",103142,"Low Risk","Unclean nonfood contact surfaces"
70019,"20130904",103142,"Low Risk","Unclean nonfood contact surfaces"
70019,"20130904",103154,"Low Risk","Unclean or degraded floors walls or ceilings"
70019,"20130904",103144,"Low Risk","Unapproved or unmaintained equipment or utensils"
70019,"20130904",103139,"Low Risk","Improper food storage"
70019,"20130904",103109,"High Risk","Unclean or unsanitary food contact surfaces"
70019,"20130904",103114,"High Risk","High risk vermin infestation"
70019,"20130904",103133,"Moderate Risk","Foods not protected from contamination"
70019,"20140708",103142,"Low Risk","Unclean nonfood contact surfaces"
70019,"20140708",103154,"Low Risk","Unclean or degraded floors walls or ceilings"
70019,"20140708",103116,"Moderate Risk","Inadequate food safety knowledge or lack of certified food safety manager"
70019,"20140708",103161,"Low Risk","Low risk vermin infestation"
70022,"20150128",103105,"High Risk","Improper cooling methods"
70022,"20150128",103139,"Low Risk","Improper food storage"
70022,"20150128",103103,"High Risk","High risk food holding temperature "
70022,"20150128",103131,"Moderate Risk","Moderate risk vermin infestation"
70022,"20130917",103149,"Low Risk","Wiping cloths not clean or properly stored or inadequate sanitizer"
70022,"20130917",103133,"Moderate Risk","Foods not protected from contamination"
70022,"20140604",103139,"Low Risk","Improper food storage"
70022,"20140604",103103,"High Risk","High risk food holding temperature "
70033,"20130430",103144,"Low Risk","Unapproved or unmaintained equipment or utensils"
70033,"20130430",103149,"Low Risk","Wiping cloths not clean or properly stored or inadequate sanitizer"
70033,"20130430",103157,"Low Risk","Food safety certificate or food handler card not available"
70033,"20130430",103119,"Moderate Risk","Inadequate and inaccessible handwashing facilities"
70033,"20140506",103144,"Low Risk","Unapproved or unmaintained equipment or utensils"
70033,"20140506",103145,"Low Risk","Improper storage of equipment utensils or linens"
70033,"20140506",103148,"Low Risk","No thermometers or uncalibrated thermometers "
70033,"20140506",103149,"Low Risk","Wiping cloths not clean or properly stored or inadequate sanitizer"
70034,"20131107",103103,"High Risk","High risk food holding temperature "
70034,"20140606",103129,"Moderate Risk","Insufficient hot water or running water"
70044,"20141021",103124,"Moderate Risk","Inadequately cleaned or sanitized food contact surfaces"
70044,"20141021",103120,"Moderate Risk","Moderate risk food holding temperature "
70044,"20141021",103157,"Low Risk","Food safety certificate or food handler card not available"
70044,"20130715",103120,"Moderate Risk","Moderate risk food holding temperature "
70044,"20130715",103139,"Low Risk","Improper food storage"
70044,"20130715",103148,"Low Risk","No thermometers or uncalibrated thermometers "
70044,"20130715",103157,"Low Risk","Food safety certificate or food handler card not available"
70044,"20130715",103124,"Moderate Risk","Inadequately cleaned or sanitized food contact surfaces"
70044,"20130415",103124,"Moderate Risk","Inadequately cleaned or sanitized food contact surfaces"
70044,"20130415",103129,"Moderate Risk","Insufficient hot water or running water"
70044,"20130415",103149,"Low Risk","Wiping cloths not clean or properly stored or inadequate sanitizer"
70044,"20130415",103119,"Moderate Risk","Inadequate and inaccessible handwashing facilities"
70044,"20130415",103116,"Moderate Risk","Inadequate food safety knowledge or lack of certified food safety manager"
70044,"20130415",103132,"Moderate Risk","Improper thawing methods "
70044,"20140402",103116,"Moderate Risk","Inadequate food safety knowledge or lack of certified food safety manager"
70044,"20140402",103112,"High Risk","No hot water or running water"
70044,"20140402",103124,"Moderate Risk","Inadequately cleaned or sanitized food contact surfaces"
70044,"20140618",103170,"High Risk","Mobile food facility not operating with an approved commissary"
70044,"20140618",103162,"Low Risk","Other low risk violation"
70044,"20140618",103156,"Low Risk","Permit license or inspection report not posted"
70044,"20140618",103149,"Low Risk","Wiping cloths not clean or properly stored or inadequate sanitizer"
70044,"20140618",103139,"Low Risk","Improper food storage"
70044,"20140618",103124,"Moderate Risk","Inadequately cleaned or sanitized food contact surfaces"
70044,"20140618",103119,"Moderate Risk","Inadequate and inaccessible handwashing facilities"
70044,"20140618",103112,"High Risk","No hot water or running water"
70044,"20140618",103102,"High Risk","Unclean hands or improper use of gloves"
70045,"20140626",103120,"Moderate Risk","Moderate risk food holding temperature "
70045,"20140626",103124,"Moderate Risk","Inadequately cleaned or sanitized food contact surfaces"
70045,"20140626",103156,"Low Risk","Permit license or inspection report not posted"
70048,"20141124",103118,"Moderate Risk","Employee eating or smoking"
70048,"20141124",103154,"Low Risk","Unclean or degraded floors walls or ceilings"
70048,"20141124",103145,"Low Risk","Improper storage of equipment utensils or linens"
70048,"20141124",103103,"High Risk","High risk food holding temperature "
70048,"20141124",103114,"High Risk","High risk vermin infestation"
70048,"20141124",103108,"High Risk","Contaminated or adulterated food"
70048,"20130806",103154,"Low Risk","Unclean or degraded floors walls or ceilings"
70048,"20130806",103133,"Moderate Risk","Foods not protected from contamination"
70048,"20130806",103149,"Low Risk","Wiping cloths not clean or properly stored or inadequate sanitizer"
70048,"20140128",103142,"Low Risk","Unclean nonfood contact surfaces"
70048,"20140128",103154,"Low Risk","Unclean or degraded floors walls or ceilings"
70048,"20140128",103124,"Moderate Risk","Inadequately cleaned or sanitized food contact surfaces"
70048,"20140128",103120,"Moderate Risk","Moderate risk food holding temperature "
70048,"20130206",103109,"High Risk","Unclean or unsanitary food contact surfaces"
70048,"20130206",103117,"Moderate Risk","Discharge from employee nose mouth or eye"
70048,"20130206",103119,"Moderate Risk","Inadequate and inaccessible handwashing facilities"
70048,"20130206",103144,"Low Risk","Unapproved or unmaintained equipment or utensils"
70048,"20130206",103145,"Low Risk","Improper storage of equipment utensils or linens"
70048,"20130206",103149,"Low Risk","Wiping cloths not clean or properly stored or inadequate sanitizer"
70058,"20140206",103112,"High Risk","No hot water or running water"
70058,"20130507",103119,"Moderate Risk","Inadequate and inaccessible handwashing facilities"
70058,"20130507",103124,"Moderate Risk","Inadequately cleaned or sanitized food contact surfaces"
70058,"20121210",103139,"Low Risk","Improper food storage"
70058,"20121210",103109,"High Risk","Unclean or unsanitary food contact surfaces"
70058,"20121210",103129,"Moderate Risk","Insufficient hot water or running water"
70064,"20150519",103120,"Moderate Risk","Moderate risk food holding temperature "
70064,"20150519",103154,"Low Risk","Unclean or degraded floors walls or ceilings"
70064,"20150519",103144,"Low Risk","Unapproved or unmaintained equipment or utensils"
70064,"20130924",103109,"High Risk","Unclean or unsanitary food contact surfaces"
70064,"20130924",103157,"Low Risk","Food safety certificate or food handler card not available"
70064,"20130924",103139,"Low Risk","Improper food storage"
70064,"20130315",103156,"Low Risk","Permit license or inspection report not posted"
70064,"20130315",103119,"Moderate Risk","Inadequate and inaccessible handwashing facilities"
70064,"20140319",103103,"High Risk","High risk food holding temperature "
70064,"20121022",103105,"High Risk","Improper cooling methods"
70068,"20141210",103116,"Moderate Risk","Inadequate food safety knowledge or lack of certified food safety manager"
70068,"20141210",103142,"Low Risk","Unclean nonfood contact surfaces"
70068,"20141210",103133,"Moderate Risk","Foods not protected from contamination"
70068,"20141210",103149,"Low Risk","Wiping cloths not clean or properly stored or inadequate sanitizer"
70068,"20141210",103103,"High Risk","High risk food holding temperature "
70068,"20130715",103144,"Low Risk","Unapproved or unmaintained equipment or utensils"
70068,"20130715",103153,"Low Risk","Inadequate dressing rooms or improper storage of personal items"
70068,"20130715",103133,"Moderate Risk","Foods not protected from contamination"
70068,"20130808",103120,"Moderate Risk","Moderate risk food holding temperature "
70068,"20130808",103149,"Low Risk","Wiping cloths not clean or properly stored or inadequate sanitizer"
70068,"20130808",103145,"Low Risk","Improper storage of equipment utensils or linens"
70068,"20130808",103116,"Moderate Risk","Inadequate food safety knowledge or lack of certified food safety manager"
70068,"20130715",103104,"High Risk","Unauthorized or unsafe use of time as a public health control measure"
70068,"20130715",103103,"High Risk","High risk food holding temperature "
70068,"20130808",103144,"Low Risk","Unapproved or unmaintained equipment or utensils"
70068,"20130715",103105,"High Risk","Improper cooling methods"
70068,"20130307",103149,"Low Risk","Wiping cloths not clean or properly stored or inadequate sanitizer"
70068,"20130307",103142,"Low Risk","Unclean nonfood contact surfaces"
70068,"20130307",103133,"Moderate Risk","Foods not protected from contamination"
70068,"20130307",103103,"High Risk","High risk food holding temperature "
70068,"20130307",103102,"High Risk","Unclean hands or improper use of gloves"
70068,"20130509",103121,"Moderate Risk","Inadequate procedures or records for time as a public health control "
70068,"20130509",103105,"High Risk","Improper cooling methods"
70068,"20130423",103104,"High Risk","Unauthorized or unsafe use of time as a public health control measure"
70071,"20150324",103149,"Low Risk","Wiping cloths not clean or properly stored or inadequate sanitizer"
70071,"20130912",103142,"Low Risk","Unclean nonfood contact surfaces"
70071,"20130313",103150,"Low Risk","Improper or defective plumbing"
70071,"20130313",103139,"Low Risk","Improper food storage"
70071,"20140312",103150,"Low Risk","Improper or defective plumbing"
70071,"20140312",103120,"Moderate Risk","Moderate risk food holding temperature "
70071,"20120925",103120,"Moderate Risk","Moderate risk food holding temperature "
70071,"20120925",103145,"Low Risk","Improper storage of equipment utensils or linens"
70071,"20120925",103162,"Low Risk","Other low risk violation"
70090,"20141008",103120,"Moderate Risk","Moderate risk food holding temperature "
70090,"20130719",103152,"Low Risk","Unclean unmaintained or improperly constructed toilet facilities"
70090,"20130719",103144,"Low Risk","Unapproved or unmaintained equipment or utensils"
70090,"20130719",103149,"Low Risk","Wiping cloths not clean or properly stored or inadequate sanitizer"
70090,"20130719",103147,"Low Risk","Inadequate ventilation or lighting"
70090,"20130719",103159,"Low Risk","Worker safety hazards"
70090,"20130719",103145,"Low Risk","Improper storage of equipment utensils or linens"
70090,"20130719",103156,"Low Risk","Permit license or inspection report not posted"
70090,"20140205",103105,"High Risk","Improper cooling methods"
70090,"20140205",103138,"Low Risk","Improper storage use or identification of toxic substances"
70090,"20120926",103144,"Low Risk","Unapproved or unmaintained equipment or utensils"
70110,"20150526",103162,"Low Risk","Other low risk violation"
70110,"20150526",103138,"Low Risk","Improper storage use or identification of toxic substances"
70110,"20150526",103161,"Low Risk","Low risk vermin infestation"
70110,"20130717",103120,"Moderate Risk","Moderate risk food holding temperature "
70110,"20130717",103144,"Low Risk","Unapproved or unmaintained equipment or utensils"
70110,"20130717",103149,"Low Risk","Wiping cloths not clean or properly stored or inadequate sanitizer"
70110,"20130717",103131,"Moderate Risk","Moderate risk vermin infestation"
70110,"20140211",103120,"Moderate Risk","Moderate risk food holding temperature "
70110,"20140211",103114,"High Risk","High risk vermin infestation"
70110,"20140211",103145,"Low Risk","Improper storage of equipment utensils or linens"
70110,"20140211",103154,"Low Risk","Unclean or degraded floors walls or ceilings"
70110,"20120926",103109,"High Risk","Unclean or unsanitary food contact surfaces"
70123,"20130814",103119,"Moderate Risk","Inadequate and inaccessible handwashing facilities"
70123,"20130814",103144,"Low Risk","Unapproved or unmaintained equipment or utensils"
70123,"20130814",103162,"Low Risk","Other low risk violation"
70132,"20131104",103119,"Moderate Risk","Inadequate and inaccessible handwashing facilities"
70132,"20121210",103148,"Low Risk","No thermometers or uncalibrated thermometers "
70132,"20121210",103120,"Moderate Risk","Moderate risk food holding temperature "
70137,"20140910",103144,"Low Risk","Unapproved or unmaintained equipment or utensils"
70137,"20140910",103153,"Low Risk","Inadequate dressing rooms or improper storage of personal items"
70137,"20140910",103156,"Low Risk","Permit license or inspection report not posted"
70137,"20140910",103149,"Low Risk","Wiping cloths not clean or properly stored or inadequate sanitizer"
70137,"20140910",103116,"Moderate Risk","Inadequate food safety knowledge or lack of certified food safety manager"
70137,"20140910",103105,"High Risk","Improper cooling methods"
70137,"20140910",103119,"Moderate Risk","Inadequate and inaccessible handwashing facilities"
70137,"20140910",103103,"High Risk","High risk food holding temperature "
70137,"20130619",103114,"High Risk","High risk vermin infestation"
70137,"20130619",103109,"High Risk","Unclean or unsanitary food contact surfaces"
70137,"20130619",103103,"High Risk","High risk food holding temperature "
70137,"20121204",103149,"Low Risk","Wiping cloths not clean or properly stored or inadequate sanitizer"
70138,"20141223",103156,"Low Risk","Permit license or inspection report not posted"
70138,"20141223",103109,"High Risk","Unclean or unsanitary food contact surfaces"
70138,"20141223",103114,"High Risk","High risk vermin infestation"
70138,"20141223",103139,"Low Risk","Improper food storage"
70138,"20141223",103149,"Low Risk","Wiping cloths not clean or properly stored or inadequate sanitizer"
70138,"20141223",103148,"Low Risk","No thermometers or uncalibrated thermometers "
70138,"20141223",103144,"Low Risk","Unapproved or unmaintained equipment or utensils"
70138,"20130731",103124,"Moderate Risk","Inadequately cleaned or sanitized food contact surfaces"
70138,"20130731",103139,"Low Risk","Improper food storage"
70141,"20141009",103144,"Low Risk","Unapproved or unmaintained equipment or utensils"
70141,"20141009",103162,"Low Risk","Other low risk violation"
70141,"20141009",103156,"Low Risk","Permit license or inspection report not posted"
70141,"20140327",103139,"Low Risk","Improper food storage"
70141,"20140327",103142,"Low Risk","Unclean nonfood contact surfaces"
70142,"20150403",103124,"Moderate Risk","Inadequately cleaned or sanitized food contact surfaces"
70142,"20150403",103150,"Low Risk","Improper or defective plumbing"
70142,"20150403",103149,"Low Risk","Wiping cloths not clean or properly stored or inadequate sanitizer"
70142,"20130409",103148,"Low Risk","No thermometers or uncalibrated thermometers "
70142,"20130409",103120,"Moderate Risk","Moderate risk food holding temperature "
70142,"20130409",103109,"High Risk","Unclean or unsanitary food contact surfaces"
70142,"20121026",103133,"Moderate Risk","Foods not protected from contamination"
70148,"20130930",103156,"Low Risk","Permit license or inspection report not posted"
70148,"20130930",103157,"Low Risk","Food safety certificate or food handler card not available"
70148,"20140326",103124,"Moderate Risk","Inadequately cleaned or sanitized food contact surfaces"
70148,"20140326",103128,"Moderate Risk","Consumer advisory not provided for raw or undercooked foods"
70171,"20150427",103116,"Moderate Risk","Inadequate food safety knowledge or lack of certified food safety manager"
70171,"20150427",103150,"Low Risk","Improper or defective plumbing"
70171,"20150427",103119,"Moderate Risk","Inadequate and inaccessible handwashing facilities"
70171,"20130711",103129,"Moderate Risk","Insufficient hot water or running water"
70171,"20130711",103141,"Low Risk","Improper food labeling or menu misrepresentation"
70171,"20121102",103103,"High Risk","High risk food holding temperature "
70182,"20130419",103162,"Low Risk","Other low risk violation"
70182,"20130419",103120,"Moderate Risk","Moderate risk food holding temperature "
70182,"20121113",103119,"Moderate Risk","Inadequate and inaccessible handwashing facilities"
70182,"20121113",103136,"Low Risk","Unsanitary employee garments hair or nails"
70182,"20121113",103145,"Low Risk","Improper storage of equipment utensils or linens"
70182,"20121113",103150,"Low Risk","Improper or defective plumbing"
70184,"20150603",103124,"Moderate Risk","Inadequately cleaned or sanitized food contact surfaces"
70184,"20150603",103102,"High Risk","Unclean hands or improper use of gloves"
70184,"20150603",103131,"Moderate Risk","Moderate risk vermin infestation"
70184,"20131125",103103,"High Risk","High risk food holding temperature "
70184,"20140507",103132,"Moderate Risk","Improper thawing methods "
70184,"20140507",103120,"Moderate Risk","Moderate risk food holding temperature "
70184,"20140507",103132,"Moderate Risk","Improper thawing methods "
70184,"20140507",103120,"Moderate Risk","Moderate risk food holding temperature "
70184,"20121207",103158,"Low Risk","Unpermitted food facility"
70184,"20121207",103145,"Low Risk","Improper storage of equipment utensils or linens"
70207,"20140206",103157,"Low Risk","Food safety certificate or food handler card not available"
70207,"20130905",103139,"Low Risk","Improper food storage"
70207,"20140206",103156,"Low Risk","Permit license or inspection report not posted"
70207,"20130905",103154,"Low Risk","Unclean or degraded floors walls or ceilings"
70207,"20130905",103142,"Low Risk","Unclean nonfood contact surfaces"
70207,"20130905",103124,"Moderate Risk","Inadequately cleaned or sanitized food contact surfaces"
70207,"20130108",103139,"Low Risk","Improper food storage"
70207,"20130108",103154,"Low Risk","Unclean or degraded floors walls or ceilings"
70207,"20130108",103149,"Low Risk","Wiping cloths not clean or properly stored or inadequate sanitizer"
70207,"20140811",103116,"Moderate Risk","Inadequate food safety knowledge or lack of certified food safety manager"
70216,"20140930",103133,"Moderate Risk","Foods not protected from contamination"
70216,"20140930",103149,"Low Risk","Wiping cloths not clean or properly stored or inadequate sanitizer"
70216,"20150325",103139,"Low Risk","Improper food storage"
70216,"20150325",103120,"Moderate Risk","Moderate risk food holding temperature "
70216,"20150325",103149,"Low Risk","Wiping cloths not clean or properly stored or inadequate sanitizer"
70216,"20130912",103120,"Moderate Risk","Moderate risk food holding temperature "
70216,"20130912",103152,"Low Risk","Unclean unmaintained or improperly constructed toilet facilities"
70216,"20130912",103144,"Low Risk","Unapproved or unmaintained equipment or utensils"
70216,"20140326",103161,"Low Risk","Low risk vermin infestation"
70216,"20140326",103154,"Low Risk","Unclean or degraded floors walls or ceilings"
70216,"20140326",103120,"Moderate Risk","Moderate risk food holding temperature "
70216,"20140326",103156,"Low Risk","Permit license or inspection report not posted"
70216,"20121023",103147,"Low Risk","Inadequate ventilation or lighting"
70216,"20121023",103148,"Low Risk","No thermometers or uncalibrated thermometers "
70216,"20121023",103162,"Low Risk","Other low risk violation"
70216,"20121023",103149,"Low Risk","Wiping cloths not clean or properly stored or inadequate sanitizer"
70216,"20121023",103154,"Low Risk","Unclean or degraded floors walls or ceilings"
70216,"20121023",103161,"Low Risk","Low risk vermin infestation"
70216,"20130214",103119,"Moderate Risk","Inadequate and inaccessible handwashing facilities"
70216,"20130214",103120,"Moderate Risk","Moderate risk food holding temperature "
70217,"20150108",103109,"High Risk","Unclean or unsanitary food contact surfaces"
70217,"20150108",103139,"Low Risk","Improper food storage"
70217,"20130503",103148,"Low Risk","No thermometers or uncalibrated thermometers "
70217,"20130503",103116,"Moderate Risk","Inadequate food safety knowledge or lack of certified food safety manager"
70217,"20130503",103139,"Low Risk","Improper food storage"
70217,"20130503",103131,"Moderate Risk","Moderate risk vermin infestation"
70217,"20140410",103144,"Low Risk","Unapproved or unmaintained equipment or utensils"
70217,"20140410",103131,"Moderate Risk","Moderate risk vermin infestation"
70217,"20140410",103139,"Low Risk","Improper food storage"
70220,"20141107",103116,"Moderate Risk","Inadequate food safety knowledge or lack of certified food safety manager"
70220,"20141107",103133,"Moderate Risk","Foods not protected from contamination"
70220,"20130725",103131,"Moderate Risk","Moderate risk vermin infestation"
70220,"20130725",103145,"Low Risk","Improper storage of equipment utensils or linens"
70220,"20130725",103138,"Low Risk","Improper storage use or identification of toxic substances"
70220,"20140206",103118,"Moderate Risk","Employee eating or smoking"
70220,"20140206",103133,"Moderate Risk","Foods not protected from contamination"
70220,"20140206",103156,"Low Risk","Permit license or inspection report not posted"
70220,"20140206",103145,"Low Risk","Improper storage of equipment utensils or linens"
70220,"20121130",103133,"Moderate Risk","Foods not protected from contamination"
70225,"20140827",103120,"Moderate Risk","Moderate risk food holding temperature "
70225,"20140827",103124,"Moderate Risk","Inadequately cleaned or sanitized food contact surfaces"
70225,"20140827",103144,"Low Risk","Unapproved or unmaintained equipment or utensils"
70225,"20140102",103144,"Low Risk","Unapproved or unmaintained equipment or utensils"
70225,"20121003",103149,"Low Risk","Wiping cloths not clean or properly stored or inadequate sanitizer"
70225,"20121003",103168,"N/A",
70225,"20121003",103107,"High Risk","Improper reheating of food"
70225,"20121003",103144,"Low Risk","Unapproved or unmaintained equipment or utensils"
70254,"20121101",103144,"Low Risk","Unapproved or unmaintained equipment or utensils"
70254,"20140606",103156,"Low Risk","Permit license or inspection report not posted"
70281,"20141201",103114,"High Risk","High risk vermin infestation"
70281,"20141201",103142,"Low Risk","Unclean nonfood contact surfaces"
70281,"20141201",103139,"Low Risk","Improper food storage"
70281,"20141201",103120,"Moderate Risk","Moderate risk food holding temperature "
70281,"20141201",103144,"Low Risk","Unapproved or unmaintained equipment or utensils"
70281,"20141201",103109,"High Risk","Unclean or unsanitary food contact surfaces"
70281,"20130919",103133,"Moderate Risk","Foods not protected from contamination"
70281,"20130919",103103,"High Risk","High risk food holding temperature "
70281,"20130919",103108,"High Risk","Contaminated or adulterated food"
70281,"20130919",103109,"High Risk","Unclean or unsanitary food contact surfaces"
70281,"20130919",103114,"High Risk","High risk vermin infestation"
70281,"20130919",103116,"Moderate Risk","Inadequate food safety knowledge or lack of certified food safety manager"
70281,"20130919",103138,"Low Risk","Improper storage use or identification of toxic substances"
70281,"20130919",103144,"Low Risk","Unapproved or unmaintained equipment or utensils"
70281,"20130919",103154,"Low Risk","Unclean or degraded floors walls or ceilings"
70281,"20140415",103139,"Low Risk","Improper food storage"
70281,"20140415",103133,"Moderate Risk","Foods not protected from contamination"
70281,"20140415",103114,"High Risk","High risk vermin infestation"
70281,"20140415",103154,"Low Risk","Unclean or degraded floors walls or ceilings"
70281,"20140415",103144,"Low Risk","Unapproved or unmaintained equipment or utensils"
70281,"20140415",103119,"Moderate Risk","Inadequate and inaccessible handwashing facilities"
70281,"20140415",103120,"Moderate Risk","Moderate risk food holding temperature "
70281,"20140415",103124,"Moderate Risk","Inadequately cleaned or sanitized food contact surfaces"
70281,"20130104",103103,"High Risk","High risk food holding temperature "
70281,"20130104",103109,"High Risk","Unclean or unsanitary food contact surfaces"
70281,"20130104",103116,"Moderate Risk","Inadequate food safety knowledge or lack of certified food safety manager"
70281,"20130104",103119,"Moderate Risk","Inadequate and inaccessible handwashing facilities"
70281,"20130104",103132,"Moderate Risk","Improper thawing methods "
70281,"20130104",103133,"Moderate Risk","Foods not protected from contamination"
70281,"20130104",103139,"Low Risk","Improper food storage"
70281,"20130104",103144,"Low Risk","Unapproved or unmaintained equipment or utensils"
70285,"20150305",103120,"Moderate Risk","Moderate risk food holding temperature "
70285,"20131030",103139,"Low Risk","Improper food storage"
70285,"20131030",103119,"Moderate Risk","Inadequate and inaccessible handwashing facilities"
70285,"20131030",103149,"Low Risk","Wiping cloths not clean or properly stored or inadequate sanitizer"
70285,"20130204",103134,"Moderate Risk","Other moderate risk violation"
70285,"20130204",103123,"Moderate Risk","Food in poor condition"
70285,"20140509",103154,"Low Risk","Unclean or degraded floors walls or ceilings"
70285,"20140509",103149,"Low Risk","Wiping cloths not clean or properly stored or inadequate sanitizer"
70285,"20140509",103141,"Low Risk","Improper food labeling or menu misrepresentation"
70285,"20140509",103133,"Moderate Risk","Foods not protected from contamination"
70285,"20140509",103119,"Moderate Risk","Inadequate and inaccessible handwashing facilities"
70305,"20130116",103145,"Low Risk","Improper storage of equipment utensils or linens"
70305,"20130116",103144,"Low Risk","Unapproved or unmaintained equipment or utensils"
70305,"20140513",103144,"Low Risk","Unapproved or unmaintained equipment or utensils"
70305,"20140513",103131,"Moderate Risk","Moderate risk vermin infestation"
70305,"20140513",103124,"Moderate Risk","Inadequately cleaned or sanitized food contact surfaces"
70305,"20140513",103154,"Low Risk","Unclean or degraded floors walls or ceilings"
70306,"20150311",103154,"Low Risk","Unclean or degraded floors walls or ceilings"
70306,"20150311",103149,"Low Risk","Wiping cloths not clean or properly stored or inadequate sanitizer"
70306,"20150311",103119,"Moderate Risk","Inadequate and inaccessible handwashing facilities"
70306,"20150311",103103,"High Risk","High risk food holding temperature "
70306,"20150311",103116,"Moderate Risk","Inadequate food safety knowledge or lack of certified food safety manager"
70306,"20130827",103149,"Low Risk","Wiping cloths not clean or properly stored or inadequate sanitizer"
70306,"20130827",103144,"Low Risk","Unapproved or unmaintained equipment or utensils"
70306,"20130827",103119,"Moderate Risk","Inadequate and inaccessible handwashing facilities"
70306,"20130827",103120,"Moderate Risk","Moderate risk food holding temperature "
70306,"20130827",103130,"Moderate Risk","Inadequate sewage or wastewater disposal"
70306,"20121119",103149,"Low Risk","Wiping cloths not clean or properly stored or inadequate sanitizer"
70306,"20121119",103145,"Low Risk","Improper storage of equipment utensils or linens"
70306,"20121119",103119,"Moderate Risk","Inadequate and inaccessible handwashing facilities"
70309,"20130613",103116,"Moderate Risk","Inadequate food safety knowledge or lack of certified food safety manager"
70309,"20130613",103119,"Moderate Risk","Inadequate and inaccessible handwashing facilities"
70309,"20121022",103139,"Low Risk","Improper food storage"
70309,"20121022",103162,"Low Risk","Other low risk violation"
70309,"20121022",103148,"Low Risk","No thermometers or uncalibrated thermometers "
70309,"20121022",103138,"Low Risk","Improper storage use or identification of toxic substances"
70321,"20150628",103114,"High Risk","High risk vermin infestation"
70321,"20150628",103103,"High Risk","High risk food holding temperature "
70321,"20150628",103109,"High Risk","Unclean or unsanitary food contact surfaces"
70321,"20150528",103149,"Low Risk","Wiping cloths not clean or properly stored or inadequate sanitizer"
70321,"20150528",103114,"High Risk","High risk vermin infestation"
70321,"20150528",103109,"High Risk","Unclean or unsanitary food contact surfaces"
70321,"20150528",103103,"High Risk","High risk food holding temperature "
70321,"20150628",103149,"Low Risk","Wiping cloths not clean or properly stored or inadequate sanitizer"
70321,"20131001",103120,"Moderate Risk","Moderate risk food holding temperature "
70321,"20131001",103144,"Low Risk","Unapproved or unmaintained equipment or utensils"
70321,"20131001",103145,"Low Risk","Improper storage of equipment utensils or linens"
70321,"20131001",103156,"Low Risk","Permit license or inspection report not posted"
70321,"20130327",103145,"Low Risk","Improper storage of equipment utensils or linens"
70321,"20130327",103116,"Moderate Risk","Inadequate food safety knowledge or lack of certified food safety manager"
70321,"20130327",103156,"Low Risk","Permit license or inspection report not posted"
70321,"20130327",103109,"High Risk","Unclean or unsanitary food contact surfaces"
70321,"20130327",103103,"High Risk","High risk food holding temperature "
70321,"20140331",103154,"Low Risk","Unclean or degraded floors walls or ceilings"
70321,"20140331",103128,"Moderate Risk","Consumer advisory not provided for raw or undercooked foods"
70321,"20140331",103157,"Low Risk","Food safety certificate or food handler card not available"
70321,"20121012",103120,"Moderate Risk","Moderate risk food holding temperature "
70321,"20121012",103133,"Moderate Risk","Foods not protected from contamination"
70321,"20121012",103145,"Low Risk","Improper storage of equipment utensils or linens"
70321,"20121012",103149,"Low Risk","Wiping cloths not clean or properly stored or inadequate sanitizer"
70321,"20121012",103153,"Low Risk","Inadequate dressing rooms or improper storage of personal items"
70321,"20121012",103102,"High Risk","Unclean hands or improper use of gloves"
70365,"20131011",103151,"Low Risk","Inadequate or unsanitary refuse containers or area or no garbage service"
70365,"20131011",103119,"Moderate Risk","Inadequate and inaccessible handwashing facilities"
70365,"20130418",103142,"Low Risk","Unclean nonfood contact surfaces"
70365,"20140415",103145,"Low Risk","Improper storage of equipment utensils or linens"
70365,"20121213",103145,"Low Risk","Improper storage of equipment utensils or linens"
70396,"20130815",103132,"Moderate Risk","Improper thawing methods "
70396,"20130815",103119,"Moderate Risk","Inadequate and inaccessible handwashing facilities"
70396,"20130815",103139,"Low Risk","Improper food storage"
70396,"20140418",103150,"Low Risk","Improper or defective plumbing"
70396,"20140418",103151,"Low Risk","Inadequate or unsanitary refuse containers or area or no garbage service"
70396,"20140418",103148,"Low Risk","No thermometers or uncalibrated thermometers "
70396,"20140418",103103,"High Risk","High risk food holding temperature "
70416,"20130614",103156,"Low Risk","Permit license or inspection report not posted"
70416,"20130614",103116,"Moderate Risk","Inadequate food safety knowledge or lack of certified food safety manager"
70416,"20121116",103139,"Low Risk","Improper food storage"
70416,"20121116",103148,"Low Risk","No thermometers or uncalibrated thermometers "
70416,"20121116",103156,"Low Risk","Permit license or inspection report not posted"
70425,"20130624",103129,"Moderate Risk","Insufficient hot water or running water"
70425,"20131212",103142,"Low Risk","Unclean nonfood contact surfaces"
70425,"20121127",103124,"Moderate Risk","Inadequately cleaned or sanitized food contact surfaces"
70429,"20140204",103142,"Low Risk","Unclean nonfood contact surfaces"
70429,"20140204",103124,"Moderate Risk","Inadequately cleaned or sanitized food contact surfaces"
70429,"20140204",103132,"Moderate Risk","Improper thawing methods "
70429,"20130603",103139,"Low Risk","Improper food storage"
70429,"20130603",103119,"Moderate Risk","Inadequate and inaccessible handwashing facilities"
70429,"20130603",103120,"Moderate Risk","Moderate risk food holding temperature "
70429,"20130603",103124,"Moderate Risk","Inadequately cleaned or sanitized food contact surfaces"
70429,"20130603",103144,"Low Risk","Unapproved or unmaintained equipment or utensils"
70429,"20140709",103133,"Moderate Risk","Foods not protected from contamination"
70429,"20140709",103142,"Low Risk","Unclean nonfood contact surfaces"
70434,"20140117",103116,"Moderate Risk","Inadequate food safety knowledge or lack of certified food safety manager"
70434,"20140117",103109,"High Risk","Unclean or unsanitary food contact surfaces"
70434,"20140117",103145,"Low Risk","Improper storage of equipment utensils or linens"
70434,"20140117",103120,"Moderate Risk","Moderate risk food holding temperature "
70434,"20130416",103149,"Low Risk","Wiping cloths not clean or properly stored or inadequate sanitizer"
70434,"20130416",103105,"High Risk","Improper cooling methods"
70434,"20121025",103168,"N/A",
70434,"20140808",103161,"Low Risk","Low risk vermin infestation"
70434,"20140808",103149,"Low Risk","Wiping cloths not clean or properly stored or inadequate sanitizer"
70434,"20140808",103102,"High Risk","Unclean hands or improper use of gloves"
70434,"20140808",103123,"Moderate Risk","Food in poor condition"
70434,"20140808",103105,"High Risk","Improper cooling methods"
70434,"20140808",103120,"Moderate Risk","Moderate risk food holding temperature "
70434,"20140808",103156,"Low Risk","Permit license or inspection report not posted"
70446,"20140925",103143,"Low Risk","Inadequate warewashing facilities or equipment"
70446,"20140925",103124,"Moderate Risk","Inadequately cleaned or sanitized food contact surfaces"
70446,"20130827",103118,"Moderate Risk","Employee eating or smoking"
70446,"20130827",103119,"Moderate Risk","Inadequate and inaccessible handwashing facilities"
70446,"20140320",103177,"Low Risk","Non service animal"
70446,"20140320",103149,"Low Risk","Wiping cloths not clean or properly stored or inadequate sanitizer"
70452,"20150218",103119,"Moderate Risk","Inadequate and inaccessible handwashing facilities"
70452,"20150218",103139,"Low Risk","Improper food storage"
70452,"20131231",103138,"Low Risk","Improper storage use or identification of toxic substances"
70452,"20130412",103143,"Low Risk","Inadequate warewashing facilities or equipment"
70452,"20130415",103112,"High Risk","No hot water or running water"
70452,"20130412",103119,"Moderate Risk","Inadequate and inaccessible handwashing facilities"
70452,"20130412",103154,"Low Risk","Unclean or degraded floors walls or ceilings"
70459,"20131202",103147,"Low Risk","Inadequate ventilation or lighting"
70459,"20131202",103133,"Moderate Risk","Foods not protected from contamination"
70459,"20131202",103154,"Low Risk","Unclean or degraded floors walls or ceilings"
70459,"20131202",103103,"High Risk","High risk food holding temperature "
70459,"20131202",103138,"Low Risk","Improper storage use or identification of toxic substances"
70459,"20130325",103102,"High Risk","Unclean hands or improper use of gloves"
70459,"20130325",103149,"Low Risk","Wiping cloths not clean or properly stored or inadequate sanitizer"
70459,"20140603",103112,"High Risk","No hot water or running water"
70459,"20140603",103150,"Low Risk","Improper or defective plumbing"
70459,"20140603",103149,"Low Risk","Wiping cloths not clean or properly stored or inadequate sanitizer"
70459,"20140603",103156,"Low Risk","Permit license or inspection report not posted"
70459,"20140603",103157,"Low Risk","Food safety certificate or food handler card not available"
70486,"20141222",103156,"Low Risk","Permit license or inspection report not posted"
70486,"20141222",103157,"Low Risk","Food safety certificate or food handler card not available"
70486,"20141222",103154,"Low Risk","Unclean or degraded floors walls or ceilings"
70486,"20130830",103154,"Low Risk","Unclean or degraded floors walls or ceilings"
70486,"20130830",103149,"Low Risk","Wiping cloths not clean or properly stored or inadequate sanitizer"
70486,"20140603",103154,"Low Risk","Unclean or degraded floors walls or ceilings"
70486,"20140603",103156,"Low Risk","Permit license or inspection report not posted"
70486,"20140603",103153,"Low Risk","Inadequate dressing rooms or improper storage of personal items"
70486,"20140603",103119,"Moderate Risk","Inadequate and inaccessible handwashing facilities"
70487,"20150223",103139,"Low Risk","Improper food storage"
70487,"20130808",103142,"Low Risk","Unclean nonfood contact surfaces"
70487,"20130808",103144,"Low Risk","Unapproved or unmaintained equipment or utensils"
70487,"20130808",103124,"Moderate Risk","Inadequately cleaned or sanitized food contact surfaces"
70487,"20130808",103153,"Low Risk","Inadequate dressing rooms or improper storage of personal items"
70487,"20140207",103109,"High Risk","Unclean or unsanitary food contact surfaces"
70487,"20140207",103144,"Low Risk","Unapproved or unmaintained equipment or utensils"
70487,"20140207",103153,"Low Risk","Inadequate dressing rooms or improper storage of personal items"
70487,"20140207",103105,"High Risk","Improper cooling methods"
70487,"20121105",103144,"Low Risk","Unapproved or unmaintained equipment or utensils"
70487,"20140825",103161,"Low Risk","Low risk vermin infestation"
70487,"20140825",103119,"Moderate Risk","Inadequate and inaccessible handwashing facilities"
70494,"20130424",103103,"High Risk","High risk food holding temperature "
70494,"20130424",103142,"Low Risk","Unclean nonfood contact surfaces"
70494,"20140417",103139,"Low Risk","Improper food storage"
70499,"20141001",103107,"High Risk","Improper reheating of food"
70499,"20131025",103121,"Moderate Risk","Inadequate procedures or records for time as a public health control "
70499,"20131025",103145,"Low Risk","Improper storage of equipment utensils or linens"
70499,"20131025",103149,"Low Risk","Wiping cloths not clean or properly stored or inadequate sanitizer"
70499,"20140416",103120,"Moderate Risk","Moderate risk food holding temperature "
70515,"20130619",103138,"Low Risk","Improper storage use or identification of toxic substances"
70515,"20130619",103139,"Low Risk","Improper food storage"
70515,"20130619",103142,"Low Risk","Unclean nonfood contact surfaces"
70515,"20130619",103154,"Low Risk","Unclean or degraded floors walls or ceilings"
70515,"20140724",103154,"Low Risk","Unclean or degraded floors walls or ceilings"
70515,"20140724",103145,"Low Risk","Improper storage of equipment utensils or linens"
70515,"20140724",103161,"Low Risk","Low risk vermin infestation"
70515,"20140724",103105,"High Risk","Improper cooling methods"
70516,"20150108",103149,"Low Risk","Wiping cloths not clean or properly stored or inadequate sanitizer"
70516,"20150108",103139,"Low Risk","Improper food storage"
70516,"20131210",103156,"Low Risk","Permit license or inspection report not posted"
70516,"20130521",103142,"Low Risk","Unclean nonfood contact surfaces"
70516,"20140707",103156,"Low Risk","Permit license or inspection report not posted"
70516,"20140707",103157,"Low Risk","Food safety certificate or food handler card not available"
70521,"20150106",103105,"High Risk","Improper cooling methods"
70521,"20150106",103116,"Moderate Risk","Inadequate food safety knowledge or lack of certified food safety manager"
70521,"20150106",103120,"Moderate Risk","Moderate risk food holding temperature "
70521,"20150106",103156,"Low Risk","Permit license or inspection report not posted"
70521,"20130822",103103,"High Risk","High risk food holding temperature "
70521,"20130822",103124,"Moderate Risk","Inadequately cleaned or sanitized food contact surfaces"
70521,"20130822",103116,"Moderate Risk","Inadequate food safety knowledge or lack of certified food safety manager"
70521,"20140416",103149,"Low Risk","Wiping cloths not clean or properly stored or inadequate sanitizer"
70521,"20140416",103131,"Moderate Risk","Moderate risk vermin infestation"
70521,"20140416",103132,"Moderate Risk","Improper thawing methods "
70521,"20140416",103120,"Moderate Risk","Moderate risk food holding temperature "
70547,"20130403",103133,"Moderate Risk","Foods not protected from contamination"
70547,"20121025",103162,"Low Risk","Other low risk violation"
70547,"20140715",103147,"Low Risk","Inadequate ventilation or lighting"
70547,"20140715",103120,"Moderate Risk","Moderate risk food holding temperature "
70547,"20140715",103139,"Low Risk","Improper food storage"
70547,"20140715",103119,"Moderate Risk","Inadequate and inaccessible handwashing facilities"
70547,"20140715",103159,"Low Risk","Worker safety hazards"
70547,"20140715",103144,"Low Risk","Unapproved or unmaintained equipment or utensils"
70547,"20140715",103129,"Moderate Risk","Insufficient hot water or running water"
70547,"20140715",103149,"Low Risk","Wiping cloths not clean or properly stored or inadequate sanitizer"
70549,"20141110",103103,"High Risk","High risk food holding temperature "
70549,"20131125",103149,"Low Risk","Wiping cloths not clean or properly stored or inadequate sanitizer"
70549,"20140428",103120,"Moderate Risk","Moderate risk food holding temperature "
70549,"20140428",103143,"Low Risk","Inadequate warewashing facilities or equipment"
70549,"20140428",103124,"Moderate Risk","Inadequately cleaned or sanitized food contact surfaces"
70549,"20121025",103143,"Low Risk","Inadequate warewashing facilities or equipment"
70549,"20121025",103152,"Low Risk","Unclean unmaintained or improperly constructed toilet facilities"
70562,"20141110",103116,"Moderate Risk","Inadequate food safety knowledge or lack of certified food safety manager"
70562,"20141110",103147,"Low Risk","Inadequate ventilation or lighting"
70562,"20141110",103135,"Low Risk","No person in charge of food facility"
70562,"20141110",103119,"Moderate Risk","Inadequate and inaccessible handwashing facilities"
70562,"20140203",103116,"Moderate Risk","Inadequate food safety knowledge or lack of certified food safety manager"
70562,"20140203",103108,"High Risk","Contaminated or adulterated food"
70562,"20140203",103154,"Low Risk","Unclean or degraded floors walls or ceilings"
70562,"20140203",103143,"Low Risk","Inadequate warewashing facilities or equipment"
70562,"20140203",103118,"Moderate Risk","Employee eating or smoking"
70562,"20140203",103119,"Moderate Risk","Inadequate and inaccessible handwashing facilities"
70562,"20140203",103124,"Moderate Risk","Inadequately cleaned or sanitized food contact surfaces"
70562,"20130610",103120,"Moderate Risk","Moderate risk food holding temperature "
70562,"20130610",103157,"Low Risk","Food safety certificate or food handler card not available"
70576,"20131101",103142,"Low Risk","Unclean nonfood contact surfaces"
70576,"20131101",103139,"Low Risk","Improper food storage"
70576,"20131101",103120,"Moderate Risk","Moderate risk food holding temperature "
70576,"20131101",103116,"Moderate Risk","Inadequate food safety knowledge or lack of certified food safety manager"
70576,"20121214",103168,"N/A",
70576,"20140523",103142,"Low Risk","Unclean nonfood contact surfaces"
70576,"20140523",103139,"Low Risk","Improper food storage"
70576,"20140523",103129,"Moderate Risk","Insufficient hot water or running water"
70576,"20140523",103120,"Moderate Risk","Moderate risk food holding temperature "
70603,"20140918",103112,"High Risk","No hot water or running water"
70603,"20130823",103103,"High Risk","High risk food holding temperature "
70603,"20140327",103119,"Moderate Risk","Inadequate and inaccessible handwashing facilities"
70603,"20121219",103148,"Low Risk","No thermometers or uncalibrated thermometers "
70604,"20140918",103120,"Moderate Risk","Moderate risk food holding temperature "
70604,"20140918",103156,"Low Risk","Permit license or inspection report not posted"
70604,"20130823",103119,"Moderate Risk","Inadequate and inaccessible handwashing facilities"
70604,"20130823",103124,"Moderate Risk","Inadequately cleaned or sanitized food contact surfaces"
70604,"20130823",103103,"High Risk","High risk food holding temperature "
70604,"20130826",103120,"Moderate Risk","Moderate risk food holding temperature "
70604,"20140327",103124,"Moderate Risk","Inadequately cleaned or sanitized food contact surfaces"
70604,"20140327",103150,"Low Risk","Improper or defective plumbing"
70604,"20140327",103133,"Moderate Risk","Foods not protected from contamination"
70604,"20140327",103119,"Moderate Risk","Inadequate and inaccessible handwashing facilities"
70604,"20140327",103145,"Low Risk","Improper storage of equipment utensils or linens"
70604,"20121219",103150,"Low Risk","Improper or defective plumbing"
70604,"20121219",103124,"Moderate Risk","Inadequately cleaned or sanitized food contact surfaces"
70604,"20121219",103120,"Moderate Risk","Moderate risk food holding temperature "
70604,"20121219",103119,"Moderate Risk","Inadequate and inaccessible handwashing facilities"
70605,"20140918",103156,"Low Risk","Permit license or inspection report not posted"
70605,"20130823",103148,"Low Risk","No thermometers or uncalibrated thermometers "
70605,"20130823",103159,"Low Risk","Worker safety hazards"
70605,"20140327",103109,"High Risk","Unclean or unsanitary food contact surfaces"
70605,"20140327",103145,"Low Risk","Improper storage of equipment utensils or linens"
70605,"20140327",103142,"Low Risk","Unclean nonfood contact surfaces"
70605,"20121219",103109,"High Risk","Unclean or unsanitary food contact surfaces"
70606,"20141023",103119,"Moderate Risk","Inadequate and inaccessible handwashing facilities"
70606,"20141023",103130,"Moderate Risk","Inadequate sewage or wastewater disposal"
70606,"20141023",103116,"Moderate Risk","Inadequate food safety knowledge or lack of certified food safety manager"
70606,"20141023",103147,"Low Risk","Inadequate ventilation or lighting"
70606,"20141023",103148,"Low Risk","No thermometers or uncalibrated thermometers "
70606,"20140226",103148,"Low Risk","No thermometers or uncalibrated thermometers "
70606,"20140226",103130,"Moderate Risk","Inadequate sewage or wastewater disposal"
70606,"20140226",103134,"Moderate Risk","Other moderate risk violation"
70606,"20130221",103105,"High Risk","Improper cooling methods"
70606,"20130221",103157,"Low Risk","Food safety certificate or food handler card not available"
70619,"20141215",103124,"Moderate Risk","Inadequately cleaned or sanitized food contact surfaces"
70619,"20140317",103152,"Low Risk","Unclean unmaintained or improperly constructed toilet facilities"
70619,"20140317",103149,"Low Risk","Wiping cloths not clean or properly stored or inadequate sanitizer"
70619,"20121120",103120,"Moderate Risk","Moderate risk food holding temperature "
70619,"20121120",103151,"Low Risk","Inadequate or unsanitary refuse containers or area or no garbage service"
70619,"20121120",103139,"Low Risk","Improper food storage"
70641,"20150421",103161,"Low Risk","Low risk vermin infestation"
70641,"20150421",103154,"Low Risk","Unclean or degraded floors walls or ceilings"
70641,"20150421",103142,"Low Risk","Unclean nonfood contact surfaces"
70641,"20140423",103149,"Low Risk","Wiping cloths not clean or properly stored or inadequate sanitizer"
70641,"20140423",103161,"Low Risk","Low risk vermin infestation"
70651,"20150519",103149,"Low Risk","Wiping cloths not clean or properly stored or inadequate sanitizer"
70651,"20130828",103144,"Low Risk","Unapproved or unmaintained equipment or utensils"
70651,"20130828",103120,"Moderate Risk","Moderate risk food holding temperature "
70651,"20140423",103145,"Low Risk","Improper storage of equipment utensils or linens"
70651,"20140423",103104,"High Risk","Unauthorized or unsafe use of time as a public health control measure"
70661,"20140915",103103,"High Risk","High risk food holding temperature "
70661,"20140915",103124,"Moderate Risk","Inadequately cleaned or sanitized food contact surfaces"
70661,"20130506",103120,"Moderate Risk","Moderate risk food holding temperature "
70661,"20130506",103149,"Low Risk","Wiping cloths not clean or properly stored or inadequate sanitizer"
70661,"20140313",103147,"Low Risk","Inadequate ventilation or lighting"
70661,"20140313",103103,"High Risk","High risk food holding temperature "
70661,"20140313",103119,"Moderate Risk","Inadequate and inaccessible handwashing facilities"
70661,"20140313",103107,"High Risk","Improper reheating of food"
70685,"20130625",103109,"High Risk","Unclean or unsanitary food contact surfaces"
70685,"20140218",103149,"Low Risk","Wiping cloths not clean or properly stored or inadequate sanitizer"
70685,"20140218",103143,"Low Risk","Inadequate warewashing facilities or equipment"
70685,"20140218",103145,"Low Risk","Improper storage of equipment utensils or linens"
70685,"20140218",103144,"Low Risk","Unapproved or unmaintained equipment or utensils"
70685,"20140218",103152,"Low Risk","Unclean unmaintained or improperly constructed toilet facilities"
70685,"20121221",103147,"Low Risk","Inadequate ventilation or lighting"
70685,"20121221",103139,"Low Risk","Improper food storage"
70685,"20121221",103143,"Low Risk","Inadequate warewashing facilities or equipment"
70685,"20140806",103144,"Low Risk","Unapproved or unmaintained equipment or utensils"
70685,"20140806",103143,"Low Risk","Inadequate warewashing facilities or equipment"
70686,"20150310",103109,"High Risk","Unclean or unsanitary food contact surfaces"
70686,"20150310",103131,"Moderate Risk","Moderate risk vermin infestation"
70686,"20150310",103119,"Moderate Risk","Inadequate and inaccessible handwashing facilities"
70686,"20130806",103162,"Low Risk","Other low risk violation"
70686,"20130806",103124,"Moderate Risk","Inadequately cleaned or sanitized food contact surfaces"
70686,"20130806",103144,"Low Risk","Unapproved or unmaintained equipment or utensils"
70686,"20140210",103109,"High Risk","Unclean or unsanitary food contact surfaces"
70686,"20140210",103119,"Moderate Risk","Inadequate and inaccessible handwashing facilities"
70686,"20140210",103144,"Low Risk","Unapproved or unmaintained equipment or utensils"
70686,"20130315",103131,"Moderate Risk","Moderate risk vermin infestation"
70687,"20130822",103116,"Moderate Risk","Inadequate food safety knowledge or lack of certified food safety manager"
70687,"20130822",103144,"Low Risk","Unapproved or unmaintained equipment or utensils"
70687,"20130822",103149,"Low Risk","Wiping cloths not clean or properly stored or inadequate sanitizer"
70687,"20130822",103103,"High Risk","High risk food holding temperature "
70687,"20130311",103139,"Low Risk","Improper food storage"
70687,"20130311",103133,"Moderate Risk","Foods not protected from contamination"
70687,"20130311",103154,"Low Risk","Unclean or degraded floors walls or ceilings"
70687,"20140227",103120,"Moderate Risk","Moderate risk food holding temperature "
70687,"20140227",103149,"Low Risk","Wiping cloths not clean or properly stored or inadequate sanitizer"
70687,"20140730",103132,"Moderate Risk","Improper thawing methods "
70687,"20140730",103133,"Moderate Risk","Foods not protected from contamination"
70702,"20150331",103131,"Moderate Risk","Moderate risk vermin infestation"
70702,"20150331",103133,"Moderate Risk","Foods not protected from contamination"
70702,"20130919",103102,"High Risk","Unclean hands or improper use of gloves"
70702,"20130919",103149,"Low Risk","Wiping cloths not clean or properly stored or inadequate sanitizer"
70705,"20140305",103139,"Low Risk","Improper food storage"
70707,"20130313",103147,"Low Risk","Inadequate ventilation or lighting"
70707,"20130313",103120,"Moderate Risk","Moderate risk food holding temperature "
70707,"20140410",103120,"Moderate Risk","Moderate risk food holding temperature "
70708,"20141113",103120,"Moderate Risk","Moderate risk food holding temperature "
70708,"20141113",103124,"Moderate Risk","Inadequately cleaned or sanitized food contact surfaces"
70708,"20141113",103133,"Moderate Risk","Foods not protected from contamination"
70708,"20141113",103119,"Moderate Risk","Inadequate and inaccessible handwashing facilities"
70708,"20141113",103156,"Low Risk","Permit license or inspection report not posted"
70708,"20141113",103149,"Low Risk","Wiping cloths not clean or properly stored or inadequate sanitizer"
70708,"20130709",103149,"Low Risk","Wiping cloths not clean or properly stored or inadequate sanitizer"
70708,"20130709",103147,"Low Risk","Inadequate ventilation or lighting"
70708,"20130709",103124,"Moderate Risk","Inadequately cleaned or sanitized food contact surfaces"
70708,"20130709",103120,"Moderate Risk","Moderate risk food holding temperature "
70708,"20130709",103119,"Moderate Risk","Inadequate and inaccessible handwashing facilities"
70708,"20130709",103148,"Low Risk","No thermometers or uncalibrated thermometers "
70708,"20131114",103143,"Low Risk","Inadequate warewashing facilities or equipment"
70708,"20131114",103129,"Moderate Risk","Insufficient hot water or running water"
70708,"20131114",103119,"Moderate Risk","Inadequate and inaccessible handwashing facilities"
70708,"20131114",103103,"High Risk","High risk food holding temperature "
70708,"20140127",103120,"Moderate Risk","Moderate risk food holding temperature "
70708,"20140127",103124,"Moderate Risk","Inadequately cleaned or sanitized food contact surfaces"
70708,"20140127",103147,"Low Risk","Inadequate ventilation or lighting"
70713,"20130731",103161,"Low Risk","Low risk vermin infestation"
70713,"20130731",103119,"Moderate Risk","Inadequate and inaccessible handwashing facilities"
70713,"20130731",103120,"Moderate Risk","Moderate risk food holding temperature "
70713,"20140429",103142,"Low Risk","Unclean nonfood contact surfaces"
70713,"20140429",103103,"High Risk","High risk food holding temperature "
70713,"20121227",103142,"Low Risk","Unclean nonfood contact surfaces"
70713,"20121227",103120,"Moderate Risk","Moderate risk food holding temperature "
70713,"20121227",103143,"Low Risk","Inadequate warewashing facilities or equipment"
70713,"20121227",103144,"Low Risk","Unapproved or unmaintained equipment or utensils"
70713,"20140731",103149,"Low Risk","Wiping cloths not clean or properly stored or inadequate sanitizer"
70713,"20140731",103103,"High Risk","High risk food holding temperature "
70717,"20141210",103132,"Moderate Risk","Improper thawing methods "
70717,"20141210",103143,"Low Risk","Inadequate warewashing facilities or equipment"
70717,"20141210",103109,"High Risk","Unclean or unsanitary food contact surfaces"
70717,"20130607",103157,"Low Risk","Food safety certificate or food handler card not available"
70717,"20140325",103149,"Low Risk","Wiping cloths not clean or properly stored or inadequate sanitizer"
70717,"20140325",103157,"Low Risk","Food safety certificate or food handler card not available"
70717,"20140325",103109,"High Risk","Unclean or unsanitary food contact surfaces"
70723,"20121101",103120,"Moderate Risk","Moderate risk food holding temperature "
70723,"20121101",103102,"High Risk","Unclean hands or improper use of gloves"
70749,"20141125",103145,"Low Risk","Improper storage of equipment utensils or linens"
70749,"20141125",103113,"High Risk","Sewage or wastewater contamination"
70749,"20141125",103142,"Low Risk","Unclean nonfood contact surfaces"
70749,"20141125",103120,"Moderate Risk","Moderate risk food holding temperature "
70749,"20141125",103144,"Low Risk","Unapproved or unmaintained equipment or utensils"
70749,"20130617",103157,"Low Risk","Food safety certificate or food handler card not available"
70749,"20130617",103120,"Moderate Risk","Moderate risk food holding temperature "
70749,"20130617",103144,"Low Risk","Unapproved or unmaintained equipment or utensils"
70749,"20130617",103147,"Low Risk","Inadequate ventilation or lighting"
70749,"20140416",103105,"High Risk","Improper cooling methods"
70749,"20140416",103157,"Low Risk","Food safety certificate or food handler card not available"
70749,"20121214",103119,"Moderate Risk","Inadequate and inaccessible handwashing facilities"
70754,"20150413",103119,"Moderate Risk","Inadequate and inaccessible handwashing facilities"
70754,"20150413",103142,"Low Risk","Unclean nonfood contact surfaces"
70754,"20150413",103150,"Low Risk","Improper or defective plumbing"
70754,"20131028",103145,"Low Risk","Improper storage of equipment utensils or linens"
70754,"20131028",103107,"High Risk","Improper reheating of food"
70754,"20131028",103144,"Low Risk","Unapproved or unmaintained equipment or utensils"
70754,"20121130",103134,"Moderate Risk","Other moderate risk violation"
70754,"20121130",103142,"Low Risk","Unclean nonfood contact surfaces"
70754,"20121130",103120,"Moderate Risk","Moderate risk food holding temperature "
70754,"20121130",103149,"Low Risk","Wiping cloths not clean or properly stored or inadequate sanitizer"
70754,"20121130",103116,"Moderate Risk","Inadequate food safety knowledge or lack of certified food safety manager"
70754,"20121130",103154,"Low Risk","Unclean or degraded floors walls or ceilings"
70754,"20121130",103124,"Moderate Risk","Inadequately cleaned or sanitized food contact surfaces"
70755,"20141215",103119,"Moderate Risk","Inadequate and inaccessible handwashing facilities"
70755,"20141215",103142,"Low Risk","Unclean nonfood contact surfaces"
70755,"20141215",103131,"Moderate Risk","Moderate risk vermin infestation"
70755,"20141215",103156,"Low Risk","Permit license or inspection report not posted"
70755,"20141215",103139,"Low Risk","Improper food storage"
70755,"20130208",103119,"Moderate Risk","Inadequate and inaccessible handwashing facilities"
70755,"20140507",103119,"Moderate Risk","Inadequate and inaccessible handwashing facilities"
70755,"20140507",103139,"Low Risk","Improper food storage"
70755,"20140507",103159,"Low Risk","Worker safety hazards"
70758,"20140308",103156,"Low Risk","Permit license or inspection report not posted"
70758,"20140308",103156,"Low Risk","Permit license or inspection report not posted"
70758,"20140308",103149,"Low Risk","Wiping cloths not clean or properly stored or inadequate sanitizer"
70758,"20140308",103134,"Moderate Risk","Other moderate risk violation"
70758,"20130221",103160,"Low Risk","Inadequate HACCP plan record keeping"
70758,"20130221",103161,"Low Risk","Low risk vermin infestation"
70758,"20130221",103138,"Low Risk","Improper storage use or identification of toxic substances"
70778,"20141110",103124,"Moderate Risk","Inadequately cleaned or sanitized food contact surfaces"
70778,"20121102",103119,"Moderate Risk","Inadequate and inaccessible handwashing facilities"
70778,"20121102",103154,"Low Risk","Unclean or degraded floors walls or ceilings"
70778,"20121102",103148,"Low Risk","No thermometers or uncalibrated thermometers "
70778,"20121102",103150,"Low Risk","Improper or defective plumbing"
70778,"20121102",103149,"Low Risk","Wiping cloths not clean or properly stored or inadequate sanitizer"
70778,"20121102",103162,"Low Risk","Other low risk violation"
70778,"20121102",103161,"Low Risk","Low risk vermin infestation"
70778,"20121102",103156,"Low Risk","Permit license or inspection report not posted"
70778,"20140520",103156,"Low Risk","Permit license or inspection report not posted"
70778,"20140520",103149,"Low Risk","Wiping cloths not clean or properly stored or inadequate sanitizer"
70779,"20131127",103143,"Low Risk","Inadequate warewashing facilities or equipment"
70779,"20130528",103157,"Low Risk","Food safety certificate or food handler card not available"
70779,"20130528",103142,"Low Risk","Unclean nonfood contact surfaces"
70779,"20121113",103138,"Low Risk","Improper storage use or identification of toxic substances"
70779,"20121113",103116,"Moderate Risk","Inadequate food safety knowledge or lack of certified food safety manager"
70779,"20140603",103124,"Moderate Risk","Inadequately cleaned or sanitized food contact surfaces"
70779,"20140603",103142,"Low Risk","Unclean nonfood contact surfaces"
70779,"20140603",103153,"Low Risk","Inadequate dressing rooms or improper storage of personal items"
70780,"20150311",103124,"Moderate Risk","Inadequately cleaned or sanitized food contact surfaces"
70780,"20150323",103120,"Moderate Risk","Moderate risk food holding temperature "
70780,"20150311",103103,"High Risk","High risk food holding temperature "
70780,"20140422",103156,"Low Risk","Permit license or inspection report not posted"
70780,"20140422",103154,"Low Risk","Unclean or degraded floors walls or ceilings"
70780,"20140422",103149,"Low Risk","Wiping cloths not clean or properly stored or inadequate sanitizer"
70780,"20140422",103143,"Low Risk","Inadequate warewashing facilities or equipment"
70780,"20140422",103144,"Low Risk","Unapproved or unmaintained equipment or utensils"
70797,"20130617",103121,"Moderate Risk","Inadequate procedures or records for time as a public health control "
70797,"20130617",103119,"Moderate Risk","Inadequate and inaccessible handwashing facilities"
70797,"20130617",103149,"Low Risk","Wiping cloths not clean or properly stored or inadequate sanitizer"
70797,"20140411",103139,"Low Risk","Improper food storage"
70797,"20140411",103149,"Low Risk","Wiping cloths not clean or properly stored or inadequate sanitizer"
70823,"20140908",103143,"Low Risk","Inadequate warewashing facilities or equipment"
70823,"20140908",103149,"Low Risk","Wiping cloths not clean or properly stored or inadequate sanitizer"
70823,"20130712",103124,"Moderate Risk","Inadequately cleaned or sanitized food contact surfaces"
70823,"20140123",103129,"Moderate Risk","Insufficient hot water or running water"
70824,"20131125",103116,"Moderate Risk","Inadequate food safety knowledge or lack of certified food safety manager"
70824,"20130523",103156,"Low Risk","Permit license or inspection report not posted"
70824,"20130523",103150,"Low Risk","Improper or defective plumbing"
70824,"20140430",103116,"Moderate Risk","Inadequate food safety knowledge or lack of certified food safety manager"
70824,"20121203",103119,"Moderate Risk","Inadequate and inaccessible handwashing facilities"
70824,"20121203",103157,"Low Risk","Food safety certificate or food handler card not available"
70838,"20130812",103124,"Moderate Risk","Inadequately cleaned or sanitized food contact surfaces"
70838,"20130812",103133,"Moderate Risk","Foods not protected from contamination"
70838,"20130812",103105,"High Risk","Improper cooling methods"
70838,"20130812",103103,"High Risk","High risk food holding temperature "
70838,"20130812",103102,"High Risk","Unclean hands or improper use of gloves"
70838,"20121113",103168,"N/A",
70838,"20140617",103139,"Low Risk","Improper food storage"
70838,"20140617",103109,"High Risk","Unclean or unsanitary food contact surfaces"
70838,"20140617",103154,"Low Risk","Unclean or degraded floors walls or ceilings"
70838,"20140617",103120,"Moderate Risk","Moderate risk food holding temperature "
70849,"20150129",103124,"Moderate Risk","Inadequately cleaned or sanitized food contact surfaces"
70849,"20150129",103147,"Low Risk","Inadequate ventilation or lighting"
70849,"20131202",103119,"Moderate Risk","Inadequate and inaccessible handwashing facilities"
70849,"20131217",103138,"Low Risk","Improper storage use or identification of toxic substances"
70849,"20131202",103120,"Moderate Risk","Moderate risk food holding temperature "
70849,"20131202",103120,"Moderate Risk","Moderate risk food holding temperature "
70849,"20131217",103143,"Low Risk","Inadequate warewashing facilities or equipment"
70849,"20131202",103130,"Moderate Risk","Inadequate sewage or wastewater disposal"
70849,"20131202",103124,"Moderate Risk","Inadequately cleaned or sanitized food contact surfaces"
70849,"20131202",103130,"Moderate Risk","Inadequate sewage or wastewater disposal"
70849,"20131202",103119,"Moderate Risk","Inadequate and inaccessible handwashing facilities"
70849,"20131217",103120,"Moderate Risk","Moderate risk food holding temperature "
70849,"20131202",103124,"Moderate Risk","Inadequately cleaned or sanitized food contact surfaces"
70849,"20140312",103138,"Low Risk","Improper storage use or identification of toxic substances"
70849,"20140630",103144,"Low Risk","Unapproved or unmaintained equipment or utensils"
70849,"20140630",103103,"High Risk","High risk food holding temperature "
70856,"20140205",103148,"Low Risk","No thermometers or uncalibrated thermometers "
70884,"20141217",103120,"Moderate Risk","Moderate risk food holding temperature "
70884,"20130718",103154,"Low Risk","Unclean or degraded floors walls or ceilings"
70884,"20140218",103154,"Low Risk","Unclean or degraded floors walls or ceilings"
70890,"20131127",103133,"Moderate Risk","Foods not protected from contamination"
70890,"20131127",103102,"High Risk","Unclean hands or improper use of gloves"
70890,"20130528",103157,"Low Risk","Food safety certificate or food handler card not available"
70890,"20130528",103129,"Moderate Risk","Insufficient hot water or running water"
70890,"20130528",103102,"High Risk","Unclean hands or improper use of gloves"
70890,"20140423",103119,"Moderate Risk","Inadequate and inaccessible handwashing facilities"
70890,"20140423",103116,"Moderate Risk","Inadequate food safety knowledge or lack of certified food safety manager"
70890,"20140423",103102,"High Risk","Unclean hands or improper use of gloves"
70890,"20121113",103112,"High Risk","No hot water or running water"
70890,"20121113",103158,"Low Risk","Unpermitted food facility"
70892,"20150429",103124,"Moderate Risk","Inadequately cleaned or sanitized food contact surfaces"
70892,"20150429",103139,"Low Risk","Improper food storage"
70892,"20150429",103154,"Low Risk","Unclean or degraded floors walls or ceilings"
70892,"20130828",103114,"High Risk","High risk vermin infestation"
70892,"20130404",103120,"Moderate Risk","Moderate risk food holding temperature "
70892,"20130404",103148,"Low Risk","No thermometers or uncalibrated thermometers "
70892,"20130404",103139,"Low Risk","Improper food storage"
70892,"20130404",103119,"Moderate Risk","Inadequate and inaccessible handwashing facilities"
70892,"20121105",103141,"Low Risk","Improper food labeling or menu misrepresentation"
70892,"20121105",103120,"Moderate Risk","Moderate risk food holding temperature "
70892,"20121105",103144,"Low Risk","Unapproved or unmaintained equipment or utensils"
70892,"20121105",103145,"Low Risk","Improper storage of equipment utensils or linens"
70892,"20121105",103152,"Low Risk","Unclean unmaintained or improperly constructed toilet facilities"
70892,"20121105",103157,"Low Risk","Food safety certificate or food handler card not available"
70892,"20121105",103127,"Moderate Risk","Noncompliance with HAACP plan or variance"
70892,"20121105",103147,"Low Risk","Inadequate ventilation or lighting"
70892,"20121105",103153,"Low Risk","Inadequate dressing rooms or improper storage of personal items"
70892,"20121105",103139,"Low Risk","Improper food storage"
70892,"20121105",103158,"Low Risk","Unpermitted food facility"
70892,"20140521",103145,"Low Risk","Improper storage of equipment utensils or linens"
70892,"20140521",103149,"Low Risk","Wiping cloths not clean or properly stored or inadequate sanitizer"
70892,"20140521",103142,"Low Risk","Unclean nonfood contact surfaces"
70892,"20140521",103139,"Low Risk","Improper food storage"
70892,"20140521",103154,"Low Risk","Unclean or degraded floors walls or ceilings"
70912,"20150302",103120,"Moderate Risk","Moderate risk food holding temperature "
70912,"20150302",103165,"Low Risk","No plan review or Building Permit"
70912,"20150302",103157,"Low Risk","Food safety certificate or food handler card not available"
70912,"20150302",103129,"Moderate Risk","Insufficient hot water or running water"
70912,"20150302",103139,"Low Risk","Improper food storage"
70912,"20140310",103144,"Low Risk","Unapproved or unmaintained equipment or utensils"
70912,"20140310",103159,"Low Risk","Worker safety hazards"
70912,"20140310",103139,"Low Risk","Improper food storage"
70914,"20150520",103144,"Low Risk","Unapproved or unmaintained equipment or utensils"
70914,"20150520",103133,"Moderate Risk","Foods not protected from contamination"
70914,"20150520",103150,"Low Risk","Improper or defective plumbing"
70914,"20140422",103145,"Low Risk","Improper storage of equipment utensils or linens"
70914,"20140422",103133,"Moderate Risk","Foods not protected from contamination"
70914,"20140422",103120,"Moderate Risk","Moderate risk food holding temperature "
70915,"20150225",103132,"Moderate Risk","Improper thawing methods "
70915,"20150225",103154,"Low Risk","Unclean or degraded floors walls or ceilings"
70915,"20130711",103144,"Low Risk","Unapproved or unmaintained equipment or utensils"
70915,"20130711",103116,"Moderate Risk","Inadequate food safety knowledge or lack of certified food safety manager"
70915,"20130711",103103,"High Risk","High risk food holding temperature "
70915,"20130711",103149,"Low Risk","Wiping cloths not clean or properly stored or inadequate sanitizer"
70915,"20130711",103149,"Low Risk","Wiping cloths not clean or properly stored or inadequate sanitizer"
70915,"20130322",103139,"Low Risk","Improper food storage"
70915,"20130322",103154,"Low Risk","Unclean or degraded floors walls or ceilings"
70915,"20130322",103149,"Low Risk","Wiping cloths not clean or properly stored or inadequate sanitizer"
70915,"20130322",103103,"High Risk","High risk food holding temperature "
70915,"20140507",103103,"High Risk","High risk food holding temperature "
70915,"20140507",103133,"Moderate Risk","Foods not protected from contamination"
70915,"20121228",103147,"Low Risk","Inadequate ventilation or lighting"
70915,"20121119",103119,"Moderate Risk","Inadequate and inaccessible handwashing facilities"
70915,"20121228",103149,"Low Risk","Wiping cloths not clean or properly stored or inadequate sanitizer"
70915,"20121119",103144,"Low Risk","Unapproved or unmaintained equipment or utensils"
70920,"20150122",103139,"Low Risk","Improper food storage"
70920,"20150122",103144,"Low Risk","Unapproved or unmaintained equipment or utensils"
70920,"20150122",103150,"Low Risk","Improper or defective plumbing"
70920,"20150122",103161,"Low Risk","Low risk vermin infestation"
70920,"20150122",103124,"Moderate Risk","Inadequately cleaned or sanitized food contact surfaces"
70920,"20130904",103128,"Moderate Risk","Consumer advisory not provided for raw or undercooked foods"
70920,"20130904",103119,"Moderate Risk","Inadequate and inaccessible handwashing facilities"
70920,"20130904",103148,"Low Risk","No thermometers or uncalibrated thermometers "
70920,"20130904",103131,"Moderate Risk","Moderate risk vermin infestation"
70920,"20140411",103131,"Moderate Risk","Moderate risk vermin infestation"
70920,"20140411",103123,"Moderate Risk","Food in poor condition"
70920,"20140411",103149,"Low Risk","Wiping cloths not clean or properly stored or inadequate sanitizer"
70920,"20140411",103142,"Low Risk","Unclean nonfood contact surfaces"
70920,"20140411",103144,"Low Risk","Unapproved or unmaintained equipment or utensils"
70920,"20121129",103154,"Low Risk","Unclean or degraded floors walls or ceilings"
70920,"20130226",103149,"Low Risk","Wiping cloths not clean or properly stored or inadequate sanitizer"
70920,"20130226",103145,"Low Risk","Improper storage of equipment utensils or linens"
70920,"20130226",103142,"Low Risk","Unclean nonfood contact surfaces"
70920,"20130226",103150,"Low Risk","Improper or defective plumbing"
70920,"20121129",103144,"Low Risk","Unapproved or unmaintained equipment or utensils"
70920,"20121129",103161,"Low Risk","Low risk vermin infestation"
70920,"20130226",103139,"Low Risk","Improper food storage"
70921,"20130826",103142,"Low Risk","Unclean nonfood contact surfaces"
70921,"20130826",103154,"Low Risk","Unclean or degraded floors walls or ceilings"
70921,"20130826",103145,"Low Risk","Improper storage of equipment utensils or linens"
70921,"20121205",103154,"Low Risk","Unclean or degraded floors walls or ceilings"
70921,"20140509",103139,"Low Risk","Improper food storage"
70921,"20140509",103154,"Low Risk","Unclean or degraded floors walls or ceilings"
70921,"20140509",103116,"Moderate Risk","Inadequate food safety knowledge or lack of certified food safety manager"
70922,"20130703",103124,"Moderate Risk","Inadequately cleaned or sanitized food contact surfaces"
70922,"20130703",103143,"Low Risk","Inadequate warewashing facilities or equipment"
70929,"20130822",103152,"Low Risk","Unclean unmaintained or improperly constructed toilet facilities"
70929,"20130313",103152,"Low Risk","Unclean unmaintained or improperly constructed toilet facilities"
70929,"20140715",103131,"Moderate Risk","Moderate risk vermin infestation"
70929,"20140715",103139,"Low Risk","Improper food storage"
70929,"20140715",103144,"Low Risk","Unapproved or unmaintained equipment or utensils"
70939,"20150403",103131,"Moderate Risk","Moderate risk vermin infestation"
70939,"20150403",103119,"Moderate Risk","Inadequate and inaccessible handwashing facilities"
70939,"20131030",103139,"Low Risk","Improper food storage"
70939,"20131030",103154,"Low Risk","Unclean or degraded floors walls or ceilings"
70939,"20130307",103119,"Moderate Risk","Inadequate and inaccessible handwashing facilities"
70939,"20140429",103120,"Moderate Risk","Moderate risk food holding temperature "
70939,"20140429",103144,"Low Risk","Unapproved or unmaintained equipment or utensils"
70945,"20130816",103156,"Low Risk","Permit license or inspection report not posted"
70946,"20131017",103119,"Moderate Risk","Inadequate and inaccessible handwashing facilities"
70946,"20131017",103105,"High Risk","Improper cooling methods"
70949,"20150116",103119,"Moderate Risk","Inadequate and inaccessible handwashing facilities"
70949,"20150116",103145,"Low Risk","Improper storage of equipment utensils or linens"
70949,"20150116",103149,"Low Risk","Wiping cloths not clean or properly stored or inadequate sanitizer"
70949,"20140225",103149,"Low Risk","Wiping cloths not clean or properly stored or inadequate sanitizer"
70949,"20140225",103157,"Low Risk","Food safety certificate or food handler card not available"
70951,"20130827",103142,"Low Risk","Unclean nonfood contact surfaces"
70951,"20130827",103131,"Moderate Risk","Moderate risk vermin infestation"
70951,"20130827",103124,"Moderate Risk","Inadequately cleaned or sanitized food contact surfaces"
70951,"20130827",103119,"Moderate Risk","Inadequate and inaccessible handwashing facilities"
70951,"20130827",103103,"High Risk","High risk food holding temperature "
70951,"20130827",103156,"Low Risk","Permit license or inspection report not posted"
70951,"20130827",103143,"Low Risk","Inadequate warewashing facilities or equipment"
70951,"20130325",103124,"Moderate Risk","Inadequately cleaned or sanitized food contact surfaces"
70951,"20130325",103107,"High Risk","Improper reheating of food"
70951,"20130325",103103,"High Risk","High risk food holding temperature "
70951,"20140311",103142,"Low Risk","Unclean nonfood contact surfaces"
70951,"20140311",103103,"High Risk","High risk food holding temperature "
70951,"20140311",103124,"Moderate Risk","Inadequately cleaned or sanitized food contact surfaces"
70951,"20140311",103116,"Moderate Risk","Inadequate food safety knowledge or lack of certified food safety manager"
70951,"20140311",103102,"High Risk","Unclean hands or improper use of gloves"
70951,"20140311",103114,"High Risk","High risk vermin infestation"
70951,"20140728",103149,"Low Risk","Wiping cloths not clean or properly stored or inadequate sanitizer"
70951,"20140728",103133,"Moderate Risk","Foods not protected from contamination"
70951,"20140728",103103,"High Risk","High risk food holding temperature "
70960,"20140818",103120,"Moderate Risk","Moderate risk food holding temperature "
70960,"20140818",103124,"Moderate Risk","Inadequately cleaned or sanitized food contact surfaces"
70960,"20140818",103154,"Low Risk","Unclean or degraded floors walls or ceilings"
70960,"20140818",103116,"Moderate Risk","Inadequate food safety knowledge or lack of certified food safety manager"
70961,"20150306",103124,"Moderate Risk","Inadequately cleaned or sanitized food contact surfaces"
70961,"20130913",103119,"Moderate Risk","Inadequate and inaccessible handwashing facilities"
70961,"20130206",103120,"Moderate Risk","Moderate risk food holding temperature "
70970,"20141201",103149,"Low Risk","Wiping cloths not clean or properly stored or inadequate sanitizer"
70970,"20141201",103157,"Low Risk","Food safety certificate or food handler card not available"
70970,"20141201",103147,"Low Risk","Inadequate ventilation or lighting"
70970,"20141201",103144,"Low Risk","Unapproved or unmaintained equipment or utensils"
70970,"20141201",103143,"Low Risk","Inadequate warewashing facilities or equipment"
70970,"20141201",103142,"Low Risk","Unclean nonfood contact surfaces"
70970,"20141201",103119,"Moderate Risk","Inadequate and inaccessible handwashing facilities"
70970,"20140301",103157,"Low Risk","Food safety certificate or food handler card not available"
70970,"20140301",103149,"Low Risk","Wiping cloths not clean or properly stored or inadequate sanitizer"
70970,"20140301",103119,"Moderate Risk","Inadequate and inaccessible handwashing facilities"
70970,"20130108",103147,"Low Risk","Inadequate ventilation or lighting"
70970,"20130108",103120,"Moderate Risk","Moderate risk food holding temperature "
70970,"20130108",103142,"Low Risk","Unclean nonfood contact surfaces"
70983,"20130708",103119,"Moderate Risk","Inadequate and inaccessible handwashing facilities"
70983,"20130708",103120,"Moderate Risk","Moderate risk food holding temperature "
70983,"20130708",103133,"Moderate Risk","Foods not protected from contamination"
70983,"20130708",103149,"Low Risk","Wiping cloths not clean or properly stored or inadequate sanitizer"
70983,"20140502",103120,"Moderate Risk","Moderate risk food holding temperature "
70983,"20140502",103142,"Low Risk","Unclean nonfood contact surfaces"
70983,"20140502",103124,"Moderate Risk","Inadequately cleaned or sanitized food contact surfaces"
70983,"20121130",103105,"High Risk","Improper cooling methods"
70983,"20121130",103103,"High Risk","High risk food holding temperature "
70983,"20121130",103102,"High Risk","Unclean hands or improper use of gloves"
70983,"20121210",103120,"Moderate Risk","Moderate risk food holding temperature "
70983,"20121130",103149,"Low Risk","Wiping cloths not clean or properly stored or inadequate sanitizer"
70993,"20130923",103120,"Moderate Risk","Moderate risk food holding temperature "
70993,"20130312",103162,"Low Risk","Other low risk violation"
70993,"20130312",103157,"Low Risk","Food safety certificate or food handler card not available"
70993,"20140325",103119,"Moderate Risk","Inadequate and inaccessible handwashing facilities"
70993,"20140325",103152,"Low Risk","Unclean unmaintained or improperly constructed toilet facilities"
70996,"20150224",103139,"Low Risk","Improper food storage"
70996,"20150224",103161,"Low Risk","Low risk vermin infestation"
70996,"20150224",103142,"Low Risk","Unclean nonfood contact surfaces"
70996,"20150224",103133,"Moderate Risk","Foods not protected from contamination"
70996,"20150224",103154,"Low Risk","Unclean or degraded floors walls or ceilings"
70996,"20140401",103149,"Low Risk","Wiping cloths not clean or properly stored or inadequate sanitizer"
70996,"20140401",103154,"Low Risk","Unclean or degraded floors walls or ceilings"
70996,"20140401",103139,"Low Risk","Improper food storage"
70996,"20140401",103157,"Low Risk","Food safety certificate or food handler card not available"
70996,"20140401",103147,"Low Risk","Inadequate ventilation or lighting"
70996,"20121221",103154,"Low Risk","Unclean or degraded floors walls or ceilings"
70996,"20121221",103149,"Low Risk","Wiping cloths not clean or properly stored or inadequate sanitizer"
71008,"20131205",103120,"Moderate Risk","Moderate risk food holding temperature "
71008,"20131205",103132,"Moderate Risk","Improper thawing methods "
71008,"20131205",103144,"Low Risk","Unapproved or unmaintained equipment or utensils"
71008,"20130603",103142,"Low Risk","Unclean nonfood contact surfaces"
71008,"20130603",103133,"Moderate Risk","Foods not protected from contamination"
71008,"20130603",103132,"Moderate Risk","Improper thawing methods "
71008,"20130603",103109,"High Risk","Unclean or unsanitary food contact surfaces"
71008,"20140605",103124,"Moderate Risk","Inadequately cleaned or sanitized food contact surfaces"
71008,"20140605",103139,"Low Risk","Improper food storage"
71008,"20140605",103144,"Low Risk","Unapproved or unmaintained equipment or utensils"
71012,"20141021",103144,"Low Risk","Unapproved or unmaintained equipment or utensils"
71012,"20141021",103138,"Low Risk","Improper storage use or identification of toxic substances"
71012,"20141021",103131,"Moderate Risk","Moderate risk vermin infestation"
71012,"20141021",103121,"Moderate Risk","Inadequate procedures or records for time as a public health control "
71012,"20141021",103103,"High Risk","High risk food holding temperature "
71012,"20141021",103108,"High Risk","Contaminated or adulterated food"
71012,"20141021",103142,"Low Risk","Unclean nonfood contact surfaces"
71012,"20141021",103149,"Low Risk","Wiping cloths not clean or properly stored or inadequate sanitizer"
71012,"20131029",103132,"Moderate Risk","Improper thawing methods "
71012,"20131029",103149,"Low Risk","Wiping cloths not clean or properly stored or inadequate sanitizer"
71012,"20131029",103145,"Low Risk","Improper storage of equipment utensils or linens"
71012,"20131029",103142,"Low Risk","Unclean nonfood contact surfaces"
71012,"20131105",103116,"Moderate Risk","Inadequate food safety knowledge or lack of certified food safety manager"
71012,"20131029",103139,"Low Risk","Improper food storage"
71012,"20131029",103103,"High Risk","High risk food holding temperature "
71012,"20131105",103120,"Moderate Risk","Moderate risk food holding temperature "
71012,"20131029",103116,"Moderate Risk","Inadequate food safety knowledge or lack of certified food safety manager"
71012,"20130102",103103,"High Risk","High risk food holding temperature "
71012,"20121128",103148,"Low Risk","No thermometers or uncalibrated thermometers "
71012,"20130102",103132,"Moderate Risk","Improper thawing methods "
71012,"20130102",103133,"Moderate Risk","Foods not protected from contamination"
71012,"20130102",103121,"Moderate Risk","Inadequate procedures or records for time as a public health control "
71012,"20130102",103144,"Low Risk","Unapproved or unmaintained equipment or utensils"
71012,"20130102",103141,"Low Risk","Improper food labeling or menu misrepresentation"
71031,"20140402",103107,"High Risk","Improper reheating of food"
71031,"20140402",103148,"Low Risk","No thermometers or uncalibrated thermometers "
71031,"20121204",103142,"Low Risk","Unclean nonfood contact surfaces"
71034,"20140305",103153,"Low Risk","Inadequate dressing rooms or improper storage of personal items"
71034,"20140305",103119,"Moderate Risk","Inadequate and inaccessible handwashing facilities"
71034,"20140305",103148,"Low Risk","No thermometers or uncalibrated thermometers "
71034,"20130124",103120,"Moderate Risk","Moderate risk food holding temperature "
71034,"20130124",103109,"High Risk","Unclean or unsanitary food contact surfaces"
71034,"20130124",103116,"Moderate Risk","Inadequate food safety knowledge or lack of certified food safety manager"
71034,"20130124",103118,"Moderate Risk","Employee eating or smoking"
71034,"20130124",103135,"Low Risk","No person in charge of food facility"
71034,"20130124",103102,"High Risk","Unclean hands or improper use of gloves"
71042,"20141001",103144,"Low Risk","Unapproved or unmaintained equipment or utensils"
71042,"20131003",103120,"Moderate Risk","Moderate risk food holding temperature "
71042,"20131003",103156,"Low Risk","Permit license or inspection report not posted"
71042,"20130405",103154,"Low Risk","Unclean or degraded floors walls or ceilings"
71042,"20140328",103153,"Low Risk","Inadequate dressing rooms or improper storage of personal items"
71056,"20150313",103120,"Moderate Risk","Moderate risk food holding temperature "
71056,"20150313",103133,"Moderate Risk","Foods not protected from contamination"
71056,"20131112",103142,"Low Risk","Unclean nonfood contact surfaces"
71056,"20130122",103150,"Low Risk","Improper or defective plumbing"
71056,"20140527",103142,"Low Risk","Unclean nonfood contact surfaces"
71057,"20150313",103120,"Moderate Risk","Moderate risk food holding temperature "
71057,"20150313",103149,"Low Risk","Wiping cloths not clean or properly stored or inadequate sanitizer"
71057,"20131118",103157,"Low Risk","Food safety certificate or food handler card not available"
71057,"20131118",103120,"Moderate Risk","Moderate risk food holding temperature "
71057,"20131118",103133,"Moderate Risk","Foods not protected from contamination"
71057,"20131118",103142,"Low Risk","Unclean nonfood contact surfaces"
71057,"20130122",103148,"Low Risk","No thermometers or uncalibrated thermometers "
71057,"20130122",103132,"Moderate Risk","Improper thawing methods "
71057,"20130122",103121,"Moderate Risk","Inadequate procedures or records for time as a public health control "
71057,"20140527",103149,"Low Risk","Wiping cloths not clean or properly stored or inadequate sanitizer"
71057,"20140527",103145,"Low Risk","Improper storage of equipment utensils or linens"
71057,"20140527",103121,"Moderate Risk","Inadequate procedures or records for time as a public health control "
71058,"20130130",103154,"Low Risk","Unclean or degraded floors walls or ceilings"
71058,"20130130",103150,"Low Risk","Improper or defective plumbing"
71065,"20141117",103114,"High Risk","High risk vermin infestation"
71065,"20141117",103154,"Low Risk","Unclean or degraded floors walls or ceilings"
71065,"20141117",103109,"High Risk","Unclean or unsanitary food contact surfaces"
71065,"20141117",103119,"Moderate Risk","Inadequate and inaccessible handwashing facilities"
71065,"20141117",103133,"Moderate Risk","Foods not protected from contamination"
71065,"20141117",103103,"High Risk","High risk food holding temperature "
71065,"20130731",103161,"Low Risk","Low risk vermin infestation"
71065,"20130731",103124,"Moderate Risk","Inadequately cleaned or sanitized food contact surfaces"
71065,"20130731",103119,"Moderate Risk","Inadequate and inaccessible handwashing facilities"
71065,"20130731",103154,"Low Risk","Unclean or degraded floors walls or ceilings"
71065,"20130731",103144,"Low Risk","Unapproved or unmaintained equipment or utensils"
71065,"20130731",103145,"Low Risk","Improper storage of equipment utensils or linens"
71065,"20131210",103139,"Low Risk","Improper food storage"
71065,"20131210",103124,"Moderate Risk","Inadequately cleaned or sanitized food contact surfaces"
71065,"20131210",103154,"Low Risk","Unclean or degraded floors walls or ceilings"
71065,"20131210",103145,"Low Risk","Improper storage of equipment utensils or linens"
71065,"20131210",103119,"Moderate Risk","Inadequate and inaccessible handwashing facilities"
71065,"20131210",103131,"Moderate Risk","Moderate risk vermin infestation"
71065,"20130404",103102,"High Risk","Unclean hands or improper use of gloves"
71065,"20130404",103109,"High Risk","Unclean or unsanitary food contact surfaces"
71065,"20130404",103114,"High Risk","High risk vermin infestation"
71065,"20121211",103109,"High Risk","Unclean or unsanitary food contact surfaces"
71065,"20121211",103149,"Low Risk","Wiping cloths not clean or properly stored or inadequate sanitizer"
71065,"20121211",103103,"High Risk","High risk food holding temperature "
71065,"20121211",103154,"Low Risk","Unclean or degraded floors walls or ceilings"
71065,"20121211",103105,"High Risk","Improper cooling methods"
71065,"20121211",103151,"Low Risk","Inadequate or unsanitary refuse containers or area or no garbage service"
71065,"20121211",103138,"Low Risk","Improper storage use or identification of toxic substances"
71065,"20121211",103102,"High Risk","Unclean hands or improper use of gloves"
71065,"20121211",103133,"Moderate Risk","Foods not protected from contamination"
71067,"20140929",103154,"Low Risk","Unclean or degraded floors walls or ceilings"
71067,"20140929",103141,"Low Risk","Improper food labeling or menu misrepresentation"
71067,"20130712",103151,"Low Risk","Inadequate or unsanitary refuse containers or area or no garbage service"
71067,"20130712",103139,"Low Risk","Improper food storage"
71067,"20130712",103124,"Moderate Risk","Inadequately cleaned or sanitized food contact surfaces"
71067,"20140311",103157,"Low Risk","Food safety certificate or food handler card not available"
71067,"20140311",103154,"Low Risk","Unclean or degraded floors walls or ceilings"
71067,"20140311",103145,"Low Risk","Improper storage of equipment utensils or linens"
71067,"20140311",103142,"Low Risk","Unclean nonfood contact surfaces"
71081,"20131104",103138,"Low Risk","Improper storage use or identification of toxic substances"
71081,"20131104",103124,"Moderate Risk","Inadequately cleaned or sanitized food contact surfaces"
71081,"20131104",103170,"High Risk","Mobile food facility not operating with an approved commissary"
71081,"20131104",103103,"High Risk","High risk food holding temperature "
71081,"20130514",103145,"Low Risk","Improper storage of equipment utensils or linens"
71081,"20130514",103144,"Low Risk","Unapproved or unmaintained equipment or utensils"
71081,"20130514",103102,"High Risk","Unclean hands or improper use of gloves"
71081,"20130514",103103,"High Risk","High risk food holding temperature "
71081,"20130514",103149,"Low Risk","Wiping cloths not clean or properly stored or inadequate sanitizer"
71081,"20140609",103119,"Moderate Risk","Inadequate and inaccessible handwashing facilities"
71081,"20140609",103129,"Moderate Risk","Insufficient hot water or running water"
71087,"20130814",103142,"Low Risk","Unclean nonfood contact surfaces"
71087,"20130814",103120,"Moderate Risk","Moderate risk food holding temperature "
71087,"20130814",103105,"High Risk","Improper cooling methods"
71087,"20140610",103139,"Low Risk","Improper food storage"
71087,"20140610",103149,"Low Risk","Wiping cloths not clean or properly stored or inadequate sanitizer"
71088,"20131209",103115,"High Risk","Other high risk violation"
71088,"20130410",103154,"Low Risk","Unclean or degraded floors walls or ceilings"
71126,"20141007",103150,"Low Risk","Improper or defective plumbing"
71126,"20141007",103116,"Moderate Risk","Inadequate food safety knowledge or lack of certified food safety manager"
71126,"20141007",103139,"Low Risk","Improper food storage"
71126,"20130911",103124,"Moderate Risk","Inadequately cleaned or sanitized food contact surfaces"
71126,"20130911",103134,"Moderate Risk","Other moderate risk violation"
71126,"20130911",103116,"Moderate Risk","Inadequate food safety knowledge or lack of certified food safety manager"
71126,"20140407",103162,"Low Risk","Other low risk violation"
71126,"20140407",103116,"Moderate Risk","Inadequate food safety knowledge or lack of certified food safety manager"
71126,"20140407",103120,"Moderate Risk","Moderate risk food holding temperature "
71126,"20130103",103116,"Moderate Risk","Inadequate food safety knowledge or lack of certified food safety manager"
71126,"20130103",103168,"N/A",
71126,"20130103",103144,"Low Risk","Unapproved or unmaintained equipment or utensils"
71126,"20130103",103124,"Moderate Risk","Inadequately cleaned or sanitized food contact surfaces"
71126,"20130103",103119,"Moderate Risk","Inadequate and inaccessible handwashing facilities"
71126,"20130103",103120,"Moderate Risk","Moderate risk food holding temperature "
71131,"20140109",103143,"Low Risk","Inadequate warewashing facilities or equipment"
71131,"20140109",103142,"Low Risk","Unclean nonfood contact surfaces"
71131,"20140109",103119,"Moderate Risk","Inadequate and inaccessible handwashing facilities"
71131,"20140109",103148,"Low Risk","No thermometers or uncalibrated thermometers "
71131,"20130415",103142,"Low Risk","Unclean nonfood contact surfaces"
71131,"20130415",103116,"Moderate Risk","Inadequate food safety knowledge or lack of certified food safety manager"
71131,"20140711",103119,"Moderate Risk","Inadequate and inaccessible handwashing facilities"
71131,"20140718",103102,"High Risk","Unclean hands or improper use of gloves"
71131,"20140718",103109,"High Risk","Unclean or unsanitary food contact surfaces"
71131,"20140711",103131,"Moderate Risk","Moderate risk vermin infestation"
71131,"20140711",103124,"Moderate Risk","Inadequately cleaned or sanitized food contact surfaces"
71131,"20140711",103152,"Low Risk","Unclean unmaintained or improperly constructed toilet facilities"
71132,"20150304",103108,"High Risk","Contaminated or adulterated food"
71132,"20150304",103114,"High Risk","High risk vermin infestation"
71132,"20150304",103135,"Low Risk","No person in charge of food facility"
71132,"20150304",103142,"Low Risk","Unclean nonfood contact surfaces"
71132,"20150304",103154,"Low Risk","Unclean or degraded floors walls or ceilings"
71132,"20150304",103109,"High Risk","Unclean or unsanitary food contact surfaces"
71132,"20150304",103116,"Moderate Risk","Inadequate food safety knowledge or lack of certified food safety manager"
71132,"20131220",103142,"Low Risk","Unclean nonfood contact surfaces"
71132,"20131220",103139,"Low Risk","Improper food storage"
71132,"20131220",103116,"Moderate Risk","Inadequate food safety knowledge or lack of certified food safety manager"
71132,"20131220",103114,"High Risk","High risk vermin infestation"
71132,"20131220",103109,"High Risk","Unclean or unsanitary food contact surfaces"
71132,"20140422",103131,"Moderate Risk","Moderate risk vermin infestation"
71132,"20140422",103109,"High Risk","Unclean or unsanitary food contact surfaces"
71132,"20140422",103132,"Moderate Risk","Improper thawing methods "
71132,"20140422",103138,"Low Risk","Improper storage use or identification of toxic substances"
71132,"20140422",103142,"Low Risk","Unclean nonfood contact surfaces"
71132,"20121217",103161,"Low Risk","Low risk vermin infestation"
71132,"20121217",103142,"Low Risk","Unclean nonfood contact surfaces"
71132,"20121217",103103,"High Risk","High risk food holding temperature "
71133,"20130604",103149,"Low Risk","Wiping cloths not clean or properly stored or inadequate sanitizer"
71133,"20130604",103119,"Moderate Risk","Inadequate and inaccessible handwashing facilities"
71133,"20130604",103120,"Moderate Risk","Moderate risk food holding temperature "
71133,"20130604",103132,"Moderate Risk","Improper thawing methods "
71133,"20130604",103142,"Low Risk","Unclean nonfood contact surfaces"
71133,"20140422",103142,"Low Risk","Unclean nonfood contact surfaces"
71133,"20140422",103131,"Moderate Risk","Moderate risk vermin infestation"
71133,"20140422",103116,"Moderate Risk","Inadequate food safety knowledge or lack of certified food safety manager"
71138,"20130904",103158,"Low Risk","Unpermitted food facility"
71138,"20130314",103150,"Low Risk","Improper or defective plumbing"
71138,"20130314",103154,"Low Risk","Unclean or degraded floors walls or ceilings"
71138,"20130314",103103,"High Risk","High risk food holding temperature "
71138,"20140226",103141,"Low Risk","Improper food labeling or menu misrepresentation"
71138,"20140226",103120,"Moderate Risk","Moderate risk food holding temperature "
71149,"20140306",103157,"Low Risk","Food safety certificate or food handler card not available"
71149,"20140306",103120,"Moderate Risk","Moderate risk food holding temperature "
71154,"20130709",103141,"Low Risk","Improper food labeling or menu misrepresentation"
71154,"20130709",103120,"Moderate Risk","Moderate risk food holding temperature "
71154,"20130709",103116,"Moderate Risk","Inadequate food safety knowledge or lack of certified food safety manager"
71154,"20140528",103119,"Moderate Risk","Inadequate and inaccessible handwashing facilities"
71154,"20140528",103139,"Low Risk","Improper food storage"
71168,"20150311",103130,"Moderate Risk","Inadequate sewage or wastewater disposal"
71168,"20150311",103114,"High Risk","High risk vermin infestation"
71168,"20150311",103105,"High Risk","Improper cooling methods"
71168,"20150311",103102,"High Risk","Unclean hands or improper use of gloves"
71168,"20150311",103129,"Moderate Risk","Insufficient hot water or running water"
71168,"20150311",103132,"Moderate Risk","Improper thawing methods "
71168,"20150311",103133,"Moderate Risk","Foods not protected from contamination"
71168,"20150311",103147,"Low Risk","Inadequate ventilation or lighting"
71168,"20150311",103154,"Low Risk","Unclean or degraded floors walls or ceilings"
71168,"20150311",103116,"Moderate Risk","Inadequate food safety knowledge or lack of certified food safety manager"
71168,"20140306",103149,"Low Risk","Wiping cloths not clean or properly stored or inadequate sanitizer"
71168,"20140306",103105,"High Risk","Improper cooling methods"
71168,"20140306",103103,"High Risk","High risk food holding temperature "
71168,"20140306",103154,"Low Risk","Unclean or degraded floors walls or ceilings"
71168,"20130107",103162,"Low Risk","Other low risk violation"
71174,"20150407",103120,"Moderate Risk","Moderate risk food holding temperature "
71174,"20150407",103124,"Moderate Risk","Inadequately cleaned or sanitized food contact surfaces"
71174,"20150407",103139,"Low Risk","Improper food storage"
71174,"20130812",103154,"Low Risk","Unclean or degraded floors walls or ceilings"
71174,"20130812",103147,"Low Risk","Inadequate ventilation or lighting"
71174,"20130812",103124,"Moderate Risk","Inadequately cleaned or sanitized food contact surfaces"
71174,"20140403",103161,"Low Risk","Low risk vermin infestation"
71174,"20140403",103119,"Moderate Risk","Inadequate and inaccessible handwashing facilities"
71174,"20140403",103144,"Low Risk","Unapproved or unmaintained equipment or utensils"
71174,"20140403",103154,"Low Risk","Unclean or degraded floors walls or ceilings"
71176,"20150408",103132,"Moderate Risk","Improper thawing methods "
71176,"20150408",103144,"Low Risk","Unapproved or unmaintained equipment or utensils"
71176,"20150408",103133,"Moderate Risk","Foods not protected from contamination"
71176,"20150408",103116,"Moderate Risk","Inadequate food safety knowledge or lack of certified food safety manager"
71176,"20150408",103103,"High Risk","High risk food holding temperature "
71176,"20150408",103114,"High Risk","High risk vermin infestation"
71176,"20150408",103109,"High Risk","Unclean or unsanitary food contact surfaces"
71176,"20150408",103102,"High Risk","Unclean hands or improper use of gloves"
71176,"20131016",103103,"High Risk","High risk food holding temperature "
71176,"20131016",103133,"Moderate Risk","Foods not protected from contamination"
71176,"20131016",103132,"Moderate Risk","Improper thawing methods "
71176,"20131016",103124,"Moderate Risk","Inadequately cleaned or sanitized food contact surfaces"
71176,"20140521",103103,"High Risk","High risk food holding temperature "
71176,"20140521",103109,"High Risk","Unclean or unsanitary food contact surfaces"
71176,"20140521",103131,"Moderate Risk","Moderate risk vermin infestation"
71176,"20140521",103133,"Moderate Risk","Foods not protected from contamination"
71176,"20140521",103150,"Low Risk","Improper or defective plumbing"
71176,"20140521",103102,"High Risk","Unclean hands or improper use of gloves"
71176,"20140611",103161,"Low Risk","Low risk vermin infestation"
71176,"20140611",103124,"Moderate Risk","Inadequately cleaned or sanitized food contact surfaces"
71176,"20140521",103144,"Low Risk","Unapproved or unmaintained equipment or utensils"
71187,"20140813",103119,"Moderate Risk","Inadequate and inaccessible handwashing facilities"
71187,"20140813",103154,"Low Risk","Unclean or degraded floors walls or ceilings"
71187,"20140813",103139,"Low Risk","Improper food storage"
71187,"20140813",103149,"Low Risk","Wiping cloths not clean or properly stored or inadequate sanitizer"
71207,"20130905",103161,"Low Risk","Low risk vermin infestation"
71207,"20130905",103161,"Low Risk","Low risk vermin infestation"
71207,"20130905",103119,"Moderate Risk","Inadequate and inaccessible handwashing facilities"
71207,"20130905",103103,"High Risk","High risk food holding temperature "
71207,"20130905",103103,"High Risk","High risk food holding temperature "
71207,"20130905",103119,"Moderate Risk","Inadequate and inaccessible handwashing facilities"
71207,"20140317",103139,"Low Risk","Improper food storage"
71207,"20140317",103133,"Moderate Risk","Foods not protected from contamination"
71207,"20140317",103121,"Moderate Risk","Inadequate procedures or records for time as a public health control "
71232,"20150428",103133,"Moderate Risk","Foods not protected from contamination"
71232,"20150428",103124,"Moderate Risk","Inadequately cleaned or sanitized food contact surfaces"
71232,"20150428",103156,"Low Risk","Permit license or inspection report not posted"
71232,"20150428",103154,"Low Risk","Unclean or degraded floors walls or ceilings"
71232,"20150428",103149,"Low Risk","Wiping cloths not clean or properly stored or inadequate sanitizer"
71232,"20150428",103119,"Moderate Risk","Inadequate and inaccessible handwashing facilities"
71232,"20150428",103147,"Low Risk","Inadequate ventilation or lighting"
71232,"20150428",103145,"Low Risk","Improper storage of equipment utensils or linens"
71232,"20150428",103159,"Low Risk","Worker safety hazards"
71232,"20130328",103142,"Low Risk","Unclean nonfood contact surfaces"
71232,"20130328",103144,"Low Risk","Unapproved or unmaintained equipment or utensils"
71232,"20130328",103131,"Moderate Risk","Moderate risk vermin infestation"
71232,"20130328",103139,"Low Risk","Improper food storage"
71232,"20130328",103119,"Moderate Risk","Inadequate and inaccessible handwashing facilities"
71232,"20130328",103149,"Low Risk","Wiping cloths not clean or properly stored or inadequate sanitizer"
71232,"20130328",103156,"Low Risk","Permit license or inspection report not posted"
71232,"20130328",103147,"Low Risk","Inadequate ventilation or lighting"
71232,"20140403",103139,"Low Risk","Improper food storage"
71232,"20140403",103151,"Low Risk","Inadequate or unsanitary refuse containers or area or no garbage service"
71232,"20140403",103154,"Low Risk","Unclean or degraded floors walls or ceilings"
71232,"20140403",103132,"Moderate Risk","Improper thawing methods "
71232,"20140403",103120,"Moderate Risk","Moderate risk food holding temperature "
71232,"20140403",103142,"Low Risk","Unclean nonfood contact surfaces"
71232,"20140403",103147,"Low Risk","Inadequate ventilation or lighting"
71261,"20140129",103142,"Low Risk","Unclean nonfood contact surfaces"
71261,"20140129",103154,"Low Risk","Unclean or degraded floors walls or ceilings"
71261,"20140129",103116,"Moderate Risk","Inadequate food safety knowledge or lack of certified food safety manager"
71261,"20130523",103120,"Moderate Risk","Moderate risk food holding temperature "
71286,"20141208",103120,"Moderate Risk","Moderate risk food holding temperature "
71286,"20141208",103139,"Low Risk","Improper food storage"
71286,"20141208",103153,"Low Risk","Inadequate dressing rooms or improper storage of personal items"
71286,"20141208",103144,"Low Risk","Unapproved or unmaintained equipment or utensils"
71286,"20131118",103120,"Moderate Risk","Moderate risk food holding temperature "
71286,"20131118",103154,"Low Risk","Unclean or degraded floors walls or ceilings"
71286,"20131118",103153,"Low Risk","Inadequate dressing rooms or improper storage of personal items"
71286,"20130521",103124,"Moderate Risk","Inadequately cleaned or sanitized food contact surfaces"
71286,"20130521",103139,"Low Risk","Improper food storage"
71286,"20130521",103149,"Low Risk","Wiping cloths not clean or properly stored or inadequate sanitizer"
71286,"20140519",103120,"Moderate Risk","Moderate risk food holding temperature "
71287,"20130613",103161,"Low Risk","Low risk vermin infestation"
71287,"20130613",103147,"Low Risk","Inadequate ventilation or lighting"
71292,"20130412",103119,"Moderate Risk","Inadequate and inaccessible handwashing facilities"
71292,"20130412",103139,"Low Risk","Improper food storage"
71292,"20130412",103157,"Low Risk","Food safety certificate or food handler card not available"
71301,"20141201",103152,"Low Risk","Unclean unmaintained or improperly constructed toilet facilities"
71301,"20141201",103120,"Moderate Risk","Moderate risk food holding temperature "
71301,"20130320",103157,"Low Risk","Food safety certificate or food handler card not available"
71301,"20130320",103149,"Low Risk","Wiping cloths not clean or properly stored or inadequate sanitizer"
71301,"20130320",103139,"Low Risk","Improper food storage"
71301,"20130320",103161,"Low Risk","Low risk vermin infestation"
71301,"20140418",103119,"Moderate Risk","Inadequate and inaccessible handwashing facilities"
71301,"20140418",103149,"Low Risk","Wiping cloths not clean or properly stored or inadequate sanitizer"
71301,"20140418",103147,"Low Risk","Inadequate ventilation or lighting"
71310,"20150109",103119,"Moderate Risk","Inadequate and inaccessible handwashing facilities"
71310,"20150109",103131,"Moderate Risk","Moderate risk vermin infestation"
71310,"20150109",103150,"Low Risk","Improper or defective plumbing"
71310,"20150109",103154,"Low Risk","Unclean or degraded floors walls or ceilings"
71310,"20150109",103144,"Low Risk","Unapproved or unmaintained equipment or utensils"
71310,"20150109",103133,"Moderate Risk","Foods not protected from contamination"
71310,"20150109",103152,"Low Risk","Unclean unmaintained or improperly constructed toilet facilities"
71310,"20150109",103142,"Low Risk","Unclean nonfood contact surfaces"
71310,"20150109",103145,"Low Risk","Improper storage of equipment utensils or linens"
71311,"20150430",103129,"Moderate Risk","Insufficient hot water or running water"
71312,"20150311",103138,"Low Risk","Improper storage use or identification of toxic substances"
71312,"20130729",103148,"Low Risk","No thermometers or uncalibrated thermometers "
71312,"20130729",103151,"Low Risk","Inadequate or unsanitary refuse containers or area or no garbage service"
71312,"20130729",103149,"Low Risk","Wiping cloths not clean or properly stored or inadequate sanitizer"
71312,"20140514",103149,"Low Risk","Wiping cloths not clean or properly stored or inadequate sanitizer"
71312,"20140514",103116,"Moderate Risk","Inadequate food safety knowledge or lack of certified food safety manager"
71314,"20150112",103119,"Moderate Risk","Inadequate and inaccessible handwashing facilities"
71314,"20150112",103114,"High Risk","High risk vermin infestation"
71314,"20150112",103109,"High Risk","Unclean or unsanitary food contact surfaces"
71314,"20150112",103133,"Moderate Risk","Foods not protected from contamination"
71314,"20150112",103139,"Low Risk","Improper food storage"
71314,"20150112",103141,"Low Risk","Improper food labeling or menu misrepresentation"
71314,"20150112",103144,"Low Risk","Unapproved or unmaintained equipment or utensils"
71314,"20150112",103154,"Low Risk","Unclean or degraded floors walls or ceilings"
71314,"20150112",103103,"High Risk","High risk food holding temperature "
71314,"20130724",103102,"High Risk","Unclean hands or improper use of gloves"
71314,"20130723",103139,"Low Risk","Improper food storage"
71314,"20130723",103144,"Low Risk","Unapproved or unmaintained equipment or utensils"
71314,"20130723",103103,"High Risk","High risk food holding temperature "
71314,"20130723",103133,"Moderate Risk","Foods not protected from contamination"
71314,"20130723",103116,"Moderate Risk","Inadequate food safety knowledge or lack of certified food safety manager"
71314,"20130723",103131,"Moderate Risk","Moderate risk vermin infestation"
71314,"20130723",103154,"Low Risk","Unclean or degraded floors walls or ceilings"
71314,"20130723",103149,"Low Risk","Wiping cloths not clean or properly stored or inadequate sanitizer"
71314,"20130723",103142,"Low Risk","Unclean nonfood contact surfaces"
71314,"20130723",103119,"Moderate Risk","Inadequate and inaccessible handwashing facilities"
71314,"20130723",103109,"High Risk","Unclean or unsanitary food contact surfaces"
71314,"20140402",103154,"Low Risk","Unclean or degraded floors walls or ceilings"
71314,"20140402",103142,"Low Risk","Unclean nonfood contact surfaces"
71314,"20140402",103109,"High Risk","Unclean or unsanitary food contact surfaces"
71314,"20140402",103114,"High Risk","High risk vermin infestation"
71314,"20140402",103119,"Moderate Risk","Inadequate and inaccessible handwashing facilities"
71314,"20140402",103139,"Low Risk","Improper food storage"
71314,"20140402",103129,"Moderate Risk","Insufficient hot water or running water"
71314,"20140402",103145,"Low Risk","Improper storage of equipment utensils or linens"
71314,"20140402",103144,"Low Risk","Unapproved or unmaintained equipment or utensils"
71314,"20140402",103103,"High Risk","High risk food holding temperature "
71318,"20140107",103154,"Low Risk","Unclean or degraded floors walls or ceilings"
71318,"20130530",103161,"Low Risk","Low risk vermin infestation"
71318,"20130530",103142,"Low Risk","Unclean nonfood contact surfaces"
71318,"20140611",103154,"Low Risk","Unclean or degraded floors walls or ceilings"
71320,"20130710",103131,"Moderate Risk","Moderate risk vermin infestation"
71320,"20130710",103120,"Moderate Risk","Moderate risk food holding temperature "
71320,"20131211",103120,"Moderate Risk","Moderate risk food holding temperature "
71320,"20131211",103154,"Low Risk","Unclean or degraded floors walls or ceilings"
71320,"20140613",103103,"High Risk","High risk food holding temperature "
71320,"20140613",103131,"Moderate Risk","Moderate risk vermin infestation"
71320,"20140613",103144,"Low Risk","Unapproved or unmaintained equipment or utensils"
71320,"20140613",103157,"Low Risk","Food safety certificate or food handler card not available"
71327,"20130916",103124,"Moderate Risk","Inadequately cleaned or sanitized food contact surfaces"
71327,"20130916",103103,"High Risk","High risk food holding temperature "
71327,"20130916",103152,"Low Risk","Unclean unmaintained or improperly constructed toilet facilities"
71327,"20130916",103119,"Moderate Risk","Inadequate and inaccessible handwashing facilities"
71327,"20140529",103120,"Moderate Risk","Moderate risk food holding temperature "
71327,"20140529",103119,"Moderate Risk","Inadequate and inaccessible handwashing facilities"
71328,"20130425",103133,"Moderate Risk","Foods not protected from contamination"
71328,"20130425",103120,"Moderate Risk","Moderate risk food holding temperature "
71328,"20140423",103103,"High Risk","High risk food holding temperature "
71328,"20140423",103116,"Moderate Risk","Inadequate food safety knowledge or lack of certified food safety manager"
71328,"20140423",103145,"Low Risk","Improper storage of equipment utensils or linens"
71328,"20140423",103161,"Low Risk","Low risk vermin infestation"
71328,"20130111",103168,"N/A",
71356,"20150410",103132,"Moderate Risk","Improper thawing methods "
71356,"20150410",103154,"Low Risk","Unclean or degraded floors walls or ceilings"
71356,"20130827",103149,"Low Risk","Wiping cloths not clean or properly stored or inadequate sanitizer"
71356,"20130827",103103,"High Risk","High risk food holding temperature "
71356,"20130827",103105,"High Risk","Improper cooling methods"
71356,"20140516",103149,"Low Risk","Wiping cloths not clean or properly stored or inadequate sanitizer"
71356,"20140516",103116,"Moderate Risk","Inadequate food safety knowledge or lack of certified food safety manager"
71356,"20140516",103103,"High Risk","High risk food holding temperature "
71357,"20141007",103154,"Low Risk","Unclean or degraded floors walls or ceilings"
71357,"20141007",103145,"Low Risk","Improper storage of equipment utensils or linens"
71357,"20141007",103142,"Low Risk","Unclean nonfood contact surfaces"
71357,"20140107",103142,"Low Risk","Unclean nonfood contact surfaces"
71357,"20130401",103142,"Low Risk","Unclean nonfood contact surfaces"
71357,"20130401",103103,"High Risk","High risk food holding temperature "
71362,"20150313",103112,"High Risk","No hot water or running water"
71362,"20150313",103143,"Low Risk","Inadequate warewashing facilities or equipment"
71362,"20140226",103120,"Moderate Risk","Moderate risk food holding temperature "
71362,"20140715",103124,"Moderate Risk","Inadequately cleaned or sanitized food contact surfaces"
71366,"20131218",103114,"High Risk","High risk vermin infestation"
71366,"20131218",103153,"Low Risk","Inadequate dressing rooms or improper storage of personal items"
71366,"20131218",103154,"Low Risk","Unclean or degraded floors walls or ceilings"
71366,"20131218",103131,"Moderate Risk","Moderate risk vermin infestation"
71366,"20131218",103144,"Low Risk","Unapproved or unmaintained equipment or utensils"
71373,"20130322",103154,"Low Risk","Unclean or degraded floors walls or ceilings"
71373,"20130322",103138,"Low Risk","Improper storage use or identification of toxic substances"
71373,"20130322",103168,"N/A",
71373,"20130322",103144,"Low Risk","Unapproved or unmaintained equipment or utensils"
71373,"20130322",103114,"High Risk","High risk vermin infestation"
71373,"20140212",103132,"Moderate Risk","Improper thawing methods "
71373,"20140212",103109,"High Risk","Unclean or unsanitary food contact surfaces"
71373,"20140212",103114,"High Risk","High risk vermin infestation"
71373,"20140212",103119,"Moderate Risk","Inadequate and inaccessible handwashing facilities"
71373,"20140212",103138,"Low Risk","Improper storage use or identification of toxic substances"
71373,"20140212",103154,"Low Risk","Unclean or degraded floors walls or ceilings"
71373,"20140212",103133,"Moderate Risk","Foods not protected from contamination"
71373,"20140212",103144,"Low Risk","Unapproved or unmaintained equipment or utensils"
71373,"20140813",103120,"Moderate Risk","Moderate risk food holding temperature "
71373,"20140813",103124,"Moderate Risk","Inadequately cleaned or sanitized food contact surfaces"
71373,"20140813",103154,"Low Risk","Unclean or degraded floors walls or ceilings"
71373,"20140813",103152,"Low Risk","Unclean unmaintained or improperly constructed toilet facilities"
71373,"20140813",103119,"Moderate Risk","Inadequate and inaccessible handwashing facilities"
71373,"20140813",103142,"Low Risk","Unclean nonfood contact surfaces"
71373,"20140813",103144,"Low Risk","Unapproved or unmaintained equipment or utensils"
71380,"20131015",103145,"Low Risk","Improper storage of equipment utensils or linens"
71380,"20131015",103119,"Moderate Risk","Inadequate and inaccessible handwashing facilities"
71380,"20130416",103145,"Low Risk","Improper storage of equipment utensils or linens"
71380,"20130416",103139,"Low Risk","Improper food storage"
71380,"20140414",103144,"Low Risk","Unapproved or unmaintained equipment or utensils"
71385,"20130906",103124,"Moderate Risk","Inadequately cleaned or sanitized food contact surfaces"
71385,"20130906",103102,"High Risk","Unclean hands or improper use of gloves"
71385,"20130906",103120,"Moderate Risk","Moderate risk food holding temperature "
71385,"20130906",103155,"Low Risk","Unapproved  living quarters in food facility"
71385,"20130906",103139,"Low Risk","Improper food storage"
71385,"20130906",103154,"Low Risk","Unclean or degraded floors walls or ceilings"
71385,"20130906",103161,"Low Risk","Low risk vermin infestation"
71385,"20130906",103148,"Low Risk","No thermometers or uncalibrated thermometers "
71385,"20130906",103133,"Moderate Risk","Foods not protected from contamination"
71385,"20140123",103108,"High Risk","Contaminated or adulterated food"
71385,"20140115",103153,"Low Risk","Inadequate dressing rooms or improper storage of personal items"
71385,"20140115",103138,"Low Risk","Improper storage use or identification of toxic substances"
71385,"20140115",103142,"Low Risk","Unclean nonfood contact surfaces"
71385,"20140115",103132,"Moderate Risk","Improper thawing methods "
71385,"20140115",103124,"Moderate Risk","Inadequately cleaned or sanitized food contact surfaces"
71385,"20140115",103120,"Moderate Risk","Moderate risk food holding temperature "
71385,"20140115",103102,"High Risk","Unclean hands or improper use of gloves"
71385,"20140115",103139,"Low Risk","Improper food storage"
71385,"20140115",103150,"Low Risk","Improper or defective plumbing"
71385,"20140115",103154,"Low Risk","Unclean or degraded floors walls or ceilings"
71385,"20140115",103156,"Low Risk","Permit license or inspection report not posted"
71385,"20130429",103142,"Low Risk","Unclean nonfood contact surfaces"
71385,"20130429",103149,"Low Risk","Wiping cloths not clean or properly stored or inadequate sanitizer"
71385,"20130429",103157,"Low Risk","Food safety certificate or food handler card not available"
71385,"20130429",103103,"High Risk","High risk food holding temperature "
71385,"20130429",103133,"Moderate Risk","Foods not protected from contamination"
71385,"20130429",103154,"Low Risk","Unclean or degraded floors walls or ceilings"
71385,"20130429",103162,"Low Risk","Other low risk violation"
71385,"20130429",103102,"High Risk","Unclean hands or improper use of gloves"
71385,"20130429",103139,"Low Risk","Improper food storage"
71385,"20130429",103124,"Moderate Risk","Inadequately cleaned or sanitized food contact surfaces"
71385,"20130429",103161,"Low Risk","Low risk vermin infestation"
71385,"20130429",103116,"Moderate Risk","Inadequate food safety knowledge or lack of certified food safety manager"
71385,"20140606",103119,"Moderate Risk","Inadequate and inaccessible handwashing facilities"
71385,"20140623",103120,"Moderate Risk","Moderate risk food holding temperature "
71385,"20140606",103109,"High Risk","Unclean or unsanitary food contact surfaces"
71385,"20140606",103132,"Moderate Risk","Improper thawing methods "
71385,"20140606",103144,"Low Risk","Unapproved or unmaintained equipment or utensils"
71385,"20140606",103149,"Low Risk","Wiping cloths not clean or properly stored or inadequate sanitizer"
71385,"20140606",103139,"Low Risk","Improper food storage"
71416,"20131010",103124,"Moderate Risk","Inadequately cleaned or sanitized food contact surfaces"
71416,"20131010",103156,"Low Risk","Permit license or inspection report not posted"
71416,"20131010",103144,"Low Risk","Unapproved or unmaintained equipment or utensils"
71416,"20131010",103142,"Low Risk","Unclean nonfood contact surfaces"
71416,"20131010",103139,"Low Risk","Improper food storage"
71416,"20131010",103131,"Moderate Risk","Moderate risk vermin infestation"
71416,"20131010",103116,"Moderate Risk","Inadequate food safety knowledge or lack of certified food safety manager"
71416,"20131010",103102,"High Risk","Unclean hands or improper use of gloves"
71416,"20131010",103119,"Moderate Risk","Inadequate and inaccessible handwashing facilities"
71416,"20131010",103120,"Moderate Risk","Moderate risk food holding temperature "
71416,"20130328",103139,"Low Risk","Improper food storage"
71416,"20130328",103147,"Low Risk","Inadequate ventilation or lighting"
71416,"20130328",103116,"Moderate Risk","Inadequate food safety knowledge or lack of certified food safety manager"
71416,"20130328",103120,"Moderate Risk","Moderate risk food holding temperature "
71416,"20130328",103142,"Low Risk","Unclean nonfood contact surfaces"
71416,"20130328",103144,"Low Risk","Unapproved or unmaintained equipment or utensils"
71416,"20130328",103102,"High Risk","Unclean hands or improper use of gloves"
71422,"20140708",103120,"Moderate Risk","Moderate risk food holding temperature "
71422,"20140708",103124,"Moderate Risk","Inadequately cleaned or sanitized food contact surfaces"
71422,"20140708",103149,"Low Risk","Wiping cloths not clean or properly stored or inadequate sanitizer"
71424,"20140618",103120,"Moderate Risk","Moderate risk food holding temperature "
71428,"20150129",103116,"Moderate Risk","Inadequate food safety knowledge or lack of certified food safety manager"
71428,"20150129",103142,"Low Risk","Unclean nonfood contact surfaces"
71428,"20131205",103154,"Low Risk","Unclean or degraded floors walls or ceilings"
71428,"20131205",103145,"Low Risk","Improper storage of equipment utensils or linens"
71428,"20131205",103124,"Moderate Risk","Inadequately cleaned or sanitized food contact surfaces"
71428,"20131205",103120,"Moderate Risk","Moderate risk food holding temperature "
71428,"20140620",103150,"Low Risk","Improper or defective plumbing"
71428,"20140620",103103,"High Risk","High risk food holding temperature "
71428,"20140620",103156,"Low Risk","Permit license or inspection report not posted"
71430,"20141203",103120,"Moderate Risk","Moderate risk food holding temperature "
71430,"20141203",103129,"Moderate Risk","Insufficient hot water or running water"
71430,"20141203",103107,"High Risk","Improper reheating of food"
71430,"20131118",103154,"Low Risk","Unclean or degraded floors walls or ceilings"
71430,"20131118",103149,"Low Risk","Wiping cloths not clean or properly stored or inadequate sanitizer"
71430,"20130517",103149,"Low Risk","Wiping cloths not clean or properly stored or inadequate sanitizer"
71430,"20130517",103119,"Moderate Risk","Inadequate and inaccessible handwashing facilities"
71430,"20130517",103145,"Low Risk","Improper storage of equipment utensils or linens"
71440,"20130919",103157,"Low Risk","Food safety certificate or food handler card not available"
71440,"20130919",103153,"Low Risk","Inadequate dressing rooms or improper storage of personal items"
71440,"20130919",103147,"Low Risk","Inadequate ventilation or lighting"
71440,"20130919",103119,"Moderate Risk","Inadequate and inaccessible handwashing facilities"
71440,"20130919",103139,"Low Risk","Improper food storage"
71440,"20130125",103154,"Low Risk","Unclean or degraded floors walls or ceilings"
71440,"20130215",103157,"Low Risk","Food safety certificate or food handler card not available"
71440,"20130125",103114,"High Risk","High risk vermin infestation"
71440,"20130125",103131,"Moderate Risk","Moderate risk vermin infestation"
71440,"20130125",103139,"Low Risk","Improper food storage"
71440,"20130125",103142,"Low Risk","Unclean nonfood contact surfaces"
71440,"20130125",103143,"Low Risk","Inadequate warewashing facilities or equipment"
71440,"20130125",103144,"Low Risk","Unapproved or unmaintained equipment or utensils"
71440,"20130125",103154,"Low Risk","Unclean or degraded floors walls or ceilings"
71440,"20130125",103124,"Moderate Risk","Inadequately cleaned or sanitized food contact surfaces"
71440,"20130125",103139,"Low Risk","Improper food storage"
71441,"20140925",103149,"Low Risk","Wiping cloths not clean or properly stored or inadequate sanitizer"
71441,"20140925",103143,"Low Risk","Inadequate warewashing facilities or equipment"
71443,"20130508",103154,"Low Risk","Unclean or degraded floors walls or ceilings"
71446,"20140725",103119,"Moderate Risk","Inadequate and inaccessible handwashing facilities"
71446,"20140725",103156,"Low Risk","Permit license or inspection report not posted"
71446,"20140725",103154,"Low Risk","Unclean or degraded floors walls or ceilings"
71446,"20140725",103139,"Low Risk","Improper food storage"
71446,"20140725",103150,"Low Risk","Improper or defective plumbing"
71447,"20140915",103120,"Moderate Risk","Moderate risk food holding temperature "
71447,"20140915",103148,"Low Risk","No thermometers or uncalibrated thermometers "
71447,"20131029",103139,"Low Risk","Improper food storage"
71447,"20131029",103131,"Moderate Risk","Moderate risk vermin infestation"
71447,"20131029",103124,"Moderate Risk","Inadequately cleaned or sanitized food contact surfaces"
71447,"20131029",103103,"High Risk","High risk food holding temperature "
71447,"20140311",103124,"Moderate Risk","Inadequately cleaned or sanitized food contact surfaces"
71447,"20140311",103119,"Moderate Risk","Inadequate and inaccessible handwashing facilities"
71447,"20140311",103103,"High Risk","High risk food holding temperature "
71447,"20140311",103154,"Low Risk","Unclean or degraded floors walls or ceilings"
71447,"20140311",103131,"Moderate Risk","Moderate risk vermin infestation"
71447,"20140311",103144,"Low Risk","Unapproved or unmaintained equipment or utensils"
71458,"20130611",103139,"Low Risk","Improper food storage"
71459,"20130611",103139,"Low Risk","Improper food storage"
71459,"20140603",103156,"Low Risk","Permit license or inspection report not posted"
71459,"20140603",103147,"Low Risk","Inadequate ventilation or lighting"
71460,"20130412",103119,"Moderate Risk","Inadequate and inaccessible handwashing facilities"
71460,"20130412",103133,"Moderate Risk","Foods not protected from contamination"
71460,"20130412",103159,"Low Risk","Worker safety hazards"
71469,"20141028",103116,"Moderate Risk","Inadequate food safety knowledge or lack of certified food safety manager"
71469,"20141028",103133,"Moderate Risk","Foods not protected from contamination"
71469,"20141028",103109,"High Risk","Unclean or unsanitary food contact surfaces"
71471,"20130502",103139,"Low Risk","Improper food storage"
71473,"20140226",103131,"Moderate Risk","Moderate risk vermin infestation"
71473,"20140226",103149,"Low Risk","Wiping cloths not clean or properly stored or inadequate sanitizer"
71473,"20140226",103124,"Moderate Risk","Inadequately cleaned or sanitized food contact surfaces"
71473,"20140825",103124,"Moderate Risk","Inadequately cleaned or sanitized food contact surfaces"
71476,"20150311",103133,"Moderate Risk","Foods not protected from contamination"
71476,"20150311",103124,"Moderate Risk","Inadequately cleaned or sanitized food contact surfaces"
71476,"20150311",103102,"High Risk","Unclean hands or improper use of gloves"
71476,"20150311",103103,"High Risk","High risk food holding temperature "
71476,"20150311",103131,"Moderate Risk","Moderate risk vermin infestation"
71476,"20130723",103109,"High Risk","Unclean or unsanitary food contact surfaces"
71476,"20130723",103103,"High Risk","High risk food holding temperature "
71476,"20130723",103116,"Moderate Risk","Inadequate food safety knowledge or lack of certified food safety manager"
71476,"20130723",103102,"High Risk","Unclean hands or improper use of gloves"
71476,"20130122",103131,"Moderate Risk","Moderate risk vermin infestation"
71476,"20130122",103149,"Low Risk","Wiping cloths not clean or properly stored or inadequate sanitizer"
71476,"20130122",103118,"Moderate Risk","Employee eating or smoking"
71477,"20150218",103149,"Low Risk","Wiping cloths not clean or properly stored or inadequate sanitizer"
71477,"20150218",103141,"Low Risk","Improper food labeling or menu misrepresentation"
71477,"20131119",103120,"Moderate Risk","Moderate risk food holding temperature "
71477,"20130528",103139,"Low Risk","Improper food storage"
71516,"20150317",103116,"Moderate Risk","Inadequate food safety knowledge or lack of certified food safety manager"
71516,"20140206",103156,"Low Risk","Permit license or inspection report not posted"
71516,"20140206",103157,"Low Risk","Food safety certificate or food handler card not available"
71516,"20130412",103124,"Moderate Risk","Inadequately cleaned or sanitized food contact surfaces"
71522,"20150204",103156,"Low Risk","Permit license or inspection report not posted"
71522,"20150204",103112,"High Risk","No hot water or running water"
71522,"20150204",103120,"Moderate Risk","Moderate risk food holding temperature "
71522,"20130620",103124,"Moderate Risk","Inadequately cleaned or sanitized food contact surfaces"
71522,"20130620",103119,"Moderate Risk","Inadequate and inaccessible handwashing facilities"
71522,"20140326",103112,"High Risk","No hot water or running water"
71528,"20130913",103142,"Low Risk","Unclean nonfood contact surfaces"
71528,"20130913",103133,"Moderate Risk","Foods not protected from contamination"
71528,"20130913",103131,"Moderate Risk","Moderate risk vermin infestation"
71528,"20130204",103119,"Moderate Risk","Inadequate and inaccessible handwashing facilities"
71528,"20130204",103154,"Low Risk","Unclean or degraded floors walls or ceilings"
71528,"20140530",103120,"Moderate Risk","Moderate risk food holding temperature "
71528,"20140530",103149,"Low Risk","Wiping cloths not clean or properly stored or inadequate sanitizer"
71530,"20140904",103133,"Moderate Risk","Foods not protected from contamination"
71530,"20140904",103138,"Low Risk","Improper storage use or identification of toxic substances"
71530,"20140904",103161,"Low Risk","Low risk vermin infestation"
71530,"20140904",103120,"Moderate Risk","Moderate risk food holding temperature "
71530,"20140904",103144,"Low Risk","Unapproved or unmaintained equipment or utensils"
71530,"20130430",103139,"Low Risk","Improper food storage"
71532,"20140828",103154,"Low Risk","Unclean or degraded floors walls or ceilings"
71532,"20140828",103144,"Low Risk","Unapproved or unmaintained equipment or utensils"
71532,"20150227",103139,"Low Risk","Improper food storage"
71532,"20130927",103154,"Low Risk","Unclean or degraded floors walls or ceilings"
71532,"20130927",103144,"Low Risk","Unapproved or unmaintained equipment or utensils"
71532,"20130626",103149,"Low Risk","Wiping cloths not clean or properly stored or inadequate sanitizer"
71532,"20130626",103119,"Moderate Risk","Inadequate and inaccessible handwashing facilities"
71532,"20130626",103154,"Low Risk","Unclean or degraded floors walls or ceilings"
71532,"20140402",103144,"Low Risk","Unapproved or unmaintained equipment or utensils"
71532,"20140402",103142,"Low Risk","Unclean nonfood contact surfaces"
71532,"20130201",103144,"Low Risk","Unapproved or unmaintained equipment or utensils"
71532,"20130201",103168,"N/A",
71532,"20130201",103124,"Moderate Risk","Inadequately cleaned or sanitized food contact surfaces"
71534,"20130611",103153,"Low Risk","Inadequate dressing rooms or improper storage of personal items"
71534,"20130611",103119,"Moderate Risk","Inadequate and inaccessible handwashing facilities"
71534,"20130611",103124,"Moderate Risk","Inadequately cleaned or sanitized food contact surfaces"
71534,"20140605",103116,"Moderate Risk","Inadequate food safety knowledge or lack of certified food safety manager"
71534,"20140605",103142,"Low Risk","Unclean nonfood contact surfaces"
71554,"20141028",103133,"Moderate Risk","Foods not protected from contamination"
71554,"20141028",103144,"Low Risk","Unapproved or unmaintained equipment or utensils"
71554,"20141028",103114,"High Risk","High risk vermin infestation"
71554,"20130322",103144,"Low Risk","Unapproved or unmaintained equipment or utensils"
71554,"20130322",103168,"N/A",
71554,"20140218",103144,"Low Risk","Unapproved or unmaintained equipment or utensils"
71563,"20131010",103149,"Low Risk","Wiping cloths not clean or properly stored or inadequate sanitizer"
71563,"20131010",103120,"Moderate Risk","Moderate risk food holding temperature "
71563,"20131010",103110,"High Risk","Unapproved food source"
71576,"20140214",103120,"Moderate Risk","Moderate risk food holding temperature "
71576,"20140814",103129,"Moderate Risk","Insufficient hot water or running water"
71581,"20150319",103107,"High Risk","Improper reheating of food"
71581,"20130829",103149,"Low Risk","Wiping cloths not clean or properly stored or inadequate sanitizer"
71581,"20130829",103124,"Moderate Risk","Inadequately cleaned or sanitized food contact surfaces"
71581,"20130829",103143,"Low Risk","Inadequate warewashing facilities or equipment"
71581,"20130829",103119,"Moderate Risk","Inadequate and inaccessible handwashing facilities"
71581,"20130416",103172,"High Risk","Mobile food facility with unapproved operating conditions"
71581,"20140626",103149,"Low Risk","Wiping cloths not clean or properly stored or inadequate sanitizer"
71581,"20140626",103156,"Low Risk","Permit license or inspection report not posted"
71581,"20140626",103102,"High Risk","Unclean hands or improper use of gloves"
71581,"20140626",103103,"High Risk","High risk food holding temperature "
71581,"20140626",103112,"High Risk","No hot water or running water"
71581,"20140626",103124,"Moderate Risk","Inadequately cleaned or sanitized food contact surfaces"
71599,"20141201",103161,"Low Risk","Low risk vermin infestation"
71599,"20141201",103119,"Moderate Risk","Inadequate and inaccessible handwashing facilities"
71599,"20141201",103112,"High Risk","No hot water or running water"
71599,"20141201",103154,"Low Risk","Unclean or degraded floors walls or ceilings"
71599,"20130625",103119,"Moderate Risk","Inadequate and inaccessible handwashing facilities"
71599,"20130625",103122,"Moderate Risk","Reservice of previously served foods"
71603,"20140529",103145,"Low Risk","Improper storage of equipment utensils or linens"
71610,"20130809",103132,"Moderate Risk","Improper thawing methods "
71610,"20130425",103109,"High Risk","Unclean or unsanitary food contact surfaces"
71610,"20130425",103120,"Moderate Risk","Moderate risk food holding temperature "
71610,"20130425",103149,"Low Risk","Wiping cloths not clean or properly stored or inadequate sanitizer"
71610,"20130425",103133,"Moderate Risk","Foods not protected from contamination"
71610,"20130425",103102,"High Risk","Unclean hands or improper use of gloves"
71610,"20130425",103144,"Low Risk","Unapproved or unmaintained equipment or utensils"
71610,"20140423",103133,"Moderate Risk","Foods not protected from contamination"
71610,"20140423",103143,"Low Risk","Inadequate warewashing facilities or equipment"
71610,"20140423",103124,"Moderate Risk","Inadequately cleaned or sanitized food contact surfaces"
71611,"20141003",103124,"Moderate Risk","Inadequately cleaned or sanitized food contact surfaces"
71611,"20141003",103103,"High Risk","High risk food holding temperature "
71611,"20131002",103119,"Moderate Risk","Inadequate and inaccessible handwashing facilities"
71611,"20131002",103143,"Low Risk","Inadequate warewashing facilities or equipment"
71611,"20131002",103120,"Moderate Risk","Moderate risk food holding temperature "
71611,"20140211",103124,"Moderate Risk","Inadequately cleaned or sanitized food contact surfaces"
71611,"20140211",103130,"Moderate Risk","Inadequate sewage or wastewater disposal"
71618,"20150126",103104,"High Risk","Unauthorized or unsafe use of time as a public health control measure"
71618,"20150126",103136,"Low Risk","Unsanitary employee garments hair or nails"
71618,"20150126",103114,"High Risk","High risk vermin infestation"
71618,"20130827",103120,"Moderate Risk","Moderate risk food holding temperature "
71618,"20130827",103149,"Low Risk","Wiping cloths not clean or properly stored or inadequate sanitizer"
71618,"20130827",103161,"Low Risk","Low risk vermin infestation"
71618,"20140402",103114,"High Risk","High risk vermin infestation"
71618,"20140402",103121,"Moderate Risk","Inadequate procedures or records for time as a public health control "
71618,"20140402",103154,"Low Risk","Unclean or degraded floors walls or ceilings"
71641,"20141029",103148,"Low Risk","No thermometers or uncalibrated thermometers "
71641,"20141029",103147,"Low Risk","Inadequate ventilation or lighting"
71641,"20141029",103145,"Low Risk","Improper storage of equipment utensils or linens"
71641,"20141029",103103,"High Risk","High risk food holding temperature "
71641,"20140327",103133,"Moderate Risk","Foods not protected from contamination"
71641,"20140327",103102,"High Risk","Unclean hands or improper use of gloves"
71641,"20140327",103161,"Low Risk","Low risk vermin infestation"
71641,"20140327",103149,"Low Risk","Wiping cloths not clean or properly stored or inadequate sanitizer"
71649,"20130905",103142,"Low Risk","Unclean nonfood contact surfaces"
71649,"20130314",103131,"Moderate Risk","Moderate risk vermin infestation"
71649,"20140317",103120,"Moderate Risk","Moderate risk food holding temperature "
71649,"20140317",103147,"Low Risk","Inadequate ventilation or lighting"
71650,"20130326",103131,"Moderate Risk","Moderate risk vermin infestation"
71650,"20130213",103159,"Low Risk","Worker safety hazards"
71650,"20130213",103162,"Low Risk","Other low risk violation"
71651,"20140108",103119,"Moderate Risk","Inadequate and inaccessible handwashing facilities"
71651,"20140108",103139,"Low Risk","Improper food storage"
71651,"20140108",103116,"Moderate Risk","Inadequate food safety knowledge or lack of certified food safety manager"
71651,"20140108",103145,"Low Risk","Improper storage of equipment utensils or linens"
71651,"20140108",103103,"High Risk","High risk food holding temperature "
71651,"20140108",103152,"Low Risk","Unclean unmaintained or improperly constructed toilet facilities"
71651,"20130424",103154,"Low Risk","Unclean or degraded floors walls or ceilings"
71651,"20130424",103144,"Low Risk","Unapproved or unmaintained equipment or utensils"
71651,"20130424",103119,"Moderate Risk","Inadequate and inaccessible handwashing facilities"
71651,"20130424",103124,"Moderate Risk","Inadequately cleaned or sanitized food contact surfaces"
71651,"20140806",103103,"High Risk","High risk food holding temperature "
71651,"20140806",103154,"Low Risk","Unclean or degraded floors walls or ceilings"
71651,"20140806",103109,"High Risk","Unclean or unsanitary food contact surfaces"
71651,"20140806",103142,"Low Risk","Unclean nonfood contact surfaces"
71651,"20140806",103119,"Moderate Risk","Inadequate and inaccessible handwashing facilities"
71657,"20130730",103103,"High Risk","High risk food holding temperature "
71657,"20130801",103131,"Moderate Risk","Moderate risk vermin infestation"
71657,"20130730",103144,"Low Risk","Unapproved or unmaintained equipment or utensils"
71657,"20130730",103142,"Low Risk","Unclean nonfood contact surfaces"
71657,"20130730",103138,"Low Risk","Improper storage use or identification of toxic substances"
71657,"20130730",103133,"Moderate Risk","Foods not protected from contamination"
71657,"20130730",103114,"High Risk","High risk vermin infestation"
71657,"20130730",103109,"High Risk","Unclean or unsanitary food contact surfaces"
71657,"20130227",103161,"Low Risk","Low risk vermin infestation"
71657,"20130227",103109,"High Risk","Unclean or unsanitary food contact surfaces"
71657,"20130227",103145,"Low Risk","Improper storage of equipment utensils or linens"
71657,"20130227",103120,"Moderate Risk","Moderate risk food holding temperature "
71657,"20130227",103133,"Moderate Risk","Foods not protected from contamination"
71657,"20130227",103142,"Low Risk","Unclean nonfood contact surfaces"
71657,"20140311",103145,"Low Risk","Improper storage of equipment utensils or linens"
71657,"20140327",103120,"Moderate Risk","Moderate risk food holding temperature "
71657,"20140311",103102,"High Risk","Unclean hands or improper use of gloves"
71657,"20140311",103103,"High Risk","High risk food holding temperature "
71657,"20140311",103116,"Moderate Risk","Inadequate food safety knowledge or lack of certified food safety manager"
71657,"20140311",103124,"Moderate Risk","Inadequately cleaned or sanitized food contact surfaces"
71657,"20140311",103133,"Moderate Risk","Foods not protected from contamination"
71657,"20140327",103105,"High Risk","Improper cooling methods"
71658,"20130909",103124,"Moderate Risk","Inadequately cleaned or sanitized food contact surfaces"
71658,"20130909",103119,"Moderate Risk","Inadequate and inaccessible handwashing facilities"
71658,"20130909",103132,"Moderate Risk","Improper thawing methods "
71658,"20130909",103143,"Low Risk","Inadequate warewashing facilities or equipment"
71658,"20130909",103144,"Low Risk","Unapproved or unmaintained equipment or utensils"
71658,"20130909",103102,"High Risk","Unclean hands or improper use of gloves"
71658,"20130909",103139,"Low Risk","Improper food storage"
71658,"20130501",103149,"Low Risk","Wiping cloths not clean or properly stored or inadequate sanitizer"
71658,"20130501",103144,"Low Risk","Unapproved or unmaintained equipment or utensils"
71658,"20130501",103139,"Low Risk","Improper food storage"
71658,"20130501",103125,"Moderate Risk","Noncompliance with shell fish tags or display"
71658,"20130501",103119,"Moderate Risk","Inadequate and inaccessible handwashing facilities"
71658,"20140415",103124,"Moderate Risk","Inadequately cleaned or sanitized food contact surfaces"
71658,"20140415",103119,"Moderate Risk","Inadequate and inaccessible handwashing facilities"
71664,"20141008",103129,"Moderate Risk","Insufficient hot water or running water"
71664,"20141008",103103,"High Risk","High risk food holding temperature "
71664,"20141008",103124,"Moderate Risk","Inadequately cleaned or sanitized food contact surfaces"
71664,"20140205",103148,"Low Risk","No thermometers or uncalibrated thermometers "
71664,"20140205",103156,"Low Risk","Permit license or inspection report not posted"
71664,"20140205",103131,"Moderate Risk","Moderate risk vermin infestation"
71682,"20140214",103148,"Low Risk","No thermometers or uncalibrated thermometers "
71682,"20140214",103156,"Low Risk","Permit license or inspection report not posted"
71691,"20141021",103131,"Moderate Risk","Moderate risk vermin infestation"
71691,"20141021",103109,"High Risk","Unclean or unsanitary food contact surfaces"
71691,"20131016",103109,"High Risk","Unclean or unsanitary food contact surfaces"
71691,"20131016",103116,"Moderate Risk","Inadequate food safety knowledge or lack of certified food safety manager"
71691,"20130314",103149,"Low Risk","Wiping cloths not clean or properly stored or inadequate sanitizer"
71691,"20140416",103147,"Low Risk","Inadequate ventilation or lighting"
71691,"20140416",103154,"Low Risk","Unclean or degraded floors walls or ceilings"
71716,"20140905",103120,"Moderate Risk","Moderate risk food holding temperature "
71716,"20150302",103141,"Low Risk","Improper food labeling or menu misrepresentation"
71716,"20150302",103129,"Moderate Risk","Insufficient hot water or running water"
71716,"20140129",103119,"Moderate Risk","Inadequate and inaccessible handwashing facilities"
71716,"20140129",103120,"Moderate Risk","Moderate risk food holding temperature "
71716,"20140129",103116,"Moderate Risk","Inadequate food safety knowledge or lack of certified food safety manager"
71723,"20150318",103120,"Moderate Risk","Moderate risk food holding temperature "
71723,"20140110",103152,"Low Risk","Unclean unmaintained or improperly constructed toilet facilities"
71723,"20140110",103145,"Low Risk","Improper storage of equipment utensils or linens"
71726,"20141029",103161,"Low Risk","Low risk vermin infestation"
71726,"20141029",103124,"Moderate Risk","Inadequately cleaned or sanitized food contact surfaces"
71726,"20130627",103119,"Moderate Risk","Inadequate and inaccessible handwashing facilities"
71726,"20130627",103144,"Low Risk","Unapproved or unmaintained equipment or utensils"
71726,"20130627",103124,"Moderate Risk","Inadequately cleaned or sanitized food contact surfaces"
71726,"20130308",103150,"Low Risk","Improper or defective plumbing"
71726,"20140612",103119,"Moderate Risk","Inadequate and inaccessible handwashing facilities"
71740,"20141106",103105,"High Risk","Improper cooling methods"
71740,"20141106",103120,"Moderate Risk","Moderate risk food holding temperature "
71740,"20140116",103103,"High Risk","High risk food holding temperature "
71740,"20140116",103129,"Moderate Risk","Insufficient hot water or running water"
71740,"20130416",103124,"Moderate Risk","Inadequately cleaned or sanitized food contact surfaces"
71740,"20130416",103144,"Low Risk","Unapproved or unmaintained equipment or utensils"
71746,"20140723",103124,"Moderate Risk","Inadequately cleaned or sanitized food contact surfaces"
71753,"20140212",103119,"Moderate Risk","Inadequate and inaccessible handwashing facilities"
71753,"20140212",103112,"High Risk","No hot water or running water"
71753,"20140212",103124,"Moderate Risk","Inadequately cleaned or sanitized food contact surfaces"
71753,"20140212",103156,"Low Risk","Permit license or inspection report not posted"
71754,"20141008",103124,"Moderate Risk","Inadequately cleaned or sanitized food contact surfaces"
71754,"20130903",103144,"Low Risk","Unapproved or unmaintained equipment or utensils"
71754,"20130903",103143,"Low Risk","Inadequate warewashing facilities or equipment"
71754,"20130903",103103,"High Risk","High risk food holding temperature "
71754,"20130903",103102,"High Risk","Unclean hands or improper use of gloves"
71754,"20131028",103149,"Low Risk","Wiping cloths not clean or properly stored or inadequate sanitizer"
71754,"20131028",103143,"Low Risk","Inadequate warewashing facilities or equipment"
71754,"20131210",103124,"Moderate Risk","Inadequately cleaned or sanitized food contact surfaces"
71754,"20131028",103124,"Moderate Risk","Inadequately cleaned or sanitized food contact surfaces"
71754,"20131210",103142,"Low Risk","Unclean nonfood contact surfaces"
71754,"20130423",103144,"Low Risk","Unapproved or unmaintained equipment or utensils"
71754,"20130423",103103,"High Risk","High risk food holding temperature "
71754,"20130423",103143,"Low Risk","Inadequate warewashing facilities or equipment"
71754,"20130423",103119,"Moderate Risk","Inadequate and inaccessible handwashing facilities"
71754,"20140224",103139,"Low Risk","Improper food storage"
71754,"20140224",103144,"Low Risk","Unapproved or unmaintained equipment or utensils"
71754,"20140224",103120,"Moderate Risk","Moderate risk food holding temperature "
71759,"20141106",103103,"High Risk","High risk food holding temperature "
71759,"20140123",103120,"Moderate Risk","Moderate risk food holding temperature "
71759,"20130423",103149,"Low Risk","Wiping cloths not clean or properly stored or inadequate sanitizer"
71759,"20130423",103154,"Low Risk","Unclean or degraded floors walls or ceilings"
71760,"20140926",103103,"High Risk","High risk food holding temperature "
71760,"20140926",103145,"Low Risk","Improper storage of equipment utensils or linens"
71760,"20140926",103157,"Low Risk","Food safety certificate or food handler card not available"
71760,"20150430",103149,"Low Risk","Wiping cloths not clean or properly stored or inadequate sanitizer"
71760,"20150430",103145,"Low Risk","Improper storage of equipment utensils or linens"
71760,"20150430",103120,"Moderate Risk","Moderate risk food holding temperature "
71760,"20130904",103120,"Moderate Risk","Moderate risk food holding temperature "
71760,"20130904",103116,"Moderate Risk","Inadequate food safety knowledge or lack of certified food safety manager"
71760,"20130904",103153,"Low Risk","Inadequate dressing rooms or improper storage of personal items"
71760,"20130904",103145,"Low Risk","Improper storage of equipment utensils or linens"
71760,"20130904",103133,"Moderate Risk","Foods not protected from contamination"
71760,"20130904",103144,"Low Risk","Unapproved or unmaintained equipment or utensils"
71760,"20130904",103139,"Low Risk","Improper food storage"
71760,"20130604",103103,"High Risk","High risk food holding temperature "
71760,"20130604",103158,"Low Risk","Unpermitted food facility"
71760,"20130604",103129,"Moderate Risk","Insufficient hot water or running water"
71760,"20130604",103138,"Low Risk","Improper storage use or identification of toxic substances"
71760,"20130604",103149,"Low Risk","Wiping cloths not clean or properly stored or inadequate sanitizer"
71760,"20140320",103157,"Low Risk","Food safety certificate or food handler card not available"
71760,"20140320",103119,"Moderate Risk","Inadequate and inaccessible handwashing facilities"
71760,"20140320",103133,"Moderate Risk","Foods not protected from contamination"
71760,"20140320",103139,"Low Risk","Improper food storage"
71760,"20140320",103144,"Low Risk","Unapproved or unmaintained equipment or utensils"
71760,"20140320",103149,"Low Risk","Wiping cloths not clean or properly stored or inadequate sanitizer"
71760,"20140320",103145,"Low Risk","Improper storage of equipment utensils or linens"
71761,"20130529",103119,"Moderate Risk","Inadequate and inaccessible handwashing facilities"
71761,"20130529",103143,"Low Risk","Inadequate warewashing facilities or equipment"
71761,"20130529",103131,"Moderate Risk","Moderate risk vermin infestation"
71761,"20140331",103124,"Moderate Risk","Inadequately cleaned or sanitized food contact surfaces"
71761,"20140331",103129,"Moderate Risk","Insufficient hot water or running water"
71766,"20150317",103133,"Moderate Risk","Foods not protected from contamination"
71766,"20140206",103157,"Low Risk","Food safety certificate or food handler card not available"
71766,"20140206",103156,"Low Risk","Permit license or inspection report not posted"
71766,"20130412",103124,"Moderate Risk","Inadequately cleaned or sanitized food contact surfaces"
71769,"20150217",103119,"Moderate Risk","Inadequate and inaccessible handwashing facilities"
71769,"20150217",103109,"High Risk","Unclean or unsanitary food contact surfaces"
71769,"20140729",103144,"Low Risk","Unapproved or unmaintained equipment or utensils"
71769,"20140729",103131,"Moderate Risk","Moderate risk vermin infestation"
71769,"20140729",103119,"Moderate Risk","Inadequate and inaccessible handwashing facilities"
71769,"20140729",103120,"Moderate Risk","Moderate risk food holding temperature "
71772,"20141003",103120,"Moderate Risk","Moderate risk food holding temperature "
71772,"20141003",103124,"Moderate Risk","Inadequately cleaned or sanitized food contact surfaces"
71772,"20141003",103148,"Low Risk","No thermometers or uncalibrated thermometers "
71772,"20141003",103119,"Moderate Risk","Inadequate and inaccessible handwashing facilities"
71772,"20141003",103116,"Moderate Risk","Inadequate food safety knowledge or lack of certified food safety manager"
71772,"20130627",103119,"Moderate Risk","Inadequate and inaccessible handwashing facilities"
71772,"20130627",103120,"Moderate Risk","Moderate risk food holding temperature "
71772,"20130627",103138,"Low Risk","Improper storage use or identification of toxic substances"
71783,"20150311",103129,"Moderate Risk","Insufficient hot water or running water"
71783,"20150311",103156,"Low Risk","Permit license or inspection report not posted"
71783,"20150311",103103,"High Risk","High risk food holding temperature "
71783,"20150311",103148,"Low Risk","No thermometers or uncalibrated thermometers "
71783,"20150311",103149,"Low Risk","Wiping cloths not clean or properly stored or inadequate sanitizer"
71783,"20130712",103149,"Low Risk","Wiping cloths not clean or properly stored or inadequate sanitizer"
71783,"20130712",103148,"Low Risk","No thermometers or uncalibrated thermometers "
71783,"20130712",103103,"High Risk","High risk food holding temperature "
71783,"20140228",103127,"Moderate Risk","Noncompliance with HAACP plan or variance"
71784,"20150519",103149,"Low Risk","Wiping cloths not clean or properly stored or inadequate sanitizer"
71784,"20130711",103129,"Moderate Risk","Insufficient hot water or running water"
71784,"20130711",103145,"Low Risk","Improper storage of equipment utensils or linens"
71784,"20140211",103154,"Low Risk","Unclean or degraded floors walls or ceilings"
71791,"20150426",103143,"Low Risk","Inadequate warewashing facilities or equipment"
71791,"20150426",103157,"Low Risk","Food safety certificate or food handler card not available"
71791,"20140325",103119,"Moderate Risk","Inadequate and inaccessible handwashing facilities"
71791,"20140325",103147,"Low Risk","Inadequate ventilation or lighting"
71791,"20140325",103156,"Low Risk","Permit license or inspection report not posted"
71803,"20130813",103154,"Low Risk","Unclean or degraded floors walls or ceilings"
71803,"20130813",103119,"Moderate Risk","Inadequate and inaccessible handwashing facilities"
71803,"20130813",103161,"Low Risk","Low risk vermin infestation"
71803,"20140424",103144,"Low Risk","Unapproved or unmaintained equipment or utensils"
71803,"20140424",103156,"Low Risk","Permit license or inspection report not posted"
71804,"20150430",103139,"Low Risk","Improper food storage"
71804,"20150430",103133,"Moderate Risk","Foods not protected from contamination"
71804,"20150430",103109,"High Risk","Unclean or unsanitary food contact surfaces"
71804,"20150430",103144,"Low Risk","Unapproved or unmaintained equipment or utensils"
71804,"20150430",103120,"Moderate Risk","Moderate risk food holding temperature "
71804,"20150430",103114,"High Risk","High risk vermin infestation"
71804,"20131002",103144,"Low Risk","Unapproved or unmaintained equipment or utensils"
71804,"20140221",103157,"Low Risk","Food safety certificate or food handler card not available"
71804,"20140221",103102,"High Risk","Unclean hands or improper use of gloves"
71804,"20140221",103106,"High Risk","Improper cooking time or temperatures"
71804,"20140221",103144,"Low Risk","Unapproved or unmaintained equipment or utensils"
71804,"20140221",103156,"Low Risk","Permit license or inspection report not posted"
71805,"20141103",103161,"Low Risk","Low risk vermin infestation"
71805,"20141103",103109,"High Risk","Unclean or unsanitary food contact surfaces"
71806,"20150121",103119,"Moderate Risk","Inadequate and inaccessible handwashing facilities"
71806,"20150121",103120,"Moderate Risk","Moderate risk food holding temperature "
71806,"20150121",103143,"Low Risk","Inadequate warewashing facilities or equipment"
71806,"20131016",103119,"Moderate Risk","Inadequate and inaccessible handwashing facilities"
71806,"20131016",103149,"Low Risk","Wiping cloths not clean or properly stored or inadequate sanitizer"
71806,"20130513",103149,"Low Risk","Wiping cloths not clean or properly stored or inadequate sanitizer"
71806,"20130513",103162,"Low Risk","Other low risk violation"
71806,"20140415",103119,"Moderate Risk","Inadequate and inaccessible handwashing facilities"
71806,"20140415",103107,"High Risk","Improper reheating of food"
71823,"20130509",103129,"Moderate Risk","Insufficient hot water or running water"
71823,"20130509",103124,"Moderate Risk","Inadequately cleaned or sanitized food contact surfaces"
71823,"20140307",103120,"Moderate Risk","Moderate risk food holding temperature "
71831,"20141119",103147,"Low Risk","Inadequate ventilation or lighting"
71831,"20141119",103109,"High Risk","Unclean or unsanitary food contact surfaces"
71831,"20141119",103116,"Moderate Risk","Inadequate food safety knowledge or lack of certified food safety manager"
71831,"20141119",103120,"Moderate Risk","Moderate risk food holding temperature "
71831,"20141119",103139,"Low Risk","Improper food storage"
71831,"20141119",103145,"Low Risk","Improper storage of equipment utensils or linens"
71831,"20141119",103156,"Low Risk","Permit license or inspection report not posted"
71831,"20131115",103156,"Low Risk","Permit license or inspection report not posted"
71831,"20131115",103139,"Low Risk","Improper food storage"
71831,"20131115",103148,"Low Risk","No thermometers or uncalibrated thermometers "
71831,"20131115",103150,"Low Risk","Improper or defective plumbing"
71831,"20140530",103119,"Moderate Risk","Inadequate and inaccessible handwashing facilities"
71831,"20140530",103124,"Moderate Risk","Inadequately cleaned or sanitized food contact surfaces"
71831,"20140530",103156,"Low Risk","Permit license or inspection report not posted"
71841,"20150310",103149,"Low Risk","Wiping cloths not clean or properly stored or inadequate sanitizer"
71841,"20150310",103157,"Low Risk","Food safety certificate or food handler card not available"
71904,"20150327",103124,"Moderate Risk","Inadequately cleaned or sanitized food contact surfaces"
71904,"20150327",103131,"Moderate Risk","Moderate risk vermin infestation"
71904,"20150327",103150,"Low Risk","Improper or defective plumbing"
71904,"20150327",103116,"Moderate Risk","Inadequate food safety knowledge or lack of certified food safety manager"
71904,"20140211",103161,"Low Risk","Low risk vermin infestation"
71909,"20150325",103139,"Low Risk","Improper food storage"
71909,"20150325",103133,"Moderate Risk","Foods not protected from contamination"
71909,"20150325",103149,"Low Risk","Wiping cloths not clean or properly stored or inadequate sanitizer"
71909,"20150325",103120,"Moderate Risk","Moderate risk food holding temperature "
71909,"20131002",103149,"Low Risk","Wiping cloths not clean or properly stored or inadequate sanitizer"
71909,"20131002",103103,"High Risk","High risk food holding temperature "
71909,"20131002",103119,"Moderate Risk","Inadequate and inaccessible handwashing facilities"
71909,"20131002",103124,"Moderate Risk","Inadequately cleaned or sanitized food contact surfaces"
71909,"20130313",103142,"Low Risk","Unclean nonfood contact surfaces"
71909,"20130313",103124,"Moderate Risk","Inadequately cleaned or sanitized food contact surfaces"
71909,"20130313",103152,"Low Risk","Unclean unmaintained or improperly constructed toilet facilities"
71909,"20130313",103162,"Low Risk","Other low risk violation"
71909,"20140407",103139,"Low Risk","Improper food storage"
71909,"20140407",103149,"Low Risk","Wiping cloths not clean or properly stored or inadequate sanitizer"
71909,"20140407",103120,"Moderate Risk","Moderate risk food holding temperature "
71909,"20140407",103119,"Moderate Risk","Inadequate and inaccessible handwashing facilities"
71909,"20140407",103157,"Low Risk","Food safety certificate or food handler card not available"
71909,"20140407",103153,"Low Risk","Inadequate dressing rooms or improper storage of personal items"
71909,"20140707",103149,"Low Risk","Wiping cloths not clean or properly stored or inadequate sanitizer"
71909,"20140707",103144,"Low Risk","Unapproved or unmaintained equipment or utensils"
71909,"20140707",103139,"Low Risk","Improper food storage"
71909,"20140707",103147,"Low Risk","Inadequate ventilation or lighting"
71909,"20140707",103133,"Moderate Risk","Foods not protected from contamination"
71909,"20140707",103103,"High Risk","High risk food holding temperature "
71910,"20141016",103154,"Low Risk","Unclean or degraded floors walls or ceilings"
71910,"20141016",103105,"High Risk","Improper cooling methods"
71910,"20130729",103149,"Low Risk","Wiping cloths not clean or properly stored or inadequate sanitizer"
71910,"20140403",103120,"Moderate Risk","Moderate risk food holding temperature "
71915,"20141022",103105,"High Risk","Improper cooling methods"
71915,"20141022",103156,"Low Risk","Permit license or inspection report not posted"
71915,"20130508",103124,"Moderate Risk","Inadequately cleaned or sanitized food contact surfaces"
71915,"20130508",103119,"Moderate Risk","Inadequate and inaccessible handwashing facilities"
71915,"20130508",103120,"Moderate Risk","Moderate risk food holding temperature "
71915,"20140324",103119,"Moderate Risk","Inadequate and inaccessible handwashing facilities"
71915,"20140324",103121,"Moderate Risk","Inadequate procedures or records for time as a public health control "
71915,"20140324",103149,"Low Risk","Wiping cloths not clean or properly stored or inadequate sanitizer"
71958,"20131028",103157,"Low Risk","Food safety certificate or food handler card not available"
71958,"20140418",103157,"Low Risk","Food safety certificate or food handler card not available"
71962,"20150303",103124,"Moderate Risk","Inadequately cleaned or sanitized food contact surfaces"
71962,"20131209",103124,"Moderate Risk","Inadequately cleaned or sanitized food contact surfaces"
71962,"20131209",103119,"Moderate Risk","Inadequate and inaccessible handwashing facilities"
71969,"20141223",103142,"Low Risk","Unclean nonfood contact surfaces"
71969,"20141223",103149,"Low Risk","Wiping cloths not clean or properly stored or inadequate sanitizer"
71969,"20131118",103142,"Low Risk","Unclean nonfood contact surfaces"
71969,"20131118",103149,"Low Risk","Wiping cloths not clean or properly stored or inadequate sanitizer"
71969,"20130419",103154,"Low Risk","Unclean or degraded floors walls or ceilings"
71969,"20140528",103142,"Low Risk","Unclean nonfood contact surfaces"
71969,"20140528",103149,"Low Risk","Wiping cloths not clean or properly stored or inadequate sanitizer"
71969,"20140528",103124,"Moderate Risk","Inadequately cleaned or sanitized food contact surfaces"
71969,"20140528",103103,"High Risk","High risk food holding temperature "
71980,"20141104",103133,"Moderate Risk","Foods not protected from contamination"
71980,"20140109",103103,"High Risk","High risk food holding temperature "
71980,"20140109",103116,"Moderate Risk","Inadequate food safety knowledge or lack of certified food safety manager"
71980,"20140109",103109,"High Risk","Unclean or unsanitary food contact surfaces"
71980,"20140109",103165,"Low Risk","No plan review or Building Permit"
71980,"20140109",103144,"Low Risk","Unapproved or unmaintained equipment or utensils"
71980,"20140109",103139,"Low Risk","Improper food storage"
71980,"20140109",103119,"Moderate Risk","Inadequate and inaccessible handwashing facilities"
71980,"20140415",103133,"Moderate Risk","Foods not protected from contamination"
71994,"20150210",103154,"Low Risk","Unclean or degraded floors walls or ceilings"
71994,"20150210",103130,"Moderate Risk","Inadequate sewage or wastewater disposal"
71994,"20150210",103145,"Low Risk","Improper storage of equipment utensils or linens"
71994,"20150210",103103,"High Risk","High risk food holding temperature "
71994,"20150210",103105,"High Risk","Improper cooling methods"
71994,"20150210",103114,"High Risk","High risk vermin infestation"
71994,"20150210",103119,"Moderate Risk","Inadequate and inaccessible handwashing facilities"
71997,"20140919",103120,"Moderate Risk","Moderate risk food holding temperature "
71997,"20150302",103107,"High Risk","Improper reheating of food"
71997,"20150302",103120,"Moderate Risk","Moderate risk food holding temperature "
71997,"20140205",103116,"Moderate Risk","Inadequate food safety knowledge or lack of certified food safety manager"
71999,"20150401",103161,"Low Risk","Low risk vermin infestation"
71999,"20150401",103114,"High Risk","High risk vermin infestation"
71999,"20150401",103148,"Low Risk","No thermometers or uncalibrated thermometers "
71999,"20150401",103139,"Low Risk","Improper food storage"
71999,"20150401",103149,"Low Risk","Wiping cloths not clean or properly stored or inadequate sanitizer"
71999,"20130515",103144,"Low Risk","Unapproved or unmaintained equipment or utensils"
71999,"20130515",103152,"Low Risk","Unclean unmaintained or improperly constructed toilet facilities"
71999,"20130515",103154,"Low Risk","Unclean or degraded floors walls or ceilings"
71999,"20130515",103161,"Low Risk","Low risk vermin infestation"
71999,"20140321",103161,"Low Risk","Low risk vermin infestation"
71999,"20140321",103149,"Low Risk","Wiping cloths not clean or properly stored or inadequate sanitizer"
71999,"20140321",103139,"Low Risk","Improper food storage"
72000,"20140604",103161,"Low Risk","Low risk vermin infestation"
72000,"20140604",103157,"Low Risk","Food safety certificate or food handler card not available"
72000,"20140604",103142,"Low Risk","Unclean nonfood contact surfaces"
72000,"20140604",103149,"Low Risk","Wiping cloths not clean or properly stored or inadequate sanitizer"
72000,"20140604",103147,"Low Risk","Inadequate ventilation or lighting"
72004,"20130913",103131,"Moderate Risk","Moderate risk vermin infestation"
72004,"20130913",103124,"Moderate Risk","Inadequately cleaned or sanitized food contact surfaces"
72004,"20130913",103138,"Low Risk","Improper storage use or identification of toxic substances"
72004,"20130913",103144,"Low Risk","Unapproved or unmaintained equipment or utensils"
72004,"20130913",103154,"Low Risk","Unclean or degraded floors walls or ceilings"
72004,"20130913",103119,"Moderate Risk","Inadequate and inaccessible handwashing facilities"
72004,"20140806",103103,"High Risk","High risk food holding temperature "
72004,"20140806",103144,"Low Risk","Unapproved or unmaintained equipment or utensils"
72004,"20140806",103154,"Low Risk","Unclean or degraded floors walls or ceilings"
72004,"20140806",103124,"Moderate Risk","Inadequately cleaned or sanitized food contact surfaces"
72004,"20140806",103116,"Moderate Risk","Inadequate food safety knowledge or lack of certified food safety manager"
72004,"20140806",103147,"Low Risk","Inadequate ventilation or lighting"
72015,"20150129",103116,"Moderate Risk","Inadequate food safety knowledge or lack of certified food safety manager"
72015,"20150129",103142,"Low Risk","Unclean nonfood contact surfaces"
72015,"20150129",103154,"Low Risk","Unclean or degraded floors walls or ceilings"
72015,"20150129",103105,"High Risk","Improper cooling methods"
72015,"20150129",103119,"Moderate Risk","Inadequate and inaccessible handwashing facilities"
72015,"20150129",103156,"Low Risk","Permit license or inspection report not posted"
72015,"20150129",103147,"Low Risk","Inadequate ventilation or lighting"
72015,"20140310",103157,"Low Risk","Food safety certificate or food handler card not available"
72015,"20140310",103156,"Low Risk","Permit license or inspection report not posted"
72015,"20140310",103154,"Low Risk","Unclean or degraded floors walls or ceilings"
72015,"20140310",103133,"Moderate Risk","Foods not protected from contamination"
72015,"20140310",103150,"Low Risk","Improper or defective plumbing"
72015,"20140310",103142,"Low Risk","Unclean nonfood contact surfaces"
72015,"20140310",103119,"Moderate Risk","Inadequate and inaccessible handwashing facilities"
72015,"20140310",103124,"Moderate Risk","Inadequately cleaned or sanitized food contact surfaces"
72015,"20140310",103114,"High Risk","High risk vermin infestation"
72016,"20140210",103157,"Low Risk","Food safety certificate or food handler card not available"
72020,"20150518",103156,"Low Risk","Permit license or inspection report not posted"
72020,"20130924",103134,"Moderate Risk","Other moderate risk violation"
72020,"20130924",103119,"Moderate Risk","Inadequate and inaccessible handwashing facilities"
72020,"20130924",103103,"High Risk","High risk food holding temperature "
72020,"20140131",103124,"Moderate Risk","Inadequately cleaned or sanitized food contact surfaces"
72024,"20141017",103102,"High Risk","Unclean hands or improper use of gloves"
72024,"20131010",103120,"Moderate Risk","Moderate risk food holding temperature "
72024,"20131010",103147,"Low Risk","Inadequate ventilation or lighting"
72024,"20130422",103154,"Low Risk","Unclean or degraded floors walls or ceilings"
72024,"20130422",103131,"Moderate Risk","Moderate risk vermin infestation"
72024,"20130422",103133,"Moderate Risk","Foods not protected from contamination"
72024,"20140409",103139,"Low Risk","Improper food storage"
72024,"20140409",103105,"High Risk","Improper cooling methods"
72025,"20140128",103144,"Low Risk","Unapproved or unmaintained equipment or utensils"
72025,"20140128",103149,"Low Risk","Wiping cloths not clean or properly stored or inadequate sanitizer"
72025,"20140128",103139,"Low Risk","Improper food storage"
72025,"20130509",103103,"High Risk","High risk food holding temperature "
72025,"20130509",103157,"Low Risk","Food safety certificate or food handler card not available"
72025,"20140703",103109,"High Risk","Unclean or unsanitary food contact surfaces"
72025,"20140703",103116,"Moderate Risk","Inadequate food safety knowledge or lack of certified food safety manager"
72027,"20141215",103139,"Low Risk","Improper food storage"
72027,"20141215",103121,"Moderate Risk","Inadequate procedures or records for time as a public health control "
72027,"20141215",103103,"High Risk","High risk food holding temperature "
72027,"20141215",103102,"High Risk","Unclean hands or improper use of gloves"
72027,"20141215",103149,"Low Risk","Wiping cloths not clean or properly stored or inadequate sanitizer"
72027,"20130906",103149,"Low Risk","Wiping cloths not clean or properly stored or inadequate sanitizer"
72027,"20130906",103139,"Low Risk","Improper food storage"
72027,"20130906",103145,"Low Risk","Improper storage of equipment utensils or linens"
72027,"20130906",103103,"High Risk","High risk food holding temperature "
72027,"20140317",103145,"Low Risk","Improper storage of equipment utensils or linens"
72027,"20140317",103133,"Moderate Risk","Foods not protected from contamination"
72031,"20141027",103120,"Moderate Risk","Moderate risk food holding temperature "
72031,"20141027",103133,"Moderate Risk","Foods not protected from contamination"
72031,"20141027",103147,"Low Risk","Inadequate ventilation or lighting"
72031,"20141027",103149,"Low Risk","Wiping cloths not clean or properly stored or inadequate sanitizer"
72031,"20140130",103116,"Moderate Risk","Inadequate food safety knowledge or lack of certified food safety manager"
72031,"20140130",103120,"Moderate Risk","Moderate risk food holding temperature "
72031,"20140130",103109,"High Risk","Unclean or unsanitary food contact surfaces"
72046,"20130919",103127,"Moderate Risk","Noncompliance with HAACP plan or variance"
72046,"20140730",103120,"Moderate Risk","Moderate risk food holding temperature "
72049,"20150319",103116,"Moderate Risk","Inadequate food safety knowledge or lack of certified food safety manager"
72049,"20150319",103131,"Moderate Risk","Moderate risk vermin infestation"
72049,"20150319",103124,"Moderate Risk","Inadequately cleaned or sanitized food contact surfaces"
72049,"20150319",103108,"High Risk","Contaminated or adulterated food"
72049,"20150319",103119,"Moderate Risk","Inadequate and inaccessible handwashing facilities"
72049,"20150319",103148,"Low Risk","No thermometers or uncalibrated thermometers "
72049,"20150319",103103,"High Risk","High risk food holding temperature "
72049,"20150319",103154,"Low Risk","Unclean or degraded floors walls or ceilings"
72049,"20150319",103133,"Moderate Risk","Foods not protected from contamination"
72049,"20150319",103118,"Moderate Risk","Employee eating or smoking"
72049,"20130627",103103,"High Risk","High risk food holding temperature "
72049,"20130627",103124,"Moderate Risk","Inadequately cleaned or sanitized food contact surfaces"
72049,"20130627",103139,"Low Risk","Improper food storage"
72049,"20140718",103145,"Low Risk","Improper storage of equipment utensils or linens"
72049,"20140718",103144,"Low Risk","Unapproved or unmaintained equipment or utensils"
72049,"20140718",103139,"Low Risk","Improper food storage"
72049,"20140718",103133,"Moderate Risk","Foods not protected from contamination"
72049,"20140718",103120,"Moderate Risk","Moderate risk food holding temperature "
72049,"20140718",103108,"High Risk","Contaminated or adulterated food"
72049,"20140718",103102,"High Risk","Unclean hands or improper use of gloves"
72073,"20130919",103102,"High Risk","Unclean hands or improper use of gloves"
72073,"20130919",103149,"Low Risk","Wiping cloths not clean or properly stored or inadequate sanitizer"
72073,"20130725",103150,"Low Risk","Improper or defective plumbing"
72073,"20130725",103144,"Low Risk","Unapproved or unmaintained equipment or utensils"
72073,"20130725",103142,"Low Risk","Unclean nonfood contact surfaces"
72073,"20130725",103120,"Moderate Risk","Moderate risk food holding temperature "
72073,"20140416",103133,"Moderate Risk","Foods not protected from contamination"
72073,"20140416",103116,"Moderate Risk","Inadequate food safety knowledge or lack of certified food safety manager"
72084,"20150310",103109,"High Risk","Unclean or unsanitary food contact surfaces"
72084,"20150310",103119,"Moderate Risk","Inadequate and inaccessible handwashing facilities"
72084,"20130806",103144,"Low Risk","Unapproved or unmaintained equipment or utensils"
72093,"20150422",103104,"High Risk","Unauthorized or unsafe use of time as a public health control measure"
72093,"20150422",103109,"High Risk","Unclean or unsanitary food contact surfaces"
72093,"20131018",103131,"Moderate Risk","Moderate risk vermin infestation"
72093,"20131018",103109,"High Risk","Unclean or unsanitary food contact surfaces"
72093,"20131018",103103,"High Risk","High risk food holding temperature "
72107,"20140506",103142,"Low Risk","Unclean nonfood contact surfaces"
72117,"20150408",103139,"Low Risk","Improper food storage"
72120,"20140214",103157,"Low Risk","Food safety certificate or food handler card not available"
72120,"20140214",103152,"Low Risk","Unclean unmaintained or improperly constructed toilet facilities"
72120,"20140214",103139,"Low Risk","Improper food storage"
72120,"20140214",103120,"Moderate Risk","Moderate risk food holding temperature "
72120,"20140821",103124,"Moderate Risk","Inadequately cleaned or sanitized food contact surfaces"
72120,"20140821",103139,"Low Risk","Improper food storage"
72132,"20150217",103153,"Low Risk","Inadequate dressing rooms or improper storage of personal items"
72132,"20150217",103151,"Low Risk","Inadequate or unsanitary refuse containers or area or no garbage service"
72132,"20150217",103149,"Low Risk","Wiping cloths not clean or properly stored or inadequate sanitizer"
72132,"20150217",103142,"Low Risk","Unclean nonfood contact surfaces"
72132,"20150217",103124,"Moderate Risk","Inadequately cleaned or sanitized food contact surfaces"
72132,"20150217",103154,"Low Risk","Unclean or degraded floors walls or ceilings"
72132,"20131008",103143,"Low Risk","Inadequate warewashing facilities or equipment"
72132,"20131008",103119,"Moderate Risk","Inadequate and inaccessible handwashing facilities"
72132,"20131008",103149,"Low Risk","Wiping cloths not clean or properly stored or inadequate sanitizer"
72132,"20130509",103153,"Low Risk","Inadequate dressing rooms or improper storage of personal items"
72132,"20130509",103120,"Moderate Risk","Moderate risk food holding temperature "
72132,"20130509",103149,"Low Risk","Wiping cloths not clean or properly stored or inadequate sanitizer"
72132,"20140318",103144,"Low Risk","Unapproved or unmaintained equipment or utensils"
72132,"20140318",103149,"Low Risk","Wiping cloths not clean or properly stored or inadequate sanitizer"
72136,"20131122",103120,"Moderate Risk","Moderate risk food holding temperature "
72136,"20131122",103123,"Moderate Risk","Food in poor condition"
72136,"20131122",103143,"Low Risk","Inadequate warewashing facilities or equipment"
72136,"20131122",103112,"High Risk","No hot water or running water"
72136,"20130417",103143,"Low Risk","Inadequate warewashing facilities or equipment"
72136,"20130417",103119,"Moderate Risk","Inadequate and inaccessible handwashing facilities"
72136,"20140326",103119,"Moderate Risk","Inadequate and inaccessible handwashing facilities"
72153,"20130627",103129,"Moderate Risk","Insufficient hot water or running water"
72153,"20130320",103139,"Low Risk","Improper food storage"
72153,"20130320",103129,"Moderate Risk","Insufficient hot water or running water"
72153,"20140404",103147,"Low Risk","Inadequate ventilation or lighting"
72159,"20150501",103139,"Low Risk","Improper food storage"
72159,"20131003",103124,"Moderate Risk","Inadequately cleaned or sanitized food contact surfaces"
72159,"20131003",103144,"Low Risk","Unapproved or unmaintained equipment or utensils"
72159,"20131003",103162,"Low Risk","Other low risk violation"
72162,"20131112",103149,"Low Risk","Wiping cloths not clean or properly stored or inadequate sanitizer"
72162,"20140226",103154,"Low Risk","Unclean or degraded floors walls or ceilings"
72162,"20140226",103149,"Low Risk","Wiping cloths not clean or properly stored or inadequate sanitizer"
72162,"20140715",103116,"Moderate Risk","Inadequate food safety knowledge or lack of certified food safety manager"
72164,"20141107",103120,"Moderate Risk","Moderate risk food holding temperature "
72164,"20141107",103131,"Moderate Risk","Moderate risk vermin infestation"
72164,"20140131",103108,"High Risk","Contaminated or adulterated food"
72164,"20140131",103114,"High Risk","High risk vermin infestation"
72164,"20140131",103118,"Moderate Risk","Employee eating or smoking"
72164,"20140131",103133,"Moderate Risk","Foods not protected from contamination"
72164,"20130607",103131,"Moderate Risk","Moderate risk vermin infestation"
72169,"20141208",103145,"Low Risk","Improper storage of equipment utensils or linens"
72169,"20141208",103139,"Low Risk","Improper food storage"
72169,"20141208",103121,"Moderate Risk","Inadequate procedures or records for time as a public health control "
72169,"20140417",103132,"Moderate Risk","Improper thawing methods "
72169,"20140417",103120,"Moderate Risk","Moderate risk food holding temperature "
72169,"20140417",103156,"Low Risk","Permit license or inspection report not posted"
72171,"20150211",103133,"Moderate Risk","Foods not protected from contamination"
72171,"20150211",103145,"Low Risk","Improper storage of equipment utensils or linens"
72171,"20150211",103142,"Low Risk","Unclean nonfood contact surfaces"
72171,"20140814",103139,"Low Risk","Improper food storage"
72171,"20140814",103131,"Moderate Risk","Moderate risk vermin infestation"
72171,"20140814",103154,"Low Risk","Unclean or degraded floors walls or ceilings"
72173,"20150430",103120,"Moderate Risk","Moderate risk food holding temperature "
72173,"20130715",103143,"Low Risk","Inadequate warewashing facilities or equipment"
72173,"20130715",103148,"Low Risk","No thermometers or uncalibrated thermometers "
72173,"20130715",103149,"Low Risk","Wiping cloths not clean or properly stored or inadequate sanitizer"
72176,"20131108",103119,"Moderate Risk","Inadequate and inaccessible handwashing facilities"
72176,"20131108",103121,"Moderate Risk","Inadequate procedures or records for time as a public health control "
72176,"20131108",103149,"Low Risk","Wiping cloths not clean or properly stored or inadequate sanitizer"
72176,"20131108",103154,"Low Risk","Unclean or degraded floors walls or ceilings"
72176,"20131108",103109,"High Risk","Unclean or unsanitary food contact surfaces"
72176,"20140708",103124,"Moderate Risk","Inadequately cleaned or sanitized food contact surfaces"
72176,"20140708",103154,"Low Risk","Unclean or degraded floors walls or ceilings"
72176,"20140708",103144,"Low Risk","Unapproved or unmaintained equipment or utensils"
72176,"20140708",103142,"Low Risk","Unclean nonfood contact surfaces"
72177,"20131002",103119,"Moderate Risk","Inadequate and inaccessible handwashing facilities"
73840,"20131101",103142,"Low Risk","Unclean nonfood contact surfaces"
73840,"20131101",103145,"Low Risk","Improper storage of equipment utensils or linens"
73840,"20131101",103131,"Moderate Risk","Moderate risk vermin infestation"
73840,"20131101",103157,"Low Risk","Food safety certificate or food handler card not available"
73840,"20130605",103150,"Low Risk","Improper or defective plumbing"
73840,"20130605",103120,"Moderate Risk","Moderate risk food holding temperature "
73840,"20130605",103147,"Low Risk","Inadequate ventilation or lighting"
73840,"20130605",103149,"Low Risk","Wiping cloths not clean or properly stored or inadequate sanitizer"
73840,"20130605",103119,"Moderate Risk","Inadequate and inaccessible handwashing facilities"
73840,"20130605",103105,"High Risk","Improper cooling methods"
73840,"20140617",103142,"Low Risk","Unclean nonfood contact surfaces"
73840,"20140617",103154,"Low Risk","Unclean or degraded floors walls or ceilings"
73840,"20140617",103131,"Moderate Risk","Moderate risk vermin infestation"
73849,"20141021",103157,"Low Risk","Food safety certificate or food handler card not available"
73849,"20141021",103156,"Low Risk","Permit license or inspection report not posted"
73849,"20141021",103149,"Low Risk","Wiping cloths not clean or properly stored or inadequate sanitizer"
73849,"20130731",103139,"Low Risk","Improper food storage"
73849,"20140328",103144,"Low Risk","Unapproved or unmaintained equipment or utensils"
73849,"20140328",103156,"Low Risk","Permit license or inspection report not posted"
73849,"20140328",103148,"Low Risk","No thermometers or uncalibrated thermometers "
73849,"20140328",103124,"Moderate Risk","Inadequately cleaned or sanitized food contact surfaces"
73860,"20150318",103131,"Moderate Risk","Moderate risk vermin infestation"
73871,"20131030",103102,"High Risk","Unclean hands or improper use of gloves"
73871,"20131030",103132,"Moderate Risk","Improper thawing methods "
73871,"20131030",103139,"Low Risk","Improper food storage"
73871,"20131030",103149,"Low Risk","Wiping cloths not clean or properly stored or inadequate sanitizer"
73871,"20140310",103139,"Low Risk","Improper food storage"
73871,"20140310",103120,"Moderate Risk","Moderate risk food holding temperature "
73871,"20140310",103109,"High Risk","Unclean or unsanitary food contact surfaces"
73871,"20140310",103132,"Moderate Risk","Improper thawing methods "
73871,"20140722",103114,"High Risk","High risk vermin infestation"
73871,"20140722",103124,"Moderate Risk","Inadequately cleaned or sanitized food contact surfaces"
73871,"20140722",103145,"Low Risk","Improper storage of equipment utensils or linens"
73871,"20140722",103154,"Low Risk","Unclean or degraded floors walls or ceilings"
73889,"20150305",103139,"Low Risk","Improper food storage"
73889,"20150305",103133,"Moderate Risk","Foods not protected from contamination"
73889,"20150305",103120,"Moderate Risk","Moderate risk food holding temperature "
73889,"20130509",103133,"Moderate Risk","Foods not protected from contamination"
73889,"20130509",103139,"Low Risk","Improper food storage"
73889,"20130509",103144,"Low Risk","Unapproved or unmaintained equipment or utensils"
73889,"20130509",103109,"High Risk","Unclean or unsanitary food contact surfaces"
73889,"20140225",103102,"High Risk","Unclean hands or improper use of gloves"
73889,"20140225",103154,"Low Risk","Unclean or degraded floors walls or ceilings"
73889,"20140225",103144,"Low Risk","Unapproved or unmaintained equipment or utensils"
73889,"20140225",103142,"Low Risk","Unclean nonfood contact surfaces"
73889,"20140225",103139,"Low Risk","Improper food storage"
73889,"20140225",103133,"Moderate Risk","Foods not protected from contamination"
73889,"20140225",103132,"Moderate Risk","Improper thawing methods "
73889,"20140225",103116,"Moderate Risk","Inadequate food safety knowledge or lack of certified food safety manager"
73889,"20140225",103109,"High Risk","Unclean or unsanitary food contact surfaces"
73889,"20140225",103103,"High Risk","High risk food holding temperature "
73889,"20140708",103138,"Low Risk","Improper storage use or identification of toxic substances"
73889,"20140708",103103,"High Risk","High risk food holding temperature "
73889,"20140708",103109,"High Risk","Unclean or unsanitary food contact surfaces"
73889,"20140708",103133,"Moderate Risk","Foods not protected from contamination"
73889,"20140708",103150,"Low Risk","Improper or defective plumbing"
73889,"20140708",103144,"Low Risk","Unapproved or unmaintained equipment or utensils"
73900,"20150515",103159,"Low Risk","Worker safety hazards"
73900,"20150515",103143,"Low Risk","Inadequate warewashing facilities or equipment"
73902,"20140521",103139,"Low Risk","Improper food storage"
73906,"20140822",103139,"Low Risk","Improper food storage"
73908,"20130606",103145,"Low Risk","Improper storage of equipment utensils or linens"
73908,"20130606",103120,"Moderate Risk","Moderate risk food holding temperature "
73908,"20140627",103142,"Low Risk","Unclean nonfood contact surfaces"
73908,"20140627",103154,"Low Risk","Unclean or degraded floors walls or ceilings"
73939,"20130516",103138,"Low Risk","Improper storage use or identification of toxic substances"
73939,"20130516",103124,"Moderate Risk","Inadequately cleaned or sanitized food contact surfaces"
73939,"20130516",103119,"Moderate Risk","Inadequate and inaccessible handwashing facilities"
73940,"20150221",103143,"Low Risk","Inadequate warewashing facilities or equipment"
73940,"20150221",103124,"Moderate Risk","Inadequately cleaned or sanitized food contact surfaces"
73940,"20150221",103120,"Moderate Risk","Moderate risk food holding temperature "
73940,"20131003",103103,"High Risk","High risk food holding temperature "
73940,"20131003",103143,"Low Risk","Inadequate warewashing facilities or equipment"
73940,"20140610",103112,"High Risk","No hot water or running water"
73949,"20150501",103119,"Moderate Risk","Inadequate and inaccessible handwashing facilities"
73949,"20150501",103144,"Low Risk","Unapproved or unmaintained equipment or utensils"
73949,"20150501",103133,"Moderate Risk","Foods not protected from contamination"
73949,"20150501",103116,"Moderate Risk","Inadequate food safety knowledge or lack of certified food safety manager"
73949,"20140129",103149,"Low Risk","Wiping cloths not clean or properly stored or inadequate sanitizer"
73949,"20140129",103133,"Moderate Risk","Foods not protected from contamination"
73949,"20140129",103120,"Moderate Risk","Moderate risk food holding temperature "
73949,"20130611",103131,"Moderate Risk","Moderate risk vermin infestation"
73949,"20130611",103142,"Low Risk","Unclean nonfood contact surfaces"
73949,"20130611",103116,"Moderate Risk","Inadequate food safety knowledge or lack of certified food safety manager"
73949,"20130611",103133,"Moderate Risk","Foods not protected from contamination"
73955,"20140905",103154,"Low Risk","Unclean or degraded floors walls or ceilings"
73955,"20140905",103157,"Low Risk","Food safety certificate or food handler card not available"
73955,"20150319",103149,"Low Risk","Wiping cloths not clean or properly stored or inadequate sanitizer"
73955,"20150319",103142,"Low Risk","Unclean nonfood contact surfaces"
73955,"20150319",103114,"High Risk","High risk vermin infestation"
73955,"20140131",103133,"Moderate Risk","Foods not protected from contamination"
73955,"20140131",103143,"Low Risk","Inadequate warewashing facilities or equipment"
73955,"20140131",103157,"Low Risk","Food safety certificate or food handler card not available"
73955,"20140131",103130,"Moderate Risk","Inadequate sewage or wastewater disposal"
73962,"20150526",103133,"Moderate Risk","Foods not protected from contamination"
73962,"20130702",103149,"Low Risk","Wiping cloths not clean or properly stored or inadequate sanitizer"
73962,"20130702",103144,"Low Risk","Unapproved or unmaintained equipment or utensils"
73962,"20130702",103119,"Moderate Risk","Inadequate and inaccessible handwashing facilities"
73962,"20130702",103133,"Moderate Risk","Foods not protected from contamination"
73962,"20140407",103120,"Moderate Risk","Moderate risk food holding temperature "
73962,"20140407",103139,"Low Risk","Improper food storage"
73962,"20140407",103149,"Low Risk","Wiping cloths not clean or properly stored or inadequate sanitizer"
73963,"20140203",103144,"Low Risk","Unapproved or unmaintained equipment or utensils"
73963,"20140203",103103,"High Risk","High risk food holding temperature "
73963,"20140203",103142,"Low Risk","Unclean nonfood contact surfaces"
73963,"20140203",103133,"Moderate Risk","Foods not protected from contamination"
73963,"20140203",103157,"Low Risk","Food safety certificate or food handler card not available"
73963,"20140203",103131,"Moderate Risk","Moderate risk vermin infestation"
73963,"20140203",103145,"Low Risk","Improper storage of equipment utensils or linens"
73963,"20130607",103142,"Low Risk","Unclean nonfood contact surfaces"
73963,"20130607",103145,"Low Risk","Improper storage of equipment utensils or linens"
73963,"20130607",103149,"Low Risk","Wiping cloths not clean or properly stored or inadequate sanitizer"
73963,"20130607",103119,"Moderate Risk","Inadequate and inaccessible handwashing facilities"
73963,"20130607",103103,"High Risk","High risk food holding temperature "
73963,"20130607",103161,"Low Risk","Low risk vermin infestation"
73967,"20150407",103119,"Moderate Risk","Inadequate and inaccessible handwashing facilities"
73967,"20130903",103143,"Low Risk","Inadequate warewashing facilities or equipment"
73967,"20130903",103124,"Moderate Risk","Inadequately cleaned or sanitized food contact surfaces"
73967,"20130903",103149,"Low Risk","Wiping cloths not clean or properly stored or inadequate sanitizer"
73967,"20130529",103138,"Low Risk","Improper storage use or identification of toxic substances"
73967,"20130529",103149,"Low Risk","Wiping cloths not clean or properly stored or inadequate sanitizer"
73967,"20140218",103124,"Moderate Risk","Inadequately cleaned or sanitized food contact surfaces"
73967,"20140218",103120,"Moderate Risk","Moderate risk food holding temperature "
73978,"20150316",103102,"High Risk","Unclean hands or improper use of gloves"
73978,"20150316",103142,"Low Risk","Unclean nonfood contact surfaces"
73978,"20150316",103145,"Low Risk","Improper storage of equipment utensils or linens"
73978,"20150316",103129,"Moderate Risk","Insufficient hot water or running water"
73978,"20150316",103109,"High Risk","Unclean or unsanitary food contact surfaces"
73978,"20150316",103116,"Moderate Risk","Inadequate food safety knowledge or lack of certified food safety manager"
73978,"20150316",103114,"High Risk","High risk vermin infestation"
73978,"20150316",103133,"Moderate Risk","Foods not protected from contamination"
73978,"20150316",103139,"Low Risk","Improper food storage"
73978,"20131007",103109,"High Risk","Unclean or unsanitary food contact surfaces"
73978,"20131007",103119,"Moderate Risk","Inadequate and inaccessible handwashing facilities"
73978,"20131007",103142,"Low Risk","Unclean nonfood contact surfaces"
73978,"20131007",103139,"Low Risk","Improper food storage"
73978,"20140407",103144,"Low Risk","Unapproved or unmaintained equipment or utensils"
73978,"20140407",103139,"Low Risk","Improper food storage"
73998,"20150204",103144,"Low Risk","Unapproved or unmaintained equipment or utensils"
73998,"20150204",103154,"Low Risk","Unclean or degraded floors walls or ceilings"
73998,"20150204",103124,"Moderate Risk","Inadequately cleaned or sanitized food contact surfaces"
73998,"20150204",103121,"Moderate Risk","Inadequate procedures or records for time as a public health control "
73998,"20131001",103142,"Low Risk","Unclean nonfood contact surfaces"
73998,"20131001",103154,"Low Risk","Unclean or degraded floors walls or ceilings"
73998,"20140303",103154,"Low Risk","Unclean or degraded floors walls or ceilings"
74010,"20130927",103105,"High Risk","Improper cooling methods"
74010,"20130927",103161,"Low Risk","Low risk vermin infestation"
74010,"20130927",103129,"Moderate Risk","Insufficient hot water or running water"
74010,"20130927",103120,"Moderate Risk","Moderate risk food holding temperature "
74010,"20130328",103105,"High Risk","Improper cooling methods"
74010,"20130328",103144,"Low Risk","Unapproved or unmaintained equipment or utensils"
74010,"20130328",103142,"Low Risk","Unclean nonfood contact surfaces"
74010,"20130328",103138,"Low Risk","Improper storage use or identification of toxic substances"
74010,"20130328",103131,"Moderate Risk","Moderate risk vermin infestation"
74010,"20130328",103119,"Moderate Risk","Inadequate and inaccessible handwashing facilities"
74010,"20130328",103109,"High Risk","Unclean or unsanitary food contact surfaces"
74010,"20130328",103103,"High Risk","High risk food holding temperature "
74010,"20130328",103116,"Moderate Risk","Inadequate food safety knowledge or lack of certified food safety manager"
74010,"20140605",103129,"Moderate Risk","Insufficient hot water or running water"
74010,"20140605",103114,"High Risk","High risk vermin infestation"
74010,"20140605",103124,"Moderate Risk","Inadequately cleaned or sanitized food contact surfaces"
74010,"20140606",103161,"Low Risk","Low risk vermin infestation"
74010,"20140605",103120,"Moderate Risk","Moderate risk food holding temperature "
74010,"20140605",103123,"Moderate Risk","Food in poor condition"
74013,"20150504",103120,"Moderate Risk","Moderate risk food holding temperature "
74013,"20150504",103149,"Low Risk","Wiping cloths not clean or properly stored or inadequate sanitizer"
74013,"20130422",103162,"Low Risk","Other low risk violation"
74013,"20130422",103148,"Low Risk","No thermometers or uncalibrated thermometers "
74013,"20140410",103153,"Low Risk","Inadequate dressing rooms or improper storage of personal items"
74013,"20140410",103139,"Low Risk","Improper food storage"
74021,"20140827",103119,"Moderate Risk","Inadequate and inaccessible handwashing facilities"
74021,"20140827",103147,"Low Risk","Inadequate ventilation or lighting"
74021,"20140827",103149,"Low Risk","Wiping cloths not clean or properly stored or inadequate sanitizer"
74021,"20130729",103149,"Low Risk","Wiping cloths not clean or properly stored or inadequate sanitizer"
74021,"20130729",103120,"Moderate Risk","Moderate risk food holding temperature "
74021,"20130729",103132,"Moderate Risk","Improper thawing methods "
74023,"20131016",103142,"Low Risk","Unclean nonfood contact surfaces"
74023,"20131016",103139,"Low Risk","Improper food storage"
74023,"20130501",103145,"Low Risk","Improper storage of equipment utensils or linens"
74023,"20130501",103142,"Low Risk","Unclean nonfood contact surfaces"
74023,"20130501",103139,"Low Risk","Improper food storage"
74027,"20130711",103119,"Moderate Risk","Inadequate and inaccessible handwashing facilities"
74027,"20130711",103129,"Moderate Risk","Insufficient hot water or running water"
74027,"20130711",103149,"Low Risk","Wiping cloths not clean or properly stored or inadequate sanitizer"
74027,"20140506",103142,"Low Risk","Unclean nonfood contact surfaces"
74045,"20140404",103161,"Low Risk","Low risk vermin infestation"
74053,"20140911",103120,"Moderate Risk","Moderate risk food holding temperature "
74053,"20140911",103161,"Low Risk","Low risk vermin infestation"
74053,"20140911",103148,"Low Risk","No thermometers or uncalibrated thermometers "
74053,"20140911",103142,"Low Risk","Unclean nonfood contact surfaces"
74053,"20140911",103149,"Low Risk","Wiping cloths not clean or properly stored or inadequate sanitizer"
74053,"20140203",103161,"Low Risk","Low risk vermin infestation"
74053,"20140203",103150,"Low Risk","Improper or defective plumbing"
74053,"20140203",103149,"Low Risk","Wiping cloths not clean or properly stored or inadequate sanitizer"
74061,"20140415",103149,"Low Risk","Wiping cloths not clean or properly stored or inadequate sanitizer"
74061,"20140415",103119,"Moderate Risk","Inadequate and inaccessible handwashing facilities"
74065,"20140917",103143,"Low Risk","Inadequate warewashing facilities or equipment"
74065,"20140917",103120,"Moderate Risk","Moderate risk food holding temperature "
74065,"20130816",103119,"Moderate Risk","Inadequate and inaccessible handwashing facilities"
74065,"20130816",103129,"Moderate Risk","Insufficient hot water or running water"
74068,"20131105",103131,"Moderate Risk","Moderate risk vermin infestation"
74068,"20130509",103114,"High Risk","High risk vermin infestation"
74068,"20140428",103142,"Low Risk","Unclean nonfood contact surfaces"
74070,"20140908",103150,"Low Risk","Improper or defective plumbing"
74070,"20140908",103154,"Low Risk","Unclean or degraded floors walls or ceilings"
74070,"20150211",103143,"Low Risk","Inadequate warewashing facilities or equipment"
74070,"20150211",103120,"Moderate Risk","Moderate risk food holding temperature "
74070,"20150211",103139,"Low Risk","Improper food storage"
74070,"20131105",103149,"Low Risk","Wiping cloths not clean or properly stored or inadequate sanitizer"
74084,"20141217",103121,"Moderate Risk","Inadequate procedures or records for time as a public health control "
74084,"20141217",103161,"Low Risk","Low risk vermin infestation"
74084,"20141217",103113,"High Risk","Sewage or wastewater contamination"
74084,"20141217",103103,"High Risk","High risk food holding temperature "
74084,"20141217",103119,"Moderate Risk","Inadequate and inaccessible handwashing facilities"
74084,"20141217",103102,"High Risk","Unclean hands or improper use of gloves"
74084,"20141217",103116,"Moderate Risk","Inadequate food safety knowledge or lack of certified food safety manager"
74084,"20141217",103142,"Low Risk","Unclean nonfood contact surfaces"
74084,"20141217",103105,"High Risk","Improper cooling methods"
74084,"20141217",103144,"Low Risk","Unapproved or unmaintained equipment or utensils"
74084,"20141218",103115,"High Risk","Other high risk violation"
74089,"20150410",103120,"Moderate Risk","Moderate risk food holding temperature "
74089,"20130828",103112,"High Risk","No hot water or running water"
74089,"20130828",103119,"Moderate Risk","Inadequate and inaccessible handwashing facilities"
74089,"20130828",103139,"Low Risk","Improper food storage"
74089,"20140416",103109,"High Risk","Unclean or unsanitary food contact surfaces"
74089,"20140416",103157,"Low Risk","Food safety certificate or food handler card not available"
74089,"20140416",103148,"Low Risk","No thermometers or uncalibrated thermometers "
74116,"20150106",103156,"Low Risk","Permit license or inspection report not posted"
74116,"20150106",103124,"Moderate Risk","Inadequately cleaned or sanitized food contact surfaces"
74116,"20150106",103113,"High Risk","Sewage or wastewater contamination"
74116,"20130626",103103,"High Risk","High risk food holding temperature "
74116,"20140527",103119,"Moderate Risk","Inadequate and inaccessible handwashing facilities"
74116,"20140527",103149,"Low Risk","Wiping cloths not clean or properly stored or inadequate sanitizer"
74116,"20140527",103147,"Low Risk","Inadequate ventilation or lighting"
74116,"20140527",103124,"Moderate Risk","Inadequately cleaned or sanitized food contact surfaces"
74128,"20140925",103159,"Low Risk","Worker safety hazards"
74128,"20140925",103139,"Low Risk","Improper food storage"
74128,"20140925",103144,"Low Risk","Unapproved or unmaintained equipment or utensils"
74128,"20140925",103145,"Low Risk","Improper storage of equipment utensils or linens"
74128,"20140925",103149,"Low Risk","Wiping cloths not clean or properly stored or inadequate sanitizer"
74128,"20140925",103154,"Low Risk","Unclean or degraded floors walls or ceilings"
74128,"20140925",103142,"Low Risk","Unclean nonfood contact surfaces"
74128,"20150603",103132,"Moderate Risk","Improper thawing methods "
74128,"20150603",103149,"Low Risk","Wiping cloths not clean or properly stored or inadequate sanitizer"
74128,"20150603",103139,"Low Risk","Improper food storage"
74128,"20150603",103133,"Moderate Risk","Foods not protected from contamination"
74128,"20150603",103142,"Low Risk","Unclean nonfood contact surfaces"
74128,"20150603",103161,"Low Risk","Low risk vermin infestation"
74128,"20150603",103124,"Moderate Risk","Inadequately cleaned or sanitized food contact surfaces"
74128,"20130730",103119,"Moderate Risk","Inadequate and inaccessible handwashing facilities"
74128,"20140204",103149,"Low Risk","Wiping cloths not clean or properly stored or inadequate sanitizer"
74128,"20140204",103120,"Moderate Risk","Moderate risk food holding temperature "
74128,"20140204",103119,"Moderate Risk","Inadequate and inaccessible handwashing facilities"
74131,"20140903",103139,"Low Risk","Improper food storage"
74131,"20140903",103142,"Low Risk","Unclean nonfood contact surfaces"
74131,"20140903",103144,"Low Risk","Unapproved or unmaintained equipment or utensils"
74131,"20140903",103149,"Low Risk","Wiping cloths not clean or properly stored or inadequate sanitizer"
74131,"20140903",103154,"Low Risk","Unclean or degraded floors walls or ceilings"
74131,"20140903",103161,"Low Risk","Low risk vermin infestation"
74131,"20150527",103142,"Low Risk","Unclean nonfood contact surfaces"
74131,"20150527",103144,"Low Risk","Unapproved or unmaintained equipment or utensils"
74131,"20150527",103149,"Low Risk","Wiping cloths not clean or properly stored or inadequate sanitizer"
74131,"20150527",103156,"Low Risk","Permit license or inspection report not posted"
74131,"20150527",103157,"Low Risk","Food safety certificate or food handler card not available"
74131,"20140206",103161,"Low Risk","Low risk vermin infestation"
74131,"20140206",103144,"Low Risk","Unapproved or unmaintained equipment or utensils"
74131,"20140206",103149,"Low Risk","Wiping cloths not clean or properly stored or inadequate sanitizer"
74131,"20140206",103154,"Low Risk","Unclean or degraded floors walls or ceilings"
74131,"20140206",103142,"Low Risk","Unclean nonfood contact surfaces"
74133,"20141024",103120,"Moderate Risk","Moderate risk food holding temperature "
74133,"20130515",103119,"Moderate Risk","Inadequate and inaccessible handwashing facilities"
74133,"20130515",103138,"Low Risk","Improper storage use or identification of toxic substances"
74133,"20130515",103120,"Moderate Risk","Moderate risk food holding temperature "
74133,"20130515",103131,"Moderate Risk","Moderate risk vermin infestation"
74133,"20140410",103120,"Moderate Risk","Moderate risk food holding temperature "
74149,"20141117",103120,"Moderate Risk","Moderate risk food holding temperature "
74149,"20141117",103119,"Moderate Risk","Inadequate and inaccessible handwashing facilities"
74149,"20141117",103133,"Moderate Risk","Foods not protected from contamination"
74149,"20131220",103119,"Moderate Risk","Inadequate and inaccessible handwashing facilities"
74149,"20131220",103139,"Low Risk","Improper food storage"
74149,"20131220",103103,"High Risk","High risk food holding temperature "
74149,"20131220",103102,"High Risk","Unclean hands or improper use of gloves"
74149,"20131220",103124,"Moderate Risk","Inadequately cleaned or sanitized food contact surfaces"
74149,"20130618",103120,"Moderate Risk","Moderate risk food holding temperature "
74149,"20130618",103154,"Low Risk","Unclean or degraded floors walls or ceilings"
74149,"20130618",103133,"Moderate Risk","Foods not protected from contamination"
74149,"20130618",103149,"Low Risk","Wiping cloths not clean or properly stored or inadequate sanitizer"
74149,"20140422",103138,"Low Risk","Improper storage use or identification of toxic substances"
74149,"20140422",103139,"Low Risk","Improper food storage"
74149,"20140422",103141,"Low Risk","Improper food labeling or menu misrepresentation"
74149,"20140422",103149,"Low Risk","Wiping cloths not clean or properly stored or inadequate sanitizer"
74149,"20140422",103131,"Moderate Risk","Moderate risk vermin infestation"
74149,"20140422",103120,"Moderate Risk","Moderate risk food holding temperature "
74160,"20150430",103154,"Low Risk","Unclean or degraded floors walls or ceilings"
74160,"20150430",103118,"Moderate Risk","Employee eating or smoking"
74160,"20150430",103131,"Moderate Risk","Moderate risk vermin infestation"
74160,"20150430",103139,"Low Risk","Improper food storage"
74160,"20150430",103138,"Low Risk","Improper storage use or identification of toxic substances"
74160,"20131009",103119,"Moderate Risk","Inadequate and inaccessible handwashing facilities"
74160,"20131009",103103,"High Risk","High risk food holding temperature "
74160,"20131009",103133,"Moderate Risk","Foods not protected from contamination"
74160,"20131009",103109,"High Risk","Unclean or unsanitary food contact surfaces"
74168,"20140326",103144,"Low Risk","Unapproved or unmaintained equipment or utensils"
74168,"20140326",103149,"Low Risk","Wiping cloths not clean or properly stored or inadequate sanitizer"
74168,"20140326",103133,"Moderate Risk","Foods not protected from contamination"
74174,"20130626",103145,"Low Risk","Improper storage of equipment utensils or linens"
74174,"20140122",103114,"High Risk","High risk vermin infestation"
74178,"20130903",103144,"Low Risk","Unapproved or unmaintained equipment or utensils"
74178,"20130903",103139,"Low Risk","Improper food storage"
74178,"20140730",103139,"Low Risk","Improper food storage"
74178,"20140730",103150,"Low Risk","Improper or defective plumbing"
74191,"20130522",103149,"Low Risk","Wiping cloths not clean or properly stored or inadequate sanitizer"
74193,"20150313",103105,"High Risk","Improper cooling methods"
74193,"20150313",103133,"Moderate Risk","Foods not protected from contamination"
74193,"20150313",103139,"Low Risk","Improper food storage"
74193,"20131112",103124,"Moderate Risk","Inadequately cleaned or sanitized food contact surfaces"
74193,"20130514",103110,"High Risk","Unapproved food source"
74193,"20130514",103120,"Moderate Risk","Moderate risk food holding temperature "
74193,"20140512",103124,"Moderate Risk","Inadequately cleaned or sanitized food contact surfaces"
74202,"20140822",103119,"Moderate Risk","Inadequate and inaccessible handwashing facilities"
74202,"20130719",103119,"Moderate Risk","Inadequate and inaccessible handwashing facilities"
74202,"20130719",103139,"Low Risk","Improper food storage"
74202,"20140303",103119,"Moderate Risk","Inadequate and inaccessible handwashing facilities"
74202,"20140303",103156,"Low Risk","Permit license or inspection report not posted"
74202,"20140303",103131,"Moderate Risk","Moderate risk vermin infestation"
74205,"20131029",103149,"Low Risk","Wiping cloths not clean or properly stored or inadequate sanitizer"
74205,"20131029",103147,"Low Risk","Inadequate ventilation or lighting"
74205,"20131029",103138,"Low Risk","Improper storage use or identification of toxic substances"
74205,"20131029",103129,"Moderate Risk","Insufficient hot water or running water"
74205,"20131029",103119,"Moderate Risk","Inadequate and inaccessible handwashing facilities"
74205,"20131029",103116,"Moderate Risk","Inadequate food safety knowledge or lack of certified food safety manager"
74205,"20131029",103144,"Low Risk","Unapproved or unmaintained equipment or utensils"
74205,"20130423",103138,"Low Risk","Improper storage use or identification of toxic substances"
74205,"20130423",103120,"Moderate Risk","Moderate risk food holding temperature "
74205,"20130423",103102,"High Risk","Unclean hands or improper use of gloves"
74205,"20140520",103157,"Low Risk","Food safety certificate or food handler card not available"
74205,"20140520",103156,"Low Risk","Permit license or inspection report not posted"
74205,"20140520",103137,"Low Risk","Improperly washed fruits and vegetables"
74205,"20140520",103103,"High Risk","High risk food holding temperature "
74210,"20141105",103154,"Low Risk","Unclean or degraded floors walls or ceilings"
74210,"20141105",103149,"Low Risk","Wiping cloths not clean or properly stored or inadequate sanitizer"
74210,"20141105",103139,"Low Risk","Improper food storage"
74210,"20141105",103138,"Low Risk","Improper storage use or identification of toxic substances"
74210,"20141105",103119,"Moderate Risk","Inadequate and inaccessible handwashing facilities"
74210,"20141105",103114,"High Risk","High risk vermin infestation"
74210,"20141105",103109,"High Risk","Unclean or unsanitary food contact surfaces"
74210,"20141105",103157,"Low Risk","Food safety certificate or food handler card not available"
74210,"20130917",103131,"Moderate Risk","Moderate risk vermin infestation"
74210,"20130910",103114,"High Risk","High risk vermin infestation"
74210,"20130910",103124,"Moderate Risk","Inadequately cleaned or sanitized food contact surfaces"
74210,"20130910",103144,"Low Risk","Unapproved or unmaintained equipment or utensils"
74210,"20130910",103154,"Low Risk","Unclean or degraded floors walls or ceilings"
74210,"20130516",103105,"High Risk","Improper cooling methods"
74210,"20130516",103154,"Low Risk","Unclean or degraded floors walls or ceilings"
74216,"20130725",103149,"Low Risk","Wiping cloths not clean or properly stored or inadequate sanitizer"
74216,"20130725",103172,"High Risk","Mobile food facility with unapproved operating conditions"
74216,"20130725",103143,"Low Risk","Inadequate warewashing facilities or equipment"
74237,"20141204",103154,"Low Risk","Unclean or degraded floors walls or ceilings"
74237,"20141204",103114,"High Risk","High risk vermin infestation"
74238,"20130903",103149,"Low Risk","Wiping cloths not clean or properly stored or inadequate sanitizer"
74238,"20130903",103116,"Moderate Risk","Inadequate food safety knowledge or lack of certified food safety manager"
74238,"20130903",103120,"Moderate Risk","Moderate risk food holding temperature "
74238,"20130903",103133,"Moderate Risk","Foods not protected from contamination"
74238,"20130903",103144,"Low Risk","Unapproved or unmaintained equipment or utensils"
74238,"20140211",103116,"Moderate Risk","Inadequate food safety knowledge or lack of certified food safety manager"
74238,"20140211",103133,"Moderate Risk","Foods not protected from contamination"
74238,"20140211",103142,"Low Risk","Unclean nonfood contact surfaces"
74238,"20140211",103103,"High Risk","High risk food holding temperature "
74239,"20130828",103144,"Low Risk","Unapproved or unmaintained equipment or utensils"
74239,"20130828",103120,"Moderate Risk","Moderate risk food holding temperature "
74239,"20130828",103154,"Low Risk","Unclean or degraded floors walls or ceilings"
74239,"20130828",103145,"Low Risk","Improper storage of equipment utensils or linens"
74239,"20140421",103150,"Low Risk","Improper or defective plumbing"
74240,"20140805",103141,"Low Risk","Improper food labeling or menu misrepresentation"
74240,"20140805",103145,"Low Risk","Improper storage of equipment utensils or linens"
74240,"20140805",103150,"Low Risk","Improper or defective plumbing"
74240,"20140805",103116,"Moderate Risk","Inadequate food safety knowledge or lack of certified food safety manager"
74240,"20140805",103109,"High Risk","Unclean or unsanitary food contact surfaces"
74244,"20130723",103120,"Moderate Risk","Moderate risk food holding temperature "
74244,"20130815",103150,"Low Risk","Improper or defective plumbing"
74244,"20130815",103103,"High Risk","High risk food holding temperature "
74244,"20140529",103148,"Low Risk","No thermometers or uncalibrated thermometers "
74244,"20140529",103141,"Low Risk","Improper food labeling or menu misrepresentation"
74244,"20140529",103105,"High Risk","Improper cooling methods"
74245,"20130816",103149,"Low Risk","Wiping cloths not clean or properly stored or inadequate sanitizer"
74245,"20140306",103132,"Moderate Risk","Improper thawing methods "
74245,"20140306",103139,"Low Risk","Improper food storage"
74250,"20130529",103144,"Low Risk","Unapproved or unmaintained equipment or utensils"
74250,"20130501",103139,"Low Risk","Improper food storage"
74250,"20130529",103158,"Low Risk","Unpermitted food facility"
74250,"20130501",103120,"Moderate Risk","Moderate risk food holding temperature "
74250,"20130501",103119,"Moderate Risk","Inadequate and inaccessible handwashing facilities"
74250,"20130501",103103,"High Risk","High risk food holding temperature "
74250,"20130501",103145,"Low Risk","Improper storage of equipment utensils or linens"
74266,"20130904",103131,"Moderate Risk","Moderate risk vermin infestation"
74266,"20130904",103133,"Moderate Risk","Foods not protected from contamination"
74266,"20130904",103119,"Moderate Risk","Inadequate and inaccessible handwashing facilities"
74266,"20130904",103109,"High Risk","Unclean or unsanitary food contact surfaces"
74266,"20130904",103105,"High Risk","Improper cooling methods"
74266,"20130904",103103,"High Risk","High risk food holding temperature "
74266,"20130904",103142,"Low Risk","Unclean nonfood contact surfaces"
74266,"20140129",103123,"Moderate Risk","Food in poor condition"
74266,"20140129",103133,"Moderate Risk","Foods not protected from contamination"
74266,"20140129",103132,"Moderate Risk","Improper thawing methods "
74266,"20140129",103131,"Moderate Risk","Moderate risk vermin infestation"
74266,"20140129",103124,"Moderate Risk","Inadequately cleaned or sanitized food contact surfaces"
74266,"20140129",103103,"High Risk","High risk food holding temperature "
74266,"20140129",103102,"High Risk","Unclean hands or improper use of gloves"
74266,"20131108",103102,"High Risk","Unclean hands or improper use of gloves"
74266,"20131108",103132,"Moderate Risk","Improper thawing methods "
74266,"20140211",103109,"High Risk","Unclean or unsanitary food contact surfaces"
74266,"20140325",103120,"Moderate Risk","Moderate risk food holding temperature "
74266,"20140211",103105,"High Risk","Improper cooling methods"
74266,"20140812",103142,"Low Risk","Unclean nonfood contact surfaces"
74266,"20140812",103102,"High Risk","Unclean hands or improper use of gloves"
74266,"20140812",103120,"Moderate Risk","Moderate risk food holding temperature "
74266,"20140812",103138,"Low Risk","Improper storage use or identification of toxic substances"
74266,"20140812",103121,"Moderate Risk","Inadequate procedures or records for time as a public health control "
74283,"20140807",103149,"Low Risk","Wiping cloths not clean or properly stored or inadequate sanitizer"
74283,"20140807",103144,"Low Risk","Unapproved or unmaintained equipment or utensils"
74283,"20140807",103154,"Low Risk","Unclean or degraded floors walls or ceilings"
74294,"20150324",103157,"Low Risk","Food safety certificate or food handler card not available"
74294,"20140129",103144,"Low Risk","Unapproved or unmaintained equipment or utensils"
74305,"20140312",103129,"Moderate Risk","Insufficient hot water or running water"
74307,"20130918",103149,"Low Risk","Wiping cloths not clean or properly stored or inadequate sanitizer"
74312,"20131021",103114,"High Risk","High risk vermin infestation"
74312,"20131021",103145,"Low Risk","Improper storage of equipment utensils or linens"
74312,"20131021",103119,"Moderate Risk","Inadequate and inaccessible handwashing facilities"
74312,"20131021",103154,"Low Risk","Unclean or degraded floors walls or ceilings"
74326,"20150419",103119,"Moderate Risk","Inadequate and inaccessible handwashing facilities"
74326,"20140408",103119,"Moderate Risk","Inadequate and inaccessible handwashing facilities"
74326,"20140408",103108,"High Risk","Contaminated or adulterated food"
74327,"20150419",103119,"Moderate Risk","Inadequate and inaccessible handwashing facilities"
74327,"20150419",103131,"Moderate Risk","Moderate risk vermin infestation"
74327,"20140408",103119,"Moderate Risk","Inadequate and inaccessible handwashing facilities"
74332,"20150419",103139,"Low Risk","Improper food storage"
74332,"20130824",103142,"Low Risk","Unclean nonfood contact surfaces"
74336,"20141025",103124,"Moderate Risk","Inadequately cleaned or sanitized food contact surfaces"
74336,"20140408",103103,"High Risk","High risk food holding temperature "
74336,"20140408",103119,"Moderate Risk","Inadequate and inaccessible handwashing facilities"
74358,"20150302",103133,"Moderate Risk","Foods not protected from contamination"
74358,"20150302",103131,"Moderate Risk","Moderate risk vermin infestation"
74358,"20150302",103119,"Moderate Risk","Inadequate and inaccessible handwashing facilities"
74371,"20150427",103133,"Moderate Risk","Foods not protected from contamination"
74371,"20150427",103120,"Moderate Risk","Moderate risk food holding temperature "
74371,"20150427",103118,"Moderate Risk","Employee eating or smoking"
74371,"20150427",103116,"Moderate Risk","Inadequate food safety knowledge or lack of certified food safety manager"
74371,"20130722",103105,"High Risk","Improper cooling methods"
74371,"20130722",103120,"Moderate Risk","Moderate risk food holding temperature "
74371,"20130722",103149,"Low Risk","Wiping cloths not clean or properly stored or inadequate sanitizer"
74374,"20150303",103154,"Low Risk","Unclean or degraded floors walls or ceilings"
74374,"20150303",103142,"Low Risk","Unclean nonfood contact surfaces"
74374,"20150303",103131,"Moderate Risk","Moderate risk vermin infestation"
74374,"20150303",103116,"Moderate Risk","Inadequate food safety knowledge or lack of certified food safety manager"
74374,"20131108",103133,"Moderate Risk","Foods not protected from contamination"
74374,"20131108",103119,"Moderate Risk","Inadequate and inaccessible handwashing facilities"
74374,"20131108",103103,"High Risk","High risk food holding temperature "
74374,"20131108",103165,"Low Risk","No plan review or Building Permit"
74374,"20140527",103139,"Low Risk","Improper food storage"
74374,"20140527",103156,"Low Risk","Permit license or inspection report not posted"
74374,"20140604",103105,"High Risk","Improper cooling methods"
74374,"20140527",103124,"Moderate Risk","Inadequately cleaned or sanitized food contact surfaces"
74374,"20140527",103120,"Moderate Risk","Moderate risk food holding temperature "
74374,"20140527",103165,"Low Risk","No plan review or Building Permit"
74374,"20140527",103131,"Moderate Risk","Moderate risk vermin infestation"
74375,"20131206",103149,"Low Risk","Wiping cloths not clean or properly stored or inadequate sanitizer"
74375,"20131206",103133,"Moderate Risk","Foods not protected from contamination"
74375,"20140604",103119,"Moderate Risk","Inadequate and inaccessible handwashing facilities"
74375,"20140604",103120,"Moderate Risk","Moderate risk food holding temperature "
74375,"20140604",103157,"Low Risk","Food safety certificate or food handler card not available"
74399,"20150601",103133,"Moderate Risk","Foods not protected from contamination"
74399,"20150601",103161,"Low Risk","Low risk vermin infestation"
74399,"20150601",103157,"Low Risk","Food safety certificate or food handler card not available"
74399,"20130529",103157,"Low Risk","Food safety certificate or food handler card not available"
74399,"20130529",103139,"Low Risk","Improper food storage"
74429,"20141226",103149,"Low Risk","Wiping cloths not clean or properly stored or inadequate sanitizer"
74429,"20141226",103128,"Moderate Risk","Consumer advisory not provided for raw or undercooked foods"
74429,"20141226",103116,"Moderate Risk","Inadequate food safety knowledge or lack of certified food safety manager"
74429,"20141226",103131,"Moderate Risk","Moderate risk vermin infestation"
74429,"20141226",103130,"Moderate Risk","Inadequate sewage or wastewater disposal"
74429,"20141226",103152,"Low Risk","Unclean unmaintained or improperly constructed toilet facilities"
74429,"20131122",103124,"Moderate Risk","Inadequately cleaned or sanitized food contact surfaces"
74429,"20131122",103156,"Low Risk","Permit license or inspection report not posted"
74429,"20131122",103138,"Low Risk","Improper storage use or identification of toxic substances"
74429,"20131122",103109,"High Risk","Unclean or unsanitary food contact surfaces"
74429,"20131122",103116,"Moderate Risk","Inadequate food safety knowledge or lack of certified food safety manager"
74429,"20131122",103119,"Moderate Risk","Inadequate and inaccessible handwashing facilities"
74429,"20131122",103123,"Moderate Risk","Food in poor condition"
74429,"20131122",103120,"Moderate Risk","Moderate risk food holding temperature "
74429,"20130607",103102,"High Risk","Unclean hands or improper use of gloves"
74429,"20130607",103157,"Low Risk","Food safety certificate or food handler card not available"
74429,"20140425",103116,"Moderate Risk","Inadequate food safety knowledge or lack of certified food safety manager"
74429,"20140425",103102,"High Risk","Unclean hands or improper use of gloves"
74429,"20140425",103133,"Moderate Risk","Foods not protected from contamination"
74432,"20150604",103105,"High Risk","Improper cooling methods"
74432,"20130719",103154,"Low Risk","Unclean or degraded floors walls or ceilings"
74432,"20130719",103149,"Low Risk","Wiping cloths not clean or properly stored or inadequate sanitizer"
74432,"20140411",103119,"Moderate Risk","Inadequate and inaccessible handwashing facilities"
74432,"20140411",103132,"Moderate Risk","Improper thawing methods "
74432,"20140411",103133,"Moderate Risk","Foods not protected from contamination"
74432,"20140411",103156,"Low Risk","Permit license or inspection report not posted"
74436,"20141028",103119,"Moderate Risk","Inadequate and inaccessible handwashing facilities"
74436,"20141028",103124,"Moderate Risk","Inadequately cleaned or sanitized food contact surfaces"
74436,"20141028",103156,"Low Risk","Permit license or inspection report not posted"
74436,"20130624",103120,"Moderate Risk","Moderate risk food holding temperature "
74436,"20130624",103148,"Low Risk","No thermometers or uncalibrated thermometers "
74436,"20130624",103149,"Low Risk","Wiping cloths not clean or properly stored or inadequate sanitizer"
74436,"20140204",103116,"Moderate Risk","Inadequate food safety knowledge or lack of certified food safety manager"
74436,"20140204",103144,"Low Risk","Unapproved or unmaintained equipment or utensils"
74436,"20140204",103103,"High Risk","High risk food holding temperature "
74436,"20140204",103119,"Moderate Risk","Inadequate and inaccessible handwashing facilities"
74453,"20150414",103124,"Moderate Risk","Inadequately cleaned or sanitized food contact surfaces"
74453,"20150414",103103,"High Risk","High risk food holding temperature "
74453,"20150414",103133,"Moderate Risk","Foods not protected from contamination"
74453,"20150414",103105,"High Risk","Improper cooling methods"
74453,"20140304",103142,"Low Risk","Unclean nonfood contact surfaces"
74453,"20140304",103144,"Low Risk","Unapproved or unmaintained equipment or utensils"
74453,"20140304",103159,"Low Risk","Worker safety hazards"
74453,"20140304",103136,"Low Risk","Unsanitary employee garments hair or nails"
74453,"20140304",103132,"Moderate Risk","Improper thawing methods "
74453,"20140311",103120,"Moderate Risk","Moderate risk food holding temperature "
74453,"20140304",103119,"Moderate Risk","Inadequate and inaccessible handwashing facilities"
74468,"20150225",103119,"Moderate Risk","Inadequate and inaccessible handwashing facilities"
74468,"20150225",103154,"Low Risk","Unclean or degraded floors walls or ceilings"
74468,"20150225",103131,"Moderate Risk","Moderate risk vermin infestation"
74468,"20150225",103120,"Moderate Risk","Moderate risk food holding temperature "
74468,"20130918",103139,"Low Risk","Improper food storage"
74468,"20130918",103142,"Low Risk","Unclean nonfood contact surfaces"
74468,"20130918",103144,"Low Risk","Unapproved or unmaintained equipment or utensils"
74468,"20140611",103161,"Low Risk","Low risk vermin infestation"
74468,"20140611",103120,"Moderate Risk","Moderate risk food holding temperature "
74468,"20140611",103143,"Low Risk","Inadequate warewashing facilities or equipment"
74479,"20140722",103144,"Low Risk","Unapproved or unmaintained equipment or utensils"
74479,"20140722",103150,"Low Risk","Improper or defective plumbing"
74479,"20140722",103129,"Moderate Risk","Insufficient hot water or running water"
74479,"20140722",103119,"Moderate Risk","Inadequate and inaccessible handwashing facilities"
74481,"20130723",103144,"Low Risk","Unapproved or unmaintained equipment or utensils"
74481,"20140325",103157,"Low Risk","Food safety certificate or food handler card not available"
74485,"20150121",103120,"Moderate Risk","Moderate risk food holding temperature "
74485,"20150121",103121,"Moderate Risk","Inadequate procedures or records for time as a public health control "
74485,"20140505",103157,"Low Risk","Food safety certificate or food handler card not available"
74506,"20150428",103102,"High Risk","Unclean hands or improper use of gloves"
74506,"20150428",103148,"Low Risk","No thermometers or uncalibrated thermometers "
74506,"20150428",103134,"Moderate Risk","Other moderate risk violation"
74506,"20150428",103105,"High Risk","Improper cooling methods"
74506,"20150428",103132,"Moderate Risk","Improper thawing methods "
74506,"20131105",103153,"Low Risk","Inadequate dressing rooms or improper storage of personal items"
74506,"20131105",103145,"Low Risk","Improper storage of equipment utensils or linens"
74506,"20131105",103119,"Moderate Risk","Inadequate and inaccessible handwashing facilities"
74506,"20131105",103133,"Moderate Risk","Foods not protected from contamination"
74517,"20140123",103143,"Low Risk","Inadequate warewashing facilities or equipment"
74517,"20140730",103124,"Moderate Risk","Inadequately cleaned or sanitized food contact surfaces"
74521,"20130723",103142,"Low Risk","Unclean nonfood contact surfaces"
74521,"20130723",103133,"Moderate Risk","Foods not protected from contamination"
74521,"20130723",103154,"Low Risk","Unclean or degraded floors walls or ceilings"
74521,"20140401",103142,"Low Risk","Unclean nonfood contact surfaces"
74521,"20140401",103139,"Low Risk","Improper food storage"
74521,"20140401",103144,"Low Risk","Unapproved or unmaintained equipment or utensils"
74521,"20140401",103119,"Moderate Risk","Inadequate and inaccessible handwashing facilities"
74522,"20150305",103154,"Low Risk","Unclean or degraded floors walls or ceilings"
74522,"20150305",103119,"Moderate Risk","Inadequate and inaccessible handwashing facilities"
74522,"20150305",103139,"Low Risk","Improper food storage"
74522,"20150305",103142,"Low Risk","Unclean nonfood contact surfaces"
74522,"20150305",103124,"Moderate Risk","Inadequately cleaned or sanitized food contact surfaces"
74522,"20150305",103114,"High Risk","High risk vermin infestation"
74522,"20150305",103157,"Low Risk","Food safety certificate or food handler card not available"
74522,"20131003",103109,"High Risk","Unclean or unsanitary food contact surfaces"
74522,"20131003",103114,"High Risk","High risk vermin infestation"
74522,"20131003",103142,"Low Risk","Unclean nonfood contact surfaces"
74522,"20131003",103119,"Moderate Risk","Inadequate and inaccessible handwashing facilities"
74522,"20131003",103154,"Low Risk","Unclean or degraded floors walls or ceilings"
74522,"20131003",103108,"High Risk","Contaminated or adulterated food"
74522,"20131003",103106,"High Risk","Improper cooking time or temperatures"
74522,"20131003",103132,"Moderate Risk","Improper thawing methods "
74522,"20131003",103139,"Low Risk","Improper food storage"
74522,"20131003",103103,"High Risk","High risk food holding temperature "
74522,"20131003",103102,"High Risk","Unclean hands or improper use of gloves"
74522,"20131003",103145,"Low Risk","Improper storage of equipment utensils or linens"
74524,"20140908",103119,"Moderate Risk","Inadequate and inaccessible handwashing facilities"
74524,"20140908",103145,"Low Risk","Improper storage of equipment utensils or linens"
74524,"20140908",103139,"Low Risk","Improper food storage"
74524,"20140908",103162,"Low Risk","Other low risk violation"
74531,"20131213",103144,"Low Risk","Unapproved or unmaintained equipment or utensils"
74531,"20130618",103150,"Low Risk","Improper or defective plumbing"
74531,"20130618",103149,"Low Risk","Wiping cloths not clean or properly stored or inadequate sanitizer"
74534,"20130807",103120,"Moderate Risk","Moderate risk food holding temperature "
74534,"20130807",103149,"Low Risk","Wiping cloths not clean or properly stored or inadequate sanitizer"
74534,"20130807",103133,"Moderate Risk","Foods not protected from contamination"
74534,"20140219",103133,"Moderate Risk","Foods not protected from contamination"
74536,"20140930",103105,"High Risk","Improper cooling methods"
74537,"20140930",103144,"Low Risk","Unapproved or unmaintained equipment or utensils"
74546,"20130701",103157,"Low Risk","Food safety certificate or food handler card not available"
74546,"20140428",103156,"Low Risk","Permit license or inspection report not posted"
74549,"20141021",103154,"Low Risk","Unclean or degraded floors walls or ceilings"
74549,"20141021",103156,"Low Risk","Permit license or inspection report not posted"
74549,"20141021",103157,"Low Risk","Food safety certificate or food handler card not available"
74549,"20141021",103139,"Low Risk","Improper food storage"
74549,"20141021",103129,"Moderate Risk","Insufficient hot water or running water"
74549,"20141021",103119,"Moderate Risk","Inadequate and inaccessible handwashing facilities"
74549,"20140305",103119,"Moderate Risk","Inadequate and inaccessible handwashing facilities"
74549,"20140305",103138,"Low Risk","Improper storage use or identification of toxic substances"
74549,"20140305",103139,"Low Risk","Improper food storage"
74563,"20150202",103120,"Moderate Risk","Moderate risk food holding temperature "
74563,"20150202",103119,"Moderate Risk","Inadequate and inaccessible handwashing facilities"
74563,"20150202",103145,"Low Risk","Improper storage of equipment utensils or linens"
74563,"20130628",103142,"Low Risk","Unclean nonfood contact surfaces"
74563,"20140725",103120,"Moderate Risk","Moderate risk food holding temperature "
74563,"20140725",103144,"Low Risk","Unapproved or unmaintained equipment or utensils"
74579,"20150417",103116,"Moderate Risk","Inadequate food safety knowledge or lack of certified food safety manager"
74579,"20130717",103154,"Low Risk","Unclean or degraded floors walls or ceilings"
74579,"20140312",103105,"High Risk","Improper cooling methods"
74579,"20140312",103120,"Moderate Risk","Moderate risk food holding temperature "
74579,"20140312",103119,"Moderate Risk","Inadequate and inaccessible handwashing facilities"
74591,"20130626",103144,"Low Risk","Unapproved or unmaintained equipment or utensils"
74591,"20130626",103120,"Moderate Risk","Moderate risk food holding temperature "
74591,"20140507",103142,"Low Risk","Unclean nonfood contact surfaces"
74591,"20140507",103133,"Moderate Risk","Foods not protected from contamination"
74591,"20140507",103154,"Low Risk","Unclean or degraded floors walls or ceilings"
74591,"20140507",103144,"Low Risk","Unapproved or unmaintained equipment or utensils"
74593,"20141120",103145,"Low Risk","Improper storage of equipment utensils or linens"
74593,"20141120",103156,"Low Risk","Permit license or inspection report not posted"
74593,"20141120",103157,"Low Risk","Food safety certificate or food handler card not available"
74593,"20130625",103109,"High Risk","Unclean or unsanitary food contact surfaces"
74593,"20130625",103152,"Low Risk","Unclean unmaintained or improperly constructed toilet facilities"
74593,"20130625",103119,"Moderate Risk","Inadequate and inaccessible handwashing facilities"
74593,"20130625",103116,"Moderate Risk","Inadequate food safety knowledge or lack of certified food safety manager"
74593,"20130625",103103,"High Risk","High risk food holding temperature "
74593,"20140219",103154,"Low Risk","Unclean or degraded floors walls or ceilings"
74593,"20140219",103149,"Low Risk","Wiping cloths not clean or properly stored or inadequate sanitizer"
74593,"20140219",103143,"Low Risk","Inadequate warewashing facilities or equipment"
74593,"20140219",103139,"Low Risk","Improper food storage"
74593,"20140219",103138,"Low Risk","Improper storage use or identification of toxic substances"
74593,"20140219",103119,"Moderate Risk","Inadequate and inaccessible handwashing facilities"
74593,"20140219",103116,"Moderate Risk","Inadequate food safety knowledge or lack of certified food safety manager"
74593,"20140219",103102,"High Risk","Unclean hands or improper use of gloves"
74593,"20140219",103156,"Low Risk","Permit license or inspection report not posted"
74594,"20141119",103141,"Low Risk","Improper food labeling or menu misrepresentation"
74594,"20141119",103139,"Low Risk","Improper food storage"
74594,"20131106",103119,"Moderate Risk","Inadequate and inaccessible handwashing facilities"
74594,"20131106",103142,"Low Risk","Unclean nonfood contact surfaces"
74594,"20130528",103154,"Low Risk","Unclean or degraded floors walls or ceilings"
74594,"20130528",103142,"Low Risk","Unclean nonfood contact surfaces"
74595,"20141203",103114,"High Risk","High risk vermin infestation"
74595,"20141203",103149,"Low Risk","Wiping cloths not clean or properly stored or inadequate sanitizer"
74595,"20141203",103145,"Low Risk","Improper storage of equipment utensils or linens"
74595,"20141203",103142,"Low Risk","Unclean nonfood contact surfaces"
74595,"20141203",103138,"Low Risk","Improper storage use or identification of toxic substances"
74595,"20141203",103133,"Moderate Risk","Foods not protected from contamination"
74595,"20141203",103154,"Low Risk","Unclean or degraded floors walls or ceilings"
74595,"20130624",103131,"Moderate Risk","Moderate risk vermin infestation"
74595,"20131205",103149,"Low Risk","Wiping cloths not clean or properly stored or inadequate sanitizer"
74595,"20131205",103119,"Moderate Risk","Inadequate and inaccessible handwashing facilities"
74595,"20131205",103131,"Moderate Risk","Moderate risk vermin infestation"
74595,"20131205",103154,"Low Risk","Unclean or degraded floors walls or ceilings"
74595,"20140612",103102,"High Risk","Unclean hands or improper use of gloves"
74595,"20140612",103114,"High Risk","High risk vermin infestation"
74595,"20140612",103120,"Moderate Risk","Moderate risk food holding temperature "
74595,"20140612",103124,"Moderate Risk","Inadequately cleaned or sanitized food contact surfaces"
74595,"20140612",103142,"Low Risk","Unclean nonfood contact surfaces"
74615,"20140325",103156,"Low Risk","Permit license or inspection report not posted"
74615,"20140325",103119,"Moderate Risk","Inadequate and inaccessible handwashing facilities"
74615,"20140325",103124,"Moderate Risk","Inadequately cleaned or sanitized food contact surfaces"
74626,"20130822",103149,"Low Risk","Wiping cloths not clean or properly stored or inadequate sanitizer"
74626,"20130822",103116,"Moderate Risk","Inadequate food safety knowledge or lack of certified food safety manager"
74626,"20140807",103150,"Low Risk","Improper or defective plumbing"
74626,"20140807",103139,"Low Risk","Improper food storage"
74626,"20140807",103149,"Low Risk","Wiping cloths not clean or properly stored or inadequate sanitizer"
74661,"20141023",103158,"Low Risk","Unpermitted food facility"
74661,"20141023",103149,"Low Risk","Wiping cloths not clean or properly stored or inadequate sanitizer"
74661,"20141023",103157,"Low Risk","Food safety certificate or food handler card not available"
74661,"20141023",103103,"High Risk","High risk food holding temperature "
74671,"20150526",103157,"Low Risk","Food safety certificate or food handler card not available"
74671,"20150526",103144,"Low Risk","Unapproved or unmaintained equipment or utensils"
74671,"20140402",103154,"Low Risk","Unclean or degraded floors walls or ceilings"
74671,"20140402",103149,"Low Risk","Wiping cloths not clean or properly stored or inadequate sanitizer"
74671,"20140402",103144,"Low Risk","Unapproved or unmaintained equipment or utensils"
74671,"20140402",103124,"Moderate Risk","Inadequately cleaned or sanitized food contact surfaces"
74674,"20130710",103119,"Moderate Risk","Inadequate and inaccessible handwashing facilities"
74674,"20130710",103112,"High Risk","No hot water or running water"
74674,"20130710",103149,"Low Risk","Wiping cloths not clean or properly stored or inadequate sanitizer"
74674,"20131202",103149,"Low Risk","Wiping cloths not clean or properly stored or inadequate sanitizer"
74674,"20131202",103119,"Moderate Risk","Inadequate and inaccessible handwashing facilities"
74674,"20140623",103112,"High Risk","No hot water or running water"
74674,"20140623",103119,"Moderate Risk","Inadequate and inaccessible handwashing facilities"
74680,"20141205",103157,"Low Risk","Food safety certificate or food handler card not available"
74680,"20141205",103142,"Low Risk","Unclean nonfood contact surfaces"
74680,"20141205",103131,"Moderate Risk","Moderate risk vermin infestation"
74680,"20141205",103108,"High Risk","Contaminated or adulterated food"
74680,"20141205",103119,"Moderate Risk","Inadequate and inaccessible handwashing facilities"
74680,"20131105",103133,"Moderate Risk","Foods not protected from contamination"
74680,"20131105",103127,"Moderate Risk","Noncompliance with HAACP plan or variance"
74710,"20141105",103152,"Low Risk","Unclean unmaintained or improperly constructed toilet facilities"
74710,"20130613",103129,"Moderate Risk","Insufficient hot water or running water"
74712,"20141119",103116,"Moderate Risk","Inadequate food safety knowledge or lack of certified food safety manager"
74712,"20141119",103124,"Moderate Risk","Inadequately cleaned or sanitized food contact surfaces"
74712,"20141119",103139,"Low Risk","Improper food storage"
74712,"20141119",103141,"Low Risk","Improper food labeling or menu misrepresentation"
74712,"20130916",103139,"Low Risk","Improper food storage"
74712,"20130916",103145,"Low Risk","Improper storage of equipment utensils or linens"
74712,"20130916",103138,"Low Risk","Improper storage use or identification of toxic substances"
74712,"20140331",103145,"Low Risk","Improper storage of equipment utensils or linens"
74712,"20140331",103105,"High Risk","Improper cooling methods"
74712,"20140331",103124,"Moderate Risk","Inadequately cleaned or sanitized food contact surfaces"
74712,"20140331",103148,"Low Risk","No thermometers or uncalibrated thermometers "
74712,"20140331",103133,"Moderate Risk","Foods not protected from contamination"
74722,"20150407",103145,"Low Risk","Improper storage of equipment utensils or linens"
74722,"20150407",103139,"Low Risk","Improper food storage"
74722,"20150407",103156,"Low Risk","Permit license or inspection report not posted"
74722,"20150407",103116,"Moderate Risk","Inadequate food safety knowledge or lack of certified food safety manager"
74722,"20150407",103133,"Moderate Risk","Foods not protected from contamination"
74722,"20150407",103119,"Moderate Risk","Inadequate and inaccessible handwashing facilities"
74722,"20150407",103109,"High Risk","Unclean or unsanitary food contact surfaces"
74722,"20131002",103159,"Low Risk","Worker safety hazards"
74722,"20131002",103162,"Low Risk","Other low risk violation"
74722,"20131002",103154,"Low Risk","Unclean or degraded floors walls or ceilings"
74755,"20130917",103102,"High Risk","Unclean hands or improper use of gloves"
74756,"20140820",103145,"Low Risk","Improper storage of equipment utensils or linens"
74756,"20140207",103120,"Moderate Risk","Moderate risk food holding temperature "
74756,"20140207",103145,"Low Risk","Improper storage of equipment utensils or linens"
74759,"20130516",103150,"Low Risk","Improper or defective plumbing"
74759,"20130516",103133,"Moderate Risk","Foods not protected from contamination"
74759,"20130516",103129,"Moderate Risk","Insufficient hot water or running water"
74759,"20130516",103124,"Moderate Risk","Inadequately cleaned or sanitized food contact surfaces"
74759,"20130516",103105,"High Risk","Improper cooling methods"
74759,"20130516",103103,"High Risk","High risk food holding temperature "
74759,"20130516",103102,"High Risk","Unclean hands or improper use of gloves"
74759,"20131113",103145,"Low Risk","Improper storage of equipment utensils or linens"
74759,"20131113",103153,"Low Risk","Inadequate dressing rooms or improper storage of personal items"
74759,"20140612",103116,"Moderate Risk","Inadequate food safety knowledge or lack of certified food safety manager"
74760,"20140914",103133,"Moderate Risk","Foods not protected from contamination"
74760,"20130824",103124,"Moderate Risk","Inadequately cleaned or sanitized food contact surfaces"
74760,"20130824",103144,"Low Risk","Unapproved or unmaintained equipment or utensils"
74763,"20141016",103145,"Low Risk","Improper storage of equipment utensils or linens"
74763,"20141016",103149,"Low Risk","Wiping cloths not clean or properly stored or inadequate sanitizer"
74763,"20141016",103120,"Moderate Risk","Moderate risk food holding temperature "
74763,"20141016",103156,"Low Risk","Permit license or inspection report not posted"
74763,"20141016",103103,"High Risk","High risk food holding temperature "
74763,"20141016",103139,"Low Risk","Improper food storage"
74763,"20140318",103149,"Low Risk","Wiping cloths not clean or properly stored or inadequate sanitizer"
74763,"20140318",103154,"Low Risk","Unclean or degraded floors walls or ceilings"
74763,"20140318",103147,"Low Risk","Inadequate ventilation or lighting"
74763,"20140318",103133,"Moderate Risk","Foods not protected from contamination"
74794,"20150512",103154,"Low Risk","Unclean or degraded floors walls or ceilings"
74794,"20150512",103144,"Low Risk","Unapproved or unmaintained equipment or utensils"
74794,"20140129",103149,"Low Risk","Wiping cloths not clean or properly stored or inadequate sanitizer"
74794,"20140129",103103,"High Risk","High risk food holding temperature "
74794,"20140212",103107,"High Risk","Improper reheating of food"
74794,"20140212",103133,"Moderate Risk","Foods not protected from contamination"
74794,"20140212",103102,"High Risk","Unclean hands or improper use of gloves"
74794,"20140212",103144,"Low Risk","Unapproved or unmaintained equipment or utensils"
74800,"20140905",103148,"Low Risk","No thermometers or uncalibrated thermometers "
74800,"20140905",103103,"High Risk","High risk food holding temperature "
74800,"20140905",103105,"High Risk","Improper cooling methods"
74826,"20130917",103144,"Low Risk","Unapproved or unmaintained equipment or utensils"
74826,"20130917",103154,"Low Risk","Unclean or degraded floors walls or ceilings"
74826,"20140610",103144,"Low Risk","Unapproved or unmaintained equipment or utensils"
74826,"20140610",103139,"Low Risk","Improper food storage"
74826,"20140610",103118,"Moderate Risk","Employee eating or smoking"
74826,"20140610",103131,"Moderate Risk","Moderate risk vermin infestation"
74829,"20130723",103144,"Low Risk","Unapproved or unmaintained equipment or utensils"
74829,"20130723",103107,"High Risk","Improper reheating of food"
74829,"20140521",103124,"Moderate Risk","Inadequately cleaned or sanitized food contact surfaces"
74854,"20140107",103149,"Low Risk","Wiping cloths not clean or properly stored or inadequate sanitizer"
74866,"20141202",103120,"Moderate Risk","Moderate risk food holding temperature "
74866,"20141202",103139,"Low Risk","Improper food storage"
74866,"20141202",103119,"Moderate Risk","Inadequate and inaccessible handwashing facilities"
74866,"20141202",103157,"Low Risk","Food safety certificate or food handler card not available"
74866,"20141202",103156,"Low Risk","Permit license or inspection report not posted"
74866,"20141202",103154,"Low Risk","Unclean or degraded floors walls or ceilings"
74866,"20141202",103114,"High Risk","High risk vermin infestation"
74866,"20150112",103131,"Moderate Risk","Moderate risk vermin infestation"
74866,"20150324",103114,"High Risk","High risk vermin infestation"
74866,"20150324",103124,"Moderate Risk","Inadequately cleaned or sanitized food contact surfaces"
74866,"20150324",103149,"Low Risk","Wiping cloths not clean or properly stored or inadequate sanitizer"
74866,"20150324",103156,"Low Risk","Permit license or inspection report not posted"
74866,"20150324",103129,"Moderate Risk","Insufficient hot water or running water"
74866,"20130925",103133,"Moderate Risk","Foods not protected from contamination"
74866,"20130925",103149,"Low Risk","Wiping cloths not clean or properly stored or inadequate sanitizer"
74866,"20130925",103142,"Low Risk","Unclean nonfood contact surfaces"
74869,"20141118",103156,"Low Risk","Permit license or inspection report not posted"
74869,"20141118",103147,"Low Risk","Inadequate ventilation or lighting"
74869,"20141118",103142,"Low Risk","Unclean nonfood contact surfaces"
74869,"20141118",103154,"Low Risk","Unclean or degraded floors walls or ceilings"
74869,"20141118",103131,"Moderate Risk","Moderate risk vermin infestation"
74869,"20141118",103120,"Moderate Risk","Moderate risk food holding temperature "
74869,"20141118",103133,"Moderate Risk","Foods not protected from contamination"
74869,"20140116",103116,"Moderate Risk","Inadequate food safety knowledge or lack of certified food safety manager"
74869,"20140116",103102,"High Risk","Unclean hands or improper use of gloves"
74869,"20140116",103147,"Low Risk","Inadequate ventilation or lighting"
74922,"20141121",103147,"Low Risk","Inadequate ventilation or lighting"
74922,"20141121",103149,"Low Risk","Wiping cloths not clean or properly stored or inadequate sanitizer"
74922,"20141121",103142,"Low Risk","Unclean nonfood contact surfaces"
74922,"20141121",103133,"Moderate Risk","Foods not protected from contamination"
74922,"20141121",103154,"Low Risk","Unclean or degraded floors walls or ceilings"
74922,"20141121",103131,"Moderate Risk","Moderate risk vermin infestation"
74922,"20131105",103154,"Low Risk","Unclean or degraded floors walls or ceilings"
74922,"20131105",103153,"Low Risk","Inadequate dressing rooms or improper storage of personal items"
74922,"20131105",103138,"Low Risk","Improper storage use or identification of toxic substances"
74922,"20131105",103139,"Low Risk","Improper food storage"
74922,"20131105",103142,"Low Risk","Unclean nonfood contact surfaces"
74922,"20131105",103119,"Moderate Risk","Inadequate and inaccessible handwashing facilities"
74922,"20131105",103145,"Low Risk","Improper storage of equipment utensils or linens"
74922,"20131105",103133,"Moderate Risk","Foods not protected from contamination"
74922,"20131105",103129,"Moderate Risk","Insufficient hot water or running water"
74922,"20131105",103124,"Moderate Risk","Inadequately cleaned or sanitized food contact surfaces"
74952,"20150601",103142,"Low Risk","Unclean nonfood contact surfaces"
74952,"20150601",103154,"Low Risk","Unclean or degraded floors walls or ceilings"
74952,"20150601",103159,"Low Risk","Worker safety hazards"
74952,"20130724",103105,"High Risk","Improper cooling methods"
74952,"20130724",103139,"Low Risk","Improper food storage"
74952,"20130724",103119,"Moderate Risk","Inadequate and inaccessible handwashing facilities"
74952,"20130724",103107,"High Risk","Improper reheating of food"
74952,"20140318",103119,"Moderate Risk","Inadequate and inaccessible handwashing facilities"
74952,"20140318",103132,"Moderate Risk","Improper thawing methods "
74952,"20140318",103107,"High Risk","Improper reheating of food"
74952,"20140318",103156,"Low Risk","Permit license or inspection report not posted"
74956,"20140904",103162,"Low Risk","Other low risk violation"
74956,"20140904",103124,"Moderate Risk","Inadequately cleaned or sanitized food contact surfaces"
74956,"20150317",103116,"Moderate Risk","Inadequate food safety knowledge or lack of certified food safety manager"
74956,"20150317",103102,"High Risk","Unclean hands or improper use of gloves"
74956,"20150317",103103,"High Risk","High risk food holding temperature "
74956,"20150317",103154,"Low Risk","Unclean or degraded floors walls or ceilings"
74959,"20141106",103142,"Low Risk","Unclean nonfood contact surfaces"
74959,"20141106",103150,"Low Risk","Improper or defective plumbing"
74959,"20130709",103124,"Moderate Risk","Inadequately cleaned or sanitized food contact surfaces"
74959,"20130709",103154,"Low Risk","Unclean or degraded floors walls or ceilings"
74959,"20140204",103158,"Low Risk","Unpermitted food facility"
74959,"20140204",103154,"Low Risk","Unclean or degraded floors walls or ceilings"
74959,"20140204",103124,"Moderate Risk","Inadequately cleaned or sanitized food contact surfaces"
74959,"20140204",103139,"Low Risk","Improper food storage"
74959,"20140204",103142,"Low Risk","Unclean nonfood contact surfaces"
74968,"20150107",103105,"High Risk","Improper cooling methods"
74968,"20150107",103150,"Low Risk","Improper or defective plumbing"
74968,"20150107",103142,"Low Risk","Unclean nonfood contact surfaces"
74968,"20150107",103124,"Moderate Risk","Inadequately cleaned or sanitized food contact surfaces"
74968,"20150107",103154,"Low Risk","Unclean or degraded floors walls or ceilings"
74968,"20150107",103120,"Moderate Risk","Moderate risk food holding temperature "
74968,"20150107",103118,"Moderate Risk","Employee eating or smoking"
74968,"20131017",103153,"Low Risk","Inadequate dressing rooms or improper storage of personal items"
74971,"20130918",103149,"Low Risk","Wiping cloths not clean or properly stored or inadequate sanitizer"
74973,"20150402",103139,"Low Risk","Improper food storage"
74973,"20150402",103143,"Low Risk","Inadequate warewashing facilities or equipment"
74973,"20150402",103154,"Low Risk","Unclean or degraded floors walls or ceilings"
74973,"20150402",103131,"Moderate Risk","Moderate risk vermin infestation"
74973,"20150402",103147,"Low Risk","Inadequate ventilation or lighting"
74973,"20140107",103144,"Low Risk","Unapproved or unmaintained equipment or utensils"
74973,"20140107",103154,"Low Risk","Unclean or degraded floors walls or ceilings"
74981,"20150330",103116,"Moderate Risk","Inadequate food safety knowledge or lack of certified food safety manager"
74981,"20150330",103124,"Moderate Risk","Inadequately cleaned or sanitized food contact surfaces"
74981,"20150330",103133,"Moderate Risk","Foods not protected from contamination"
74981,"20150330",103139,"Low Risk","Improper food storage"
74981,"20150330",103114,"High Risk","High risk vermin infestation"
74981,"20150330",103144,"Low Risk","Unapproved or unmaintained equipment or utensils"
74981,"20150330",103103,"High Risk","High risk food holding temperature "
74981,"20130715",103124,"Moderate Risk","Inadequately cleaned or sanitized food contact surfaces"
74981,"20130715",103119,"Moderate Risk","Inadequate and inaccessible handwashing facilities"
74981,"20130715",103103,"High Risk","High risk food holding temperature "
74981,"20140203",103119,"Moderate Risk","Inadequate and inaccessible handwashing facilities"
74981,"20140203",103144,"Low Risk","Unapproved or unmaintained equipment or utensils"
74981,"20140203",103124,"Moderate Risk","Inadequately cleaned or sanitized food contact surfaces"
74981,"20140203",103142,"Low Risk","Unclean nonfood contact surfaces"
74981,"20140701",103145,"Low Risk","Improper storage of equipment utensils or linens"
74981,"20140701",103142,"Low Risk","Unclean nonfood contact surfaces"
74981,"20140701",103103,"High Risk","High risk food holding temperature "
74981,"20140701",103109,"High Risk","Unclean or unsanitary food contact surfaces"
74983,"20130730",103162,"Low Risk","Other low risk violation"
74983,"20130730",103119,"Moderate Risk","Inadequate and inaccessible handwashing facilities"
74983,"20140203",103120,"Moderate Risk","Moderate risk food holding temperature "
74983,"20140203",103153,"Low Risk","Inadequate dressing rooms or improper storage of personal items"
74983,"20140820",103161,"Low Risk","Low risk vermin infestation"
74987,"20130701",103119,"Moderate Risk","Inadequate and inaccessible handwashing facilities"
74987,"20130701",103124,"Moderate Risk","Inadequately cleaned or sanitized food contact surfaces"
74987,"20130701",103162,"Low Risk","Other low risk violation"
74987,"20140212",103154,"Low Risk","Unclean or degraded floors walls or ceilings"
74987,"20140212",103144,"Low Risk","Unapproved or unmaintained equipment or utensils"
74987,"20140609",103119,"Moderate Risk","Inadequate and inaccessible handwashing facilities"
74987,"20140609",103133,"Moderate Risk","Foods not protected from contamination"
74989,"20130911",103120,"Moderate Risk","Moderate risk food holding temperature "
74989,"20130911",103139,"Low Risk","Improper food storage"
74989,"20140709",103120,"Moderate Risk","Moderate risk food holding temperature "
74993,"20130814",103124,"Moderate Risk","Inadequately cleaned or sanitized food contact surfaces"
74993,"20130814",103154,"Low Risk","Unclean or degraded floors walls or ceilings"
74993,"20140310",103145,"Low Risk","Improper storage of equipment utensils or linens"
74993,"20140310",103149,"Low Risk","Wiping cloths not clean or properly stored or inadequate sanitizer"
74993,"20140310",103119,"Moderate Risk","Inadequate and inaccessible handwashing facilities"
74993,"20140310",103132,"Moderate Risk","Improper thawing methods "
74994,"20141203",103154,"Low Risk","Unclean or degraded floors walls or ceilings"
74994,"20141203",103144,"Low Risk","Unapproved or unmaintained equipment or utensils"
74994,"20141203",103133,"Moderate Risk","Foods not protected from contamination"
74994,"20141203",103103,"High Risk","High risk food holding temperature "
74994,"20141203",103114,"High Risk","High risk vermin infestation"
74994,"20130624",103149,"Low Risk","Wiping cloths not clean or properly stored or inadequate sanitizer"
74994,"20131204",103154,"Low Risk","Unclean or degraded floors walls or ceilings"
74994,"20131204",103114,"High Risk","High risk vermin infestation"
74994,"20131204",103149,"Low Risk","Wiping cloths not clean or properly stored or inadequate sanitizer"
74994,"20140612",103114,"High Risk","High risk vermin infestation"
74994,"20140612",103144,"Low Risk","Unapproved or unmaintained equipment or utensils"
74994,"20140612",103149,"Low Risk","Wiping cloths not clean or properly stored or inadequate sanitizer"
74994,"20140612",103154,"Low Risk","Unclean or degraded floors walls or ceilings"
74994,"20140612",103142,"Low Risk","Unclean nonfood contact surfaces"
74995,"20140916",103120,"Moderate Risk","Moderate risk food holding temperature "
74995,"20140916",103119,"Moderate Risk","Inadequate and inaccessible handwashing facilities"
74999,"20150113",103154,"Low Risk","Unclean or degraded floors walls or ceilings"
74999,"20150113",103144,"Low Risk","Unapproved or unmaintained equipment or utensils"
74999,"20130806",103139,"Low Risk","Improper food storage"
74999,"20140305",103105,"High Risk","Improper cooling methods"
75017,"20141001",103119,"Moderate Risk","Inadequate and inaccessible handwashing facilities"
75017,"20141001",103124,"Moderate Risk","Inadequately cleaned or sanitized food contact surfaces"
75017,"20141001",103103,"High Risk","High risk food holding temperature "
75017,"20131017",103131,"Moderate Risk","Moderate risk vermin infestation"
75017,"20131017",103124,"Moderate Risk","Inadequately cleaned or sanitized food contact surfaces"
75017,"20131017",103133,"Moderate Risk","Foods not protected from contamination"
75029,"20141024",103154,"Low Risk","Unclean or degraded floors walls or ceilings"
75029,"20141024",103109,"High Risk","Unclean or unsanitary food contact surfaces"
75029,"20130823",103120,"Moderate Risk","Moderate risk food holding temperature "
75029,"20140424",103142,"Low Risk","Unclean nonfood contact surfaces"
75029,"20140424",103124,"Moderate Risk","Inadequately cleaned or sanitized food contact surfaces"
75036,"20140401",103131,"Moderate Risk","Moderate risk vermin infestation"
75044,"20141208",103153,"Low Risk","Inadequate dressing rooms or improper storage of personal items"
75044,"20141208",103119,"Moderate Risk","Inadequate and inaccessible handwashing facilities"
75044,"20141208",103109,"High Risk","Unclean or unsanitary food contact surfaces"
75044,"20131115",103149,"Low Risk","Wiping cloths not clean or properly stored or inadequate sanitizer"
75046,"20141104",103162,"Low Risk","Other low risk violation"
75046,"20141104",103156,"Low Risk","Permit license or inspection report not posted"
75046,"20141104",103157,"Low Risk","Food safety certificate or food handler card not available"
75046,"20131122",103145,"Low Risk","Improper storage of equipment utensils or linens"
75063,"20150223",103120,"Moderate Risk","Moderate risk food holding temperature "
75063,"20150223",103157,"Low Risk","Food safety certificate or food handler card not available"
75063,"20150223",103154,"Low Risk","Unclean or degraded floors walls or ceilings"
75063,"20140219",103154,"Low Risk","Unclean or degraded floors walls or ceilings"
75063,"20140724",103120,"Moderate Risk","Moderate risk food holding temperature "
75063,"20140724",103144,"Low Risk","Unapproved or unmaintained equipment or utensils"
75063,"20140724",103149,"Low Risk","Wiping cloths not clean or properly stored or inadequate sanitizer"
75078,"20150501",103156,"Low Risk","Permit license or inspection report not posted"
75078,"20130911",103162,"Low Risk","Other low risk violation"
75078,"20130911",103148,"Low Risk","No thermometers or uncalibrated thermometers "
75078,"20130911",103119,"Moderate Risk","Inadequate and inaccessible handwashing facilities"
75100,"20150116",103144,"Low Risk","Unapproved or unmaintained equipment or utensils"
75100,"20140408",103157,"Low Risk","Food safety certificate or food handler card not available"
75103,"20141028",103133,"Moderate Risk","Foods not protected from contamination"
75103,"20141028",103109,"High Risk","Unclean or unsanitary food contact surfaces"
75103,"20141028",103114,"High Risk","High risk vermin infestation"
75103,"20141028",103119,"Moderate Risk","Inadequate and inaccessible handwashing facilities"
75103,"20141028",103144,"Low Risk","Unapproved or unmaintained equipment or utensils"
75103,"20141028",103154,"Low Risk","Unclean or degraded floors walls or ceilings"
75103,"20141028",103156,"Low Risk","Permit license or inspection report not posted"
75103,"20141028",103118,"Moderate Risk","Employee eating or smoking"
75103,"20141028",103116,"Moderate Risk","Inadequate food safety knowledge or lack of certified food safety manager"
75103,"20130624",103153,"Low Risk","Inadequate dressing rooms or improper storage of personal items"
75103,"20130624",103154,"Low Risk","Unclean or degraded floors walls or ceilings"
75103,"20130726",103139,"Low Risk","Improper food storage"
75103,"20130624",103144,"Low Risk","Unapproved or unmaintained equipment or utensils"
75103,"20130624",103150,"Low Risk","Improper or defective plumbing"
75103,"20130624",103139,"Low Risk","Improper food storage"
75103,"20130624",103138,"Low Risk","Improper storage use or identification of toxic substances"
75103,"20130624",103131,"Moderate Risk","Moderate risk vermin infestation"
75103,"20130624",103119,"Moderate Risk","Inadequate and inaccessible handwashing facilities"
75103,"20130726",103150,"Low Risk","Improper or defective plumbing"
75103,"20130726",103124,"Moderate Risk","Inadequately cleaned or sanitized food contact surfaces"
75103,"20130726",103131,"Moderate Risk","Moderate risk vermin infestation"
75103,"20130726",103138,"Low Risk","Improper storage use or identification of toxic substances"
75103,"20131115",103116,"Moderate Risk","Inadequate food safety knowledge or lack of certified food safety manager"
75103,"20131115",103144,"Low Risk","Unapproved or unmaintained equipment or utensils"
75103,"20131115",103119,"Moderate Risk","Inadequate and inaccessible handwashing facilities"
75107,"20140514",103103,"High Risk","High risk food holding temperature "
75107,"20140514",103144,"Low Risk","Unapproved or unmaintained equipment or utensils"
75107,"20140514",103148,"Low Risk","No thermometers or uncalibrated thermometers "
75108,"20150318",103120,"Moderate Risk","Moderate risk food holding temperature "
75108,"20150318",103130,"Moderate Risk","Inadequate sewage or wastewater disposal"
75108,"20150318",103149,"Low Risk","Wiping cloths not clean or properly stored or inadequate sanitizer"
75113,"20141002",103124,"Moderate Risk","Inadequately cleaned or sanitized food contact surfaces"
75123,"20130918",103149,"Low Risk","Wiping cloths not clean or properly stored or inadequate sanitizer"
75123,"20130918",103120,"Moderate Risk","Moderate risk food holding temperature "
75123,"20130918",103139,"Low Risk","Improper food storage"
75123,"20130918",103142,"Low Risk","Unclean nonfood contact surfaces"
75123,"20140327",103124,"Moderate Risk","Inadequately cleaned or sanitized food contact surfaces"
75123,"20140327",103144,"Low Risk","Unapproved or unmaintained equipment or utensils"
75123,"20140327",103133,"Moderate Risk","Foods not protected from contamination"
75123,"20140327",103116,"Moderate Risk","Inadequate food safety knowledge or lack of certified food safety manager"
75123,"20140327",103114,"High Risk","High risk vermin infestation"
75123,"20140327",103150,"Low Risk","Improper or defective plumbing"
75123,"20140327",103142,"Low Risk","Unclean nonfood contact surfaces"
75123,"20140728",103120,"Moderate Risk","Moderate risk food holding temperature "
75123,"20140728",103144,"Low Risk","Unapproved or unmaintained equipment or utensils"
75123,"20140728",103107,"High Risk","Improper reheating of food"
75139,"20150204",103139,"Low Risk","Improper food storage"
75139,"20150204",103132,"Moderate Risk","Improper thawing methods "
75139,"20150204",103124,"Moderate Risk","Inadequately cleaned or sanitized food contact surfaces"
75139,"20150204",103120,"Moderate Risk","Moderate risk food holding temperature "
75139,"20150204",103154,"Low Risk","Unclean or degraded floors walls or ceilings"
75139,"20150204",103133,"Moderate Risk","Foods not protected from contamination"
75139,"20150204",103157,"Low Risk","Food safety certificate or food handler card not available"
75139,"20150204",103144,"Low Risk","Unapproved or unmaintained equipment or utensils"
75139,"20130711",103133,"Moderate Risk","Foods not protected from contamination"
75139,"20130711",103109,"High Risk","Unclean or unsanitary food contact surfaces"
75139,"20130711",103102,"High Risk","Unclean hands or improper use of gloves"
75139,"20130711",103144,"Low Risk","Unapproved or unmaintained equipment or utensils"
75139,"20140124",103133,"Moderate Risk","Foods not protected from contamination"
75139,"20140124",103124,"Moderate Risk","Inadequately cleaned or sanitized food contact surfaces"
75139,"20140124",103132,"Moderate Risk","Improper thawing methods "
75139,"20140124",103139,"Low Risk","Improper food storage"
75139,"20140124",103119,"Moderate Risk","Inadequate and inaccessible handwashing facilities"
75139,"20140709",103161,"Low Risk","Low risk vermin infestation"
75139,"20140709",103144,"Low Risk","Unapproved or unmaintained equipment or utensils"
75139,"20140709",103142,"Low Risk","Unclean nonfood contact surfaces"
75139,"20140709",103133,"Moderate Risk","Foods not protected from contamination"
75139,"20140709",103102,"High Risk","Unclean hands or improper use of gloves"
75139,"20140709",103109,"High Risk","Unclean or unsanitary food contact surfaces"
75139,"20140709",103138,"Low Risk","Improper storage use or identification of toxic substances"
75139,"20140709",103120,"Moderate Risk","Moderate risk food holding temperature "
75139,"20140709",103132,"Moderate Risk","Improper thawing methods "
75147,"20150309",103114,"High Risk","High risk vermin infestation"
75147,"20150309",103109,"High Risk","Unclean or unsanitary food contact surfaces"
75147,"20150309",103149,"Low Risk","Wiping cloths not clean or properly stored or inadequate sanitizer"
75147,"20150309",103119,"Moderate Risk","Inadequate and inaccessible handwashing facilities"
75147,"20150309",103154,"Low Risk","Unclean or degraded floors walls or ceilings"
75147,"20150309",103142,"Low Risk","Unclean nonfood contact surfaces"
75166,"20141104",103124,"Moderate Risk","Inadequately cleaned or sanitized food contact surfaces"
75166,"20130723",103124,"Moderate Risk","Inadequately cleaned or sanitized food contact surfaces"
75166,"20140328",103149,"Low Risk","Wiping cloths not clean or properly stored or inadequate sanitizer"
75166,"20140328",103104,"High Risk","Unauthorized or unsafe use of time as a public health control measure"
75173,"20150410",103154,"Low Risk","Unclean or degraded floors walls or ceilings"
75173,"20130829",103120,"Moderate Risk","Moderate risk food holding temperature "
75173,"20130829",103145,"Low Risk","Improper storage of equipment utensils or linens"
75173,"20140516",103116,"Moderate Risk","Inadequate food safety knowledge or lack of certified food safety manager"
75173,"20140516",103109,"High Risk","Unclean or unsanitary food contact surfaces"
75177,"20141001",103124,"Moderate Risk","Inadequately cleaned or sanitized food contact surfaces"
75177,"20141001",103103,"High Risk","High risk food holding temperature "
75177,"20141001",103154,"Low Risk","Unclean or degraded floors walls or ceilings"
75177,"20141001",103114,"High Risk","High risk vermin infestation"
75177,"20141001",103108,"High Risk","Contaminated or adulterated food"
75177,"20150512",103120,"Moderate Risk","Moderate risk food holding temperature "
75177,"20150512",103139,"Low Risk","Improper food storage"
75177,"20150512",103124,"Moderate Risk","Inadequately cleaned or sanitized food contact surfaces"
75177,"20150512",103105,"High Risk","Improper cooling methods"
75177,"20130716",103149,"Low Risk","Wiping cloths not clean or properly stored or inadequate sanitizer"
75177,"20130716",103154,"Low Risk","Unclean or degraded floors walls or ceilings"
75177,"20140225",103154,"Low Risk","Unclean or degraded floors walls or ceilings"
75177,"20140225",103102,"High Risk","Unclean hands or improper use of gloves"
75177,"20140225",103149,"Low Risk","Wiping cloths not clean or properly stored or inadequate sanitizer"
75187,"20130911",103106,"High Risk","Improper cooking time or temperatures"
75187,"20130911",103102,"High Risk","Unclean hands or improper use of gloves"
75187,"20130911",103103,"High Risk","High risk food holding temperature "
75187,"20130801",103125,"Moderate Risk","Noncompliance with shell fish tags or display"
75187,"20130911",103105,"High Risk","Improper cooling methods"
75187,"20130801",103133,"Moderate Risk","Foods not protected from contamination"
75187,"20130911",103109,"High Risk","Unclean or unsanitary food contact surfaces"
75187,"20130911",103128,"Moderate Risk","Consumer advisory not provided for raw or undercooked foods"
75187,"20130912",103144,"Low Risk","Unapproved or unmaintained equipment or utensils"
75187,"20130801",103120,"Moderate Risk","Moderate risk food holding temperature "
75187,"20140506",103103,"High Risk","High risk food holding temperature "
75187,"20140506",103145,"Low Risk","Improper storage of equipment utensils or linens"
75187,"20140506",103109,"High Risk","Unclean or unsanitary food contact surfaces"
75187,"20140506",103119,"Moderate Risk","Inadequate and inaccessible handwashing facilities"
75204,"20130725",103120,"Moderate Risk","Moderate risk food holding temperature "
75204,"20131217",103157,"Low Risk","Food safety certificate or food handler card not available"
75204,"20131217",103107,"High Risk","Improper reheating of food"
75204,"20140611",103157,"Low Risk","Food safety certificate or food handler card not available"
75204,"20140611",103103,"High Risk","High risk food holding temperature "
75204,"20140611",103154,"Low Risk","Unclean or degraded floors walls or ceilings"
75204,"20140611",103149,"Low Risk","Wiping cloths not clean or properly stored or inadequate sanitizer"
75217,"20131002",103145,"Low Risk","Improper storage of equipment utensils or linens"
75217,"20131002",103120,"Moderate Risk","Moderate risk food holding temperature "
75217,"20131002",103139,"Low Risk","Improper food storage"
75217,"20140605",103147,"Low Risk","Inadequate ventilation or lighting"
75217,"20140605",103144,"Low Risk","Unapproved or unmaintained equipment or utensils"
75217,"20140605",103120,"Moderate Risk","Moderate risk food holding temperature "
75217,"20140605",103145,"Low Risk","Improper storage of equipment utensils or linens"
75222,"20150306",103132,"Moderate Risk","Improper thawing methods "
75222,"20150306",103105,"High Risk","Improper cooling methods"
75222,"20130905",103119,"Moderate Risk","Inadequate and inaccessible handwashing facilities"
75222,"20130905",103123,"Moderate Risk","Food in poor condition"
75222,"20140423",103120,"Moderate Risk","Moderate risk food holding temperature "
75222,"20140423",103145,"Low Risk","Improper storage of equipment utensils or linens"
75222,"20140423",103119,"Moderate Risk","Inadequate and inaccessible handwashing facilities"
75223,"20140317",103144,"Low Risk","Unapproved or unmaintained equipment or utensils"
75223,"20140317",103120,"Moderate Risk","Moderate risk food holding temperature "
75223,"20140317",103116,"Moderate Risk","Inadequate food safety knowledge or lack of certified food safety manager"
75223,"20140617",103149,"Low Risk","Wiping cloths not clean or properly stored or inadequate sanitizer"
75223,"20140617",103144,"Low Risk","Unapproved or unmaintained equipment or utensils"
75229,"20140828",103102,"High Risk","Unclean hands or improper use of gloves"
75229,"20140828",103139,"Low Risk","Improper food storage"
75229,"20140828",103144,"Low Risk","Unapproved or unmaintained equipment or utensils"
75229,"20140828",103149,"Low Risk","Wiping cloths not clean or properly stored or inadequate sanitizer"
75229,"20140828",103145,"Low Risk","Improper storage of equipment utensils or linens"
75229,"20150325",103132,"Moderate Risk","Improper thawing methods "
75229,"20150325",103162,"Low Risk","Other low risk violation"
75229,"20150325",103149,"Low Risk","Wiping cloths not clean or properly stored or inadequate sanitizer"
75229,"20150325",103119,"Moderate Risk","Inadequate and inaccessible handwashing facilities"
75229,"20150325",103147,"Low Risk","Inadequate ventilation or lighting"
75229,"20150325",103133,"Moderate Risk","Foods not protected from contamination"
75229,"20150325",103138,"Low Risk","Improper storage use or identification of toxic substances"
75229,"20150325",103142,"Low Risk","Unclean nonfood contact surfaces"
75229,"20130723",103149,"Low Risk","Wiping cloths not clean or properly stored or inadequate sanitizer"
75229,"20130723",103139,"Low Risk","Improper food storage"
75229,"20130723",103162,"Low Risk","Other low risk violation"
75229,"20130723",103161,"Low Risk","Low risk vermin infestation"
75229,"20130723",103150,"Low Risk","Improper or defective plumbing"
75229,"20140226",103161,"Low Risk","Low risk vermin infestation"
75229,"20140226",103124,"Moderate Risk","Inadequately cleaned or sanitized food contact surfaces"
75229,"20140226",103139,"Low Risk","Improper food storage"
75229,"20140226",103145,"Low Risk","Improper storage of equipment utensils or linens"
75229,"20140226",103157,"Low Risk","Food safety certificate or food handler card not available"
75229,"20140226",103154,"Low Risk","Unclean or degraded floors walls or ceilings"
75229,"20140226",103119,"Moderate Risk","Inadequate and inaccessible handwashing facilities"
75230,"20141008",103107,"High Risk","Improper reheating of food"
75230,"20141008",103120,"Moderate Risk","Moderate risk food holding temperature "
75230,"20130710",103129,"Moderate Risk","Insufficient hot water or running water"
75230,"20130710",103119,"Moderate Risk","Inadequate and inaccessible handwashing facilities"
75230,"20130710",103109,"High Risk","Unclean or unsanitary food contact surfaces"
75230,"20130710",103131,"Moderate Risk","Moderate risk vermin infestation"
75230,"20130710",103105,"High Risk","Improper cooling methods"
75230,"20130726",103120,"Moderate Risk","Moderate risk food holding temperature "
75230,"20130726",103102,"High Risk","Unclean hands or improper use of gloves"
75230,"20131204",103144,"Low Risk","Unapproved or unmaintained equipment or utensils"
75230,"20131204",103116,"Moderate Risk","Inadequate food safety knowledge or lack of certified food safety manager"
75230,"20131204",103124,"Moderate Risk","Inadequately cleaned or sanitized food contact surfaces"
75230,"20131204",103105,"High Risk","Improper cooling methods"
75230,"20131204",103161,"Low Risk","Low risk vermin infestation"
75230,"20140701",103108,"High Risk","Contaminated or adulterated food"
75230,"20140701",103109,"High Risk","Unclean or unsanitary food contact surfaces"
75230,"20140701",103116,"Moderate Risk","Inadequate food safety knowledge or lack of certified food safety manager"
75230,"20140701",103102,"High Risk","Unclean hands or improper use of gloves"
75230,"20140701",103131,"Moderate Risk","Moderate risk vermin infestation"
75230,"20140701",103129,"Moderate Risk","Insufficient hot water or running water"
75230,"20140701",103120,"Moderate Risk","Moderate risk food holding temperature "
75235,"20150424",103133,"Moderate Risk","Foods not protected from contamination"
75235,"20150424",103154,"Low Risk","Unclean or degraded floors walls or ceilings"
75235,"20131010",103144,"Low Risk","Unapproved or unmaintained equipment or utensils"
75235,"20131010",103119,"Moderate Risk","Inadequate and inaccessible handwashing facilities"
75235,"20131010",103142,"Low Risk","Unclean nonfood contact surfaces"
75235,"20140424",103133,"Moderate Risk","Foods not protected from contamination"
75235,"20140424",103124,"Moderate Risk","Inadequately cleaned or sanitized food contact surfaces"
75235,"20140424",103142,"Low Risk","Unclean nonfood contact surfaces"
75258,"20131022",103124,"Moderate Risk","Inadequately cleaned or sanitized food contact surfaces"
75258,"20140801",103139,"Low Risk","Improper food storage"
75258,"20140801",103150,"Low Risk","Improper or defective plumbing"
75258,"20140801",103119,"Moderate Risk","Inadequate and inaccessible handwashing facilities"
75258,"20140801",103120,"Moderate Risk","Moderate risk food holding temperature "
75259,"20131022",103133,"Moderate Risk","Foods not protected from contamination"
75259,"20140801",103139,"Low Risk","Improper food storage"
75259,"20140801",103150,"Low Risk","Improper or defective plumbing"
75259,"20140801",103154,"Low Risk","Unclean or degraded floors walls or ceilings"
75268,"20131106",103129,"Moderate Risk","Insufficient hot water or running water"
75268,"20131106",103143,"Low Risk","Inadequate warewashing facilities or equipment"
75268,"20140603",103120,"Moderate Risk","Moderate risk food holding temperature "
75274,"20140327",103102,"High Risk","Unclean hands or improper use of gloves"
75274,"20140327",103112,"High Risk","No hot water or running water"
75274,"20140327",103124,"Moderate Risk","Inadequately cleaned or sanitized food contact surfaces"
75274,"20140327",103149,"Low Risk","Wiping cloths not clean or properly stored or inadequate sanitizer"
75277,"20130716",103124,"Moderate Risk","Inadequately cleaned or sanitized food contact surfaces"
75277,"20130716",103120,"Moderate Risk","Moderate risk food holding temperature "
75277,"20140602",103124,"Moderate Risk","Inadequately cleaned or sanitized food contact surfaces"
75277,"20140602",103120,"Moderate Risk","Moderate risk food holding temperature "
75277,"20140602",103119,"Moderate Risk","Inadequate and inaccessible handwashing facilities"
75277,"20140602",103102,"High Risk","Unclean hands or improper use of gloves"
75280,"20141009",103124,"Moderate Risk","Inadequately cleaned or sanitized food contact surfaces"
75280,"20130813",103124,"Moderate Risk","Inadequately cleaned or sanitized food contact surfaces"
75280,"20130813",103139,"Low Risk","Improper food storage"
75280,"20130813",103153,"Low Risk","Inadequate dressing rooms or improper storage of personal items"
75280,"20140313",103119,"Moderate Risk","Inadequate and inaccessible handwashing facilities"
75280,"20140313",103124,"Moderate Risk","Inadequately cleaned or sanitized food contact surfaces"
75297,"20150304",103102,"High Risk","Unclean hands or improper use of gloves"
75297,"20150304",103144,"Low Risk","Unapproved or unmaintained equipment or utensils"
75297,"20150304",103120,"Moderate Risk","Moderate risk food holding temperature "
75300,"20140709",103156,"Low Risk","Permit license or inspection report not posted"
75300,"20140709",103157,"Low Risk","Food safety certificate or food handler card not available"
75302,"20131125",103102,"High Risk","Unclean hands or improper use of gloves"
75306,"20131125",103102,"High Risk","Unclean hands or improper use of gloves"
75306,"20131125",103149,"Low Risk","Wiping cloths not clean or properly stored or inadequate sanitizer"
75306,"20140613",103154,"Low Risk","Unclean or degraded floors walls or ceilings"
75306,"20140613",103102,"High Risk","Unclean hands or improper use of gloves"
75349,"20131119",103131,"Moderate Risk","Moderate risk vermin infestation"
75350,"20150402",103157,"Low Risk","Food safety certificate or food handler card not available"
75350,"20150402",103145,"Low Risk","Improper storage of equipment utensils or linens"
75350,"20131003",103124,"Moderate Risk","Inadequately cleaned or sanitized food contact surfaces"
75350,"20131003",103120,"Moderate Risk","Moderate risk food holding temperature "
75350,"20140122",103124,"Moderate Risk","Inadequately cleaned or sanitized food contact surfaces"
75350,"20140122",103143,"Low Risk","Inadequate warewashing facilities or equipment"
75350,"20140122",103120,"Moderate Risk","Moderate risk food holding temperature "
75350,"20140325",103124,"Moderate Risk","Inadequately cleaned or sanitized food contact surfaces"
75352,"20150526",103145,"Low Risk","Improper storage of equipment utensils or linens"
75352,"20150526",103105,"High Risk","Improper cooling methods"
75352,"20140407",103149,"Low Risk","Wiping cloths not clean or properly stored or inadequate sanitizer"
75352,"20140407",103139,"Low Risk","Improper food storage"
75353,"20150511",103116,"Moderate Risk","Inadequate food safety knowledge or lack of certified food safety manager"
75353,"20150511",103139,"Low Risk","Improper food storage"
75353,"20150511",103147,"Low Risk","Inadequate ventilation or lighting"
75353,"20131025",103120,"Moderate Risk","Moderate risk food holding temperature "
75353,"20131025",103149,"Low Risk","Wiping cloths not clean or properly stored or inadequate sanitizer"
75353,"20140506",103103,"High Risk","High risk food holding temperature "
75353,"20140506",103124,"Moderate Risk","Inadequately cleaned or sanitized food contact surfaces"
75375,"20131120",103157,"Low Risk","Food safety certificate or food handler card not available"
75375,"20140429",103157,"Low Risk","Food safety certificate or food handler card not available"
75375,"20140429",103156,"Low Risk","Permit license or inspection report not posted"
75380,"20150608",103109,"High Risk","Unclean or unsanitary food contact surfaces"
75380,"20150608",103105,"High Risk","Improper cooling methods"
75380,"20130918",103139,"Low Risk","Improper food storage"
75380,"20130918",103131,"Moderate Risk","Moderate risk vermin infestation"
75380,"20140506",103144,"Low Risk","Unapproved or unmaintained equipment or utensils"
75380,"20140506",103156,"Low Risk","Permit license or inspection report not posted"
75397,"20150311",103157,"Low Risk","Food safety certificate or food handler card not available"
75397,"20150311",103148,"Low Risk","No thermometers or uncalibrated thermometers "
75397,"20150311",103149,"Low Risk","Wiping cloths not clean or properly stored or inadequate sanitizer"
75397,"20140314",103144,"Low Risk","Unapproved or unmaintained equipment or utensils"
75397,"20140314",103156,"Low Risk","Permit license or inspection report not posted"
75399,"20150221",103149,"Low Risk","Wiping cloths not clean or properly stored or inadequate sanitizer"
75399,"20150221",103138,"Low Risk","Improper storage use or identification of toxic substances"
75399,"20150221",103124,"Moderate Risk","Inadequately cleaned or sanitized food contact surfaces"
75399,"20130903",103147,"Low Risk","Inadequate ventilation or lighting"
75399,"20130903",103124,"Moderate Risk","Inadequately cleaned or sanitized food contact surfaces"
75399,"20130903",103119,"Moderate Risk","Inadequate and inaccessible handwashing facilities"
75399,"20130903",103143,"Low Risk","Inadequate warewashing facilities or equipment"
75399,"20140127",103170,"High Risk","Mobile food facility not operating with an approved commissary"
75402,"20141105",103153,"Low Risk","Inadequate dressing rooms or improper storage of personal items"
75402,"20141105",103149,"Low Risk","Wiping cloths not clean or properly stored or inadequate sanitizer"
75402,"20141105",103118,"Moderate Risk","Employee eating or smoking"
75402,"20141105",103120,"Moderate Risk","Moderate risk food holding temperature "
75402,"20150506",103153,"Low Risk","Inadequate dressing rooms or improper storage of personal items"
75402,"20150506",103133,"Moderate Risk","Foods not protected from contamination"
75402,"20150506",103149,"Low Risk","Wiping cloths not clean or properly stored or inadequate sanitizer"
75402,"20130828",103162,"Low Risk","Other low risk violation"
75402,"20130828",103148,"Low Risk","No thermometers or uncalibrated thermometers "
75402,"20130828",103139,"Low Risk","Improper food storage"
75402,"20130828",103119,"Moderate Risk","Inadequate and inaccessible handwashing facilities"
75402,"20140502",103133,"Moderate Risk","Foods not protected from contamination"
75402,"20140502",103149,"Low Risk","Wiping cloths not clean or properly stored or inadequate sanitizer"
75406,"20140512",103139,"Low Risk","Improper food storage"
75406,"20140512",103154,"Low Risk","Unclean or degraded floors walls or ceilings"
75406,"20140512",103149,"Low Risk","Wiping cloths not clean or properly stored or inadequate sanitizer"
75406,"20140512",103148,"Low Risk","No thermometers or uncalibrated thermometers "
75407,"20150608",103133,"Moderate Risk","Foods not protected from contamination"
75407,"20140506",103144,"Low Risk","Unapproved or unmaintained equipment or utensils"
75411,"20150331",103129,"Moderate Risk","Insufficient hot water or running water"
75411,"20140327",103149,"Low Risk","Wiping cloths not clean or properly stored or inadequate sanitizer"
75411,"20140327",103127,"Moderate Risk","Noncompliance with HAACP plan or variance"
75448,"20150413",103138,"Low Risk","Improper storage use or identification of toxic substances"
75448,"20150413",103144,"Low Risk","Unapproved or unmaintained equipment or utensils"
75448,"20150413",103124,"Moderate Risk","Inadequately cleaned or sanitized food contact surfaces"
75448,"20150413",103119,"Moderate Risk","Inadequate and inaccessible handwashing facilities"
75448,"20150413",103116,"Moderate Risk","Inadequate food safety knowledge or lack of certified food safety manager"
75448,"20150413",103107,"High Risk","Improper reheating of food"
75448,"20150413",103162,"Low Risk","Other low risk violation"
75448,"20150413",103133,"Moderate Risk","Foods not protected from contamination"
75448,"20150413",103154,"Low Risk","Unclean or degraded floors walls or ceilings"
75448,"20150413",103156,"Low Risk","Permit license or inspection report not posted"
75452,"20150304",103158,"Low Risk","Unpermitted food facility"
75452,"20150304",103103,"High Risk","High risk food holding temperature "
75452,"20150304",103114,"High Risk","High risk vermin infestation"
75452,"20150304",103154,"Low Risk","Unclean or degraded floors walls or ceilings"
75452,"20130808",103142,"Low Risk","Unclean nonfood contact surfaces"
75452,"20130808",103131,"Moderate Risk","Moderate risk vermin infestation"
75452,"20130808",103149,"Low Risk","Wiping cloths not clean or properly stored or inadequate sanitizer"
75452,"20130808",103144,"Low Risk","Unapproved or unmaintained equipment or utensils"
75452,"20130808",103154,"Low Risk","Unclean or degraded floors walls or ceilings"
75452,"20131125",103149,"Low Risk","Wiping cloths not clean or properly stored or inadequate sanitizer"
75452,"20131125",103154,"Low Risk","Unclean or degraded floors walls or ceilings"
75452,"20131125",103131,"Moderate Risk","Moderate risk vermin infestation"
75452,"20140227",103102,"High Risk","Unclean hands or improper use of gloves"
75452,"20140227",103149,"Low Risk","Wiping cloths not clean or properly stored or inadequate sanitizer"
75452,"20140227",103154,"Low Risk","Unclean or degraded floors walls or ceilings"
75460,"20140603",103105,"High Risk","Improper cooling methods"
75464,"20140502",103103,"High Risk","High risk food holding temperature "
75464,"20140502",103139,"Low Risk","Improper food storage"
75467,"20150211",103145,"Low Risk","Improper storage of equipment utensils or linens"
75467,"20150211",103144,"Low Risk","Unapproved or unmaintained equipment or utensils"
75467,"20150211",103129,"Moderate Risk","Insufficient hot water or running water"
75468,"20150213",103119,"Moderate Risk","Inadequate and inaccessible handwashing facilities"
75468,"20150224",103102,"High Risk","Unclean hands or improper use of gloves"
75468,"20150213",103154,"Low Risk","Unclean or degraded floors walls or ceilings"
75468,"20150213",103149,"Low Risk","Wiping cloths not clean or properly stored or inadequate sanitizer"
75468,"20150213",103143,"Low Risk","Inadequate warewashing facilities or equipment"
75468,"20131112",103103,"High Risk","High risk food holding temperature "
75468,"20140602",103139,"Low Risk","Improper food storage"
75468,"20140602",103103,"High Risk","High risk food holding temperature "
75468,"20140602",103162,"Low Risk","Other low risk violation"
75468,"20140602",103149,"Low Risk","Wiping cloths not clean or properly stored or inadequate sanitizer"
75468,"20140602",103150,"Low Risk","Improper or defective plumbing"
75502,"20150223",103144,"Low Risk","Unapproved or unmaintained equipment or utensils"
75502,"20150223",103142,"Low Risk","Unclean nonfood contact surfaces"
75502,"20150223",103139,"Low Risk","Improper food storage"
75502,"20150223",103119,"Moderate Risk","Inadequate and inaccessible handwashing facilities"
75502,"20150223",103116,"Moderate Risk","Inadequate food safety knowledge or lack of certified food safety manager"
75502,"20150223",103114,"High Risk","High risk vermin infestation"
75502,"20150223",103154,"Low Risk","Unclean or degraded floors walls or ceilings"
75502,"20150223",103109,"High Risk","Unclean or unsanitary food contact surfaces"
75502,"20150303",103121,"Moderate Risk","Inadequate procedures or records for time as a public health control "
75502,"20150223",103104,"High Risk","Unauthorized or unsafe use of time as a public health control measure"
75502,"20131119",103104,"High Risk","Unauthorized or unsafe use of time as a public health control measure"
75502,"20131119",103154,"Low Risk","Unclean or degraded floors walls or ceilings"
75502,"20131119",103103,"High Risk","High risk food holding temperature "
75502,"20131119",103109,"High Risk","Unclean or unsanitary food contact surfaces"
75502,"20131119",103116,"Moderate Risk","Inadequate food safety knowledge or lack of certified food safety manager"
75502,"20131119",103132,"Moderate Risk","Improper thawing methods "
75502,"20131119",103139,"Low Risk","Improper food storage"
75502,"20131119",103142,"Low Risk","Unclean nonfood contact surfaces"
75523,"20140924",103109,"High Risk","Unclean or unsanitary food contact surfaces"
75523,"20140924",103119,"Moderate Risk","Inadequate and inaccessible handwashing facilities"
75523,"20140924",103103,"High Risk","High risk food holding temperature "
75523,"20140924",103139,"Low Risk","Improper food storage"
75523,"20140924",103144,"Low Risk","Unapproved or unmaintained equipment or utensils"
75523,"20140924",103145,"Low Risk","Improper storage of equipment utensils or linens"
75523,"20140924",103133,"Moderate Risk","Foods not protected from contamination"
75523,"20131002",103149,"Low Risk","Wiping cloths not clean or properly stored or inadequate sanitizer"
75523,"20131002",103119,"Moderate Risk","Inadequate and inaccessible handwashing facilities"
75526,"20150505",103139,"Low Risk","Improper food storage"
75526,"20150505",103154,"Low Risk","Unclean or degraded floors walls or ceilings"
75526,"20150505",103119,"Moderate Risk","Inadequate and inaccessible handwashing facilities"
75526,"20150505",103144,"Low Risk","Unapproved or unmaintained equipment or utensils"
75526,"20150505",103124,"Moderate Risk","Inadequately cleaned or sanitized food contact surfaces"
75526,"20130730",103154,"Low Risk","Unclean or degraded floors walls or ceilings"
75526,"20130730",103144,"Low Risk","Unapproved or unmaintained equipment or utensils"
75526,"20130730",103142,"Low Risk","Unclean nonfood contact surfaces"
75526,"20130730",103119,"Moderate Risk","Inadequate and inaccessible handwashing facilities"
75526,"20130730",103116,"Moderate Risk","Inadequate food safety knowledge or lack of certified food safety manager"
75526,"20130730",103114,"High Risk","High risk vermin infestation"
75526,"20130730",103109,"High Risk","Unclean or unsanitary food contact surfaces"
75526,"20140402",103149,"Low Risk","Wiping cloths not clean or properly stored or inadequate sanitizer"
75526,"20140402",103124,"Moderate Risk","Inadequately cleaned or sanitized food contact surfaces"
75526,"20140402",103144,"Low Risk","Unapproved or unmaintained equipment or utensils"
75526,"20140402",103119,"Moderate Risk","Inadequate and inaccessible handwashing facilities"
75530,"20141222",103133,"Moderate Risk","Foods not protected from contamination"
75530,"20140618",103119,"Moderate Risk","Inadequate and inaccessible handwashing facilities"
75530,"20140618",103144,"Low Risk","Unapproved or unmaintained equipment or utensils"
75559,"20140206",103157,"Low Risk","Food safety certificate or food handler card not available"
75559,"20140206",103156,"Low Risk","Permit license or inspection report not posted"
75560,"20150310",103138,"Low Risk","Improper storage use or identification of toxic substances"
75560,"20150310",103120,"Moderate Risk","Moderate risk food holding temperature "
75560,"20150310",103144,"Low Risk","Unapproved or unmaintained equipment or utensils"
75560,"20150310",103124,"Moderate Risk","Inadequately cleaned or sanitized food contact surfaces"
75560,"20150310",103139,"Low Risk","Improper food storage"
75560,"20150310",103153,"Low Risk","Inadequate dressing rooms or improper storage of personal items"
75560,"20131009",103149,"Low Risk","Wiping cloths not clean or properly stored or inadequate sanitizer"
75560,"20131009",103102,"High Risk","Unclean hands or improper use of gloves"
75560,"20131009",103116,"Moderate Risk","Inadequate food safety knowledge or lack of certified food safety manager"
75560,"20131009",103120,"Moderate Risk","Moderate risk food holding temperature "
75560,"20131009",103138,"Low Risk","Improper storage use or identification of toxic substances"
75560,"20131009",103139,"Low Risk","Improper food storage"
75560,"20140114",103156,"Low Risk","Permit license or inspection report not posted"
75560,"20140114",103119,"Moderate Risk","Inadequate and inaccessible handwashing facilities"
75560,"20140114",103144,"Low Risk","Unapproved or unmaintained equipment or utensils"
75560,"20140114",103120,"Moderate Risk","Moderate risk food holding temperature "
75560,"20140114",103147,"Low Risk","Inadequate ventilation or lighting"
75560,"20140114",103149,"Low Risk","Wiping cloths not clean or properly stored or inadequate sanitizer"
75560,"20140114",103124,"Moderate Risk","Inadequately cleaned or sanitized food contact surfaces"
75560,"20140114",103143,"Low Risk","Inadequate warewashing facilities or equipment"
75567,"20141114",103148,"Low Risk","No thermometers or uncalibrated thermometers "
75567,"20141114",103157,"Low Risk","Food safety certificate or food handler card not available"
75567,"20130823",103147,"Low Risk","Inadequate ventilation or lighting"
75567,"20140407",103162,"Low Risk","Other low risk violation"
75570,"20130826",103154,"Low Risk","Unclean or degraded floors walls or ceilings"
75570,"20140129",103154,"Low Risk","Unclean or degraded floors walls or ceilings"
75570,"20140129",103149,"Low Risk","Wiping cloths not clean or properly stored or inadequate sanitizer"
75570,"20140129",103120,"Moderate Risk","Moderate risk food holding temperature "
75570,"20140129",103157,"Low Risk","Food safety certificate or food handler card not available"
75570,"20140617",103154,"Low Risk","Unclean or degraded floors walls or ceilings"
75570,"20140617",103116,"Moderate Risk","Inadequate food safety knowledge or lack of certified food safety manager"
75572,"20140422",103144,"Low Risk","Unapproved or unmaintained equipment or utensils"
75575,"20140509",103124,"Moderate Risk","Inadequately cleaned or sanitized food contact surfaces"
75587,"20150105",103151,"Low Risk","Inadequate or unsanitary refuse containers or area or no garbage service"
75587,"20150105",103143,"Low Risk","Inadequate warewashing facilities or equipment"
75587,"20150105",103124,"Moderate Risk","Inadequately cleaned or sanitized food contact surfaces"
75587,"20150105",103114,"High Risk","High risk vermin infestation"
75587,"20150105",103112,"High Risk","No hot water or running water"
75604,"20150526",103116,"Moderate Risk","Inadequate food safety knowledge or lack of certified food safety manager"
75604,"20150526",103131,"Moderate Risk","Moderate risk vermin infestation"
75604,"20130918",103114,"High Risk","High risk vermin infestation"
75604,"20130918",103109,"High Risk","Unclean or unsanitary food contact surfaces"
75604,"20140509",103157,"Low Risk","Food safety certificate or food handler card not available"
75604,"20140509",103156,"Low Risk","Permit license or inspection report not posted"
75613,"20150220",103149,"Low Risk","Wiping cloths not clean or properly stored or inadequate sanitizer"
75613,"20130813",103142,"Low Risk","Unclean nonfood contact surfaces"
75613,"20140218",103149,"Low Risk","Wiping cloths not clean or properly stored or inadequate sanitizer"
75613,"20140820",103142,"Low Risk","Unclean nonfood contact surfaces"
75636,"20141103",103154,"Low Risk","Unclean or degraded floors walls or ceilings"
75636,"20141103",103142,"Low Risk","Unclean nonfood contact surfaces"
75636,"20140425",103149,"Low Risk","Wiping cloths not clean or properly stored or inadequate sanitizer"
75636,"20140425",103161,"Low Risk","Low risk vermin infestation"
75636,"20140425",103147,"Low Risk","Inadequate ventilation or lighting"
75637,"20150317",103144,"Low Risk","Unapproved or unmaintained equipment or utensils"
75637,"20150317",103124,"Moderate Risk","Inadequately cleaned or sanitized food contact surfaces"
75637,"20150317",103133,"Moderate Risk","Foods not protected from contamination"
75637,"20130905",103133,"Moderate Risk","Foods not protected from contamination"
75637,"20140528",103161,"Low Risk","Low risk vermin infestation"
75637,"20140528",103154,"Low Risk","Unclean or degraded floors walls or ceilings"
75649,"20131001",103124,"Moderate Risk","Inadequately cleaned or sanitized food contact surfaces"
75649,"20131001",103143,"Low Risk","Inadequate warewashing facilities or equipment"
75662,"20141125",103144,"Low Risk","Unapproved or unmaintained equipment or utensils"
75662,"20141125",103149,"Low Risk","Wiping cloths not clean or properly stored or inadequate sanitizer"
75662,"20141125",103154,"Low Risk","Unclean or degraded floors walls or ceilings"
75662,"20141125",103124,"Moderate Risk","Inadequately cleaned or sanitized food contact surfaces"
75662,"20130918",103149,"Low Risk","Wiping cloths not clean or properly stored or inadequate sanitizer"
75662,"20130918",103120,"Moderate Risk","Moderate risk food holding temperature "
75662,"20130918",103119,"Moderate Risk","Inadequate and inaccessible handwashing facilities"
75662,"20140402",103120,"Moderate Risk","Moderate risk food holding temperature "
75662,"20140402",103149,"Low Risk","Wiping cloths not clean or properly stored or inadequate sanitizer"
75662,"20140402",103154,"Low Risk","Unclean or degraded floors walls or ceilings"
75662,"20140402",103142,"Low Risk","Unclean nonfood contact surfaces"
75678,"20140905",103157,"Low Risk","Food safety certificate or food handler card not available"
75678,"20140905",103144,"Low Risk","Unapproved or unmaintained equipment or utensils"
75678,"20150127",103124,"Moderate Risk","Inadequately cleaned or sanitized food contact surfaces"
75678,"20150127",103157,"Low Risk","Food safety certificate or food handler card not available"
75678,"20130904",103107,"High Risk","Improper reheating of food"
75678,"20130904",103150,"Low Risk","Improper or defective plumbing"
75678,"20140325",103134,"Moderate Risk","Other moderate risk violation"
75681,"20141105",103149,"Low Risk","Wiping cloths not clean or properly stored or inadequate sanitizer"
75681,"20141105",103142,"Low Risk","Unclean nonfood contact surfaces"
75681,"20140326",103129,"Moderate Risk","Insufficient hot water or running water"
75681,"20140326",103105,"High Risk","Improper cooling methods"
75681,"20140326",103133,"Moderate Risk","Foods not protected from contamination"
75681,"20140326",103103,"High Risk","High risk food holding temperature "
75689,"20150311",103145,"Low Risk","Improper storage of equipment utensils or linens"
75689,"20150311",103124,"Moderate Risk","Inadequately cleaned or sanitized food contact surfaces"
75689,"20150311",103119,"Moderate Risk","Inadequate and inaccessible handwashing facilities"
75689,"20131112",103139,"Low Risk","Improper food storage"
75689,"20131112",103144,"Low Risk","Unapproved or unmaintained equipment or utensils"
75689,"20140715",103144,"Low Risk","Unapproved or unmaintained equipment or utensils"
75689,"20140715",103143,"Low Risk","Inadequate warewashing facilities or equipment"
75700,"20150113",103119,"Moderate Risk","Inadequate and inaccessible handwashing facilities"
75700,"20140307",103145,"Low Risk","Improper storage of equipment utensils or linens"
75700,"20140307",103150,"Low Risk","Improper or defective plumbing"
75700,"20140307",103154,"Low Risk","Unclean or degraded floors walls or ceilings"
75700,"20140307",103114,"High Risk","High risk vermin infestation"
75700,"20140307",103142,"Low Risk","Unclean nonfood contact surfaces"
75701,"20150212",103144,"Low Risk","Unapproved or unmaintained equipment or utensils"
75701,"20130910",103161,"Low Risk","Low risk vermin infestation"
75701,"20130910",103154,"Low Risk","Unclean or degraded floors walls or ceilings"
75701,"20130910",103139,"Low Risk","Improper food storage"
75701,"20130910",103120,"Moderate Risk","Moderate risk food holding temperature "
75701,"20140115",103139,"Low Risk","Improper food storage"
75701,"20140115",103119,"Moderate Risk","Inadequate and inaccessible handwashing facilities"
75701,"20140721",103108,"High Risk","Contaminated or adulterated food"
75718,"20140916",103131,"Moderate Risk","Moderate risk vermin infestation"
75718,"20140916",103124,"Moderate Risk","Inadequately cleaned or sanitized food contact surfaces"
75718,"20140916",103139,"Low Risk","Improper food storage"
75718,"20140108",103131,"Moderate Risk","Moderate risk vermin infestation"
75718,"20140108",103154,"Low Risk","Unclean or degraded floors walls or ceilings"
75726,"20150211",103103,"High Risk","High risk food holding temperature "
75726,"20131101",103154,"Low Risk","Unclean or degraded floors walls or ceilings"
75726,"20131101",103103,"High Risk","High risk food holding temperature "
75726,"20131101",103124,"Moderate Risk","Inadequately cleaned or sanitized food contact surfaces"
75726,"20131101",103142,"Low Risk","Unclean nonfood contact surfaces"
75726,"20131101",103149,"Low Risk","Wiping cloths not clean or properly stored or inadequate sanitizer"
75726,"20131101",103144,"Low Risk","Unapproved or unmaintained equipment or utensils"
75732,"20140826",103133,"Moderate Risk","Foods not protected from contamination"
75732,"20140826",103125,"Moderate Risk","Noncompliance with shell fish tags or display"
75732,"20140826",103131,"Moderate Risk","Moderate risk vermin infestation"
75732,"20130903",103131,"Moderate Risk","Moderate risk vermin infestation"
75732,"20130903",103142,"Low Risk","Unclean nonfood contact surfaces"
75732,"20130903",103103,"High Risk","High risk food holding temperature "
75732,"20130903",103144,"Low Risk","Unapproved or unmaintained equipment or utensils"
75732,"20140514",103116,"Moderate Risk","Inadequate food safety knowledge or lack of certified food safety manager"
75732,"20140514",103129,"Moderate Risk","Insufficient hot water or running water"
75732,"20140514",103109,"High Risk","Unclean or unsanitary food contact surfaces"
75732,"20140514",103103,"High Risk","High risk food holding temperature "
75732,"20140514",103131,"Moderate Risk","Moderate risk vermin infestation"
75732,"20140514",103144,"Low Risk","Unapproved or unmaintained equipment or utensils"
75732,"20140514",103133,"Moderate Risk","Foods not protected from contamination"
75738,"20150116",103139,"Low Risk","Improper food storage"
75738,"20150116",103149,"Low Risk","Wiping cloths not clean or properly stored or inadequate sanitizer"
75738,"20150116",103154,"Low Risk","Unclean or degraded floors walls or ceilings"
75738,"20150116",103156,"Low Risk","Permit license or inspection report not posted"
75738,"20130812",103103,"High Risk","High risk food holding temperature "
75738,"20130812",103109,"High Risk","Unclean or unsanitary food contact surfaces"
75738,"20140519",103120,"Moderate Risk","Moderate risk food holding temperature "
75738,"20140519",103107,"High Risk","Improper reheating of food"
75738,"20140519",103150,"Low Risk","Improper or defective plumbing"
75738,"20140519",103145,"Low Risk","Improper storage of equipment utensils or linens"
75755,"20140618",103139,"Low Risk","Improper food storage"
75778,"20140219",103120,"Moderate Risk","Moderate risk food holding temperature "
75778,"20140609",103120,"Moderate Risk","Moderate risk food holding temperature "
75780,"20140409",103139,"Low Risk","Improper food storage"
75780,"20140409",103124,"Moderate Risk","Inadequately cleaned or sanitized food contact surfaces"
75780,"20140409",103119,"Moderate Risk","Inadequate and inaccessible handwashing facilities"
75780,"20140409",103103,"High Risk","High risk food holding temperature "
75787,"20141113",103119,"Moderate Risk","Inadequate and inaccessible handwashing facilities"
75787,"20141113",103120,"Moderate Risk","Moderate risk food holding temperature "
75787,"20141113",103114,"High Risk","High risk vermin infestation"
75787,"20140224",103119,"Moderate Risk","Inadequate and inaccessible handwashing facilities"
75787,"20140224",103149,"Low Risk","Wiping cloths not clean or properly stored or inadequate sanitizer"
75787,"20140224",103131,"Moderate Risk","Moderate risk vermin infestation"
75787,"20140224",103133,"Moderate Risk","Foods not protected from contamination"
75792,"20150127",103120,"Moderate Risk","Moderate risk food holding temperature "
75792,"20140324",103120,"Moderate Risk","Moderate risk food holding temperature "
75792,"20140324",103139,"Low Risk","Improper food storage"
75792,"20140324",103145,"Low Risk","Improper storage of equipment utensils or linens"
75801,"20141006",103149,"Low Risk","Wiping cloths not clean or properly stored or inadequate sanitizer"
75801,"20141006",103142,"Low Risk","Unclean nonfood contact surfaces"
75801,"20141006",103138,"Low Risk","Improper storage use or identification of toxic substances"
75801,"20141006",103150,"Low Risk","Improper or defective plumbing"
75801,"20141006",103131,"Moderate Risk","Moderate risk vermin infestation"
75801,"20141006",103154,"Low Risk","Unclean or degraded floors walls or ceilings"
75814,"20141006",103109,"High Risk","Unclean or unsanitary food contact surfaces"
75814,"20141006",103157,"Low Risk","Food safety certificate or food handler card not available"
75814,"20141006",103156,"Low Risk","Permit license or inspection report not posted"
75814,"20141006",103153,"Low Risk","Inadequate dressing rooms or improper storage of personal items"
75814,"20150224",103138,"Low Risk","Improper storage use or identification of toxic substances"
75814,"20150224",103114,"High Risk","High risk vermin infestation"
75814,"20150224",103145,"Low Risk","Improper storage of equipment utensils or linens"
75814,"20150224",103144,"Low Risk","Unapproved or unmaintained equipment or utensils"
75814,"20150224",103139,"Low Risk","Improper food storage"
75814,"20150224",103116,"Moderate Risk","Inadequate food safety knowledge or lack of certified food safety manager"
75814,"20150224",103119,"Moderate Risk","Inadequate and inaccessible handwashing facilities"
75814,"20150224",103103,"High Risk","High risk food holding temperature "
75814,"20140213",103124,"Moderate Risk","Inadequately cleaned or sanitized food contact surfaces"
75814,"20140213",103120,"Moderate Risk","Moderate risk food holding temperature "
75814,"20140213",103133,"Moderate Risk","Foods not protected from contamination"
75835,"20141106",103114,"High Risk","High risk vermin infestation"
75835,"20141106",103147,"Low Risk","Inadequate ventilation or lighting"
75835,"20141106",103144,"Low Risk","Unapproved or unmaintained equipment or utensils"
75835,"20141106",103109,"High Risk","Unclean or unsanitary food contact surfaces"
75835,"20141106",103120,"Moderate Risk","Moderate risk food holding temperature "
75835,"20141106",103154,"Low Risk","Unclean or degraded floors walls or ceilings"
75836,"20140624",103149,"Low Risk","Wiping cloths not clean or properly stored or inadequate sanitizer"
75836,"20140624",103139,"Low Risk","Improper food storage"
75841,"20130828",103148,"Low Risk","No thermometers or uncalibrated thermometers "
75841,"20130828",103139,"Low Risk","Improper food storage"
75850,"20140903",103144,"Low Risk","Unapproved or unmaintained equipment or utensils"
75850,"20140903",103149,"Low Risk","Wiping cloths not clean or properly stored or inadequate sanitizer"
75850,"20140903",103138,"Low Risk","Improper storage use or identification of toxic substances"
75850,"20140903",103116,"Moderate Risk","Inadequate food safety knowledge or lack of certified food safety manager"
75850,"20140124",103149,"Low Risk","Wiping cloths not clean or properly stored or inadequate sanitizer"
75850,"20140124",103144,"Low Risk","Unapproved or unmaintained equipment or utensils"
75850,"20140124",103133,"Moderate Risk","Foods not protected from contamination"
75850,"20140124",103157,"Low Risk","Food safety certificate or food handler card not available"
75851,"20150306",103116,"Moderate Risk","Inadequate food safety knowledge or lack of certified food safety manager"
75851,"20131230",103129,"Moderate Risk","Insufficient hot water or running water"
75851,"20131230",103124,"Moderate Risk","Inadequately cleaned or sanitized food contact surfaces"
75853,"20140905",103144,"Low Risk","Unapproved or unmaintained equipment or utensils"
75853,"20150223",103139,"Low Risk","Improper food storage"
75853,"20131029",103144,"Low Risk","Unapproved or unmaintained equipment or utensils"
75853,"20131029",103149,"Low Risk","Wiping cloths not clean or properly stored or inadequate sanitizer"
75853,"20131029",103120,"Moderate Risk","Moderate risk food holding temperature "
75853,"20140418",103144,"Low Risk","Unapproved or unmaintained equipment or utensils"
75853,"20140418",103124,"Moderate Risk","Inadequately cleaned or sanitized food contact surfaces"
75857,"20150310",103133,"Moderate Risk","Foods not protected from contamination"
75857,"20150310",103109,"High Risk","Unclean or unsanitary food contact surfaces"
75857,"20150310",103119,"Moderate Risk","Inadequate and inaccessible handwashing facilities"
75861,"20150310",103144,"Low Risk","Unapproved or unmaintained equipment or utensils"
75861,"20150310",103119,"Moderate Risk","Inadequate and inaccessible handwashing facilities"
75861,"20150310",103131,"Moderate Risk","Moderate risk vermin infestation"
75861,"20150310",103118,"Moderate Risk","Employee eating or smoking"
75861,"20150310",103149,"Low Risk","Wiping cloths not clean or properly stored or inadequate sanitizer"
75861,"20150310",103150,"Low Risk","Improper or defective plumbing"
75881,"20131002",103120,"Moderate Risk","Moderate risk food holding temperature "
75881,"20131002",103124,"Moderate Risk","Inadequately cleaned or sanitized food contact surfaces"
75886,"20150129",103142,"Low Risk","Unclean nonfood contact surfaces"
75886,"20131118",103149,"Low Risk","Wiping cloths not clean or properly stored or inadequate sanitizer"
75888,"20141015",103145,"Low Risk","Improper storage of equipment utensils or linens"
75888,"20150528",103162,"Low Risk","Other low risk violation"
75888,"20150528",103124,"Moderate Risk","Inadequately cleaned or sanitized food contact surfaces"
75888,"20131001",103103,"High Risk","High risk food holding temperature "
75888,"20131001",103142,"Low Risk","Unclean nonfood contact surfaces"
75888,"20140403",103144,"Low Risk","Unapproved or unmaintained equipment or utensils"
75888,"20140403",103142,"Low Risk","Unclean nonfood contact surfaces"
75892,"20140324",103172,"High Risk","Mobile food facility with unapproved operating conditions"
75895,"20141217",103150,"Low Risk","Improper or defective plumbing"
75895,"20141217",103149,"Low Risk","Wiping cloths not clean or properly stored or inadequate sanitizer"
75895,"20131003",103154,"Low Risk","Unclean or degraded floors walls or ceilings"
75895,"20131003",103148,"Low Risk","No thermometers or uncalibrated thermometers "
75895,"20131003",103162,"Low Risk","Other low risk violation"
75895,"20131127",103120,"Moderate Risk","Moderate risk food holding temperature "
75895,"20131127",103144,"Low Risk","Unapproved or unmaintained equipment or utensils"
75895,"20131127",103145,"Low Risk","Improper storage of equipment utensils or linens"
75895,"20140523",103120,"Moderate Risk","Moderate risk food holding temperature "
75895,"20140523",103139,"Low Risk","Improper food storage"
75895,"20140523",103133,"Moderate Risk","Foods not protected from contamination"
75940,"20150122",103120,"Moderate Risk","Moderate risk food holding temperature "
75940,"20150122",103124,"Moderate Risk","Inadequately cleaned or sanitized food contact surfaces"
75940,"20150122",103129,"Moderate Risk","Insufficient hot water or running water"
75940,"20140212",103120,"Moderate Risk","Moderate risk food holding temperature "
75940,"20140212",103138,"Low Risk","Improper storage use or identification of toxic substances"
75942,"20141114",103161,"Low Risk","Low risk vermin infestation"
75942,"20141027",103114,"High Risk","High risk vermin infestation"
75942,"20130821",103131,"Moderate Risk","Moderate risk vermin infestation"
75942,"20130821",103120,"Moderate Risk","Moderate risk food holding temperature "
75942,"20130821",103142,"Low Risk","Unclean nonfood contact surfaces"
75942,"20130821",103124,"Moderate Risk","Inadequately cleaned or sanitized food contact surfaces"
75942,"20130821",103112,"High Risk","No hot water or running water"
75942,"20130821",103102,"High Risk","Unclean hands or improper use of gloves"
75942,"20131213",103141,"Low Risk","Improper food labeling or menu misrepresentation"
75942,"20131213",103138,"Low Risk","Improper storage use or identification of toxic substances"
75942,"20131213",103154,"Low Risk","Unclean or degraded floors walls or ceilings"
75942,"20131213",103131,"Moderate Risk","Moderate risk vermin infestation"
75942,"20140703",103154,"Low Risk","Unclean or degraded floors walls or ceilings"
75942,"20140703",103120,"Moderate Risk","Moderate risk food holding temperature "
75942,"20140703",103138,"Low Risk","Improper storage use or identification of toxic substances"
75942,"20140703",103102,"High Risk","Unclean hands or improper use of gloves"
75942,"20140703",103131,"Moderate Risk","Moderate risk vermin infestation"
75942,"20140703",103124,"Moderate Risk","Inadequately cleaned or sanitized food contact surfaces"
75956,"20140609",103120,"Moderate Risk","Moderate risk food holding temperature "
75956,"20140609",103139,"Low Risk","Improper food storage"
75956,"20140609",103148,"Low Risk","No thermometers or uncalibrated thermometers "
75956,"20140609",103150,"Low Risk","Improper or defective plumbing"
75957,"20150309",103124,"Moderate Risk","Inadequately cleaned or sanitized food contact surfaces"
75957,"20150309",103116,"Moderate Risk","Inadequate food safety knowledge or lack of certified food safety manager"
75957,"20140414",103129,"Moderate Risk","Insufficient hot water or running water"
75957,"20140414",103139,"Low Risk","Improper food storage"
75957,"20140414",103124,"Moderate Risk","Inadequately cleaned or sanitized food contact surfaces"
75957,"20140414",103105,"High Risk","Improper cooling methods"
75957,"20140509",103112,"High Risk","No hot water or running water"
75957,"20140623",103151,"Low Risk","Inadequate or unsanitary refuse containers or area or no garbage service"
75962,"20130905",103107,"High Risk","Improper reheating of food"
75962,"20130905",103124,"Moderate Risk","Inadequately cleaned or sanitized food contact surfaces"
75962,"20140317",103139,"Low Risk","Improper food storage"
75962,"20140317",103142,"Low Risk","Unclean nonfood contact surfaces"
75965,"20150109",103109,"High Risk","Unclean or unsanitary food contact surfaces"
75965,"20131004",103120,"Moderate Risk","Moderate risk food holding temperature "
75965,"20131004",103124,"Moderate Risk","Inadequately cleaned or sanitized food contact surfaces"
75965,"20140611",103124,"Moderate Risk","Inadequately cleaned or sanitized food contact surfaces"
75965,"20140611",103120,"Moderate Risk","Moderate risk food holding temperature "
75965,"20140611",103153,"Low Risk","Inadequate dressing rooms or improper storage of personal items"
75973,"20150324",103144,"Low Risk","Unapproved or unmaintained equipment or utensils"
75973,"20150324",103142,"Low Risk","Unclean nonfood contact surfaces"
75973,"20131008",103143,"Low Risk","Inadequate warewashing facilities or equipment"
75973,"20140326",103138,"Low Risk","Improper storage use or identification of toxic substances"
75973,"20140326",103149,"Low Risk","Wiping cloths not clean or properly stored or inadequate sanitizer"
75977,"20150519",103145,"Low Risk","Improper storage of equipment utensils or linens"
75977,"20140422",103144,"Low Risk","Unapproved or unmaintained equipment or utensils"
76033,"20140617",103142,"Low Risk","Unclean nonfood contact surfaces"
76033,"20140617",103144,"Low Risk","Unapproved or unmaintained equipment or utensils"
76033,"20140617",103154,"Low Risk","Unclean or degraded floors walls or ceilings"
76033,"20140617",103120,"Moderate Risk","Moderate risk food holding temperature "
76033,"20140617",103114,"High Risk","High risk vermin infestation"
76033,"20140617",103109,"High Risk","Unclean or unsanitary food contact surfaces"
76035,"20131209",103116,"Moderate Risk","Inadequate food safety knowledge or lack of certified food safety manager"
76035,"20131209",103120,"Moderate Risk","Moderate risk food holding temperature "
76035,"20131209",103124,"Moderate Risk","Inadequately cleaned or sanitized food contact surfaces"
76035,"20131209",103139,"Low Risk","Improper food storage"
76035,"20131209",103144,"Low Risk","Unapproved or unmaintained equipment or utensils"
76035,"20131209",103145,"Low Risk","Improper storage of equipment utensils or linens"
76035,"20140609",103133,"Moderate Risk","Foods not protected from contamination"
76035,"20140609",103124,"Moderate Risk","Inadequately cleaned or sanitized food contact surfaces"
76035,"20140609",103116,"Moderate Risk","Inadequate food safety knowledge or lack of certified food safety manager"
76035,"20140609",103145,"Low Risk","Improper storage of equipment utensils or linens"
76035,"20140609",103115,"High Risk","Other high risk violation"
76061,"20150518",103142,"Low Risk","Unclean nonfood contact surfaces"
76061,"20150518",103157,"Low Risk","Food safety certificate or food handler card not available"
76061,"20150518",103144,"Low Risk","Unapproved or unmaintained equipment or utensils"
76067,"20141021",103116,"Moderate Risk","Inadequate food safety knowledge or lack of certified food safety manager"
76067,"20141021",103145,"Low Risk","Improper storage of equipment utensils or linens"
76067,"20140221",103139,"Low Risk","Improper food storage"
76067,"20140221",103144,"Low Risk","Unapproved or unmaintained equipment or utensils"
76067,"20140221",103153,"Low Risk","Inadequate dressing rooms or improper storage of personal items"
76067,"20140221",103157,"Low Risk","Food safety certificate or food handler card not available"
76117,"20131010",103148,"Low Risk","No thermometers or uncalibrated thermometers "
76117,"20131010",103145,"Low Risk","Improper storage of equipment utensils or linens"
76117,"20140522",103154,"Low Risk","Unclean or degraded floors walls or ceilings"
76142,"20140618",103105,"High Risk","Improper cooling methods"
76156,"20150518",103157,"Low Risk","Food safety certificate or food handler card not available"
76156,"20140221",103145,"Low Risk","Improper storage of equipment utensils or linens"
76156,"20140221",103144,"Low Risk","Unapproved or unmaintained equipment or utensils"
76156,"20140221",103139,"Low Risk","Improper food storage"
76157,"20150112",103123,"Moderate Risk","Food in poor condition"
76157,"20150112",103127,"Moderate Risk","Noncompliance with HAACP plan or variance"
76157,"20150112",103161,"Low Risk","Low risk vermin infestation"
76157,"20150112",103109,"High Risk","Unclean or unsanitary food contact surfaces"
76157,"20140407",103105,"High Risk","Improper cooling methods"
76157,"20140407",103144,"Low Risk","Unapproved or unmaintained equipment or utensils"
76157,"20140407",103124,"Moderate Risk","Inadequately cleaned or sanitized food contact surfaces"
76205,"20141125",103145,"Low Risk","Improper storage of equipment utensils or linens"
76205,"20131008",103133,"Moderate Risk","Foods not protected from contamination"
76205,"20131008",103138,"Low Risk","Improper storage use or identification of toxic substances"
76208,"20150518",103149,"Low Risk","Wiping cloths not clean or properly stored or inadequate sanitizer"
76208,"20150518",103157,"Low Risk","Food safety certificate or food handler card not available"
76208,"20131120",103120,"Moderate Risk","Moderate risk food holding temperature "
76208,"20131120",103157,"Low Risk","Food safety certificate or food handler card not available"
76209,"20141209",103109,"High Risk","Unclean or unsanitary food contact surfaces"
76209,"20141209",103114,"High Risk","High risk vermin infestation"
76209,"20141209",103120,"Moderate Risk","Moderate risk food holding temperature "
76209,"20141209",103142,"Low Risk","Unclean nonfood contact surfaces"
76209,"20141209",103154,"Low Risk","Unclean or degraded floors walls or ceilings"
76209,"20141209",103144,"Low Risk","Unapproved or unmaintained equipment or utensils"
76209,"20131008",103155,"Low Risk","Unapproved  living quarters in food facility"
76209,"20131008",103144,"Low Risk","Unapproved or unmaintained equipment or utensils"
76209,"20131008",103102,"High Risk","Unclean hands or improper use of gloves"
76209,"20131008",103105,"High Risk","Improper cooling methods"
76209,"20131008",103131,"Moderate Risk","Moderate risk vermin infestation"
76209,"20131008",103138,"Low Risk","Improper storage use or identification of toxic substances"
76209,"20140416",103109,"High Risk","Unclean or unsanitary food contact surfaces"
76209,"20140416",103142,"Low Risk","Unclean nonfood contact surfaces"
76209,"20140416",103132,"Moderate Risk","Improper thawing methods "
76209,"20140416",103144,"Low Risk","Unapproved or unmaintained equipment or utensils"
76209,"20140416",103120,"Moderate Risk","Moderate risk food holding temperature "
76209,"20140416",103131,"Moderate Risk","Moderate risk vermin infestation"
76218,"20131210",103124,"Moderate Risk","Inadequately cleaned or sanitized food contact surfaces"
76218,"20131210",103145,"Low Risk","Improper storage of equipment utensils or linens"
76218,"20131210",103131,"Moderate Risk","Moderate risk vermin infestation"
76218,"20131210",103119,"Moderate Risk","Inadequate and inaccessible handwashing facilities"
76218,"20131210",103139,"Low Risk","Improper food storage"
76218,"20140819",103119,"Moderate Risk","Inadequate and inaccessible handwashing facilities"
76218,"20140819",103144,"Low Risk","Unapproved or unmaintained equipment or utensils"
76218,"20140819",103145,"Low Risk","Improper storage of equipment utensils or linens"
76218,"20140819",103116,"Moderate Risk","Inadequate food safety knowledge or lack of certified food safety manager"
76218,"20140819",103109,"High Risk","Unclean or unsanitary food contact surfaces"
76218,"20140819",103103,"High Risk","High risk food holding temperature "
76218,"20140819",103114,"High Risk","High risk vermin infestation"
76223,"20140914",103143,"Low Risk","Inadequate warewashing facilities or equipment"
76223,"20150419",103149,"Low Risk","Wiping cloths not clean or properly stored or inadequate sanitizer"
76223,"20140408",103119,"Moderate Risk","Inadequate and inaccessible handwashing facilities"
76230,"20141025",103120,"Moderate Risk","Moderate risk food holding temperature "
76230,"20150419",103150,"Low Risk","Improper or defective plumbing"
76230,"20150419",103144,"Low Risk","Unapproved or unmaintained equipment or utensils"
76230,"20140408",103119,"Moderate Risk","Inadequate and inaccessible handwashing facilities"
76230,"20140408",103142,"Low Risk","Unclean nonfood contact surfaces"
76230,"20140408",103130,"Moderate Risk","Inadequate sewage or wastewater disposal"
76233,"20140914",103119,"Moderate Risk","Inadequate and inaccessible handwashing facilities"
76233,"20150419",103144,"Low Risk","Unapproved or unmaintained equipment or utensils"
76233,"20140408",103119,"Moderate Risk","Inadequate and inaccessible handwashing facilities"
76253,"20140820",103145,"Low Risk","Improper storage of equipment utensils or linens"
76253,"20140820",103133,"Moderate Risk","Foods not protected from contamination"
76253,"20140820",103119,"Moderate Risk","Inadequate and inaccessible handwashing facilities"
76253,"20140820",103120,"Moderate Risk","Moderate risk food holding temperature "
76253,"20140820",103147,"Low Risk","Inadequate ventilation or lighting"
76253,"20131226",103119,"Moderate Risk","Inadequate and inaccessible handwashing facilities"
76253,"20131226",103120,"Moderate Risk","Moderate risk food holding temperature "
76253,"20131226",103157,"Low Risk","Food safety certificate or food handler card not available"
76253,"20131226",103137,"Low Risk","Improperly washed fruits and vegetables"
76272,"20141010",103109,"High Risk","Unclean or unsanitary food contact surfaces"
76272,"20141010",103116,"Moderate Risk","Inadequate food safety knowledge or lack of certified food safety manager"
76272,"20141210",103116,"Moderate Risk","Inadequate food safety knowledge or lack of certified food safety manager"
76272,"20141210",103109,"High Risk","Unclean or unsanitary food contact surfaces"
76285,"20150421",103143,"Low Risk","Inadequate warewashing facilities or equipment"
76285,"20150421",103139,"Low Risk","Improper food storage"
76285,"20150421",103120,"Moderate Risk","Moderate risk food holding temperature "
76285,"20140318",103124,"Moderate Risk","Inadequately cleaned or sanitized food contact surfaces"
76285,"20140318",103149,"Low Risk","Wiping cloths not clean or properly stored or inadequate sanitizer"
76285,"20140318",103157,"Low Risk","Food safety certificate or food handler card not available"
76285,"20140318",103151,"Low Risk","Inadequate or unsanitary refuse containers or area or no garbage service"
76285,"20140318",103150,"Low Risk","Improper or defective plumbing"
76294,"20140610",103119,"Moderate Risk","Inadequate and inaccessible handwashing facilities"
76297,"20140505",103154,"Low Risk","Unclean or degraded floors walls or ceilings"
76297,"20140505",103144,"Low Risk","Unapproved or unmaintained equipment or utensils"
76323,"20140306",103102,"High Risk","Unclean hands or improper use of gloves"
76323,"20140306",103119,"Moderate Risk","Inadequate and inaccessible handwashing facilities"
76337,"20140318",103118,"Moderate Risk","Employee eating or smoking"
76337,"20140318",103156,"Low Risk","Permit license or inspection report not posted"
76337,"20140318",103138,"Low Risk","Improper storage use or identification of toxic substances"
76337,"20140318",103119,"Moderate Risk","Inadequate and inaccessible handwashing facilities"
76353,"20140827",103154,"Low Risk","Unclean or degraded floors walls or ceilings"
76353,"20140106",103107,"High Risk","Improper reheating of food"
76355,"20150419",103153,"Low Risk","Inadequate dressing rooms or improper storage of personal items"
76355,"20150419",103119,"Moderate Risk","Inadequate and inaccessible handwashing facilities"
76360,"20140428",103157,"Low Risk","Food safety certificate or food handler card not available"
76360,"20140428",103120,"Moderate Risk","Moderate risk food holding temperature "
76365,"20141119",103145,"Low Risk","Improper storage of equipment utensils or linens"
76365,"20141119",103156,"Low Risk","Permit license or inspection report not posted"
76365,"20141119",103133,"Moderate Risk","Foods not protected from contamination"
76365,"20141119",103119,"Moderate Risk","Inadequate and inaccessible handwashing facilities"
76365,"20141119",103135,"Low Risk","No person in charge of food facility"
76365,"20141119",103124,"Moderate Risk","Inadequately cleaned or sanitized food contact surfaces"
76365,"20140410",103138,"Low Risk","Improper storage use or identification of toxic substances"
76365,"20140410",103102,"High Risk","Unclean hands or improper use of gloves"
76365,"20140410",103109,"High Risk","Unclean or unsanitary food contact surfaces"
76365,"20140410",103116,"Moderate Risk","Inadequate food safety knowledge or lack of certified food safety manager"
76365,"20140410",103133,"Moderate Risk","Foods not protected from contamination"
76371,"20150527",103102,"High Risk","Unclean hands or improper use of gloves"
76373,"20150106",103149,"Low Risk","Wiping cloths not clean or properly stored or inadequate sanitizer"
76374,"20141104",103139,"Low Risk","Improper food storage"
76374,"20141104",103157,"Low Risk","Food safety certificate or food handler card not available"
76374,"20141104",103149,"Low Risk","Wiping cloths not clean or properly stored or inadequate sanitizer"
76374,"20150506",103149,"Low Risk","Wiping cloths not clean or properly stored or inadequate sanitizer"
76374,"20150506",103133,"Moderate Risk","Foods not protected from contamination"
76374,"20131015",103148,"Low Risk","No thermometers or uncalibrated thermometers "
76374,"20131015",103162,"Low Risk","Other low risk violation"
76374,"20140415",103139,"Low Risk","Improper food storage"
76374,"20140415",103133,"Moderate Risk","Foods not protected from contamination"
76374,"20140415",103132,"Moderate Risk","Improper thawing methods "
76374,"20140415",103119,"Moderate Risk","Inadequate and inaccessible handwashing facilities"
76383,"20150410",103119,"Moderate Risk","Inadequate and inaccessible handwashing facilities"
76383,"20150410",103124,"Moderate Risk","Inadequately cleaned or sanitized food contact surfaces"
76383,"20150410",103131,"Moderate Risk","Moderate risk vermin infestation"
76383,"20150410",103144,"Low Risk","Unapproved or unmaintained equipment or utensils"
76383,"20140207",103133,"Moderate Risk","Foods not protected from contamination"
76401,"20140129",103103,"High Risk","High risk food holding temperature "
76401,"20140129",103153,"Low Risk","Inadequate dressing rooms or improper storage of personal items"
76401,"20140801",103153,"Low Risk","Inadequate dressing rooms or improper storage of personal items"
76401,"20140801",103150,"Low Risk","Improper or defective plumbing"
76401,"20140801",103103,"High Risk","High risk food holding temperature "
76408,"20140902",103119,"Moderate Risk","Inadequate and inaccessible handwashing facilities"
76408,"20140902",103150,"Low Risk","Improper or defective plumbing"
76409,"20131115",103145,"Low Risk","Improper storage of equipment utensils or linens"
76409,"20131115",103149,"Low Risk","Wiping cloths not clean or properly stored or inadequate sanitizer"
76409,"20131115",103150,"Low Risk","Improper or defective plumbing"
76409,"20131115",103124,"Moderate Risk","Inadequately cleaned or sanitized food contact surfaces"
76409,"20131115",103139,"Low Risk","Improper food storage"
76409,"20140529",103119,"Moderate Risk","Inadequate and inaccessible handwashing facilities"
76409,"20140529",103144,"Low Risk","Unapproved or unmaintained equipment or utensils"
76409,"20140529",103145,"Low Risk","Improper storage of equipment utensils or linens"
76411,"20150327",103142,"Low Risk","Unclean nonfood contact surfaces"
76411,"20150327",103119,"Moderate Risk","Inadequate and inaccessible handwashing facilities"
76411,"20150327",103109,"High Risk","Unclean or unsanitary food contact surfaces"
76411,"20140801",103142,"Low Risk","Unclean nonfood contact surfaces"
76411,"20140801",103119,"Moderate Risk","Inadequate and inaccessible handwashing facilities"
76411,"20140801",103132,"Moderate Risk","Improper thawing methods "
76411,"20140801",103154,"Low Risk","Unclean or degraded floors walls or ceilings"
76411,"20140801",103120,"Moderate Risk","Moderate risk food holding temperature "
76411,"20140801",103149,"Low Risk","Wiping cloths not clean or properly stored or inadequate sanitizer"
76425,"20131210",103162,"Low Risk","Other low risk violation"
76436,"20141104",103149,"Low Risk","Wiping cloths not clean or properly stored or inadequate sanitizer"
76436,"20141104",103156,"Low Risk","Permit license or inspection report not posted"
76436,"20140326",103120,"Moderate Risk","Moderate risk food holding temperature "
76436,"20140326",103149,"Low Risk","Wiping cloths not clean or properly stored or inadequate sanitizer"
76436,"20140326",103133,"Moderate Risk","Foods not protected from contamination"
76441,"20141027",103112,"High Risk","No hot water or running water"
76441,"20141027",103119,"Moderate Risk","Inadequate and inaccessible handwashing facilities"
76441,"20141027",103120,"Moderate Risk","Moderate risk food holding temperature "
76441,"20141027",103141,"Low Risk","Improper food labeling or menu misrepresentation"
76441,"20140204",103157,"Low Risk","Food safety certificate or food handler card not available"
76441,"20131105",103149,"Low Risk","Wiping cloths not clean or properly stored or inadequate sanitizer"
76441,"20140204",103156,"Low Risk","Permit license or inspection report not posted"
76441,"20131105",103148,"Low Risk","No thermometers or uncalibrated thermometers "
76441,"20140204",103142,"Low Risk","Unclean nonfood contact surfaces"
76441,"20131105",103142,"Low Risk","Unclean nonfood contact surfaces"
76441,"20131105",103120,"Moderate Risk","Moderate risk food holding temperature "
76441,"20131105",103129,"Moderate Risk","Insufficient hot water or running water"
76441,"20131105",103138,"Low Risk","Improper storage use or identification of toxic substances"
76441,"20140204",103141,"Low Risk","Improper food labeling or menu misrepresentation"
76441,"20140204",103120,"Moderate Risk","Moderate risk food holding temperature "
76441,"20140204",103139,"Low Risk","Improper food storage"
76441,"20140204",103129,"Moderate Risk","Insufficient hot water or running water"
76441,"20140610",103141,"Low Risk","Improper food labeling or menu misrepresentation"
76441,"20140610",103120,"Moderate Risk","Moderate risk food holding temperature "
76442,"20140306",103119,"Moderate Risk","Inadequate and inaccessible handwashing facilities"
76445,"20141217",103124,"Moderate Risk","Inadequately cleaned or sanitized food contact surfaces"
76445,"20141217",103156,"Low Risk","Permit license or inspection report not posted"
76445,"20141217",103149,"Low Risk","Wiping cloths not clean or properly stored or inadequate sanitizer"
76445,"20141217",103132,"Moderate Risk","Improper thawing methods "
76445,"20141217",103120,"Moderate Risk","Moderate risk food holding temperature "
76445,"20141023",103119,"Moderate Risk","Inadequate and inaccessible handwashing facilities"
76445,"20141023",103124,"Moderate Risk","Inadequately cleaned or sanitized food contact surfaces"
76445,"20141217",103148,"Low Risk","No thermometers or uncalibrated thermometers "
76445,"20141023",103162,"Low Risk","Other low risk violation"
76445,"20141217",103119,"Moderate Risk","Inadequate and inaccessible handwashing facilities"
76445,"20131009",103130,"Moderate Risk","Inadequate sewage or wastewater disposal"
76445,"20131009",103147,"Low Risk","Inadequate ventilation or lighting"
76445,"20140114",103175,"Moderate Risk","Improperly displayed mobile food permit or signage"
76445,"20140114",103119,"Moderate Risk","Inadequate and inaccessible handwashing facilities"
76445,"20140114",103113,"High Risk","Sewage or wastewater contamination"
76445,"20140114",103129,"Moderate Risk","Insufficient hot water or running water"
76445,"20140114",103156,"Low Risk","Permit license or inspection report not posted"
76445,"20140114",103147,"Low Risk","Inadequate ventilation or lighting"
76445,"20140114",103144,"Low Risk","Unapproved or unmaintained equipment or utensils"
76445,"20140114",103149,"Low Risk","Wiping cloths not clean or properly stored or inadequate sanitizer"
76445,"20140123",103112,"High Risk","No hot water or running water"
76445,"20140123",103103,"High Risk","High risk food holding temperature "
76445,"20140728",103162,"Low Risk","Other low risk violation"
76445,"20140728",103120,"Moderate Risk","Moderate risk food holding temperature "
76445,"20140728",103132,"Moderate Risk","Improper thawing methods "
76445,"20140728",103149,"Low Risk","Wiping cloths not clean or properly stored or inadequate sanitizer"
76445,"20140728",103147,"Low Risk","Inadequate ventilation or lighting"
76450,"20141105",103156,"Low Risk","Permit license or inspection report not posted"
76450,"20141105",103134,"Moderate Risk","Other moderate risk violation"
76450,"20140110",103153,"Low Risk","Inadequate dressing rooms or improper storage of personal items"
76450,"20140110",103107,"High Risk","Improper reheating of food"
76465,"20141017",103149,"Low Risk","Wiping cloths not clean or properly stored or inadequate sanitizer"
76465,"20141017",103162,"Low Risk","Other low risk violation"
76465,"20141017",103139,"Low Risk","Improper food storage"
76465,"20141017",103124,"Moderate Risk","Inadequately cleaned or sanitized food contact surfaces"
76465,"20141017",103120,"Moderate Risk","Moderate risk food holding temperature "
76465,"20131104",103129,"Moderate Risk","Insufficient hot water or running water"
76465,"20140414",103144,"Low Risk","Unapproved or unmaintained equipment or utensils"
76477,"20150123",103119,"Moderate Risk","Inadequate and inaccessible handwashing facilities"
76477,"20150123",103138,"Low Risk","Improper storage use or identification of toxic substances"
76477,"20150123",103142,"Low Risk","Unclean nonfood contact surfaces"
76477,"20140609",103130,"Moderate Risk","Inadequate sewage or wastewater disposal"
76477,"20140609",103133,"Moderate Risk","Foods not protected from contamination"
76492,"20131022",103149,"Low Risk","Wiping cloths not clean or properly stored or inadequate sanitizer"
76492,"20131022",103134,"Moderate Risk","Other moderate risk violation"
76492,"20140522",103149,"Low Risk","Wiping cloths not clean or properly stored or inadequate sanitizer"
76492,"20140522",103145,"Low Risk","Improper storage of equipment utensils or linens"
76503,"20140207",103148,"Low Risk","No thermometers or uncalibrated thermometers "
76503,"20140801",103144,"Low Risk","Unapproved or unmaintained equipment or utensils"
76504,"20150406",103116,"Moderate Risk","Inadequate food safety knowledge or lack of certified food safety manager"
76504,"20140226",103119,"Moderate Risk","Inadequate and inaccessible handwashing facilities"
76504,"20140226",103144,"Low Risk","Unapproved or unmaintained equipment or utensils"
76504,"20140226",103116,"Moderate Risk","Inadequate food safety knowledge or lack of certified food safety manager"
76506,"20150604",103157,"Low Risk","Food safety certificate or food handler card not available"
76506,"20150604",103120,"Moderate Risk","Moderate risk food holding temperature "
76506,"20140116",103157,"Low Risk","Food safety certificate or food handler card not available"
76506,"20140116",103120,"Moderate Risk","Moderate risk food holding temperature "
76506,"20140331",103154,"Low Risk","Unclean or degraded floors walls or ceilings"
76506,"20140331",103156,"Low Risk","Permit license or inspection report not posted"
76506,"20140331",103157,"Low Risk","Food safety certificate or food handler card not available"
76508,"20140828",103138,"Low Risk","Improper storage use or identification of toxic substances"
76508,"20140828",103150,"Low Risk","Improper or defective plumbing"
76508,"20131031",103157,"Low Risk","Food safety certificate or food handler card not available"
76508,"20131031",103154,"Low Risk","Unclean or degraded floors walls or ceilings"
76508,"20131031",103138,"Low Risk","Improper storage use or identification of toxic substances"
76508,"20131031",103150,"Low Risk","Improper or defective plumbing"
76511,"20141113",103139,"Low Risk","Improper food storage"
76511,"20141113",103119,"Moderate Risk","Inadequate and inaccessible handwashing facilities"
76511,"20141113",103103,"High Risk","High risk food holding temperature "
76511,"20141113",103154,"Low Risk","Unclean or degraded floors walls or ceilings"
76511,"20141113",103144,"Low Risk","Unapproved or unmaintained equipment or utensils"
76511,"20131203",103144,"Low Risk","Unapproved or unmaintained equipment or utensils"
76511,"20131203",103139,"Low Risk","Improper food storage"
76513,"20141023",103102,"High Risk","Unclean hands or improper use of gloves"
76513,"20141023",103120,"Moderate Risk","Moderate risk food holding temperature "
76513,"20141023",103133,"Moderate Risk","Foods not protected from contamination"
76513,"20141023",103148,"Low Risk","No thermometers or uncalibrated thermometers "
76513,"20141023",103154,"Low Risk","Unclean or degraded floors walls or ceilings"
76526,"20131115",103124,"Moderate Risk","Inadequately cleaned or sanitized food contact surfaces"
76526,"20131115",103154,"Low Risk","Unclean or degraded floors walls or ceilings"
76526,"20131115",103103,"High Risk","High risk food holding temperature "
76526,"20131115",103144,"Low Risk","Unapproved or unmaintained equipment or utensils"
76526,"20131115",103139,"Low Risk","Improper food storage"
76526,"20131115",103119,"Moderate Risk","Inadequate and inaccessible handwashing facilities"
76526,"20140606",103139,"Low Risk","Improper food storage"
76526,"20140606",103142,"Low Risk","Unclean nonfood contact surfaces"
76527,"20141103",103124,"Moderate Risk","Inadequately cleaned or sanitized food contact surfaces"
76527,"20141103",103161,"Low Risk","Low risk vermin infestation"
76543,"20141002",103149,"Low Risk","Wiping cloths not clean or properly stored or inadequate sanitizer"
76543,"20141002",103144,"Low Risk","Unapproved or unmaintained equipment or utensils"
76543,"20140219",103144,"Low Risk","Unapproved or unmaintained equipment or utensils"
76543,"20140219",103133,"Moderate Risk","Foods not protected from contamination"
76544,"20140828",103148,"Low Risk","No thermometers or uncalibrated thermometers "
76544,"20140828",103120,"Moderate Risk","Moderate risk food holding temperature "
76544,"20140828",103105,"High Risk","Improper cooling methods"
76544,"20140828",103109,"High Risk","Unclean or unsanitary food contact surfaces"
76544,"20150213",103103,"High Risk","High risk food holding temperature "
76544,"20150213",103142,"Low Risk","Unclean nonfood contact surfaces"
76544,"20140114",103103,"High Risk","High risk food holding temperature "
76544,"20140114",103105,"High Risk","Improper cooling methods"
76545,"20141223",103144,"Low Risk","Unapproved or unmaintained equipment or utensils"
76545,"20141223",103120,"Moderate Risk","Moderate risk food holding temperature "
76545,"20141223",103157,"Low Risk","Food safety certificate or food handler card not available"
76545,"20141223",103149,"Low Risk","Wiping cloths not clean or properly stored or inadequate sanitizer"
76545,"20131108",103145,"Low Risk","Improper storage of equipment utensils or linens"
76545,"20131108",103139,"Low Risk","Improper food storage"
76545,"20140521",103144,"Low Risk","Unapproved or unmaintained equipment or utensils"
76546,"20141002",103142,"Low Risk","Unclean nonfood contact surfaces"
76547,"20141208",103131,"Moderate Risk","Moderate risk vermin infestation"
76547,"20141208",103149,"Low Risk","Wiping cloths not clean or properly stored or inadequate sanitizer"
76547,"20141208",103156,"Low Risk","Permit license or inspection report not posted"
76547,"20141208",103119,"Moderate Risk","Inadequate and inaccessible handwashing facilities"
76547,"20141208",103157,"Low Risk","Food safety certificate or food handler card not available"
76547,"20141208",103142,"Low Risk","Unclean nonfood contact surfaces"
76547,"20140502",103157,"Low Risk","Food safety certificate or food handler card not available"
76547,"20140502",103150,"Low Risk","Improper or defective plumbing"
76547,"20140502",103153,"Low Risk","Inadequate dressing rooms or improper storage of personal items"
76547,"20140502",103133,"Moderate Risk","Foods not protected from contamination"
76547,"20140502",103103,"High Risk","High risk food holding temperature "
76547,"20140502",103102,"High Risk","Unclean hands or improper use of gloves"
76547,"20140502",103149,"Low Risk","Wiping cloths not clean or properly stored or inadequate sanitizer"
76574,"20140324",103120,"Moderate Risk","Moderate risk food holding temperature "
76574,"20140819",103145,"Low Risk","Improper storage of equipment utensils or linens"
76586,"20140625",103123,"Moderate Risk","Food in poor condition"
76586,"20140625",103124,"Moderate Risk","Inadequately cleaned or sanitized food contact surfaces"
76586,"20140625",103129,"Moderate Risk","Insufficient hot water or running water"
76587,"20141201",103139,"Low Risk","Improper food storage"
76587,"20141201",103103,"High Risk","High risk food holding temperature "
76587,"20141201",103149,"Low Risk","Wiping cloths not clean or properly stored or inadequate sanitizer"
76587,"20140530",103149,"Low Risk","Wiping cloths not clean or properly stored or inadequate sanitizer"
76587,"20140530",103119,"Moderate Risk","Inadequate and inaccessible handwashing facilities"
76587,"20140530",103120,"Moderate Risk","Moderate risk food holding temperature "
76595,"20150402",103142,"Low Risk","Unclean nonfood contact surfaces"
76595,"20150402",103141,"Low Risk","Improper food labeling or menu misrepresentation"
76595,"20140621",103119,"Moderate Risk","Inadequate and inaccessible handwashing facilities"
76595,"20140621",103157,"Low Risk","Food safety certificate or food handler card not available"
76604,"20141105",103154,"Low Risk","Unclean or degraded floors walls or ceilings"
76604,"20131204",103149,"Low Risk","Wiping cloths not clean or properly stored or inadequate sanitizer"
76604,"20140528",103144,"Low Risk","Unapproved or unmaintained equipment or utensils"
76604,"20140528",103116,"Moderate Risk","Inadequate food safety knowledge or lack of certified food safety manager"
76604,"20140528",103156,"Low Risk","Permit license or inspection report not posted"
76611,"20140926",103103,"High Risk","High risk food holding temperature "
76615,"20140115",103142,"Low Risk","Unclean nonfood contact surfaces"
76615,"20140115",103131,"Moderate Risk","Moderate risk vermin infestation"
76615,"20140115",103124,"Moderate Risk","Inadequately cleaned or sanitized food contact surfaces"
76615,"20140115",103145,"Low Risk","Improper storage of equipment utensils or linens"
76615,"20140710",103124,"Moderate Risk","Inadequately cleaned or sanitized food contact surfaces"
76615,"20140710",103103,"High Risk","High risk food holding temperature "
76615,"20140710",103129,"Moderate Risk","Insufficient hot water or running water"
76615,"20140710",103131,"Moderate Risk","Moderate risk vermin infestation"
76615,"20140710",103149,"Low Risk","Wiping cloths not clean or properly stored or inadequate sanitizer"
76633,"20131114",103121,"Moderate Risk","Inadequate procedures or records for time as a public health control "
76633,"20131114",103124,"Moderate Risk","Inadequately cleaned or sanitized food contact surfaces"
76633,"20140402",103116,"Moderate Risk","Inadequate food safety knowledge or lack of certified food safety manager"
76633,"20140402",103145,"Low Risk","Improper storage of equipment utensils or linens"
76633,"20140402",103162,"Low Risk","Other low risk violation"
76638,"20150220",103119,"Moderate Risk","Inadequate and inaccessible handwashing facilities"
76638,"20150220",103120,"Moderate Risk","Moderate risk food holding temperature "
76638,"20150220",103149,"Low Risk","Wiping cloths not clean or properly stored or inadequate sanitizer"
76638,"20131029",103149,"Low Risk","Wiping cloths not clean or properly stored or inadequate sanitizer"
76638,"20131029",103162,"Low Risk","Other low risk violation"
76638,"20140218",103159,"Low Risk","Worker safety hazards"
76640,"20150403",103124,"Moderate Risk","Inadequately cleaned or sanitized food contact surfaces"
76640,"20150403",103156,"Low Risk","Permit license or inspection report not posted"
76653,"20150311",103138,"Low Risk","Improper storage use or identification of toxic substances"
76653,"20150311",103149,"Low Risk","Wiping cloths not clean or properly stored or inadequate sanitizer"
76653,"20150311",103131,"Moderate Risk","Moderate risk vermin infestation"
76653,"20150311",103119,"Moderate Risk","Inadequate and inaccessible handwashing facilities"
76653,"20140205",103144,"Low Risk","Unapproved or unmaintained equipment or utensils"
76653,"20140205",103154,"Low Risk","Unclean or degraded floors walls or ceilings"
76659,"20150327",103145,"Low Risk","Improper storage of equipment utensils or linens"
76659,"20150327",103149,"Low Risk","Wiping cloths not clean or properly stored or inadequate sanitizer"
76659,"20150327",103153,"Low Risk","Inadequate dressing rooms or improper storage of personal items"
76659,"20131213",103103,"High Risk","High risk food holding temperature "
76659,"20140617",103139,"Low Risk","Improper food storage"
76676,"20140805",103144,"Low Risk","Unapproved or unmaintained equipment or utensils"
76676,"20140805",103129,"Moderate Risk","Insufficient hot water or running water"
76676,"20140805",103143,"Low Risk","Inadequate warewashing facilities or equipment"
76676,"20140805",103148,"Low Risk","No thermometers or uncalibrated thermometers "
76676,"20140805",103152,"Low Risk","Unclean unmaintained or improperly constructed toilet facilities"
76676,"20140805",103149,"Low Risk","Wiping cloths not clean or properly stored or inadequate sanitizer"
76676,"20140805",103142,"Low Risk","Unclean nonfood contact surfaces"
76677,"20150407",103149,"Low Risk","Wiping cloths not clean or properly stored or inadequate sanitizer"
76677,"20150407",103156,"Low Risk","Permit license or inspection report not posted"
76677,"20140725",103150,"Low Risk","Improper or defective plumbing"
76677,"20140725",103147,"Low Risk","Inadequate ventilation or lighting"
76677,"20140725",103116,"Moderate Risk","Inadequate food safety knowledge or lack of certified food safety manager"
76679,"20131106",103149,"Low Risk","Wiping cloths not clean or properly stored or inadequate sanitizer"
76679,"20131106",103142,"Low Risk","Unclean nonfood contact surfaces"
76679,"20131106",103161,"Low Risk","Low risk vermin infestation"
76679,"20131106",103133,"Moderate Risk","Foods not protected from contamination"
76679,"20140613",103149,"Low Risk","Wiping cloths not clean or properly stored or inadequate sanitizer"
76679,"20140613",103154,"Low Risk","Unclean or degraded floors walls or ceilings"
76679,"20140613",103142,"Low Risk","Unclean nonfood contact surfaces"
76679,"20140613",103161,"Low Risk","Low risk vermin infestation"
76685,"20141113",103136,"Low Risk","Unsanitary employee garments hair or nails"
76685,"20141113",103149,"Low Risk","Wiping cloths not clean or properly stored or inadequate sanitizer"
76685,"20141113",103150,"Low Risk","Improper or defective plumbing"
76685,"20141113",103131,"Moderate Risk","Moderate risk vermin infestation"
76698,"20150331",103115,"High Risk","Other high risk violation"
76698,"20131218",103149,"Low Risk","Wiping cloths not clean or properly stored or inadequate sanitizer"
76698,"20131218",103144,"Low Risk","Unapproved or unmaintained equipment or utensils"
76698,"20140429",103133,"Moderate Risk","Foods not protected from contamination"
76705,"20140319",103103,"High Risk","High risk food holding temperature "
76705,"20140319",103132,"Moderate Risk","Improper thawing methods "
76705,"20140319",103129,"Moderate Risk","Insufficient hot water or running water"
76708,"20131031",103145,"Low Risk","Improper storage of equipment utensils or linens"
76725,"20150211",103133,"Moderate Risk","Foods not protected from contamination"
76725,"20150211",103144,"Low Risk","Unapproved or unmaintained equipment or utensils"
76725,"20150211",103116,"Moderate Risk","Inadequate food safety knowledge or lack of certified food safety manager"
76725,"20140610",103119,"Moderate Risk","Inadequate and inaccessible handwashing facilities"
76725,"20140610",103116,"Moderate Risk","Inadequate food safety knowledge or lack of certified food safety manager"
76729,"20140909",103143,"Low Risk","Inadequate warewashing facilities or equipment"
76729,"20140909",103103,"High Risk","High risk food holding temperature "
76729,"20140909",103119,"Moderate Risk","Inadequate and inaccessible handwashing facilities"
76729,"20150219",103154,"Low Risk","Unclean or degraded floors walls or ceilings"
76729,"20150219",103153,"Low Risk","Inadequate dressing rooms or improper storage of personal items"
76729,"20150219",103147,"Low Risk","Inadequate ventilation or lighting"
76729,"20150219",103144,"Low Risk","Unapproved or unmaintained equipment or utensils"
76733,"20150129",103143,"Low Risk","Inadequate warewashing facilities or equipment"
76735,"20150204",103124,"Moderate Risk","Inadequately cleaned or sanitized food contact surfaces"
76735,"20150204",103148,"Low Risk","No thermometers or uncalibrated thermometers "
76735,"20150204",103145,"Low Risk","Improper storage of equipment utensils or linens"
76735,"20150204",103138,"Low Risk","Improper storage use or identification of toxic substances"
76735,"20150204",103154,"Low Risk","Unclean or degraded floors walls or ceilings"
76735,"20140611",103124,"Moderate Risk","Inadequately cleaned or sanitized food contact surfaces"
76735,"20140611",103156,"Low Risk","Permit license or inspection report not posted"
76747,"20140826",103153,"Low Risk","Inadequate dressing rooms or improper storage of personal items"
76747,"20140826",103142,"Low Risk","Unclean nonfood contact surfaces"
76747,"20140826",103120,"Moderate Risk","Moderate risk food holding temperature "
76749,"20141107",103124,"Moderate Risk","Inadequately cleaned or sanitized food contact surfaces"
76763,"20141209",103157,"Low Risk","Food safety certificate or food handler card not available"
76763,"20141209",103156,"Low Risk","Permit license or inspection report not posted"
76763,"20140317",103116,"Moderate Risk","Inadequate food safety knowledge or lack of certified food safety manager"
76763,"20140317",103114,"High Risk","High risk vermin infestation"
76763,"20140317",103133,"Moderate Risk","Foods not protected from contamination"
76783,"20140109",103144,"Low Risk","Unapproved or unmaintained equipment or utensils"
76783,"20140109",103124,"Moderate Risk","Inadequately cleaned or sanitized food contact surfaces"
76783,"20140109",103161,"Low Risk","Low risk vermin infestation"
76783,"20140109",103139,"Low Risk","Improper food storage"
76799,"20131105",103159,"Low Risk","Worker safety hazards"
76799,"20140422",103151,"Low Risk","Inadequate or unsanitary refuse containers or area or no garbage service"
76814,"20141114",103156,"Low Risk","Permit license or inspection report not posted"
76814,"20141114",103133,"Moderate Risk","Foods not protected from contamination"
76814,"20141114",103124,"Moderate Risk","Inadequately cleaned or sanitized food contact surfaces"
76814,"20141114",103102,"High Risk","Unclean hands or improper use of gloves"
76814,"20141114",103116,"Moderate Risk","Inadequate food safety knowledge or lack of certified food safety manager"
76814,"20140305",103133,"Moderate Risk","Foods not protected from contamination"
76814,"20140305",103149,"Low Risk","Wiping cloths not clean or properly stored or inadequate sanitizer"
76814,"20140305",103152,"Low Risk","Unclean unmaintained or improperly constructed toilet facilities"
76817,"20140429",103139,"Low Risk","Improper food storage"
76826,"20131114",103116,"Moderate Risk","Inadequate food safety knowledge or lack of certified food safety manager"
76826,"20131114",103154,"Low Risk","Unclean or degraded floors walls or ceilings"
76826,"20140317",103139,"Low Risk","Improper food storage"
76826,"20140317",103144,"Low Risk","Unapproved or unmaintained equipment or utensils"
76826,"20140317",103120,"Moderate Risk","Moderate risk food holding temperature "
76826,"20140317",103133,"Moderate Risk","Foods not protected from contamination"
76826,"20140317",103149,"Low Risk","Wiping cloths not clean or properly stored or inadequate sanitizer"
76826,"20140317",103154,"Low Risk","Unclean or degraded floors walls or ceilings"
76828,"20140404",103139,"Low Risk","Improper food storage"
76828,"20140404",103149,"Low Risk","Wiping cloths not clean or properly stored or inadequate sanitizer"
76828,"20140404",103143,"Low Risk","Inadequate warewashing facilities or equipment"
76832,"20140516",103119,"Moderate Risk","Inadequate and inaccessible handwashing facilities"
76874,"20140825",103119,"Moderate Risk","Inadequate and inaccessible handwashing facilities"
76874,"20140825",103143,"Low Risk","Inadequate warewashing facilities or equipment"
76874,"20140825",103149,"Low Risk","Wiping cloths not clean or properly stored or inadequate sanitizer"
76874,"20140825",103139,"Low Risk","Improper food storage"
76874,"20140825",103150,"Low Risk","Improper or defective plumbing"
76874,"20140825",103124,"Moderate Risk","Inadequately cleaned or sanitized food contact surfaces"
76876,"20140919",103133,"Moderate Risk","Foods not protected from contamination"
76883,"20150609",103121,"Moderate Risk","Inadequate procedures or records for time as a public health control "
76883,"20150609",103145,"Low Risk","Improper storage of equipment utensils or linens"
76895,"20150324",103133,"Moderate Risk","Foods not protected from contamination"
76896,"20150205",103149,"Low Risk","Wiping cloths not clean or properly stored or inadequate sanitizer"
76896,"20150205",103147,"Low Risk","Inadequate ventilation or lighting"
76896,"20150205",103139,"Low Risk","Improper food storage"
76896,"20150205",103102,"High Risk","Unclean hands or improper use of gloves"
76896,"20150205",103144,"Low Risk","Unapproved or unmaintained equipment or utensils"
76896,"20150205",103103,"High Risk","High risk food holding temperature "
76896,"20150205",103119,"Moderate Risk","Inadequate and inaccessible handwashing facilities"
76896,"20140102",103149,"Low Risk","Wiping cloths not clean or properly stored or inadequate sanitizer"
76896,"20140102",103144,"Low Risk","Unapproved or unmaintained equipment or utensils"
76896,"20140102",103105,"High Risk","Improper cooling methods"
76896,"20140102",103116,"Moderate Risk","Inadequate food safety knowledge or lack of certified food safety manager"
76896,"20140102",103139,"Low Risk","Improper food storage"
76905,"20140114",103145,"Low Risk","Improper storage of equipment utensils or linens"
76905,"20140609",103120,"Moderate Risk","Moderate risk food holding temperature "
76906,"20141106",103149,"Low Risk","Wiping cloths not clean or properly stored or inadequate sanitizer"
76906,"20141106",103139,"Low Risk","Improper food storage"
76906,"20150528",103161,"Low Risk","Low risk vermin infestation"
76906,"20131122",103153,"Low Risk","Inadequate dressing rooms or improper storage of personal items"
76906,"20131122",103157,"Low Risk","Food safety certificate or food handler card not available"
76906,"20140515",103145,"Low Risk","Improper storage of equipment utensils or linens"
76906,"20140515",103139,"Low Risk","Improper food storage"
76909,"20150129",103124,"Moderate Risk","Inadequately cleaned or sanitized food contact surfaces"
76909,"20140325",103119,"Moderate Risk","Inadequate and inaccessible handwashing facilities"
76909,"20140325",103154,"Low Risk","Unclean or degraded floors walls or ceilings"
76909,"20140325",103103,"High Risk","High risk food holding temperature "
76909,"20140325",103124,"Moderate Risk","Inadequately cleaned or sanitized food contact surfaces"
76909,"20140325",103141,"Low Risk","Improper food labeling or menu misrepresentation"
76909,"20140325",103145,"Low Risk","Improper storage of equipment utensils or linens"
76914,"20150303",103154,"Low Risk","Unclean or degraded floors walls or ceilings"
76927,"20140730",103144,"Low Risk","Unapproved or unmaintained equipment or utensils"
76927,"20140730",103133,"Moderate Risk","Foods not protected from contamination"
76927,"20140730",103124,"Moderate Risk","Inadequately cleaned or sanitized food contact surfaces"
76927,"20140730",103120,"Moderate Risk","Moderate risk food holding temperature "
76942,"20131202",103114,"High Risk","High risk vermin infestation"
76942,"20131202",103120,"Moderate Risk","Moderate risk food holding temperature "
76942,"20131202",103144,"Low Risk","Unapproved or unmaintained equipment or utensils"
76942,"20131202",103149,"Low Risk","Wiping cloths not clean or properly stored or inadequate sanitizer"
76942,"20140603",103139,"Low Risk","Improper food storage"
76942,"20140603",103142,"Low Risk","Unclean nonfood contact surfaces"
76942,"20140603",103154,"Low Risk","Unclean or degraded floors walls or ceilings"
76950,"20141120",103133,"Moderate Risk","Foods not protected from contamination"
76950,"20141120",103119,"Moderate Risk","Inadequate and inaccessible handwashing facilities"
76950,"20141120",103149,"Low Risk","Wiping cloths not clean or properly stored or inadequate sanitizer"
76950,"20141120",103116,"Moderate Risk","Inadequate food safety knowledge or lack of certified food safety manager"
76950,"20141120",103120,"Moderate Risk","Moderate risk food holding temperature "
76950,"20140115",103133,"Moderate Risk","Foods not protected from contamination"
76950,"20140115",103103,"High Risk","High risk food holding temperature "
76950,"20140115",103105,"High Risk","Improper cooling methods"
76950,"20140115",103131,"Moderate Risk","Moderate risk vermin infestation"
76950,"20140115",103124,"Moderate Risk","Inadequately cleaned or sanitized food contact surfaces"
76950,"20140115",103119,"Moderate Risk","Inadequate and inaccessible handwashing facilities"
76950,"20140609",103133,"Moderate Risk","Foods not protected from contamination"
76950,"20140609",103142,"Low Risk","Unclean nonfood contact surfaces"
76950,"20140609",103124,"Moderate Risk","Inadequately cleaned or sanitized food contact surfaces"
76950,"20140609",103103,"High Risk","High risk food holding temperature "
76950,"20140609",103105,"High Risk","Improper cooling methods"
76950,"20140609",103161,"Low Risk","Low risk vermin infestation"
76950,"20140609",103102,"High Risk","Unclean hands or improper use of gloves"
76957,"20140818",103129,"Moderate Risk","Insufficient hot water or running water"
76957,"20140818",103157,"Low Risk","Food safety certificate or food handler card not available"
76958,"20140621",103149,"Low Risk","Wiping cloths not clean or properly stored or inadequate sanitizer"
76958,"20140621",103157,"Low Risk","Food safety certificate or food handler card not available"
76958,"20140621",103120,"Moderate Risk","Moderate risk food holding temperature "
76960,"20141125",103133,"Moderate Risk","Foods not protected from contamination"
76960,"20141125",103147,"Low Risk","Inadequate ventilation or lighting"
76960,"20141125",103144,"Low Risk","Unapproved or unmaintained equipment or utensils"
76960,"20141125",103157,"Low Risk","Food safety certificate or food handler card not available"
76960,"20140226",103149,"Low Risk","Wiping cloths not clean or properly stored or inadequate sanitizer"
76962,"20150105",103102,"High Risk","Unclean hands or improper use of gloves"
76962,"20150105",103103,"High Risk","High risk food holding temperature "
76962,"20150105",103108,"High Risk","Contaminated or adulterated food"
76962,"20150105",103131,"Moderate Risk","Moderate risk vermin infestation"
76962,"20150105",103133,"Moderate Risk","Foods not protected from contamination"
76962,"20150105",103144,"Low Risk","Unapproved or unmaintained equipment or utensils"
76962,"20140618",103139,"Low Risk","Improper food storage"
76992,"20141106",103154,"Low Risk","Unclean or degraded floors walls or ceilings"
76992,"20141106",103109,"High Risk","Unclean or unsanitary food contact surfaces"
76992,"20141106",103144,"Low Risk","Unapproved or unmaintained equipment or utensils"
76992,"20141106",103133,"Moderate Risk","Foods not protected from contamination"
76992,"20141106",103131,"Moderate Risk","Moderate risk vermin infestation"
76992,"20141106",103120,"Moderate Risk","Moderate risk food holding temperature "
76992,"20140114",103154,"Low Risk","Unclean or degraded floors walls or ceilings"
76992,"20140114",103149,"Low Risk","Wiping cloths not clean or properly stored or inadequate sanitizer"
76992,"20140114",103120,"Moderate Risk","Moderate risk food holding temperature "
76997,"20140226",103154,"Low Risk","Unclean or degraded floors walls or ceilings"
76997,"20140226",103149,"Low Risk","Wiping cloths not clean or properly stored or inadequate sanitizer"
77004,"20141106",103133,"Moderate Risk","Foods not protected from contamination"
77005,"20150316",103120,"Moderate Risk","Moderate risk food holding temperature "
77005,"20150316",103156,"Low Risk","Permit license or inspection report not posted"
77005,"20150316",103133,"Moderate Risk","Foods not protected from contamination"
77015,"20131212",103119,"Moderate Risk","Inadequate and inaccessible handwashing facilities"
77015,"20131212",103154,"Low Risk","Unclean or degraded floors walls or ceilings"
77016,"20140124",103144,"Low Risk","Unapproved or unmaintained equipment or utensils"
77016,"20140124",103133,"Moderate Risk","Foods not protected from contamination"
77016,"20140124",103120,"Moderate Risk","Moderate risk food holding temperature "
77016,"20140124",103116,"Moderate Risk","Inadequate food safety knowledge or lack of certified food safety manager"
77016,"20140729",103133,"Moderate Risk","Foods not protected from contamination"
77016,"20140729",103124,"Moderate Risk","Inadequately cleaned or sanitized food contact surfaces"
77016,"20140729",103161,"Low Risk","Low risk vermin infestation"
77016,"20140729",103120,"Moderate Risk","Moderate risk food holding temperature "
77016,"20140729",103145,"Low Risk","Improper storage of equipment utensils or linens"
77017,"20150430",103129,"Moderate Risk","Insufficient hot water or running water"
77017,"20140122",103121,"Moderate Risk","Inadequate procedures or records for time as a public health control "
77017,"20140122",103149,"Low Risk","Wiping cloths not clean or properly stored or inadequate sanitizer"
77031,"20150210",103119,"Moderate Risk","Inadequate and inaccessible handwashing facilities"
77031,"20150210",103120,"Moderate Risk","Moderate risk food holding temperature "
77031,"20150210",103124,"Moderate Risk","Inadequately cleaned or sanitized food contact surfaces"
77031,"20150210",103133,"Moderate Risk","Foods not protected from contamination"
77031,"20150210",103154,"Low Risk","Unclean or degraded floors walls or ceilings"
77031,"20150210",103132,"Moderate Risk","Improper thawing methods "
77031,"20140604",103113,"High Risk","Sewage or wastewater contamination"
77031,"20140604",103132,"Moderate Risk","Improper thawing methods "
77031,"20140604",103131,"Moderate Risk","Moderate risk vermin infestation"
77031,"20140604",103102,"High Risk","Unclean hands or improper use of gloves"
77043,"20150223",103139,"Low Risk","Improper food storage"
77043,"20140306",103142,"Low Risk","Unclean nonfood contact surfaces"
77043,"20140306",103157,"Low Risk","Food safety certificate or food handler card not available"
77045,"20140707",103141,"Low Risk","Improper food labeling or menu misrepresentation"
77045,"20140707",103142,"Low Risk","Unclean nonfood contact surfaces"
77045,"20140707",103119,"Moderate Risk","Inadequate and inaccessible handwashing facilities"
77045,"20140707",103133,"Moderate Risk","Foods not protected from contamination"
77054,"20150318",103142,"Low Risk","Unclean nonfood contact surfaces"
77054,"20150318",103119,"Moderate Risk","Inadequate and inaccessible handwashing facilities"
77054,"20150318",103124,"Moderate Risk","Inadequately cleaned or sanitized food contact surfaces"
77054,"20150318",103145,"Low Risk","Improper storage of equipment utensils or linens"
77054,"20150318",103154,"Low Risk","Unclean or degraded floors walls or ceilings"
77054,"20150318",103133,"Moderate Risk","Foods not protected from contamination"
77054,"20150318",103139,"Low Risk","Improper food storage"
77054,"20140102",103139,"Low Risk","Improper food storage"
77054,"20140102",103154,"Low Risk","Unclean or degraded floors walls or ceilings"
77054,"20140102",103142,"Low Risk","Unclean nonfood contact surfaces"
77054,"20140102",103124,"Moderate Risk","Inadequately cleaned or sanitized food contact surfaces"
77054,"20140102",103119,"Moderate Risk","Inadequate and inaccessible handwashing facilities"
77054,"20140102",103105,"High Risk","Improper cooling methods"
77054,"20140102",103103,"High Risk","High risk food holding temperature "
77054,"20140102",103148,"Low Risk","No thermometers or uncalibrated thermometers "
77058,"20150211",103154,"Low Risk","Unclean or degraded floors walls or ceilings"
77058,"20150211",103139,"Low Risk","Improper food storage"
77058,"20150211",103118,"Moderate Risk","Employee eating or smoking"
77058,"20140502",103152,"Low Risk","Unclean unmaintained or improperly constructed toilet facilities"
77058,"20140502",103145,"Low Risk","Improper storage of equipment utensils or linens"
77065,"20150512",103120,"Moderate Risk","Moderate risk food holding temperature "
77065,"20150512",103131,"Moderate Risk","Moderate risk vermin infestation"
77065,"20150512",103154,"Low Risk","Unclean or degraded floors walls or ceilings"
77065,"20150512",103139,"Low Risk","Improper food storage"
77065,"20140102",103133,"Moderate Risk","Foods not protected from contamination"
77065,"20140102",103154,"Low Risk","Unclean or degraded floors walls or ceilings"
77076,"20150310",103119,"Moderate Risk","Inadequate and inaccessible handwashing facilities"
77076,"20150310",103124,"Moderate Risk","Inadequately cleaned or sanitized food contact surfaces"
77076,"20140506",103143,"Low Risk","Inadequate warewashing facilities or equipment"
77076,"20140506",103144,"Low Risk","Unapproved or unmaintained equipment or utensils"
77076,"20140506",103149,"Low Risk","Wiping cloths not clean or properly stored or inadequate sanitizer"
77080,"20140528",103119,"Moderate Risk","Inadequate and inaccessible handwashing facilities"
77080,"20140528",103149,"Low Risk","Wiping cloths not clean or properly stored or inadequate sanitizer"
77086,"20150331",103119,"Moderate Risk","Inadequate and inaccessible handwashing facilities"
77086,"20150331",103147,"Low Risk","Inadequate ventilation or lighting"
77086,"20150331",103148,"Low Risk","No thermometers or uncalibrated thermometers "
77086,"20150331",103139,"Low Risk","Improper food storage"
77086,"20150331",103130,"Moderate Risk","Inadequate sewage or wastewater disposal"
77086,"20150331",103157,"Low Risk","Food safety certificate or food handler card not available"
77086,"20150331",103102,"High Risk","Unclean hands or improper use of gloves"
77098,"20140818",103144,"Low Risk","Unapproved or unmaintained equipment or utensils"
77098,"20140818",103112,"High Risk","No hot water or running water"
77108,"20141126",103144,"Low Risk","Unapproved or unmaintained equipment or utensils"
77108,"20141126",103116,"Moderate Risk","Inadequate food safety knowledge or lack of certified food safety manager"
77108,"20141126",103120,"Moderate Risk","Moderate risk food holding temperature "
77108,"20141126",103124,"Moderate Risk","Inadequately cleaned or sanitized food contact surfaces"
77108,"20141126",103143,"Low Risk","Inadequate warewashing facilities or equipment"
77108,"20141126",103148,"Low Risk","No thermometers or uncalibrated thermometers "
77108,"20141126",103149,"Low Risk","Wiping cloths not clean or properly stored or inadequate sanitizer"
77108,"20141126",103154,"Low Risk","Unclean or degraded floors walls or ceilings"
77108,"20141126",103139,"Low Risk","Improper food storage"
77108,"20140113",103133,"Moderate Risk","Foods not protected from contamination"
77108,"20140113",103149,"Low Risk","Wiping cloths not clean or properly stored or inadequate sanitizer"
77108,"20140113",103144,"Low Risk","Unapproved or unmaintained equipment or utensils"
77108,"20140113",103142,"Low Risk","Unclean nonfood contact surfaces"
77108,"20140113",103139,"Low Risk","Improper food storage"
77108,"20140515",103144,"Low Risk","Unapproved or unmaintained equipment or utensils"
77108,"20140515",103154,"Low Risk","Unclean or degraded floors walls or ceilings"
77108,"20140515",103131,"Moderate Risk","Moderate risk vermin infestation"
77108,"20140515",103124,"Moderate Risk","Inadequately cleaned or sanitized food contact surfaces"
77157,"20140917",103150,"Low Risk","Improper or defective plumbing"
77157,"20140917",103119,"Moderate Risk","Inadequate and inaccessible handwashing facilities"
77161,"20140505",103139,"Low Risk","Improper food storage"
77161,"20140505",103103,"High Risk","High risk food holding temperature "
77161,"20140505",103109,"High Risk","Unclean or unsanitary food contact surfaces"
77162,"20141121",103147,"Low Risk","Inadequate ventilation or lighting"
77162,"20141121",103150,"Low Risk","Improper or defective plumbing"
77162,"20141121",103154,"Low Risk","Unclean or degraded floors walls or ceilings"
77162,"20141121",103162,"Low Risk","Other low risk violation"
77162,"20141121",103144,"Low Risk","Unapproved or unmaintained equipment or utensils"
77162,"20141121",103103,"High Risk","High risk food holding temperature "
77162,"20141121",103108,"High Risk","Contaminated or adulterated food"
77162,"20141121",103109,"High Risk","Unclean or unsanitary food contact surfaces"
77162,"20141121",103114,"High Risk","High risk vermin infestation"
77162,"20141121",103119,"Moderate Risk","Inadequate and inaccessible handwashing facilities"
77162,"20141121",103139,"Low Risk","Improper food storage"
77162,"20140130",103139,"Low Risk","Improper food storage"
77162,"20140130",103142,"Low Risk","Unclean nonfood contact surfaces"
77162,"20140130",103147,"Low Risk","Inadequate ventilation or lighting"
77162,"20140130",103154,"Low Risk","Unclean or degraded floors walls or ceilings"
77168,"20150323",103133,"Moderate Risk","Foods not protected from contamination"
77168,"20150323",103144,"Low Risk","Unapproved or unmaintained equipment or utensils"
77168,"20140106",103121,"Moderate Risk","Inadequate procedures or records for time as a public health control "
77168,"20140106",103132,"Moderate Risk","Improper thawing methods "
77168,"20140106",103120,"Moderate Risk","Moderate risk food holding temperature "
77168,"20140106",103149,"Low Risk","Wiping cloths not clean or properly stored or inadequate sanitizer"
77168,"20140709",103120,"Moderate Risk","Moderate risk food holding temperature "
77168,"20140709",103149,"Low Risk","Wiping cloths not clean or properly stored or inadequate sanitizer"
77169,"20140313",103120,"Moderate Risk","Moderate risk food holding temperature "
77173,"20150128",103149,"Low Risk","Wiping cloths not clean or properly stored or inadequate sanitizer"
77173,"20150128",103147,"Low Risk","Inadequate ventilation or lighting"
77173,"20150128",103144,"Low Risk","Unapproved or unmaintained equipment or utensils"
77173,"20150128",103143,"Low Risk","Inadequate warewashing facilities or equipment"
77173,"20150128",103157,"Low Risk","Food safety certificate or food handler card not available"
77173,"20150128",103150,"Low Risk","Improper or defective plumbing"
77173,"20150128",103152,"Low Risk","Unclean unmaintained or improperly constructed toilet facilities"
77173,"20131216",103132,"Moderate Risk","Improper thawing methods "
77173,"20131216",103133,"Moderate Risk","Foods not protected from contamination"
77173,"20131216",103144,"Low Risk","Unapproved or unmaintained equipment or utensils"
77173,"20131216",103130,"Moderate Risk","Inadequate sewage or wastewater disposal"
77173,"20131216",103154,"Low Risk","Unclean or degraded floors walls or ceilings"
77173,"20131216",103149,"Low Risk","Wiping cloths not clean or properly stored or inadequate sanitizer"
77173,"20131216",103148,"Low Risk","No thermometers or uncalibrated thermometers "
77176,"20150402",103124,"Moderate Risk","Inadequately cleaned or sanitized food contact surfaces"
77176,"20150402",103120,"Moderate Risk","Moderate risk food holding temperature "
77176,"20140122",103129,"Moderate Risk","Insufficient hot water or running water"
77176,"20140122",103120,"Moderate Risk","Moderate risk food holding temperature "
77176,"20140122",103149,"Low Risk","Wiping cloths not clean or properly stored or inadequate sanitizer"
77176,"20140122",103139,"Low Risk","Improper food storage"
77176,"20140813",103120,"Moderate Risk","Moderate risk food holding temperature "
77177,"20150123",103133,"Moderate Risk","Foods not protected from contamination"
77177,"20150123",103102,"High Risk","Unclean hands or improper use of gloves"
77177,"20150123",103154,"Low Risk","Unclean or degraded floors walls or ceilings"
77177,"20150123",103116,"Moderate Risk","Inadequate food safety knowledge or lack of certified food safety manager"
77177,"20131231",103144,"Low Risk","Unapproved or unmaintained equipment or utensils"
77178,"20140325",103120,"Moderate Risk","Moderate risk food holding temperature "
77181,"20150302",103114,"High Risk","High risk vermin infestation"
77181,"20150302",103103,"High Risk","High risk food holding temperature "
77181,"20140319",103141,"Low Risk","Improper food labeling or menu misrepresentation"
77181,"20140319",103139,"Low Risk","Improper food storage"
77181,"20140319",103145,"Low Risk","Improper storage of equipment utensils or linens"
77182,"20140716",103102,"High Risk","Unclean hands or improper use of gloves"
77182,"20140716",103147,"Low Risk","Inadequate ventilation or lighting"
77185,"20150225",103119,"Moderate Risk","Inadequate and inaccessible handwashing facilities"
77185,"20150225",103141,"Low Risk","Improper food labeling or menu misrepresentation"
77185,"20150225",103139,"Low Risk","Improper food storage"
77185,"20150225",103103,"High Risk","High risk food holding temperature "
77185,"20140722",103120,"Moderate Risk","Moderate risk food holding temperature "
77185,"20140722",103139,"Low Risk","Improper food storage"
77186,"20140903",103116,"Moderate Risk","Inadequate food safety knowledge or lack of certified food safety manager"
77186,"20140903",103109,"High Risk","Unclean or unsanitary food contact surfaces"
77186,"20140903",103145,"Low Risk","Improper storage of equipment utensils or linens"
77186,"20140102",103144,"Low Risk","Unapproved or unmaintained equipment or utensils"
77186,"20140102",103119,"Moderate Risk","Inadequate and inaccessible handwashing facilities"
77186,"20140102",103161,"Low Risk","Low risk vermin infestation"
77186,"20140102",103112,"High Risk","No hot water or running water"
77186,"20140226",103112,"High Risk","No hot water or running water"
77191,"20140610",103131,"Moderate Risk","Moderate risk vermin infestation"
77191,"20140610",103119,"Moderate Risk","Inadequate and inaccessible handwashing facilities"
77191,"20140610",103116,"Moderate Risk","Inadequate food safety knowledge or lack of certified food safety manager"
77191,"20140610",103109,"High Risk","Unclean or unsanitary food contact surfaces"
77198,"20150217",103124,"Moderate Risk","Inadequately cleaned or sanitized food contact surfaces"
77198,"20150217",103120,"Moderate Risk","Moderate risk food holding temperature "
77198,"20150217",103119,"Moderate Risk","Inadequate and inaccessible handwashing facilities"
77205,"20140611",103104,"High Risk","Unauthorized or unsafe use of time as a public health control measure"
77205,"20140611",103129,"Moderate Risk","Insufficient hot water or running water"
77205,"20140611",103119,"Moderate Risk","Inadequate and inaccessible handwashing facilities"
77205,"20140611",103156,"Low Risk","Permit license or inspection report not posted"
77205,"20140611",103143,"Low Risk","Inadequate warewashing facilities or equipment"
77213,"20140107",103154,"Low Risk","Unclean or degraded floors walls or ceilings"
77213,"20140107",103138,"Low Risk","Improper storage use or identification of toxic substances"
77213,"20140107",103120,"Moderate Risk","Moderate risk food holding temperature "
77213,"20140107",103161,"Low Risk","Low risk vermin infestation"
77213,"20140529",103145,"Low Risk","Improper storage of equipment utensils or linens"
77213,"20140529",103120,"Moderate Risk","Moderate risk food holding temperature "
77213,"20140529",103154,"Low Risk","Unclean or degraded floors walls or ceilings"
77252,"20150302",103119,"Moderate Risk","Inadequate and inaccessible handwashing facilities"
77252,"20150302",103153,"Low Risk","Inadequate dressing rooms or improper storage of personal items"
77252,"20150302",103156,"Low Risk","Permit license or inspection report not posted"
77252,"20140220",103109,"High Risk","Unclean or unsanitary food contact surfaces"
77252,"20140220",103116,"Moderate Risk","Inadequate food safety knowledge or lack of certified food safety manager"
77252,"20140220",103119,"Moderate Risk","Inadequate and inaccessible handwashing facilities"
77252,"20140220",103120,"Moderate Risk","Moderate risk food holding temperature "
77252,"20140220",103148,"Low Risk","No thermometers or uncalibrated thermometers "
77252,"20140220",103149,"Low Risk","Wiping cloths not clean or properly stored or inadequate sanitizer"
77252,"20140220",103154,"Low Risk","Unclean or degraded floors walls or ceilings"
77252,"20140630",103154,"Low Risk","Unclean or degraded floors walls or ceilings"
77252,"20140630",103119,"Moderate Risk","Inadequate and inaccessible handwashing facilities"
77252,"20140630",103138,"Low Risk","Improper storage use or identification of toxic substances"
77404,"20141105",103133,"Moderate Risk","Foods not protected from contamination"
77404,"20141105",103119,"Moderate Risk","Inadequate and inaccessible handwashing facilities"
77404,"20140619",103149,"Low Risk","Wiping cloths not clean or properly stored or inadequate sanitizer"
77420,"20141219",103116,"Moderate Risk","Inadequate food safety knowledge or lack of certified food safety manager"
77420,"20141219",103131,"Moderate Risk","Moderate risk vermin infestation"
77420,"20141219",103148,"Low Risk","No thermometers or uncalibrated thermometers "
77425,"20140407",103154,"Low Risk","Unclean or degraded floors walls or ceilings"
77425,"20140407",103131,"Moderate Risk","Moderate risk vermin infestation"
77425,"20140407",103120,"Moderate Risk","Moderate risk food holding temperature "
77427,"20150302",103120,"Moderate Risk","Moderate risk food holding temperature "
77427,"20150302",103145,"Low Risk","Improper storage of equipment utensils or linens"
77427,"20140401",103120,"Moderate Risk","Moderate risk food holding temperature "
77430,"20140207",103149,"Low Risk","Wiping cloths not clean or properly stored or inadequate sanitizer"
77430,"20140207",103119,"Moderate Risk","Inadequate and inaccessible handwashing facilities"
77430,"20140207",103143,"Low Risk","Inadequate warewashing facilities or equipment"
77430,"20140807",103149,"Low Risk","Wiping cloths not clean or properly stored or inadequate sanitizer"
77432,"20141208",103141,"Low Risk","Improper food labeling or menu misrepresentation"
77432,"20141208",103147,"Low Risk","Inadequate ventilation or lighting"
77432,"20140225",103119,"Moderate Risk","Inadequate and inaccessible handwashing facilities"
77432,"20140225",103149,"Low Risk","Wiping cloths not clean or properly stored or inadequate sanitizer"
77432,"20140225",103145,"Low Risk","Improper storage of equipment utensils or linens"
77432,"20140225",103104,"High Risk","Unauthorized or unsafe use of time as a public health control measure"
77432,"20140225",103148,"Low Risk","No thermometers or uncalibrated thermometers "
77433,"20141121",103120,"Moderate Risk","Moderate risk food holding temperature "
77433,"20141121",103147,"Low Risk","Inadequate ventilation or lighting"
77433,"20141121",103154,"Low Risk","Unclean or degraded floors walls or ceilings"
77433,"20141121",103131,"Moderate Risk","Moderate risk vermin infestation"
77433,"20140117",103148,"Low Risk","No thermometers or uncalibrated thermometers "
77433,"20140117",103147,"Low Risk","Inadequate ventilation or lighting"
77438,"20140312",103109,"High Risk","Unclean or unsanitary food contact surfaces"
77438,"20140312",103116,"Moderate Risk","Inadequate food safety knowledge or lack of certified food safety manager"
77438,"20140312",103103,"High Risk","High risk food holding temperature "
77438,"20140312",103133,"Moderate Risk","Foods not protected from contamination"
77438,"20140618",103124,"Moderate Risk","Inadequately cleaned or sanitized food contact surfaces"
77438,"20140618",103120,"Moderate Risk","Moderate risk food holding temperature "
77442,"20140515",103145,"Low Risk","Improper storage of equipment utensils or linens"
77457,"20140929",103156,"Low Risk","Permit license or inspection report not posted"
77457,"20140929",103105,"High Risk","Improper cooling methods"
77457,"20140929",103103,"High Risk","High risk food holding temperature "
77462,"20140321",103145,"Low Risk","Improper storage of equipment utensils or linens"
77462,"20140321",103120,"Moderate Risk","Moderate risk food holding temperature "
77484,"20141015",103119,"Moderate Risk","Inadequate and inaccessible handwashing facilities"
77484,"20141015",103145,"Low Risk","Improper storage of equipment utensils or linens"
77484,"20141015",103139,"Low Risk","Improper food storage"
77484,"20140415",103139,"Low Risk","Improper food storage"
77484,"20140415",103119,"Moderate Risk","Inadequate and inaccessible handwashing facilities"
77492,"20140128",103157,"Low Risk","Food safety certificate or food handler card not available"
77492,"20140128",103147,"Low Risk","Inadequate ventilation or lighting"
77492,"20140128",103119,"Moderate Risk","Inadequate and inaccessible handwashing facilities"
77492,"20140618",103124,"Moderate Risk","Inadequately cleaned or sanitized food contact surfaces"
77506,"20141107",103120,"Moderate Risk","Moderate risk food holding temperature "
77506,"20141107",103149,"Low Risk","Wiping cloths not clean or properly stored or inadequate sanitizer"
77506,"20141107",103133,"Moderate Risk","Foods not protected from contamination"
77506,"20140415",103149,"Low Risk","Wiping cloths not clean or properly stored or inadequate sanitizer"
77506,"20140415",103133,"Moderate Risk","Foods not protected from contamination"
77515,"20150204",103124,"Moderate Risk","Inadequately cleaned or sanitized food contact surfaces"
77515,"20140409",103124,"Moderate Risk","Inadequately cleaned or sanitized food contact surfaces"
77515,"20140409",103119,"Moderate Risk","Inadequate and inaccessible handwashing facilities"
77519,"20141008",103144,"Low Risk","Unapproved or unmaintained equipment or utensils"
77519,"20141008",103103,"High Risk","High risk food holding temperature "
77519,"20141008",103172,"High Risk","Mobile food facility with unapproved operating conditions"
77519,"20141008",103124,"Moderate Risk","Inadequately cleaned or sanitized food contact surfaces"
77520,"20141223",103102,"High Risk","Unclean hands or improper use of gloves"
77520,"20141223",103114,"High Risk","High risk vermin infestation"
77520,"20141223",103130,"Moderate Risk","Inadequate sewage or wastewater disposal"
77520,"20141223",103139,"Low Risk","Improper food storage"
77520,"20141223",103145,"Low Risk","Improper storage of equipment utensils or linens"
77520,"20141223",103149,"Low Risk","Wiping cloths not clean or properly stored or inadequate sanitizer"
77520,"20141223",103150,"Low Risk","Improper or defective plumbing"
77520,"20141223",103154,"Low Risk","Unclean or degraded floors walls or ceilings"
77520,"20141223",103103,"High Risk","High risk food holding temperature "
77520,"20140206",103161,"Low Risk","Low risk vermin infestation"
77520,"20140206",103154,"Low Risk","Unclean or degraded floors walls or ceilings"
77520,"20140206",103149,"Low Risk","Wiping cloths not clean or properly stored or inadequate sanitizer"
77530,"20140722",103116,"Moderate Risk","Inadequate food safety knowledge or lack of certified food safety manager"
77535,"20140723",103114,"High Risk","High risk vermin infestation"
77535,"20140723",103148,"Low Risk","No thermometers or uncalibrated thermometers "
77535,"20140723",103150,"Low Risk","Improper or defective plumbing"
77537,"20150115",103131,"Moderate Risk","Moderate risk vermin infestation"
77543,"20140902",103149,"Low Risk","Wiping cloths not clean or properly stored or inadequate sanitizer"
77543,"20140902",103145,"Low Risk","Improper storage of equipment utensils or linens"
77543,"20140205",103154,"Low Risk","Unclean or degraded floors walls or ceilings"
77543,"20140205",103121,"Moderate Risk","Inadequate procedures or records for time as a public health control "
77543,"20140205",103144,"Low Risk","Unapproved or unmaintained equipment or utensils"
77544,"20141021",103120,"Moderate Risk","Moderate risk food holding temperature "
77544,"20141021",103119,"Moderate Risk","Inadequate and inaccessible handwashing facilities"
77544,"20141021",103112,"High Risk","No hot water or running water"
77544,"20140116",103103,"High Risk","High risk food holding temperature "
77544,"20140116",103149,"Low Risk","Wiping cloths not clean or properly stored or inadequate sanitizer"
77544,"20140620",103103,"High Risk","High risk food holding temperature "
77544,"20140620",103141,"Low Risk","Improper food labeling or menu misrepresentation"
77544,"20140620",103143,"Low Risk","Inadequate warewashing facilities or equipment"
77546,"20141209",103114,"High Risk","High risk vermin infestation"
77546,"20141209",103154,"Low Risk","Unclean or degraded floors walls or ceilings"
77546,"20141209",103144,"Low Risk","Unapproved or unmaintained equipment or utensils"
77546,"20141209",103142,"Low Risk","Unclean nonfood contact surfaces"
77546,"20141209",103124,"Moderate Risk","Inadequately cleaned or sanitized food contact surfaces"
77546,"20141209",103119,"Moderate Risk","Inadequate and inaccessible handwashing facilities"
77546,"20140414",103119,"Moderate Risk","Inadequate and inaccessible handwashing facilities"
77546,"20140414",103150,"Low Risk","Improper or defective plumbing"
77547,"20141114",103145,"Low Risk","Improper storage of equipment utensils or linens"
77547,"20141114",103124,"Moderate Risk","Inadequately cleaned or sanitized food contact surfaces"
77547,"20140611",103139,"Low Risk","Improper food storage"
77548,"20141203",103109,"High Risk","Unclean or unsanitary food contact surfaces"
77548,"20141203",103145,"Low Risk","Improper storage of equipment utensils or linens"
77548,"20141203",103154,"Low Risk","Unclean or degraded floors walls or ceilings"
77548,"20141203",103119,"Moderate Risk","Inadequate and inaccessible handwashing facilities"
77548,"20141203",103114,"High Risk","High risk vermin infestation"
77548,"20141203",103133,"Moderate Risk","Foods not protected from contamination"
77548,"20141203",103105,"High Risk","Improper cooling methods"
77548,"20150106",103116,"Moderate Risk","Inadequate food safety knowledge or lack of certified food safety manager"
77548,"20150106",103124,"Moderate Risk","Inadequately cleaned or sanitized food contact surfaces"
77548,"20141203",103132,"Moderate Risk","Improper thawing methods "
77548,"20150106",103139,"Low Risk","Improper food storage"
77548,"20150106",103119,"Moderate Risk","Inadequate and inaccessible handwashing facilities"
77548,"20140304",103143,"Low Risk","Inadequate warewashing facilities or equipment"
77548,"20140304",103152,"Low Risk","Unclean unmaintained or improperly constructed toilet facilities"
77548,"20140304",103142,"Low Risk","Unclean nonfood contact surfaces"
77548,"20140304",103151,"Low Risk","Inadequate or unsanitary refuse containers or area or no garbage service"
77548,"20140304",103149,"Low Risk","Wiping cloths not clean or properly stored or inadequate sanitizer"
77548,"20140304",103124,"Moderate Risk","Inadequately cleaned or sanitized food contact surfaces"
77548,"20140304",103157,"Low Risk","Food safety certificate or food handler card not available"
77548,"20140304",103154,"Low Risk","Unclean or degraded floors walls or ceilings"
77550,"20150211",103145,"Low Risk","Improper storage of equipment utensils or linens"
77550,"20150211",103120,"Moderate Risk","Moderate risk food holding temperature "
77550,"20140305",103119,"Moderate Risk","Inadequate and inaccessible handwashing facilities"
77558,"20140221",103154,"Low Risk","Unclean or degraded floors walls or ceilings"
77558,"20140221",103145,"Low Risk","Improper storage of equipment utensils or linens"
77558,"20140221",103120,"Moderate Risk","Moderate risk food holding temperature "
77558,"20140221",103139,"Low Risk","Improper food storage"
77562,"20140915",103139,"Low Risk","Improper food storage"
77562,"20150428",103149,"Low Risk","Wiping cloths not clean or properly stored or inadequate sanitizer"
77562,"20150428",103139,"Low Risk","Improper food storage"
77562,"20140218",103119,"Moderate Risk","Inadequate and inaccessible handwashing facilities"
77562,"20140218",103133,"Moderate Risk","Foods not protected from contamination"
77564,"20150602",103121,"Moderate Risk","Inadequate procedures or records for time as a public health control "
77564,"20150602",103116,"Moderate Risk","Inadequate food safety knowledge or lack of certified food safety manager"
77564,"20150602",103133,"Moderate Risk","Foods not protected from contamination"
77564,"20150602",103109,"High Risk","Unclean or unsanitary food contact surfaces"
77564,"20150602",103139,"Low Risk","Improper food storage"
77564,"20150602",103154,"Low Risk","Unclean or degraded floors walls or ceilings"
77564,"20150602",103141,"Low Risk","Improper food labeling or menu misrepresentation"
77564,"20140211",103109,"High Risk","Unclean or unsanitary food contact surfaces"
77564,"20140211",103103,"High Risk","High risk food holding temperature "
77564,"20140211",103108,"High Risk","Contaminated or adulterated food"
77564,"20140211",103154,"Low Risk","Unclean or degraded floors walls or ceilings"
77564,"20140211",103145,"Low Risk","Improper storage of equipment utensils or linens"
77564,"20140211",103142,"Low Risk","Unclean nonfood contact surfaces"
77564,"20140211",103116,"Moderate Risk","Inadequate food safety knowledge or lack of certified food safety manager"
77564,"20140820",103114,"High Risk","High risk vermin infestation"
77564,"20140820",103121,"Moderate Risk","Inadequate procedures or records for time as a public health control "
77564,"20140820",103144,"Low Risk","Unapproved or unmaintained equipment or utensils"
77564,"20140820",103142,"Low Risk","Unclean nonfood contact surfaces"
77566,"20141229",103108,"High Risk","Contaminated or adulterated food"
77566,"20141229",103114,"High Risk","High risk vermin infestation"
77566,"20141229",103129,"Moderate Risk","Insufficient hot water or running water"
77566,"20141229",103154,"Low Risk","Unclean or degraded floors walls or ceilings"
77579,"20140430",103144,"Low Risk","Unapproved or unmaintained equipment or utensils"
77579,"20140430",103103,"High Risk","High risk food holding temperature "
77580,"20140829",103119,"Moderate Risk","Inadequate and inaccessible handwashing facilities"
77580,"20140829",103149,"Low Risk","Wiping cloths not clean or properly stored or inadequate sanitizer"
77580,"20140829",103154,"Low Risk","Unclean or degraded floors walls or ceilings"
77580,"20140213",103119,"Moderate Risk","Inadequate and inaccessible handwashing facilities"
77580,"20140213",103151,"Low Risk","Inadequate or unsanitary refuse containers or area or no garbage service"
77580,"20140213",103149,"Low Risk","Wiping cloths not clean or properly stored or inadequate sanitizer"
77580,"20140213",103154,"Low Risk","Unclean or degraded floors walls or ceilings"
77611,"20140530",103139,"Low Risk","Improper food storage"
77611,"20140530",103109,"High Risk","Unclean or unsanitary food contact surfaces"
77611,"20140530",103147,"Low Risk","Inadequate ventilation or lighting"
77611,"20140530",103133,"Moderate Risk","Foods not protected from contamination"
77611,"20140530",103145,"Low Risk","Improper storage of equipment utensils or linens"
77611,"20140530",103152,"Low Risk","Unclean unmaintained or improperly constructed toilet facilities"
77611,"20140530",103158,"Low Risk","Unpermitted food facility"
77611,"20140530",103120,"Moderate Risk","Moderate risk food holding temperature "
77632,"20150318",103133,"Moderate Risk","Foods not protected from contamination"
77632,"20150318",103103,"High Risk","High risk food holding temperature "
77632,"20140429",103139,"Low Risk","Improper food storage"
77642,"20150202",103119,"Moderate Risk","Inadequate and inaccessible handwashing facilities"
77642,"20150202",103142,"Low Risk","Unclean nonfood contact surfaces"
77642,"20150202",103152,"Low Risk","Unclean unmaintained or improperly constructed toilet facilities"
77642,"20140422",103157,"Low Risk","Food safety certificate or food handler card not available"
77642,"20140422",103119,"Moderate Risk","Inadequate and inaccessible handwashing facilities"
77642,"20140422",103131,"Moderate Risk","Moderate risk vermin infestation"
77642,"20140422",103142,"Low Risk","Unclean nonfood contact surfaces"
77642,"20140422",103152,"Low Risk","Unclean unmaintained or improperly constructed toilet facilities"
77642,"20140422",103154,"Low Risk","Unclean or degraded floors walls or ceilings"
77642,"20140422",103148,"Low Risk","No thermometers or uncalibrated thermometers "
77642,"20140502",103114,"High Risk","High risk vermin infestation"
77645,"20141203",103109,"High Risk","Unclean or unsanitary food contact surfaces"
77645,"20141203",103154,"Low Risk","Unclean or degraded floors walls or ceilings"
77645,"20141203",103131,"Moderate Risk","Moderate risk vermin infestation"
77645,"20141203",103105,"High Risk","Improper cooling methods"
77645,"20140402",103133,"Moderate Risk","Foods not protected from contamination"
77645,"20140402",103132,"Moderate Risk","Improper thawing methods "
77645,"20140402",103103,"High Risk","High risk food holding temperature "
77645,"20140402",103131,"Moderate Risk","Moderate risk vermin infestation"
77667,"20140722",103145,"Low Risk","Improper storage of equipment utensils or linens"
77667,"20140722",103142,"Low Risk","Unclean nonfood contact surfaces"
77667,"20140722",103120,"Moderate Risk","Moderate risk food holding temperature "
77667,"20140722",103119,"Moderate Risk","Inadequate and inaccessible handwashing facilities"
77669,"20140123",103124,"Moderate Risk","Inadequately cleaned or sanitized food contact surfaces"
77669,"20140123",103161,"Low Risk","Low risk vermin infestation"
77669,"20140123",103151,"Low Risk","Inadequate or unsanitary refuse containers or area or no garbage service"
77669,"20140123",103132,"Moderate Risk","Improper thawing methods "
77669,"20140123",103116,"Moderate Risk","Inadequate food safety knowledge or lack of certified food safety manager"
77669,"20140123",103133,"Moderate Risk","Foods not protected from contamination"
77669,"20140623",103138,"Low Risk","Improper storage use or identification of toxic substances"
77669,"20140623",103142,"Low Risk","Unclean nonfood contact surfaces"
77672,"20141022",103121,"Moderate Risk","Inadequate procedures or records for time as a public health control "
77672,"20141022",103148,"Low Risk","No thermometers or uncalibrated thermometers "
77672,"20141022",103153,"Low Risk","Inadequate dressing rooms or improper storage of personal items"
77672,"20141022",103145,"Low Risk","Improper storage of equipment utensils or linens"
77672,"20141022",103144,"Low Risk","Unapproved or unmaintained equipment or utensils"
77672,"20141022",103109,"High Risk","Unclean or unsanitary food contact surfaces"
77672,"20141022",103131,"Moderate Risk","Moderate risk vermin infestation"
77672,"20141022",103133,"Moderate Risk","Foods not protected from contamination"
77672,"20141022",103154,"Low Risk","Unclean or degraded floors walls or ceilings"
77672,"20141022",103116,"Moderate Risk","Inadequate food safety knowledge or lack of certified food safety manager"
77672,"20141022",103156,"Low Risk","Permit license or inspection report not posted"
77672,"20150401",103131,"Moderate Risk","Moderate risk vermin infestation"
77672,"20150401",103150,"Low Risk","Improper or defective plumbing"
77672,"20150401",103116,"Moderate Risk","Inadequate food safety knowledge or lack of certified food safety manager"
77672,"20150401",103119,"Moderate Risk","Inadequate and inaccessible handwashing facilities"
77672,"20150401",103133,"Moderate Risk","Foods not protected from contamination"
77672,"20140327",103114,"High Risk","High risk vermin infestation"
77678,"20140801",103156,"Low Risk","Permit license or inspection report not posted"
77678,"20140801",103119,"Moderate Risk","Inadequate and inaccessible handwashing facilities"
77678,"20140801",103149,"Low Risk","Wiping cloths not clean or properly stored or inadequate sanitizer"
77678,"20140801",103139,"Low Risk","Improper food storage"
77681,"20140213",103102,"High Risk","Unclean hands or improper use of gloves"
77681,"20140213",103161,"Low Risk","Low risk vermin infestation"
77681,"20140213",103120,"Moderate Risk","Moderate risk food holding temperature "
77681,"20140121",103154,"Low Risk","Unclean or degraded floors walls or ceilings"
77681,"20140121",103144,"Low Risk","Unapproved or unmaintained equipment or utensils"
77681,"20140121",103116,"Moderate Risk","Inadequate food safety knowledge or lack of certified food safety manager"
77681,"20140121",103109,"High Risk","Unclean or unsanitary food contact surfaces"
77681,"20140213",103123,"Moderate Risk","Food in poor condition"
77681,"20140121",103131,"Moderate Risk","Moderate risk vermin infestation"
77681,"20140722",103105,"High Risk","Improper cooling methods"
77681,"20140722",103109,"High Risk","Unclean or unsanitary food contact surfaces"
77681,"20140722",103120,"Moderate Risk","Moderate risk food holding temperature "
77681,"20140722",103129,"Moderate Risk","Insufficient hot water or running water"
77681,"20140722",103131,"Moderate Risk","Moderate risk vermin infestation"
77681,"20140722",103133,"Moderate Risk","Foods not protected from contamination"
77681,"20140722",103119,"Moderate Risk","Inadequate and inaccessible handwashing facilities"
77693,"20150223",103119,"Moderate Risk","Inadequate and inaccessible handwashing facilities"
77693,"20150218",103157,"Low Risk","Food safety certificate or food handler card not available"
77693,"20150218",103156,"Low Risk","Permit license or inspection report not posted"
77693,"20150223",103131,"Moderate Risk","Moderate risk vermin infestation"
77693,"20150223",103154,"Low Risk","Unclean or degraded floors walls or ceilings"
77693,"20150223",103151,"Low Risk","Inadequate or unsanitary refuse containers or area or no garbage service"
77693,"20150223",103145,"Low Risk","Improper storage of equipment utensils or linens"
77693,"20150223",103144,"Low Risk","Unapproved or unmaintained equipment or utensils"
77693,"20150223",103142,"Low Risk","Unclean nonfood contact surfaces"
77693,"20150223",103139,"Low Risk","Improper food storage"
77693,"20150223",103138,"Low Risk","Improper storage use or identification of toxic substances"
77693,"20150218",103162,"Low Risk","Other low risk violation"
77693,"20150218",103139,"Low Risk","Improper food storage"
77693,"20150218",103120,"Moderate Risk","Moderate risk food holding temperature "
77693,"20150218",103119,"Moderate Risk","Inadequate and inaccessible handwashing facilities"
77693,"20150218",103131,"Moderate Risk","Moderate risk vermin infestation"
77693,"20150218",103154,"Low Risk","Unclean or degraded floors walls or ceilings"
77693,"20150218",103138,"Low Risk","Improper storage use or identification of toxic substances"
77693,"20150218",103151,"Low Risk","Inadequate or unsanitary refuse containers or area or no garbage service"
77693,"20150218",103142,"Low Risk","Unclean nonfood contact surfaces"
77693,"20150218",103144,"Low Risk","Unapproved or unmaintained equipment or utensils"
77693,"20150218",103145,"Low Risk","Improper storage of equipment utensils or linens"
77693,"20150218",103149,"Low Risk","Wiping cloths not clean or properly stored or inadequate sanitizer"
77693,"20140122",103154,"Low Risk","Unclean or degraded floors walls or ceilings"
77693,"20140122",103144,"Low Risk","Unapproved or unmaintained equipment or utensils"
77693,"20140122",103103,"High Risk","High risk food holding temperature "
77703,"20140401",103116,"Moderate Risk","Inadequate food safety knowledge or lack of certified food safety manager"
77703,"20140401",103103,"High Risk","High risk food holding temperature "
77703,"20140401",103133,"Moderate Risk","Foods not protected from contamination"
77703,"20140401",103109,"High Risk","Unclean or unsanitary food contact surfaces"
77714,"20140610",103131,"Moderate Risk","Moderate risk vermin infestation"
77714,"20140610",103133,"Moderate Risk","Foods not protected from contamination"
77731,"20140902",103120,"Moderate Risk","Moderate risk food holding temperature "
77731,"20150527",103143,"Low Risk","Inadequate warewashing facilities or equipment"
77731,"20150527",103144,"Low Risk","Unapproved or unmaintained equipment or utensils"
77731,"20150527",103149,"Low Risk","Wiping cloths not clean or properly stored or inadequate sanitizer"
77738,"20150203",103129,"Moderate Risk","Insufficient hot water or running water"
77738,"20150203",103139,"Low Risk","Improper food storage"
77738,"20140804",103141,"Low Risk","Improper food labeling or menu misrepresentation"
77745,"20140319",103132,"Moderate Risk","Improper thawing methods "
77745,"20140319",103119,"Moderate Risk","Inadequate and inaccessible handwashing facilities"
77745,"20140319",103142,"Low Risk","Unclean nonfood contact surfaces"
77745,"20140319",103139,"Low Risk","Improper food storage"
77745,"20140319",103107,"High Risk","Improper reheating of food"
77745,"20140819",103144,"Low Risk","Unapproved or unmaintained equipment or utensils"
77745,"20140819",103149,"Low Risk","Wiping cloths not clean or properly stored or inadequate sanitizer"
77745,"20140819",103132,"Moderate Risk","Improper thawing methods "
77745,"20140819",103103,"High Risk","High risk food holding temperature "
77745,"20140819",103139,"Low Risk","Improper food storage"
77745,"20140819",103116,"Moderate Risk","Inadequate food safety knowledge or lack of certified food safety manager"
77745,"20140819",103119,"Moderate Risk","Inadequate and inaccessible handwashing facilities"
77745,"20140819",103109,"High Risk","Unclean or unsanitary food contact surfaces"
77758,"20141015",103149,"Low Risk","Wiping cloths not clean or properly stored or inadequate sanitizer"
77759,"20141125",103154,"Low Risk","Unclean or degraded floors walls or ceilings"
77759,"20141125",103157,"Low Risk","Food safety certificate or food handler card not available"
77759,"20141125",103156,"Low Risk","Permit license or inspection report not posted"
77759,"20141125",103114,"High Risk","High risk vermin infestation"
77759,"20141125",103143,"Low Risk","Inadequate warewashing facilities or equipment"
77759,"20141125",103148,"Low Risk","No thermometers or uncalibrated thermometers "
77760,"20141106",103156,"Low Risk","Permit license or inspection report not posted"
77760,"20141106",103119,"Moderate Risk","Inadequate and inaccessible handwashing facilities"
77760,"20140519",103119,"Moderate Risk","Inadequate and inaccessible handwashing facilities"
77767,"20141008",103156,"Low Risk","Permit license or inspection report not posted"
77767,"20141008",103162,"Low Risk","Other low risk violation"
77767,"20141008",103157,"Low Risk","Food safety certificate or food handler card not available"
77767,"20141008",103150,"Low Risk","Improper or defective plumbing"
77767,"20140310",103154,"Low Risk","Unclean or degraded floors walls or ceilings"
77767,"20140310",103149,"Low Risk","Wiping cloths not clean or properly stored or inadequate sanitizer"
77767,"20140310",103147,"Low Risk","Inadequate ventilation or lighting"
77767,"20140310",103159,"Low Risk","Worker safety hazards"
77767,"20140310",103145,"Low Risk","Improper storage of equipment utensils or linens"
77767,"20140310",103144,"Low Risk","Unapproved or unmaintained equipment or utensils"
77767,"20140310",103142,"Low Risk","Unclean nonfood contact surfaces"
77767,"20140310",103119,"Moderate Risk","Inadequate and inaccessible handwashing facilities"
77769,"20141117",103143,"Low Risk","Inadequate warewashing facilities or equipment"
77769,"20141117",103120,"Moderate Risk","Moderate risk food holding temperature "
77769,"20140313",103120,"Moderate Risk","Moderate risk food holding temperature "
77769,"20140313",103120,"Moderate Risk","Moderate risk food holding temperature "
77771,"20140602",103119,"Moderate Risk","Inadequate and inaccessible handwashing facilities"
77771,"20140602",103116,"Moderate Risk","Inadequate food safety knowledge or lack of certified food safety manager"
77771,"20140602",103102,"High Risk","Unclean hands or improper use of gloves"
77771,"20140602",103121,"Moderate Risk","Inadequate procedures or records for time as a public health control "
77772,"20140826",103119,"Moderate Risk","Inadequate and inaccessible handwashing facilities"
77772,"20140826",103138,"Low Risk","Improper storage use or identification of toxic substances"
77772,"20140826",103142,"Low Risk","Unclean nonfood contact surfaces"
77772,"20140826",103144,"Low Risk","Unapproved or unmaintained equipment or utensils"
77772,"20140826",103149,"Low Risk","Wiping cloths not clean or properly stored or inadequate sanitizer"
77772,"20140826",103161,"Low Risk","Low risk vermin infestation"
77778,"20141230",103114,"High Risk","High risk vermin infestation"
77778,"20141230",103103,"High Risk","High risk food holding temperature "
77778,"20141230",103109,"High Risk","Unclean or unsanitary food contact surfaces"
77778,"20141230",103145,"Low Risk","Improper storage of equipment utensils or linens"
77778,"20141230",103133,"Moderate Risk","Foods not protected from contamination"
77778,"20140603",103133,"Moderate Risk","Foods not protected from contamination"
77778,"20140603",103153,"Low Risk","Inadequate dressing rooms or improper storage of personal items"
77778,"20140603",103149,"Low Risk","Wiping cloths not clean or properly stored or inadequate sanitizer"
77781,"20141007",103143,"Low Risk","Inadequate warewashing facilities or equipment"
77781,"20141007",103154,"Low Risk","Unclean or degraded floors walls or ceilings"
77781,"20141007",103144,"Low Risk","Unapproved or unmaintained equipment or utensils"
77781,"20141007",103120,"Moderate Risk","Moderate risk food holding temperature "
77781,"20140407",103124,"Moderate Risk","Inadequately cleaned or sanitized food contact surfaces"
77789,"20140715",103154,"Low Risk","Unclean or degraded floors walls or ceilings"
77789,"20140715",103119,"Moderate Risk","Inadequate and inaccessible handwashing facilities"
77790,"20140410",103102,"High Risk","Unclean hands or improper use of gloves"
77790,"20140410",103103,"High Risk","High risk food holding temperature "
77790,"20140410",103105,"High Risk","Improper cooling methods"
77790,"20140410",103124,"Moderate Risk","Inadequately cleaned or sanitized food contact surfaces"
77790,"20140410",103131,"Moderate Risk","Moderate risk vermin infestation"
77790,"20140410",103133,"Moderate Risk","Foods not protected from contamination"
77790,"20140502",103116,"Moderate Risk","Inadequate food safety knowledge or lack of certified food safety manager"
77790,"20140530",103161,"Low Risk","Low risk vermin infestation"
77791,"20150402",103119,"Moderate Risk","Inadequate and inaccessible handwashing facilities"
77791,"20150402",103124,"Moderate Risk","Inadequately cleaned or sanitized food contact surfaces"
77797,"20141022",103119,"Moderate Risk","Inadequate and inaccessible handwashing facilities"
77813,"20141202",103124,"Moderate Risk","Inadequately cleaned or sanitized food contact surfaces"
77813,"20141202",103154,"Low Risk","Unclean or degraded floors walls or ceilings"
77813,"20141202",103153,"Low Risk","Inadequate dressing rooms or improper storage of personal items"
77813,"20141202",103142,"Low Risk","Unclean nonfood contact surfaces"
77813,"20141202",103139,"Low Risk","Improper food storage"
77813,"20141202",103120,"Moderate Risk","Moderate risk food holding temperature "
77813,"20141202",103119,"Moderate Risk","Inadequate and inaccessible handwashing facilities"
77813,"20141202",103114,"High Risk","High risk vermin infestation"
77813,"20141202",103151,"Low Risk","Inadequate or unsanitary refuse containers or area or no garbage service"
77813,"20140401",103144,"Low Risk","Unapproved or unmaintained equipment or utensils"
77813,"20140401",103131,"Moderate Risk","Moderate risk vermin infestation"
77813,"20140401",103145,"Low Risk","Improper storage of equipment utensils or linens"
77816,"20150317",103116,"Moderate Risk","Inadequate food safety knowledge or lack of certified food safety manager"
77816,"20140708",103149,"Low Risk","Wiping cloths not clean or properly stored or inadequate sanitizer"
77825,"20150312",103144,"Low Risk","Unapproved or unmaintained equipment or utensils"
77825,"20140227",103144,"Low Risk","Unapproved or unmaintained equipment or utensils"
77825,"20140227",103154,"Low Risk","Unclean or degraded floors walls or ceilings"
77826,"20150212",103118,"Moderate Risk","Employee eating or smoking"
77833,"20140604",103119,"Moderate Risk","Inadequate and inaccessible handwashing facilities"
77833,"20140604",103124,"Moderate Risk","Inadequately cleaned or sanitized food contact surfaces"
77833,"20140604",103139,"Low Risk","Improper food storage"
77834,"20140226",103105,"High Risk","Improper cooling methods"
77836,"20140506",103157,"Low Risk","Food safety certificate or food handler card not available"
77836,"20140506",103156,"Low Risk","Permit license or inspection report not posted"
77838,"20150205",103114,"High Risk","High risk vermin infestation"
77838,"20150205",103154,"Low Risk","Unclean or degraded floors walls or ceilings"
77838,"20150205",103130,"Moderate Risk","Inadequate sewage or wastewater disposal"
77838,"20150212",103131,"Moderate Risk","Moderate risk vermin infestation"
77838,"20150205",103145,"Low Risk","Improper storage of equipment utensils or linens"
77838,"20140501",103103,"High Risk","High risk food holding temperature "
77838,"20140501",103139,"Low Risk","Improper food storage"
77838,"20140501",103133,"Moderate Risk","Foods not protected from contamination"
77838,"20140501",103144,"Low Risk","Unapproved or unmaintained equipment or utensils"
77838,"20140501",103154,"Low Risk","Unclean or degraded floors walls or ceilings"
77852,"20150511",103120,"Moderate Risk","Moderate risk food holding temperature "
77852,"20150511",103133,"Moderate Risk","Foods not protected from contamination"
77852,"20150511",103141,"Low Risk","Improper food labeling or menu misrepresentation"
77852,"20150511",103144,"Low Risk","Unapproved or unmaintained equipment or utensils"
77858,"20150511",103145,"Low Risk","Improper storage of equipment utensils or linens"
77890,"20141030",103144,"Low Risk","Unapproved or unmaintained equipment or utensils"
77894,"20141125",103139,"Low Risk","Improper food storage"
77894,"20141125",103144,"Low Risk","Unapproved or unmaintained equipment or utensils"
77894,"20141125",103161,"Low Risk","Low risk vermin infestation"
77894,"20141125",103147,"Low Risk","Inadequate ventilation or lighting"
77894,"20140516",103149,"Low Risk","Wiping cloths not clean or properly stored or inadequate sanitizer"
77907,"20140614",103119,"Moderate Risk","Inadequate and inaccessible handwashing facilities"
77913,"20150526",103154,"Low Risk","Unclean or degraded floors walls or ceilings"
77913,"20140407",103154,"Low Risk","Unclean or degraded floors walls or ceilings"
77913,"20140407",103143,"Low Risk","Inadequate warewashing facilities or equipment"
77913,"20140407",103144,"Low Risk","Unapproved or unmaintained equipment or utensils"
77916,"20141030",103152,"Low Risk","Unclean unmaintained or improperly constructed toilet facilities"
77916,"20141030",103150,"Low Risk","Improper or defective plumbing"
77916,"20141030",103139,"Low Risk","Improper food storage"
77916,"20141030",103119,"Moderate Risk","Inadequate and inaccessible handwashing facilities"
77918,"20141106",103133,"Moderate Risk","Foods not protected from contamination"
77918,"20141106",103120,"Moderate Risk","Moderate risk food holding temperature "
77918,"20141106",103142,"Low Risk","Unclean nonfood contact surfaces"
77918,"20141106",103143,"Low Risk","Inadequate warewashing facilities or equipment"
77918,"20140303",103133,"Moderate Risk","Foods not protected from contamination"
77918,"20140303",103105,"High Risk","Improper cooling methods"
77918,"20140415",103103,"High Risk","High risk food holding temperature "
77918,"20140303",103120,"Moderate Risk","Moderate risk food holding temperature "
77933,"20140313",103124,"Moderate Risk","Inadequately cleaned or sanitized food contact surfaces"
77933,"20140313",103129,"Moderate Risk","Insufficient hot water or running water"
77939,"20140605",103129,"Moderate Risk","Insufficient hot water or running water"
77939,"20140605",103143,"Low Risk","Inadequate warewashing facilities or equipment"
77951,"20140919",103124,"Moderate Risk","Inadequately cleaned or sanitized food contact surfaces"
77951,"20140919",103120,"Moderate Risk","Moderate risk food holding temperature "
77951,"20140919",103119,"Moderate Risk","Inadequate and inaccessible handwashing facilities"
77951,"20140919",103133,"Moderate Risk","Foods not protected from contamination"
77951,"20140213",103119,"Moderate Risk","Inadequate and inaccessible handwashing facilities"
77951,"20140213",103120,"Moderate Risk","Moderate risk food holding temperature "
77951,"20140213",103131,"Moderate Risk","Moderate risk vermin infestation"
77951,"20140213",103145,"Low Risk","Improper storage of equipment utensils or linens"
77951,"20140508",103161,"Low Risk","Low risk vermin infestation"
77955,"20150520",103149,"Low Risk","Wiping cloths not clean or properly stored or inadequate sanitizer"
77955,"20150520",103133,"Moderate Risk","Foods not protected from contamination"
77955,"20150520",103103,"High Risk","High risk food holding temperature "
77955,"20150520",103102,"High Risk","Unclean hands or improper use of gloves"
77958,"20150318",103139,"Low Risk","Improper food storage"
77958,"20150318",103154,"Low Risk","Unclean or degraded floors walls or ceilings"
77958,"20150318",103144,"Low Risk","Unapproved or unmaintained equipment or utensils"
77958,"20150318",103124,"Moderate Risk","Inadequately cleaned or sanitized food contact surfaces"
77973,"20140916",103123,"Moderate Risk","Food in poor condition"
77973,"20140916",103138,"Low Risk","Improper storage use or identification of toxic substances"
77973,"20140916",103144,"Low Risk","Unapproved or unmaintained equipment or utensils"
77973,"20140916",103142,"Low Risk","Unclean nonfood contact surfaces"
77973,"20140317",103120,"Moderate Risk","Moderate risk food holding temperature "
77973,"20140317",103139,"Low Risk","Improper food storage"
77973,"20140317",103142,"Low Risk","Unclean nonfood contact surfaces"
77973,"20140317",103154,"Low Risk","Unclean or degraded floors walls or ceilings"
77973,"20140317",103144,"Low Risk","Unapproved or unmaintained equipment or utensils"
77993,"20140722",103150,"Low Risk","Improper or defective plumbing"
77993,"20140722",103142,"Low Risk","Unclean nonfood contact surfaces"
78018,"20140509",103149,"Low Risk","Wiping cloths not clean or properly stored or inadequate sanitizer"
78018,"20140509",103129,"Moderate Risk","Insufficient hot water or running water"
78018,"20140509",103119,"Moderate Risk","Inadequate and inaccessible handwashing facilities"
78018,"20140509",103103,"High Risk","High risk food holding temperature "
78019,"20141023",103119,"Moderate Risk","Inadequate and inaccessible handwashing facilities"
78019,"20141023",103148,"Low Risk","No thermometers or uncalibrated thermometers "
78021,"20140730",103105,"High Risk","Improper cooling methods"
78028,"20140926",103154,"Low Risk","Unclean or degraded floors walls or ceilings"
78028,"20140926",103148,"Low Risk","No thermometers or uncalibrated thermometers "
78028,"20140926",103139,"Low Risk","Improper food storage"
78028,"20140926",103157,"Low Risk","Food safety certificate or food handler card not available"
78029,"20150518",103124,"Moderate Risk","Inadequately cleaned or sanitized food contact surfaces"
78029,"20150518",103161,"Low Risk","Low risk vermin infestation"
78029,"20150518",103154,"Low Risk","Unclean or degraded floors walls or ceilings"
78029,"20150518",103120,"Moderate Risk","Moderate risk food holding temperature "
78029,"20140324",103114,"High Risk","High risk vermin infestation"
78029,"20140324",103128,"Moderate Risk","Consumer advisory not provided for raw or undercooked foods"
78029,"20140324",103154,"Low Risk","Unclean or degraded floors walls or ceilings"
78055,"20150424",103149,"Low Risk","Wiping cloths not clean or properly stored or inadequate sanitizer"
78055,"20150424",103120,"Moderate Risk","Moderate risk food holding temperature "
78055,"20150424",103157,"Low Risk","Food safety certificate or food handler card not available"
78055,"20140625",103148,"Low Risk","No thermometers or uncalibrated thermometers "
78060,"20141113",103133,"Moderate Risk","Foods not protected from contamination"
78060,"20141113",103109,"High Risk","Unclean or unsanitary food contact surfaces"
78060,"20141113",103157,"Low Risk","Food safety certificate or food handler card not available"
78060,"20141113",103119,"Moderate Risk","Inadequate and inaccessible handwashing facilities"
78060,"20140313",103154,"Low Risk","Unclean or degraded floors walls or ceilings"
78060,"20140313",103133,"Moderate Risk","Foods not protected from contamination"
78060,"20140313",103119,"Moderate Risk","Inadequate and inaccessible handwashing facilities"
78060,"20140313",103150,"Low Risk","Improper or defective plumbing"
78063,"20141215",103154,"Low Risk","Unclean or degraded floors walls or ceilings"
78063,"20141215",103142,"Low Risk","Unclean nonfood contact surfaces"
78070,"20140603",103105,"High Risk","Improper cooling methods"
78070,"20140603",103119,"Moderate Risk","Inadequate and inaccessible handwashing facilities"
78070,"20140603",103153,"Low Risk","Inadequate dressing rooms or improper storage of personal items"
78072,"20140627",103119,"Moderate Risk","Inadequate and inaccessible handwashing facilities"
78072,"20140627",103103,"High Risk","High risk food holding temperature "
78102,"20150122",103143,"Low Risk","Inadequate warewashing facilities or equipment"
78102,"20150122",103142,"Low Risk","Unclean nonfood contact surfaces"
78102,"20150122",103124,"Moderate Risk","Inadequately cleaned or sanitized food contact surfaces"
78102,"20150122",103105,"High Risk","Improper cooling methods"
78102,"20140605",103121,"Moderate Risk","Inadequate procedures or records for time as a public health control "
78102,"20140605",103109,"High Risk","Unclean or unsanitary food contact surfaces"
78102,"20140605",103133,"Moderate Risk","Foods not protected from contamination"
78102,"20140605",103102,"High Risk","Unclean hands or improper use of gloves"
78102,"20140605",103120,"Moderate Risk","Moderate risk food holding temperature "
78106,"20140917",103149,"Low Risk","Wiping cloths not clean or properly stored or inadequate sanitizer"
78106,"20140917",103115,"High Risk","Other high risk violation"
78106,"20140917",103144,"Low Risk","Unapproved or unmaintained equipment or utensils"
78106,"20140917",103120,"Moderate Risk","Moderate risk food holding temperature "
78106,"20140917",103116,"Moderate Risk","Inadequate food safety knowledge or lack of certified food safety manager"
78106,"20140917",103145,"Low Risk","Improper storage of equipment utensils or linens"
78106,"20150219",103161,"Low Risk","Low risk vermin infestation"
78106,"20150219",103156,"Low Risk","Permit license or inspection report not posted"
78106,"20150219",103120,"Moderate Risk","Moderate risk food holding temperature "
78106,"20150219",103119,"Moderate Risk","Inadequate and inaccessible handwashing facilities"
78109,"20140407",103139,"Low Risk","Improper food storage"
78113,"20140515",103105,"High Risk","Improper cooling methods"
78163,"20150428",103150,"Low Risk","Improper or defective plumbing"
78163,"20150428",103149,"Low Risk","Wiping cloths not clean or properly stored or inadequate sanitizer"
78163,"20140409",103144,"Low Risk","Unapproved or unmaintained equipment or utensils"
78163,"20140409",103149,"Low Risk","Wiping cloths not clean or properly stored or inadequate sanitizer"
78171,"20140501",103124,"Moderate Risk","Inadequately cleaned or sanitized food contact surfaces"
78171,"20140501",103116,"Moderate Risk","Inadequate food safety knowledge or lack of certified food safety manager"
78171,"20140501",103120,"Moderate Risk","Moderate risk food holding temperature "
78171,"20140501",103144,"Low Risk","Unapproved or unmaintained equipment or utensils"
78172,"20150206",103154,"Low Risk","Unclean or degraded floors walls or ceilings"
78172,"20150206",103145,"Low Risk","Improper storage of equipment utensils or linens"
78172,"20150206",103161,"Low Risk","Low risk vermin infestation"
78172,"20140326",103161,"Low Risk","Low risk vermin infestation"
78172,"20140326",103154,"Low Risk","Unclean or degraded floors walls or ceilings"
78178,"20140617",103149,"Low Risk","Wiping cloths not clean or properly stored or inadequate sanitizer"
78178,"20140617",103145,"Low Risk","Improper storage of equipment utensils or linens"
78196,"20150206",103131,"Moderate Risk","Moderate risk vermin infestation"
78196,"20150206",103139,"Low Risk","Improper food storage"
78196,"20150206",103154,"Low Risk","Unclean or degraded floors walls or ceilings"
78196,"20150206",103120,"Moderate Risk","Moderate risk food holding temperature "
78196,"20150206",103145,"Low Risk","Improper storage of equipment utensils or linens"
78204,"20141201",103120,"Moderate Risk","Moderate risk food holding temperature "
78204,"20141201",103149,"Low Risk","Wiping cloths not clean or properly stored or inadequate sanitizer"
78213,"20140818",103145,"Low Risk","Improper storage of equipment utensils or linens"
78213,"20140818",103127,"Moderate Risk","Noncompliance with HAACP plan or variance"
78215,"20150511",103105,"High Risk","Improper cooling methods"
78215,"20150511",103124,"Moderate Risk","Inadequately cleaned or sanitized food contact surfaces"
78215,"20150511",103120,"Moderate Risk","Moderate risk food holding temperature "
78216,"20141107",103144,"Low Risk","Unapproved or unmaintained equipment or utensils"
78216,"20141107",103142,"Low Risk","Unclean nonfood contact surfaces"
78216,"20140319",103133,"Moderate Risk","Foods not protected from contamination"
78216,"20140319",103120,"Moderate Risk","Moderate risk food holding temperature "
78218,"20150309",103109,"High Risk","Unclean or unsanitary food contact surfaces"
78218,"20150309",103114,"High Risk","High risk vermin infestation"
78218,"20150309",103150,"Low Risk","Improper or defective plumbing"
78218,"20150309",103139,"Low Risk","Improper food storage"
78218,"20150309",103119,"Moderate Risk","Inadequate and inaccessible handwashing facilities"
78220,"20140327",103131,"Moderate Risk","Moderate risk vermin infestation"
78220,"20140327",103120,"Moderate Risk","Moderate risk food holding temperature "
78220,"20140327",103144,"Low Risk","Unapproved or unmaintained equipment or utensils"
78220,"20140327",103154,"Low Risk","Unclean or degraded floors walls or ceilings"
78220,"20140723",103116,"Moderate Risk","Inadequate food safety knowledge or lack of certified food safety manager"
78241,"20140603",103119,"Moderate Risk","Inadequate and inaccessible handwashing facilities"
78241,"20140603",103144,"Low Risk","Unapproved or unmaintained equipment or utensils"
78241,"20140603",103124,"Moderate Risk","Inadequately cleaned or sanitized food contact surfaces"
78275,"20141112",103133,"Moderate Risk","Foods not protected from contamination"
78275,"20140915",103124,"Moderate Risk","Inadequately cleaned or sanitized food contact surfaces"
78275,"20140915",103113,"High Risk","Sewage or wastewater contamination"
78275,"20140915",103102,"High Risk","Unclean hands or improper use of gloves"
78275,"20140915",103105,"High Risk","Improper cooling methods"
78275,"20141112",103120,"Moderate Risk","Moderate risk food holding temperature "
78275,"20140915",103108,"High Risk","Contaminated or adulterated food"
78275,"20140401",103142,"Low Risk","Unclean nonfood contact surfaces"
78275,"20140401",103109,"High Risk","Unclean or unsanitary food contact surfaces"
78275,"20140401",103114,"High Risk","High risk vermin infestation"
78275,"20140402",103124,"Moderate Risk","Inadequately cleaned or sanitized food contact surfaces"
78275,"20140401",103133,"Moderate Risk","Foods not protected from contamination"
78275,"20140603",103102,"High Risk","Unclean hands or improper use of gloves"
78278,"20140811",103139,"Low Risk","Improper food storage"
78278,"20140811",103119,"Moderate Risk","Inadequate and inaccessible handwashing facilities"
78289,"20150212",103119,"Moderate Risk","Inadequate and inaccessible handwashing facilities"
78289,"20150212",103120,"Moderate Risk","Moderate risk food holding temperature "
78289,"20150212",103150,"Low Risk","Improper or defective plumbing"
78295,"20140625",103148,"Low Risk","No thermometers or uncalibrated thermometers "
78295,"20140625",103105,"High Risk","Improper cooling methods"
78295,"20140625",103161,"Low Risk","Low risk vermin infestation"
78295,"20140625",103119,"Moderate Risk","Inadequate and inaccessible handwashing facilities"
78295,"20140625",103144,"Low Risk","Unapproved or unmaintained equipment or utensils"
78300,"20140428",103145,"Low Risk","Improper storage of equipment utensils or linens"
78300,"20140428",103149,"Low Risk","Wiping cloths not clean or properly stored or inadequate sanitizer"
78300,"20140428",103150,"Low Risk","Improper or defective plumbing"
78301,"20150327",103120,"Moderate Risk","Moderate risk food holding temperature "
78301,"20150327",103124,"Moderate Risk","Inadequately cleaned or sanitized food contact surfaces"
78301,"20150327",103157,"Low Risk","Food safety certificate or food handler card not available"
78303,"20140617",103120,"Moderate Risk","Moderate risk food holding temperature "
78313,"20141015",103119,"Moderate Risk","Inadequate and inaccessible handwashing facilities"
78313,"20141015",103139,"Low Risk","Improper food storage"
78313,"20141015",103103,"High Risk","High risk food holding temperature "
78313,"20150211",103156,"Low Risk","Permit license or inspection report not posted"
78313,"20150211",103139,"Low Risk","Improper food storage"
78313,"20150211",103120,"Moderate Risk","Moderate risk food holding temperature "
78313,"20150211",103119,"Moderate Risk","Inadequate and inaccessible handwashing facilities"
78313,"20150211",103112,"High Risk","No hot water or running water"
78314,"20150317",103149,"Low Risk","Wiping cloths not clean or properly stored or inadequate sanitizer"
78314,"20150317",103120,"Moderate Risk","Moderate risk food holding temperature "
78314,"20150317",103124,"Moderate Risk","Inadequately cleaned or sanitized food contact surfaces"
78332,"20150414",103157,"Low Risk","Food safety certificate or food handler card not available"
78332,"20150414",103142,"Low Risk","Unclean nonfood contact surfaces"
78332,"20150414",103149,"Low Risk","Wiping cloths not clean or properly stored or inadequate sanitizer"
78332,"20150414",103154,"Low Risk","Unclean or degraded floors walls or ceilings"
78336,"20150603",103116,"Moderate Risk","Inadequate food safety knowledge or lack of certified food safety manager"
78336,"20150603",103156,"Low Risk","Permit license or inspection report not posted"
78336,"20140423",103112,"High Risk","No hot water or running water"
78336,"20140423",103172,"High Risk","Mobile food facility with unapproved operating conditions"
78337,"20141007",103124,"Moderate Risk","Inadequately cleaned or sanitized food contact surfaces"
78338,"20150309",103133,"Moderate Risk","Foods not protected from contamination"
78347,"20150311",103119,"Moderate Risk","Inadequate and inaccessible handwashing facilities"
78347,"20150311",103129,"Moderate Risk","Insufficient hot water or running water"
78347,"20150311",103165,"Low Risk","No plan review or Building Permit"
78347,"20150311",103145,"Low Risk","Improper storage of equipment utensils or linens"
78347,"20150311",103143,"Low Risk","Inadequate warewashing facilities or equipment"
78347,"20150311",103144,"Low Risk","Unapproved or unmaintained equipment or utensils"
78347,"20150311",103154,"Low Risk","Unclean or degraded floors walls or ceilings"
78347,"20150311",103139,"Low Risk","Improper food storage"
78365,"20140914",103113,"High Risk","Sewage or wastewater contamination"
78366,"20141025",103119,"Moderate Risk","Inadequate and inaccessible handwashing facilities"
78366,"20140914",103113,"High Risk","Sewage or wastewater contamination"
78366,"20140914",103120,"Moderate Risk","Moderate risk food holding temperature "
78366,"20150419",103124,"Moderate Risk","Inadequately cleaned or sanitized food contact surfaces"
78367,"20140914",103133,"Moderate Risk","Foods not protected from contamination"
78367,"20140914",103113,"High Risk","Sewage or wastewater contamination"
78367,"20140408",103145,"Low Risk","Improper storage of equipment utensils or linens"
78367,"20140408",103119,"Moderate Risk","Inadequate and inaccessible handwashing facilities"
78368,"20150419",103107,"High Risk","Improper reheating of food"
78369,"20150419",103142,"Low Risk","Unclean nonfood contact surfaces"
78369,"20150419",103119,"Moderate Risk","Inadequate and inaccessible handwashing facilities"
78369,"20140408",103119,"Moderate Risk","Inadequate and inaccessible handwashing facilities"
78370,"20140408",103120,"Moderate Risk","Moderate risk food holding temperature "
78370,"20140408",103102,"High Risk","Unclean hands or improper use of gloves"
78370,"20140408",103124,"Moderate Risk","Inadequately cleaned or sanitized food contact surfaces"
78370,"20140408",103119,"Moderate Risk","Inadequate and inaccessible handwashing facilities"
78370,"20140408",103144,"Low Risk","Unapproved or unmaintained equipment or utensils"
78370,"20140408",103142,"Low Risk","Unclean nonfood contact surfaces"
78370,"20140408",103152,"Low Risk","Unclean unmaintained or improperly constructed toilet facilities"
78370,"20140408",103156,"Low Risk","Permit license or inspection report not posted"
78370,"20140408",103157,"Low Risk","Food safety certificate or food handler card not available"
78370,"20140408",103133,"Moderate Risk","Foods not protected from contamination"
78370,"20140408",103131,"Moderate Risk","Moderate risk vermin infestation"
78370,"20140408",103147,"Low Risk","Inadequate ventilation or lighting"
78371,"20141025",103103,"High Risk","High risk food holding temperature "
78372,"20141025",103119,"Moderate Risk","Inadequate and inaccessible handwashing facilities"
78372,"20150419",103119,"Moderate Risk","Inadequate and inaccessible handwashing facilities"
78373,"20140408",103129,"Moderate Risk","Insufficient hot water or running water"
78374,"20140408",103138,"Low Risk","Improper storage use or identification of toxic substances"
78374,"20140408",103120,"Moderate Risk","Moderate risk food holding temperature "
78374,"20140408",103129,"Moderate Risk","Insufficient hot water or running water"
78389,"20150310",103144,"Low Risk","Unapproved or unmaintained equipment or utensils"
78389,"20150310",103119,"Moderate Risk","Inadequate and inaccessible handwashing facilities"
78399,"20140826",103138,"Low Risk","Improper storage use or identification of toxic substances"
78399,"20140826",103120,"Moderate Risk","Moderate risk food holding temperature "
78399,"20140826",103142,"Low Risk","Unclean nonfood contact surfaces"
78399,"20140826",103139,"Low Risk","Improper food storage"
78399,"20140826",103131,"Moderate Risk","Moderate risk vermin infestation"
78399,"20140403",103150,"Low Risk","Improper or defective plumbing"
78399,"20140403",103109,"High Risk","Unclean or unsanitary food contact surfaces"
78399,"20140403",103120,"Moderate Risk","Moderate risk food holding temperature "
78399,"20140403",103131,"Moderate Risk","Moderate risk vermin infestation"
78399,"20140403",103138,"Low Risk","Improper storage use or identification of toxic substances"
78399,"20140403",103116,"Moderate Risk","Inadequate food safety knowledge or lack of certified food safety manager"
78406,"20141029",103131,"Moderate Risk","Moderate risk vermin infestation"
78406,"20141029",103162,"Low Risk","Other low risk violation"
78408,"20140410",103142,"Low Risk","Unclean nonfood contact surfaces"
78408,"20140410",103129,"Moderate Risk","Insufficient hot water or running water"
78408,"20140410",103149,"Low Risk","Wiping cloths not clean or properly stored or inadequate sanitizer"
78408,"20140529",103161,"Low Risk","Low risk vermin infestation"
78408,"20140529",103154,"Low Risk","Unclean or degraded floors walls or ceilings"
78423,"20150127",103143,"Low Risk","Inadequate warewashing facilities or equipment"
78423,"20150127",103144,"Low Risk","Unapproved or unmaintained equipment or utensils"
78423,"20150127",103116,"Moderate Risk","Inadequate food safety knowledge or lack of certified food safety manager"
78423,"20150127",103138,"Low Risk","Improper storage use or identification of toxic substances"
78423,"20150127",103109,"High Risk","Unclean or unsanitary food contact surfaces"
78423,"20140723",103103,"High Risk","High risk food holding temperature "
78423,"20140723",103144,"Low Risk","Unapproved or unmaintained equipment or utensils"
78423,"20140723",103132,"Moderate Risk","Improper thawing methods "
78423,"20140723",103116,"Moderate Risk","Inadequate food safety knowledge or lack of certified food safety manager"
78423,"20140723",103109,"High Risk","Unclean or unsanitary food contact surfaces"
78425,"20141028",103124,"Moderate Risk","Inadequately cleaned or sanitized food contact surfaces"
78425,"20141028",103114,"High Risk","High risk vermin infestation"
78426,"20141103",103159,"Low Risk","Worker safety hazards"
78426,"20141103",103149,"Low Risk","Wiping cloths not clean or properly stored or inadequate sanitizer"
78426,"20141103",103147,"Low Risk","Inadequate ventilation or lighting"
78426,"20141103",103121,"Moderate Risk","Inadequate procedures or records for time as a public health control "
78426,"20140714",103107,"High Risk","Improper reheating of food"
78452,"20141113",103142,"Low Risk","Unclean nonfood contact surfaces"
78452,"20141113",103144,"Low Risk","Unapproved or unmaintained equipment or utensils"
78452,"20140416",103120,"Moderate Risk","Moderate risk food holding temperature "
78452,"20140416",103152,"Low Risk","Unclean unmaintained or improperly constructed toilet facilities"
78452,"20140416",103161,"Low Risk","Low risk vermin infestation"
78452,"20140416",103157,"Low Risk","Food safety certificate or food handler card not available"
78452,"20140416",103154,"Low Risk","Unclean or degraded floors walls or ceilings"
78452,"20140416",103139,"Low Risk","Improper food storage"
78472,"20150601",103119,"Moderate Risk","Inadequate and inaccessible handwashing facilities"
78472,"20150601",103149,"Low Risk","Wiping cloths not clean or properly stored or inadequate sanitizer"
78473,"20141103",103131,"Moderate Risk","Moderate risk vermin infestation"
78473,"20150505",103161,"Low Risk","Low risk vermin infestation"
78473,"20150505",103154,"Low Risk","Unclean or degraded floors walls or ceilings"
78473,"20140430",103139,"Low Risk","Improper food storage"
78473,"20140430",103142,"Low Risk","Unclean nonfood contact surfaces"
78473,"20140430",103153,"Low Risk","Inadequate dressing rooms or improper storage of personal items"
78473,"20140430",103161,"Low Risk","Low risk vermin infestation"
78483,"20150311",103154,"Low Risk","Unclean or degraded floors walls or ceilings"
78483,"20150311",103142,"Low Risk","Unclean nonfood contact surfaces"
78483,"20150311",103133,"Moderate Risk","Foods not protected from contamination"
78483,"20140528",103149,"Low Risk","Wiping cloths not clean or properly stored or inadequate sanitizer"
78489,"20140721",103151,"Low Risk","Inadequate or unsanitary refuse containers or area or no garbage service"
78489,"20140721",103119,"Moderate Risk","Inadequate and inaccessible handwashing facilities"
78489,"20140721",103139,"Low Risk","Improper food storage"
78489,"20140721",103145,"Low Risk","Improper storage of equipment utensils or linens"
78489,"20140721",103147,"Low Risk","Inadequate ventilation or lighting"
78489,"20140721",103161,"Low Risk","Low risk vermin infestation"
78501,"20140430",103144,"Low Risk","Unapproved or unmaintained equipment or utensils"
78501,"20140430",103142,"Low Risk","Unclean nonfood contact surfaces"
78501,"20140430",103139,"Low Risk","Improper food storage"
78501,"20140430",103119,"Moderate Risk","Inadequate and inaccessible handwashing facilities"
78521,"20140929",103102,"High Risk","Unclean hands or improper use of gloves"
78521,"20140929",103131,"Moderate Risk","Moderate risk vermin infestation"
78521,"20140929",103139,"Low Risk","Improper food storage"
78521,"20140929",103154,"Low Risk","Unclean or degraded floors walls or ceilings"
78521,"20140929",103124,"Moderate Risk","Inadequately cleaned or sanitized food contact surfaces"
78528,"20141030",103107,"High Risk","Improper reheating of food"
78528,"20141030",103145,"Low Risk","Improper storage of equipment utensils or linens"
78528,"20141030",103144,"Low Risk","Unapproved or unmaintained equipment or utensils"
78528,"20141030",103124,"Moderate Risk","Inadequately cleaned or sanitized food contact surfaces"
78531,"20140609",103147,"Low Risk","Inadequate ventilation or lighting"
78531,"20140609",103132,"Moderate Risk","Improper thawing methods "
78544,"20140613",103120,"Moderate Risk","Moderate risk food holding temperature "
78544,"20140613",103139,"Low Risk","Improper food storage"
78555,"20140522",103116,"Moderate Risk","Inadequate food safety knowledge or lack of certified food safety manager"
78555,"20140522",103145,"Low Risk","Improper storage of equipment utensils or linens"
78563,"20140602",103145,"Low Risk","Improper storage of equipment utensils or linens"
78563,"20140602",103149,"Low Risk","Wiping cloths not clean or properly stored or inadequate sanitizer"
78579,"20150129",103156,"Low Risk","Permit license or inspection report not posted"
78579,"20150129",103161,"Low Risk","Low risk vermin infestation"
78579,"20150129",103144,"Low Risk","Unapproved or unmaintained equipment or utensils"
78579,"20140521",103139,"Low Risk","Improper food storage"
78580,"20150116",103119,"Moderate Risk","Inadequate and inaccessible handwashing facilities"
78604,"20140430",103119,"Moderate Risk","Inadequate and inaccessible handwashing facilities"
78604,"20140430",103133,"Moderate Risk","Foods not protected from contamination"
78604,"20140430",103144,"Low Risk","Unapproved or unmaintained equipment or utensils"
78604,"20140430",103154,"Low Risk","Unclean or degraded floors walls or ceilings"
78604,"20140430",103149,"Low Risk","Wiping cloths not clean or properly stored or inadequate sanitizer"
78619,"20141024",103105,"High Risk","Improper cooling methods"
78621,"20140626",103139,"Low Risk","Improper food storage"
78621,"20140626",103119,"Moderate Risk","Inadequate and inaccessible handwashing facilities"
78621,"20140626",103124,"Moderate Risk","Inadequately cleaned or sanitized food contact surfaces"
78621,"20140626",103150,"Low Risk","Improper or defective plumbing"
78621,"20140626",103154,"Low Risk","Unclean or degraded floors walls or ceilings"
78621,"20140626",103120,"Moderate Risk","Moderate risk food holding temperature "
78645,"20140528",103131,"Moderate Risk","Moderate risk vermin infestation"
78645,"20140528",103154,"Low Risk","Unclean or degraded floors walls or ceilings"
78645,"20140528",103150,"Low Risk","Improper or defective plumbing"
78645,"20140528",103119,"Moderate Risk","Inadequate and inaccessible handwashing facilities"
78653,"20140914",103149,"Low Risk","Wiping cloths not clean or properly stored or inadequate sanitizer"
78656,"20140914",103154,"Low Risk","Unclean or degraded floors walls or ceilings"
78662,"20140520",103161,"Low Risk","Low risk vermin infestation"
78662,"20140520",103103,"High Risk","High risk food holding temperature "
78662,"20140520",103109,"High Risk","Unclean or unsanitary food contact surfaces"
78663,"20150212",103143,"Low Risk","Inadequate warewashing facilities or equipment"
78663,"20150212",103120,"Moderate Risk","Moderate risk food holding temperature "
78663,"20150212",103154,"Low Risk","Unclean or degraded floors walls or ceilings"
78664,"20150114",103153,"Low Risk","Inadequate dressing rooms or improper storage of personal items"
78664,"20150114",103139,"Low Risk","Improper food storage"
78664,"20140627",103105,"High Risk","Improper cooling methods"
78664,"20140627",103116,"Moderate Risk","Inadequate food safety knowledge or lack of certified food safety manager"
78664,"20140627",103119,"Moderate Risk","Inadequate and inaccessible handwashing facilities"
78664,"20140627",103133,"Moderate Risk","Foods not protected from contamination"
78664,"20140627",103149,"Low Risk","Wiping cloths not clean or properly stored or inadequate sanitizer"
78668,"20141009",103142,"Low Risk","Unclean nonfood contact surfaces"
78668,"20141009",103139,"Low Risk","Improper food storage"
78669,"20141215",103149,"Low Risk","Wiping cloths not clean or properly stored or inadequate sanitizer"
78669,"20141215",103121,"Moderate Risk","Inadequate procedures or records for time as a public health control "
78670,"20150127",103145,"Low Risk","Improper storage of equipment utensils or linens"
78701,"20150115",103103,"High Risk","High risk food holding temperature "
78701,"20150115",103124,"Moderate Risk","Inadequately cleaned or sanitized food contact surfaces"
78701,"20150115",103144,"Low Risk","Unapproved or unmaintained equipment or utensils"
78701,"20150115",103139,"Low Risk","Improper food storage"
78706,"20140731",103139,"Low Risk","Improper food storage"
78706,"20140731",103144,"Low Risk","Unapproved or unmaintained equipment or utensils"
78706,"20140731",103119,"Moderate Risk","Inadequate and inaccessible handwashing facilities"
78709,"20140613",103120,"Moderate Risk","Moderate risk food holding temperature "
78709,"20140613",103144,"Low Risk","Unapproved or unmaintained equipment or utensils"
78712,"20141021",103132,"Moderate Risk","Improper thawing methods "
78712,"20141021",103120,"Moderate Risk","Moderate risk food holding temperature "
78712,"20141021",103119,"Moderate Risk","Inadequate and inaccessible handwashing facilities"
78712,"20141021",103139,"Low Risk","Improper food storage"
78718,"20141204",103148,"Low Risk","No thermometers or uncalibrated thermometers "
78718,"20141204",103119,"Moderate Risk","Inadequate and inaccessible handwashing facilities"
78718,"20141204",103116,"Moderate Risk","Inadequate food safety knowledge or lack of certified food safety manager"
78722,"20150603",103154,"Low Risk","Unclean or degraded floors walls or ceilings"
78722,"20150603",103133,"Moderate Risk","Foods not protected from contamination"
78722,"20150603",103132,"Moderate Risk","Improper thawing methods "
78724,"20140904",103162,"Low Risk","Other low risk violation"
78727,"20140604",103120,"Moderate Risk","Moderate risk food holding temperature "
78727,"20140604",103121,"Moderate Risk","Inadequate procedures or records for time as a public health control "
78727,"20140604",103138,"Low Risk","Improper storage use or identification of toxic substances"
78738,"20140708",103129,"Moderate Risk","Insufficient hot water or running water"
78739,"20140612",103144,"Low Risk","Unapproved or unmaintained equipment or utensils"
78739,"20140612",103112,"High Risk","No hot water or running water"
78739,"20140612",103159,"Low Risk","Worker safety hazards"
78739,"20140612",103157,"Low Risk","Food safety certificate or food handler card not available"
78742,"20140708",103119,"Moderate Risk","Inadequate and inaccessible handwashing facilities"
78747,"20150304",103161,"Low Risk","Low risk vermin infestation"
78747,"20150304",103154,"Low Risk","Unclean or degraded floors walls or ceilings"
78747,"20150304",103145,"Low Risk","Improper storage of equipment utensils or linens"
78747,"20150304",103124,"Moderate Risk","Inadequately cleaned or sanitized food contact surfaces"
78749,"20140814",103144,"Low Risk","Unapproved or unmaintained equipment or utensils"
78749,"20140814",103139,"Low Risk","Improper food storage"
78749,"20140814",103103,"High Risk","High risk food holding temperature "
78757,"20140716",103147,"Low Risk","Inadequate ventilation or lighting"
78757,"20140716",103148,"Low Risk","No thermometers or uncalibrated thermometers "
78757,"20140716",103120,"Moderate Risk","Moderate risk food holding temperature "
78762,"20150504",103139,"Low Risk","Improper food storage"
78762,"20140616",103114,"High Risk","High risk vermin infestation"
78775,"20150114",103102,"High Risk","Unclean hands or improper use of gloves"
78775,"20150114",103156,"Low Risk","Permit license or inspection report not posted"
78775,"20150114",103142,"Low Risk","Unclean nonfood contact surfaces"
78775,"20150114",103120,"Moderate Risk","Moderate risk food holding temperature "
78775,"20150114",103109,"High Risk","Unclean or unsanitary food contact surfaces"
78775,"20140520",103119,"Moderate Risk","Inadequate and inaccessible handwashing facilities"
78775,"20140520",103124,"Moderate Risk","Inadequately cleaned or sanitized food contact surfaces"
78775,"20140520",103103,"High Risk","High risk food holding temperature "
78779,"20140721",103144,"Low Risk","Unapproved or unmaintained equipment or utensils"
78779,"20140721",103157,"Low Risk","Food safety certificate or food handler card not available"
78779,"20140721",103154,"Low Risk","Unclean or degraded floors walls or ceilings"
78779,"20140721",103105,"High Risk","Improper cooling methods"
78779,"20140721",103124,"Moderate Risk","Inadequately cleaned or sanitized food contact surfaces"
78779,"20140721",103131,"Moderate Risk","Moderate risk vermin infestation"
78779,"20140721",103139,"Low Risk","Improper food storage"
78819,"20141203",103129,"Moderate Risk","Insufficient hot water or running water"
78821,"20140623",103142,"Low Risk","Unclean nonfood contact surfaces"
78821,"20140623",103149,"Low Risk","Wiping cloths not clean or properly stored or inadequate sanitizer"
78835,"20140813",103132,"Moderate Risk","Improper thawing methods "
78835,"20140813",103120,"Moderate Risk","Moderate risk food holding temperature "
78835,"20140813",103145,"Low Risk","Improper storage of equipment utensils or linens"
78835,"20140813",103109,"High Risk","Unclean or unsanitary food contact surfaces"
78852,"20140506",103139,"Low Risk","Improper food storage"
78852,"20140506",103114,"High Risk","High risk vermin infestation"
78852,"20140506",103124,"Moderate Risk","Inadequately cleaned or sanitized food contact surfaces"
78852,"20140506",103128,"Moderate Risk","Consumer advisory not provided for raw or undercooked foods"
78852,"20140506",103120,"Moderate Risk","Moderate risk food holding temperature "
78853,"20140707",103124,"Moderate Risk","Inadequately cleaned or sanitized food contact surfaces"
78860,"20140520",103154,"Low Risk","Unclean or degraded floors walls or ceilings"
78860,"20140520",103149,"Low Risk","Wiping cloths not clean or properly stored or inadequate sanitizer"
78865,"20150115",103119,"Moderate Risk","Inadequate and inaccessible handwashing facilities"
78865,"20150115",103139,"Low Risk","Improper food storage"
78865,"20150115",103105,"High Risk","Improper cooling methods"
78865,"20150115",103156,"Low Risk","Permit license or inspection report not posted"
78865,"20150115",103103,"High Risk","High risk food holding temperature "
78865,"20150115",103154,"Low Risk","Unclean or degraded floors walls or ceilings"
78869,"20150309",103149,"Low Risk","Wiping cloths not clean or properly stored or inadequate sanitizer"
78869,"20150309",103139,"Low Risk","Improper food storage"
78869,"20140708",103154,"Low Risk","Unclean or degraded floors walls or ceilings"
78903,"20150304",103138,"Low Risk","Improper storage use or identification of toxic substances"
78903,"20150304",103145,"Low Risk","Improper storage of equipment utensils or linens"
78907,"20150309",103114,"High Risk","High risk vermin infestation"
78907,"20150309",103103,"High Risk","High risk food holding temperature "
78907,"20150309",103147,"Low Risk","Inadequate ventilation or lighting"
78907,"20150309",103124,"Moderate Risk","Inadequately cleaned or sanitized food contact surfaces"
78907,"20150309",103145,"Low Risk","Improper storage of equipment utensils or linens"
78907,"20150309",103154,"Low Risk","Unclean or degraded floors walls or ceilings"
78927,"20140714",103139,"Low Risk","Improper food storage"
78927,"20140714",103154,"Low Risk","Unclean or degraded floors walls or ceilings"
78927,"20140714",103144,"Low Risk","Unapproved or unmaintained equipment or utensils"
78927,"20140714",103120,"Moderate Risk","Moderate risk food holding temperature "
78934,"20150319",103139,"Low Risk","Improper food storage"
78934,"20150319",103148,"Low Risk","No thermometers or uncalibrated thermometers "
78939,"20150105",103119,"Moderate Risk","Inadequate and inaccessible handwashing facilities"
78939,"20150105",103120,"Moderate Risk","Moderate risk food holding temperature "
78939,"20150105",103124,"Moderate Risk","Inadequately cleaned or sanitized food contact surfaces"
78939,"20150105",103139,"Low Risk","Improper food storage"
78939,"20150105",103156,"Low Risk","Permit license or inspection report not posted"
78939,"20140721",103153,"Low Risk","Inadequate dressing rooms or improper storage of personal items"
78939,"20140721",103120,"Moderate Risk","Moderate risk food holding temperature "
78940,"20141105",103144,"Low Risk","Unapproved or unmaintained equipment or utensils"
78940,"20141105",103105,"High Risk","Improper cooling methods"
78940,"20141105",103139,"Low Risk","Improper food storage"
78940,"20141105",103142,"Low Risk","Unclean nonfood contact surfaces"
78941,"20141113",103156,"Low Risk","Permit license or inspection report not posted"
78941,"20141113",103120,"Moderate Risk","Moderate risk food holding temperature "
78941,"20141113",103124,"Moderate Risk","Inadequately cleaned or sanitized food contact surfaces"
78941,"20141113",103129,"Moderate Risk","Insufficient hot water or running water"
78941,"20141113",103149,"Low Risk","Wiping cloths not clean or properly stored or inadequate sanitizer"
78941,"20141113",103156,"Low Risk","Permit license or inspection report not posted"
78941,"20141113",103120,"Moderate Risk","Moderate risk food holding temperature "
78941,"20141113",103124,"Moderate Risk","Inadequately cleaned or sanitized food contact surfaces"
78941,"20141113",103129,"Moderate Risk","Insufficient hot water or running water"
78941,"20140914",103147,"Low Risk","Inadequate ventilation or lighting"
78941,"20141113",103149,"Low Risk","Wiping cloths not clean or properly stored or inadequate sanitizer"
78941,"20140914",103102,"High Risk","Unclean hands or improper use of gloves"
78941,"20140914",103112,"High Risk","No hot water or running water"
78941,"20140914",103139,"Low Risk","Improper food storage"
78943,"20140820",103147,"Low Risk","Inadequate ventilation or lighting"
78943,"20140820",103120,"Moderate Risk","Moderate risk food holding temperature "
78943,"20140820",103119,"Moderate Risk","Inadequate and inaccessible handwashing facilities"
78949,"20141107",103145,"Low Risk","Improper storage of equipment utensils or linens"
78949,"20141107",103148,"Low Risk","No thermometers or uncalibrated thermometers "
78950,"20150226",103142,"Low Risk","Unclean nonfood contact surfaces"
78950,"20150226",103145,"Low Risk","Improper storage of equipment utensils or linens"
78950,"20150226",103139,"Low Risk","Improper food storage"
78950,"20150226",103144,"Low Risk","Unapproved or unmaintained equipment or utensils"
78950,"20150226",103119,"Moderate Risk","Inadequate and inaccessible handwashing facilities"
78950,"20150226",103149,"Low Risk","Wiping cloths not clean or properly stored or inadequate sanitizer"
78950,"20150226",103153,"Low Risk","Inadequate dressing rooms or improper storage of personal items"
78950,"20140707",103105,"High Risk","Improper cooling methods"
78950,"20140707",103144,"Low Risk","Unapproved or unmaintained equipment or utensils"
78950,"20140707",103116,"Moderate Risk","Inadequate food safety knowledge or lack of certified food safety manager"
78950,"20140707",103102,"High Risk","Unclean hands or improper use of gloves"
78950,"20140707",103149,"Low Risk","Wiping cloths not clean or properly stored or inadequate sanitizer"
78951,"20140610",103116,"Moderate Risk","Inadequate food safety knowledge or lack of certified food safety manager"
78951,"20140610",103119,"Moderate Risk","Inadequate and inaccessible handwashing facilities"
78951,"20140610",103149,"Low Risk","Wiping cloths not clean or properly stored or inadequate sanitizer"
78951,"20140610",103150,"Low Risk","Improper or defective plumbing"
78962,"20150213",103145,"Low Risk","Improper storage of equipment utensils or linens"
78962,"20150213",103150,"Low Risk","Improper or defective plumbing"
78962,"20150213",103149,"Low Risk","Wiping cloths not clean or properly stored or inadequate sanitizer"
78962,"20150213",103116,"Moderate Risk","Inadequate food safety knowledge or lack of certified food safety manager"
78962,"20150213",103119,"Moderate Risk","Inadequate and inaccessible handwashing facilities"
78962,"20150213",103139,"Low Risk","Improper food storage"
78963,"20141201",103154,"Low Risk","Unclean or degraded floors walls or ceilings"
78963,"20141201",103142,"Low Risk","Unclean nonfood contact surfaces"
78963,"20141201",103131,"Moderate Risk","Moderate risk vermin infestation"
78963,"20141201",103120,"Moderate Risk","Moderate risk food holding temperature "
78963,"20141201",103119,"Moderate Risk","Inadequate and inaccessible handwashing facilities"
78963,"20141201",103124,"Moderate Risk","Inadequately cleaned or sanitized food contact surfaces"
78963,"20141201",103155,"Low Risk","Unapproved  living quarters in food facility"
78963,"20141201",103139,"Low Risk","Improper food storage"
78965,"20150305",103124,"Moderate Risk","Inadequately cleaned or sanitized food contact surfaces"
78965,"20150305",103116,"Moderate Risk","Inadequate food safety knowledge or lack of certified food safety manager"
78965,"20150305",103103,"High Risk","High risk food holding temperature "
78965,"20150305",103139,"Low Risk","Improper food storage"
78965,"20150305",103149,"Low Risk","Wiping cloths not clean or properly stored or inadequate sanitizer"
78965,"20150305",103144,"Low Risk","Unapproved or unmaintained equipment or utensils"
78965,"20150305",103154,"Low Risk","Unclean or degraded floors walls or ceilings"
78969,"20150130",103120,"Moderate Risk","Moderate risk food holding temperature "
78982,"20140828",103114,"High Risk","High risk vermin infestation"
78982,"20140828",103154,"Low Risk","Unclean or degraded floors walls or ceilings"
78982,"20140828",103144,"Low Risk","Unapproved or unmaintained equipment or utensils"
78982,"20140828",103142,"Low Risk","Unclean nonfood contact surfaces"
78982,"20140828",103119,"Moderate Risk","Inadequate and inaccessible handwashing facilities"
78982,"20140828",103108,"High Risk","Contaminated or adulterated food"
78982,"20140828",103109,"High Risk","Unclean or unsanitary food contact surfaces"
78982,"20150603",103142,"Low Risk","Unclean nonfood contact surfaces"
78982,"20150603",103124,"Moderate Risk","Inadequately cleaned or sanitized food contact surfaces"
78982,"20150603",103144,"Low Risk","Unapproved or unmaintained equipment or utensils"
78982,"20150603",103151,"Low Risk","Inadequate or unsanitary refuse containers or area or no garbage service"
78982,"20150603",103154,"Low Risk","Unclean or degraded floors walls or ceilings"
78982,"20150603",103114,"High Risk","High risk vermin infestation"
78996,"20140929",103157,"Low Risk","Food safety certificate or food handler card not available"
78996,"20150429",103145,"Low Risk","Improper storage of equipment utensils or linens"
79003,"20150419",103119,"Moderate Risk","Inadequate and inaccessible handwashing facilities"
79006,"20150419",103129,"Moderate Risk","Insufficient hot water or running water"
79006,"20150419",103119,"Moderate Risk","Inadequate and inaccessible handwashing facilities"
79011,"20150419",103124,"Moderate Risk","Inadequately cleaned or sanitized food contact surfaces"
79025,"20150126",103154,"Low Risk","Unclean or degraded floors walls or ceilings"
79025,"20150126",103144,"Low Risk","Unapproved or unmaintained equipment or utensils"
79025,"20140513",103154,"Low Risk","Unclean or degraded floors walls or ceilings"
79025,"20140513",103145,"Low Risk","Improper storage of equipment utensils or linens"
79025,"20140513",103139,"Low Risk","Improper food storage"
79052,"20150312",103162,"Low Risk","Other low risk violation"
79052,"20150312",103103,"High Risk","High risk food holding temperature "
79052,"20150312",103149,"Low Risk","Wiping cloths not clean or properly stored or inadequate sanitizer"
79052,"20150312",103119,"Moderate Risk","Inadequate and inaccessible handwashing facilities"
79053,"20150306",103119,"Moderate Risk","Inadequate and inaccessible handwashing facilities"
79053,"20150306",103154,"Low Risk","Unclean or degraded floors walls or ceilings"
79053,"20150306",103151,"Low Risk","Inadequate or unsanitary refuse containers or area or no garbage service"
79053,"20150306",103147,"Low Risk","Inadequate ventilation or lighting"
79059,"20140822",103120,"Moderate Risk","Moderate risk food holding temperature "
79059,"20140822",103144,"Low Risk","Unapproved or unmaintained equipment or utensils"
79059,"20140822",103150,"Low Risk","Improper or defective plumbing"
79069,"20141027",103119,"Moderate Risk","Inadequate and inaccessible handwashing facilities"
79069,"20141027",103139,"Low Risk","Improper food storage"
79117,"20150521",103149,"Low Risk","Wiping cloths not clean or properly stored or inadequate sanitizer"
79125,"20140923",103115,"High Risk","Other high risk violation"
79134,"20141103",103153,"Low Risk","Inadequate dressing rooms or improper storage of personal items"
79134,"20141103",103124,"Moderate Risk","Inadequately cleaned or sanitized food contact surfaces"
79134,"20141103",103119,"Moderate Risk","Inadequate and inaccessible handwashing facilities"
79134,"20150319",103120,"Moderate Risk","Moderate risk food holding temperature "
79145,"20140828",103124,"Moderate Risk","Inadequately cleaned or sanitized food contact surfaces"
79145,"20140828",103131,"Moderate Risk","Moderate risk vermin infestation"
79145,"20140828",103119,"Moderate Risk","Inadequate and inaccessible handwashing facilities"
79146,"20140914",103142,"Low Risk","Unclean nonfood contact surfaces"
79146,"20140914",103150,"Low Risk","Improper or defective plumbing"
79146,"20140914",103119,"Moderate Risk","Inadequate and inaccessible handwashing facilities"
79146,"20150419",103149,"Low Risk","Wiping cloths not clean or properly stored or inadequate sanitizer"
79146,"20150419",103123,"Moderate Risk","Food in poor condition"
79164,"20140723",103131,"Moderate Risk","Moderate risk vermin infestation"
79164,"20140723",103154,"Low Risk","Unclean or degraded floors walls or ceilings"
79180,"20150217",103112,"High Risk","No hot water or running water"
79180,"20150217",103124,"Moderate Risk","Inadequately cleaned or sanitized food contact surfaces"
79180,"20140709",103138,"Low Risk","Improper storage use or identification of toxic substances"
79180,"20140709",103119,"Moderate Risk","Inadequate and inaccessible handwashing facilities"
79180,"20140709",103149,"Low Risk","Wiping cloths not clean or properly stored or inadequate sanitizer"
79187,"20140725",103119,"Moderate Risk","Inadequate and inaccessible handwashing facilities"
79196,"20140826",103144,"Low Risk","Unapproved or unmaintained equipment or utensils"
79196,"20140826",103142,"Low Risk","Unclean nonfood contact surfaces"
79196,"20140826",103119,"Moderate Risk","Inadequate and inaccessible handwashing facilities"
79196,"20140826",103120,"Moderate Risk","Moderate risk food holding temperature "
79196,"20140826",103147,"Low Risk","Inadequate ventilation or lighting"
79196,"20140826",103161,"Low Risk","Low risk vermin infestation"
79198,"20141010",103149,"Low Risk","Wiping cloths not clean or properly stored or inadequate sanitizer"
79206,"20150116",103156,"Low Risk","Permit license or inspection report not posted"
79206,"20150116",103119,"Moderate Risk","Inadequate and inaccessible handwashing facilities"
79206,"20150116",103139,"Low Risk","Improper food storage"
79206,"20150116",103124,"Moderate Risk","Inadequately cleaned or sanitized food contact surfaces"
79206,"20140807",103144,"Low Risk","Unapproved or unmaintained equipment or utensils"
79206,"20140807",103139,"Low Risk","Improper food storage"
79212,"20150304",103119,"Moderate Risk","Inadequate and inaccessible handwashing facilities"
79212,"20150304",103136,"Low Risk","Unsanitary employee garments hair or nails"
79212,"20150304",103149,"Low Risk","Wiping cloths not clean or properly stored or inadequate sanitizer"
79212,"20150304",103157,"Low Risk","Food safety certificate or food handler card not available"
79218,"20140827",103149,"Low Risk","Wiping cloths not clean or properly stored or inadequate sanitizer"
79218,"20140827",103120,"Moderate Risk","Moderate risk food holding temperature "
79219,"20140915",103124,"Moderate Risk","Inadequately cleaned or sanitized food contact surfaces"
79220,"20140815",103124,"Moderate Risk","Inadequately cleaned or sanitized food contact surfaces"
79247,"20140805",103161,"Low Risk","Low risk vermin infestation"
79247,"20140805",103154,"Low Risk","Unclean or degraded floors walls or ceilings"
79247,"20140805",103144,"Low Risk","Unapproved or unmaintained equipment or utensils"
79247,"20140805",103120,"Moderate Risk","Moderate risk food holding temperature "
79248,"20140925",103119,"Moderate Risk","Inadequate and inaccessible handwashing facilities"
79248,"20140925",103144,"Low Risk","Unapproved or unmaintained equipment or utensils"
79248,"20140925",103145,"Low Risk","Improper storage of equipment utensils or linens"
79248,"20140925",103149,"Low Risk","Wiping cloths not clean or properly stored or inadequate sanitizer"
79248,"20140925",103139,"Low Risk","Improper food storage"
79248,"20140925",103120,"Moderate Risk","Moderate risk food holding temperature "
79248,"20140925",103131,"Moderate Risk","Moderate risk vermin infestation"
79269,"20140714",103154,"Low Risk","Unclean or degraded floors walls or ceilings"
79269,"20140714",103144,"Low Risk","Unapproved or unmaintained equipment or utensils"
79269,"20140714",103143,"Low Risk","Inadequate warewashing facilities or equipment"
79269,"20140714",103139,"Low Risk","Improper food storage"
79269,"20140714",103114,"High Risk","High risk vermin infestation"
79272,"20150212",103139,"Low Risk","Improper food storage"
79272,"20150212",103133,"Moderate Risk","Foods not protected from contamination"
79272,"20150212",103132,"Moderate Risk","Improper thawing methods "
79272,"20150212",103120,"Moderate Risk","Moderate risk food holding temperature "
79272,"20150212",103105,"High Risk","Improper cooling methods"
79272,"20150212",103142,"Low Risk","Unclean nonfood contact surfaces"
79296,"20150225",103144,"Low Risk","Unapproved or unmaintained equipment or utensils"
79296,"20150225",103131,"Moderate Risk","Moderate risk vermin infestation"
79299,"20141215",103156,"Low Risk","Permit license or inspection report not posted"
79299,"20141215",103119,"Moderate Risk","Inadequate and inaccessible handwashing facilities"
79299,"20141215",103157,"Low Risk","Food safety certificate or food handler card not available"
79299,"20141215",103103,"High Risk","High risk food holding temperature "
79300,"20140822",103129,"Moderate Risk","Insufficient hot water or running water"
79300,"20140822",103120,"Moderate Risk","Moderate risk food holding temperature "
79300,"20140822",103109,"High Risk","Unclean or unsanitary food contact surfaces"
79300,"20140822",103149,"Low Risk","Wiping cloths not clean or properly stored or inadequate sanitizer"
79329,"20140818",103129,"Moderate Risk","Insufficient hot water or running water"
79329,"20140818",103143,"Low Risk","Inadequate warewashing facilities or equipment"
79333,"20141118",103139,"Low Risk","Improper food storage"
79333,"20141118",103161,"Low Risk","Low risk vermin infestation"
79333,"20141118",103120,"Moderate Risk","Moderate risk food holding temperature "
79333,"20141118",103105,"High Risk","Improper cooling methods"
79333,"20141118",103154,"Low Risk","Unclean or degraded floors walls or ceilings"
79334,"20150408",103150,"Low Risk","Improper or defective plumbing"
79334,"20150408",103149,"Low Risk","Wiping cloths not clean or properly stored or inadequate sanitizer"
79334,"20150408",103119,"Moderate Risk","Inadequate and inaccessible handwashing facilities"
79334,"20150408",103154,"Low Risk","Unclean or degraded floors walls or ceilings"
79334,"20150408",103144,"Low Risk","Unapproved or unmaintained equipment or utensils"
79334,"20150408",103131,"Moderate Risk","Moderate risk vermin infestation"
79345,"20150202",103131,"Moderate Risk","Moderate risk vermin infestation"
79345,"20150202",103150,"Low Risk","Improper or defective plumbing"
79345,"20150202",103105,"High Risk","Improper cooling methods"
79345,"20150202",103124,"Moderate Risk","Inadequately cleaned or sanitized food contact surfaces"
79347,"20141016",103120,"Moderate Risk","Moderate risk food holding temperature "
79347,"20141016",103139,"Low Risk","Improper food storage"
79347,"20141016",103145,"Low Risk","Improper storage of equipment utensils or linens"
79347,"20141016",103121,"Moderate Risk","Inadequate procedures or records for time as a public health control "
79347,"20141016",103149,"Low Risk","Wiping cloths not clean or properly stored or inadequate sanitizer"
79366,"20150121",103133,"Moderate Risk","Foods not protected from contamination"
79366,"20150121",103149,"Low Risk","Wiping cloths not clean or properly stored or inadequate sanitizer"
79366,"20150121",103119,"Moderate Risk","Inadequate and inaccessible handwashing facilities"
79366,"20150121",103120,"Moderate Risk","Moderate risk food holding temperature "
79366,"20150121",103139,"Low Risk","Improper food storage"
79366,"20150121",103144,"Low Risk","Unapproved or unmaintained equipment or utensils"
79390,"20150318",103120,"Moderate Risk","Moderate risk food holding temperature "
79390,"20150318",103119,"Moderate Risk","Inadequate and inaccessible handwashing facilities"
79390,"20150318",103133,"Moderate Risk","Foods not protected from contamination"
79400,"20150209",103156,"Low Risk","Permit license or inspection report not posted"
79400,"20150209",103124,"Moderate Risk","Inadequately cleaned or sanitized food contact surfaces"
79400,"20150209",103145,"Low Risk","Improper storage of equipment utensils or linens"
79400,"20150209",103139,"Low Risk","Improper food storage"
79400,"20140626",103109,"High Risk","Unclean or unsanitary food contact surfaces"
79400,"20140626",103149,"Low Risk","Wiping cloths not clean or properly stored or inadequate sanitizer"
79400,"20140626",103139,"Low Risk","Improper food storage"
79401,"20141117",103119,"Moderate Risk","Inadequate and inaccessible handwashing facilities"
79401,"20141117",103139,"Low Risk","Improper food storage"
79401,"20141117",103116,"Moderate Risk","Inadequate food safety knowledge or lack of certified food safety manager"
79406,"20141028",103120,"Moderate Risk","Moderate risk food holding temperature "
79406,"20141028",103109,"High Risk","Unclean or unsanitary food contact surfaces"
79407,"20140902",103124,"Moderate Risk","Inadequately cleaned or sanitized food contact surfaces"
79410,"20150116",103119,"Moderate Risk","Inadequate and inaccessible handwashing facilities"
79410,"20150116",103145,"Low Risk","Improper storage of equipment utensils or linens"
79410,"20150116",103139,"Low Risk","Improper food storage"
79410,"20150116",103157,"Low Risk","Food safety certificate or food handler card not available"
79415,"20141106",103148,"Low Risk","No thermometers or uncalibrated thermometers "
79415,"20141106",103139,"Low Risk","Improper food storage"
79415,"20141106",103119,"Moderate Risk","Inadequate and inaccessible handwashing facilities"
79415,"20141106",103116,"Moderate Risk","Inadequate food safety knowledge or lack of certified food safety manager"
79417,"20141201",103124,"Moderate Risk","Inadequately cleaned or sanitized food contact surfaces"
79427,"20150303",103125,"Moderate Risk","Noncompliance with shell fish tags or display"
79427,"20150303",103119,"Moderate Risk","Inadequate and inaccessible handwashing facilities"
79427,"20150303",103131,"Moderate Risk","Moderate risk vermin infestation"
79433,"20140903",103149,"Low Risk","Wiping cloths not clean or properly stored or inadequate sanitizer"
79433,"20140903",103157,"Low Risk","Food safety certificate or food handler card not available"
79446,"20141124",103144,"Low Risk","Unapproved or unmaintained equipment or utensils"
79446,"20141124",103132,"Moderate Risk","Improper thawing methods "
79446,"20141124",103124,"Moderate Risk","Inadequately cleaned or sanitized food contact surfaces"
79446,"20141124",103131,"Moderate Risk","Moderate risk vermin infestation"
79446,"20141124",103119,"Moderate Risk","Inadequate and inaccessible handwashing facilities"
79446,"20141124",103133,"Moderate Risk","Foods not protected from contamination"
79498,"20141215",103116,"Moderate Risk","Inadequate food safety knowledge or lack of certified food safety manager"
79498,"20141215",103144,"Low Risk","Unapproved or unmaintained equipment or utensils"
79499,"20141015",103147,"Low Risk","Inadequate ventilation or lighting"
79499,"20141015",103144,"Low Risk","Unapproved or unmaintained equipment or utensils"
79499,"20141015",103120,"Moderate Risk","Moderate risk food holding temperature "
79515,"20150310",103119,"Moderate Risk","Inadequate and inaccessible handwashing facilities"
79515,"20150310",103120,"Moderate Risk","Moderate risk food holding temperature "
79515,"20150310",103107,"High Risk","Improper reheating of food"
79518,"20140826",103124,"Moderate Risk","Inadequately cleaned or sanitized food contact surfaces"
79518,"20140826",103116,"Moderate Risk","Inadequate food safety knowledge or lack of certified food safety manager"
79518,"20140826",103145,"Low Risk","Improper storage of equipment utensils or linens"
79518,"20140826",103118,"Moderate Risk","Employee eating or smoking"
79518,"20150324",103132,"Moderate Risk","Improper thawing methods "
79518,"20150324",103142,"Low Risk","Unclean nonfood contact surfaces"
79518,"20150324",103144,"Low Risk","Unapproved or unmaintained equipment or utensils"
79518,"20150413",103119,"Moderate Risk","Inadequate and inaccessible handwashing facilities"
79518,"20150324",103154,"Low Risk","Unclean or degraded floors walls or ceilings"
79518,"20150324",103103,"High Risk","High risk food holding temperature "
79518,"20150324",103119,"Moderate Risk","Inadequate and inaccessible handwashing facilities"
79525,"20140731",103131,"Moderate Risk","Moderate risk vermin infestation"
79525,"20140731",103147,"Low Risk","Inadequate ventilation or lighting"
79527,"20150227",103124,"Moderate Risk","Inadequately cleaned or sanitized food contact surfaces"
79528,"20150309",103144,"Low Risk","Unapproved or unmaintained equipment or utensils"
79528,"20150317",103131,"Moderate Risk","Moderate risk vermin infestation"
79528,"20150309",103114,"High Risk","High risk vermin infestation"
79528,"20150309",103149,"Low Risk","Wiping cloths not clean or properly stored or inadequate sanitizer"
79528,"20150309",103142,"Low Risk","Unclean nonfood contact surfaces"
79528,"20150309",103133,"Moderate Risk","Foods not protected from contamination"
79528,"20150309",103109,"High Risk","Unclean or unsanitary food contact surfaces"
79543,"20141112",103149,"Low Risk","Wiping cloths not clean or properly stored or inadequate sanitizer"
79543,"20141112",103120,"Moderate Risk","Moderate risk food holding temperature "
79546,"20150122",103119,"Moderate Risk","Inadequate and inaccessible handwashing facilities"
79547,"20141105",103119,"Moderate Risk","Inadequate and inaccessible handwashing facilities"
79547,"20141105",103120,"Moderate Risk","Moderate risk food holding temperature "
79563,"20140707",103133,"Moderate Risk","Foods not protected from contamination"
79563,"20140707",103119,"Moderate Risk","Inadequate and inaccessible handwashing facilities"
79563,"20140707",103105,"High Risk","Improper cooling methods"
79564,"20150505",103149,"Low Risk","Wiping cloths not clean or properly stored or inadequate sanitizer"
79565,"20140917",103131,"Moderate Risk","Moderate risk vermin infestation"
79565,"20140917",103116,"Moderate Risk","Inadequate food safety knowledge or lack of certified food safety manager"
79565,"20140917",103103,"High Risk","High risk food holding temperature "
79565,"20140917",103102,"High Risk","Unclean hands or improper use of gloves"
79565,"20140917",103124,"Moderate Risk","Inadequately cleaned or sanitized food contact surfaces"
79565,"20140917",103105,"High Risk","Improper cooling methods"
79565,"20140917",103148,"Low Risk","No thermometers or uncalibrated thermometers "
79586,"20140914",103103,"High Risk","High risk food holding temperature "
79586,"20150419",103145,"Low Risk","Improper storage of equipment utensils or linens"
79587,"20140914",103103,"High Risk","High risk food holding temperature "
79587,"20141025",103105,"High Risk","Improper cooling methods"
79587,"20150419",103145,"Low Risk","Improper storage of equipment utensils or linens"
79588,"20140914",103149,"Low Risk","Wiping cloths not clean or properly stored or inadequate sanitizer"
79588,"20140914",103119,"Moderate Risk","Inadequate and inaccessible handwashing facilities"
79588,"20150419",103154,"Low Risk","Unclean or degraded floors walls or ceilings"
79598,"20141107",103133,"Moderate Risk","Foods not protected from contamination"
79598,"20141107",103124,"Moderate Risk","Inadequately cleaned or sanitized food contact surfaces"
79607,"20150408",103124,"Moderate Risk","Inadequately cleaned or sanitized food contact surfaces"
79607,"20150408",103147,"Low Risk","Inadequate ventilation or lighting"
79608,"20150106",103157,"Low Risk","Food safety certificate or food handler card not available"
79608,"20150106",103156,"Low Risk","Permit license or inspection report not posted"
79608,"20150106",103172,"High Risk","Mobile food facility with unapproved operating conditions"
79625,"20150424",103119,"Moderate Risk","Inadequate and inaccessible handwashing facilities"
79625,"20150424",103133,"Moderate Risk","Foods not protected from contamination"
79625,"20150424",103139,"Low Risk","Improper food storage"
79625,"20150424",103149,"Low Risk","Wiping cloths not clean or properly stored or inadequate sanitizer"
79625,"20140806",103103,"High Risk","High risk food holding temperature "
79625,"20140806",103162,"Low Risk","Other low risk violation"
79625,"20140806",103152,"Low Risk","Unclean unmaintained or improperly constructed toilet facilities"
79625,"20140806",103144,"Low Risk","Unapproved or unmaintained equipment or utensils"
79625,"20140806",103114,"High Risk","High risk vermin infestation"
79625,"20140806",103102,"High Risk","Unclean hands or improper use of gloves"
79626,"20140903",103116,"Moderate Risk","Inadequate food safety knowledge or lack of certified food safety manager"
79626,"20140903",103145,"Low Risk","Improper storage of equipment utensils or linens"
79626,"20140903",103109,"High Risk","Unclean or unsanitary food contact surfaces"
79626,"20140903",103119,"Moderate Risk","Inadequate and inaccessible handwashing facilities"
79633,"20141201",103149,"Low Risk","Wiping cloths not clean or properly stored or inadequate sanitizer"
79633,"20141201",103154,"Low Risk","Unclean or degraded floors walls or ceilings"
79633,"20141201",103144,"Low Risk","Unapproved or unmaintained equipment or utensils"
79633,"20141201",103158,"Low Risk","Unpermitted food facility"
79633,"20141201",103161,"Low Risk","Low risk vermin infestation"
79656,"20140813",103142,"Low Risk","Unclean nonfood contact surfaces"
79656,"20140813",103144,"Low Risk","Unapproved or unmaintained equipment or utensils"
79656,"20140813",103161,"Low Risk","Low risk vermin infestation"
79656,"20140813",103133,"Moderate Risk","Foods not protected from contamination"
79660,"20150121",103124,"Moderate Risk","Inadequately cleaned or sanitized food contact surfaces"
79661,"20141001",103120,"Moderate Risk","Moderate risk food holding temperature "
79661,"20141001",103124,"Moderate Risk","Inadequately cleaned or sanitized food contact surfaces"
79667,"20141105",103105,"High Risk","Improper cooling methods"
79667,"20141105",103121,"Moderate Risk","Inadequate procedures or records for time as a public health control "
79671,"20140821",103120,"Moderate Risk","Moderate risk food holding temperature "
79671,"20140821",103139,"Low Risk","Improper food storage"
79678,"20140908",103138,"Low Risk","Improper storage use or identification of toxic substances"
79678,"20150114",103154,"Low Risk","Unclean or degraded floors walls or ceilings"
79678,"20140908",103139,"Low Risk","Improper food storage"
79678,"20150114",103142,"Low Risk","Unclean nonfood contact surfaces"
79678,"20150114",103133,"Moderate Risk","Foods not protected from contamination"
79678,"20150114",103124,"Moderate Risk","Inadequately cleaned or sanitized food contact surfaces"
79678,"20140908",103103,"High Risk","High risk food holding temperature "
79678,"20140908",103116,"Moderate Risk","Inadequate food safety knowledge or lack of certified food safety manager"
79678,"20140908",103119,"Moderate Risk","Inadequate and inaccessible handwashing facilities"
79678,"20140908",103132,"Moderate Risk","Improper thawing methods "
79678,"20140908",103149,"Low Risk","Wiping cloths not clean or properly stored or inadequate sanitizer"
79678,"20140908",103145,"Low Risk","Improper storage of equipment utensils or linens"
79678,"20150114",103143,"Low Risk","Inadequate warewashing facilities or equipment"
79689,"20141024",103119,"Moderate Risk","Inadequate and inaccessible handwashing facilities"
79729,"20141024",103154,"Low Risk","Unclean or degraded floors walls or ceilings"
79729,"20141024",103151,"Low Risk","Inadequate or unsanitary refuse containers or area or no garbage service"
79729,"20141024",103130,"Moderate Risk","Inadequate sewage or wastewater disposal"
79729,"20141024",103138,"Low Risk","Improper storage use or identification of toxic substances"
79729,"20141024",103114,"High Risk","High risk vermin infestation"
79729,"20141024",103109,"High Risk","Unclean or unsanitary food contact surfaces"
79729,"20141024",103144,"Low Risk","Unapproved or unmaintained equipment or utensils"
79750,"20150203",103119,"Moderate Risk","Inadequate and inaccessible handwashing facilities"
79750,"20150203",103133,"Moderate Risk","Foods not protected from contamination"
79753,"20150304",103159,"Low Risk","Worker safety hazards"
79753,"20150304",103145,"Low Risk","Improper storage of equipment utensils or linens"
79754,"20141007",103157,"Low Risk","Food safety certificate or food handler card not available"
79754,"20141007",103121,"Moderate Risk","Inadequate procedures or records for time as a public health control "
79754,"20141007",103109,"High Risk","Unclean or unsanitary food contact surfaces"
79754,"20141007",103120,"Moderate Risk","Moderate risk food holding temperature "
79754,"20150528",103145,"Low Risk","Improper storage of equipment utensils or linens"
79756,"20141027",103120,"Moderate Risk","Moderate risk food holding temperature "
79756,"20141027",103131,"Moderate Risk","Moderate risk vermin infestation"
79777,"20140929",103149,"Low Risk","Wiping cloths not clean or properly stored or inadequate sanitizer"
79777,"20140929",103139,"Low Risk","Improper food storage"
79777,"20140929",103133,"Moderate Risk","Foods not protected from contamination"
79777,"20140929",103124,"Moderate Risk","Inadequately cleaned or sanitized food contact surfaces"
79777,"20140929",103119,"Moderate Risk","Inadequate and inaccessible handwashing facilities"
79777,"20140929",103118,"Moderate Risk","Employee eating or smoking"
79782,"20140731",103144,"Low Risk","Unapproved or unmaintained equipment or utensils"
79782,"20140731",103154,"Low Risk","Unclean or degraded floors walls or ceilings"
79804,"20141022",103103,"High Risk","High risk food holding temperature "
79804,"20141022",103149,"Low Risk","Wiping cloths not clean or properly stored or inadequate sanitizer"
79804,"20141022",103147,"Low Risk","Inadequate ventilation or lighting"
79804,"20141022",103119,"Moderate Risk","Inadequate and inaccessible handwashing facilities"
79804,"20141022",103112,"High Risk","No hot water or running water"
79804,"20141022",103124,"Moderate Risk","Inadequately cleaned or sanitized food contact surfaces"
79805,"20140804",103109,"High Risk","Unclean or unsanitary food contact surfaces"
79821,"20140805",103123,"Moderate Risk","Food in poor condition"
79821,"20140805",103116,"Moderate Risk","Inadequate food safety knowledge or lack of certified food safety manager"
79821,"20140805",103131,"Moderate Risk","Moderate risk vermin infestation"
79821,"20140805",103142,"Low Risk","Unclean nonfood contact surfaces"
79821,"20140805",103103,"High Risk","High risk food holding temperature "
79832,"20150401",103154,"Low Risk","Unclean or degraded floors walls or ceilings"
79832,"20150401",103142,"Low Risk","Unclean nonfood contact surfaces"
79832,"20150401",103131,"Moderate Risk","Moderate risk vermin infestation"
79832,"20150401",103149,"Low Risk","Wiping cloths not clean or properly stored or inadequate sanitizer"
79846,"20150213",103161,"Low Risk","Low risk vermin infestation"
79846,"20150213",103145,"Low Risk","Improper storage of equipment utensils or linens"
79846,"20150213",103144,"Low Risk","Unapproved or unmaintained equipment or utensils"
79846,"20150213",103119,"Moderate Risk","Inadequate and inaccessible handwashing facilities"
79846,"20140806",103119,"Moderate Risk","Inadequate and inaccessible handwashing facilities"
79846,"20140806",103132,"Moderate Risk","Improper thawing methods "
79846,"20140806",103161,"Low Risk","Low risk vermin infestation"
79846,"20140806",103120,"Moderate Risk","Moderate risk food holding temperature "
79878,"20141007",103124,"Moderate Risk","Inadequately cleaned or sanitized food contact surfaces"
79878,"20150528",103116,"Moderate Risk","Inadequate food safety knowledge or lack of certified food safety manager"
79878,"20150528",103127,"Moderate Risk","Noncompliance with HAACP plan or variance"
79878,"20150528",103158,"Low Risk","Unpermitted food facility"
79882,"20141007",103144,"Low Risk","Unapproved or unmaintained equipment or utensils"
79882,"20141007",103154,"Low Risk","Unclean or degraded floors walls or ceilings"
79882,"20150528",103158,"Low Risk","Unpermitted food facility"
79882,"20150528",103154,"Low Risk","Unclean or degraded floors walls or ceilings"
79882,"20150528",103150,"Low Risk","Improper or defective plumbing"
79882,"20150528",103133,"Moderate Risk","Foods not protected from contamination"
79892,"20141007",103133,"Moderate Risk","Foods not protected from contamination"
79892,"20150528",103158,"Low Risk","Unpermitted food facility"
79892,"20150528",103144,"Low Risk","Unapproved or unmaintained equipment or utensils"
79892,"20150528",103145,"Low Risk","Improper storage of equipment utensils or linens"
79893,"20141007",103133,"Moderate Risk","Foods not protected from contamination"
79893,"20150528",103158,"Low Risk","Unpermitted food facility"
79893,"20150528",103148,"Low Risk","No thermometers or uncalibrated thermometers "
79906,"20141025",103143,"Low Risk","Inadequate warewashing facilities or equipment"
79906,"20140914",103145,"Low Risk","Improper storage of equipment utensils or linens"
79906,"20140914",103109,"High Risk","Unclean or unsanitary food contact surfaces"
79906,"20150419",103105,"High Risk","Improper cooling methods"
79906,"20150419",103119,"Moderate Risk","Inadequate and inaccessible handwashing facilities"
79923,"20140902",103129,"Moderate Risk","Insufficient hot water or running water"
79923,"20140902",103133,"Moderate Risk","Foods not protected from contamination"
79923,"20140902",103161,"Low Risk","Low risk vermin infestation"
79923,"20140902",103105,"High Risk","Improper cooling methods"
79923,"20140902",103102,"High Risk","Unclean hands or improper use of gloves"
79923,"20140902",103142,"Low Risk","Unclean nonfood contact surfaces"
79923,"20140902",103121,"Moderate Risk","Inadequate procedures or records for time as a public health control "
79961,"20140904",103119,"Moderate Risk","Inadequate and inaccessible handwashing facilities"
79961,"20140904",103154,"Low Risk","Unclean or degraded floors walls or ceilings"
79961,"20140904",103149,"Low Risk","Wiping cloths not clean or properly stored or inadequate sanitizer"
79970,"20140818",103148,"Low Risk","No thermometers or uncalibrated thermometers "
79974,"20140902",103124,"Moderate Risk","Inadequately cleaned or sanitized food contact surfaces"
79974,"20140902",103120,"Moderate Risk","Moderate risk food holding temperature "
79989,"20150213",103145,"Low Risk","Improper storage of equipment utensils or linens"
79989,"20150213",103116,"Moderate Risk","Inadequate food safety knowledge or lack of certified food safety manager"
79989,"20150213",103119,"Moderate Risk","Inadequate and inaccessible handwashing facilities"
80007,"20141024",103144,"Low Risk","Unapproved or unmaintained equipment or utensils"
80007,"20141024",103118,"Moderate Risk","Employee eating or smoking"
80007,"20141024",103105,"High Risk","Improper cooling methods"
80008,"20141023",103131,"Moderate Risk","Moderate risk vermin infestation"
80008,"20141023",103150,"Low Risk","Improper or defective plumbing"
80008,"20141023",103103,"High Risk","High risk food holding temperature "
80024,"20140902",103121,"Moderate Risk","Inadequate procedures or records for time as a public health control "
80024,"20140902",103144,"Low Risk","Unapproved or unmaintained equipment or utensils"
80024,"20140902",103142,"Low Risk","Unclean nonfood contact surfaces"
80024,"20140902",103132,"Moderate Risk","Improper thawing methods "
80024,"20140902",103131,"Moderate Risk","Moderate risk vermin infestation"
80024,"20140902",103124,"Moderate Risk","Inadequately cleaned or sanitized food contact surfaces"
80024,"20140902",103123,"Moderate Risk","Food in poor condition"
80027,"20140814",103120,"Moderate Risk","Moderate risk food holding temperature "
80038,"20141007",103157,"Low Risk","Food safety certificate or food handler card not available"
80038,"20141007",103149,"Low Risk","Wiping cloths not clean or properly stored or inadequate sanitizer"
80038,"20150528",103116,"Moderate Risk","Inadequate food safety knowledge or lack of certified food safety manager"
80038,"20150528",103158,"Low Risk","Unpermitted food facility"
80044,"20140915",103149,"Low Risk","Wiping cloths not clean or properly stored or inadequate sanitizer"
80044,"20140915",103154,"Low Risk","Unclean or degraded floors walls or ceilings"
80045,"20150304",103139,"Low Risk","Improper food storage"
80045,"20150304",103124,"Moderate Risk","Inadequately cleaned or sanitized food contact surfaces"
80051,"20150304",103157,"Low Risk","Food safety certificate or food handler card not available"
80051,"20150304",103119,"Moderate Risk","Inadequate and inaccessible handwashing facilities"
80051,"20150304",103147,"Low Risk","Inadequate ventilation or lighting"
80051,"20150304",103136,"Low Risk","Unsanitary employee garments hair or nails"
80068,"20141007",103123,"Moderate Risk","Food in poor condition"
80068,"20141007",103112,"High Risk","No hot water or running water"
80068,"20150426",103145,"Low Risk","Improper storage of equipment utensils or linens"
80068,"20150426",103157,"Low Risk","Food safety certificate or food handler card not available"
80069,"20141002",103103,"High Risk","High risk food holding temperature "
80069,"20141002",103149,"Low Risk","Wiping cloths not clean or properly stored or inadequate sanitizer"
80069,"20150221",103156,"Low Risk","Permit license or inspection report not posted"
80069,"20150221",103149,"Low Risk","Wiping cloths not clean or properly stored or inadequate sanitizer"
80069,"20150221",103124,"Moderate Risk","Inadequately cleaned or sanitized food contact surfaces"
80081,"20150112",103109,"High Risk","Unclean or unsanitary food contact surfaces"
80081,"20150112",103103,"High Risk","High risk food holding temperature "
80121,"20141118",103149,"Low Risk","Wiping cloths not clean or properly stored or inadequate sanitizer"
80126,"20150401",103156,"Low Risk","Permit license or inspection report not posted"
80126,"20150401",103143,"Low Risk","Inadequate warewashing facilities or equipment"
80126,"20150401",103142,"Low Risk","Unclean nonfood contact surfaces"
80126,"20150401",103138,"Low Risk","Improper storage use or identification of toxic substances"
80126,"20150401",103124,"Moderate Risk","Inadequately cleaned or sanitized food contact surfaces"
80127,"20150528",103157,"Low Risk","Food safety certificate or food handler card not available"
80127,"20150528",103112,"High Risk","No hot water or running water"
80127,"20150528",103156,"Low Risk","Permit license or inspection report not posted"
80127,"20150528",103109,"High Risk","Unclean or unsanitary food contact surfaces"
80137,"20141028",103103,"High Risk","High risk food holding temperature "
80137,"20141028",103119,"Moderate Risk","Inadequate and inaccessible handwashing facilities"
80137,"20141028",103148,"Low Risk","No thermometers or uncalibrated thermometers "
80142,"20150129",103148,"Low Risk","No thermometers or uncalibrated thermometers "
80142,"20150129",103144,"Low Risk","Unapproved or unmaintained equipment or utensils"
80142,"20150129",103120,"Moderate Risk","Moderate risk food holding temperature "
80164,"20141014",103109,"High Risk","Unclean or unsanitary food contact surfaces"
80164,"20141014",103149,"Low Risk","Wiping cloths not clean or properly stored or inadequate sanitizer"
80164,"20141014",103103,"High Risk","High risk food holding temperature "
80164,"20141014",103131,"Moderate Risk","Moderate risk vermin infestation"
80173,"20150319",103139,"Low Risk","Improper food storage"
80183,"20150205",103144,"Low Risk","Unapproved or unmaintained equipment or utensils"
80183,"20150205",103105,"High Risk","Improper cooling methods"
80233,"20150202",103131,"Moderate Risk","Moderate risk vermin infestation"
80233,"20150202",103142,"Low Risk","Unclean nonfood contact surfaces"
80233,"20150202",103116,"Moderate Risk","Inadequate food safety knowledge or lack of certified food safety manager"
80233,"20150202",103151,"Low Risk","Inadequate or unsanitary refuse containers or area or no garbage service"
80235,"20140909",103139,"Low Risk","Improper food storage"
80235,"20140909",103154,"Low Risk","Unclean or degraded floors walls or ceilings"
80236,"20150312",103144,"Low Risk","Unapproved or unmaintained equipment or utensils"
80242,"20150319",103120,"Moderate Risk","Moderate risk food holding temperature "
80242,"20150319",103139,"Low Risk","Improper food storage"
80242,"20150319",103152,"Low Risk","Unclean unmaintained or improperly constructed toilet facilities"
80243,"20150319",103139,"Low Risk","Improper food storage"
80243,"20150319",103120,"Moderate Risk","Moderate risk food holding temperature "
80243,"20150319",103161,"Low Risk","Low risk vermin infestation"
80269,"20150318",103149,"Low Risk","Wiping cloths not clean or properly stored or inadequate sanitizer"
80269,"20150318",103145,"Low Risk","Improper storage of equipment utensils or linens"
80269,"20150318",103143,"Low Risk","Inadequate warewashing facilities or equipment"
80279,"20141120",103144,"Low Risk","Unapproved or unmaintained equipment or utensils"
80279,"20141120",103161,"Low Risk","Low risk vermin infestation"
80279,"20141120",103143,"Low Risk","Inadequate warewashing facilities or equipment"
80279,"20141120",103139,"Low Risk","Improper food storage"
80286,"20141229",103145,"Low Risk","Improper storage of equipment utensils or linens"
80286,"20141229",103144,"Low Risk","Unapproved or unmaintained equipment or utensils"
80286,"20141229",103139,"Low Risk","Improper food storage"
80288,"20141028",103119,"Moderate Risk","Inadequate and inaccessible handwashing facilities"
80302,"20141229",103145,"Low Risk","Improper storage of equipment utensils or linens"
80304,"20150225",103148,"Low Risk","No thermometers or uncalibrated thermometers "
80304,"20150225",103109,"High Risk","Unclean or unsanitary food contact surfaces"
80304,"20150225",103144,"Low Risk","Unapproved or unmaintained equipment or utensils"
80304,"20150225",103102,"High Risk","Unclean hands or improper use of gloves"
80304,"20150225",103134,"Moderate Risk","Other moderate risk violation"
80305,"20150410",103124,"Moderate Risk","Inadequately cleaned or sanitized food contact surfaces"
80312,"20150219",103135,"Low Risk","No person in charge of food facility"
80312,"20150219",103119,"Moderate Risk","Inadequate and inaccessible handwashing facilities"
80312,"20150219",103142,"Low Risk","Unclean nonfood contact surfaces"
80315,"20141201",103119,"Moderate Risk","Inadequate and inaccessible handwashing facilities"
80315,"20141201",103142,"Low Risk","Unclean nonfood contact surfaces"
80315,"20141201",103144,"Low Risk","Unapproved or unmaintained equipment or utensils"
80315,"20141201",103154,"Low Risk","Unclean or degraded floors walls or ceilings"
80315,"20141201",103161,"Low Risk","Low risk vermin infestation"
80316,"20140923",103119,"Moderate Risk","Inadequate and inaccessible handwashing facilities"
80316,"20140923",103139,"Low Risk","Improper food storage"
80316,"20140923",103154,"Low Risk","Unclean or degraded floors walls or ceilings"
80316,"20140923",103149,"Low Risk","Wiping cloths not clean or properly stored or inadequate sanitizer"
80317,"20141030",103124,"Moderate Risk","Inadequately cleaned or sanitized food contact surfaces"
80317,"20141030",103154,"Low Risk","Unclean or degraded floors walls or ceilings"
80317,"20141030",103139,"Low Risk","Improper food storage"
80317,"20141030",103131,"Moderate Risk","Moderate risk vermin infestation"
80318,"20141006",103142,"Low Risk","Unclean nonfood contact surfaces"
80318,"20141006",103144,"Low Risk","Unapproved or unmaintained equipment or utensils"
80354,"20150508",103119,"Moderate Risk","Inadequate and inaccessible handwashing facilities"
80354,"20150508",103157,"Low Risk","Food safety certificate or food handler card not available"
80416,"20141021",103154,"Low Risk","Unclean or degraded floors walls or ceilings"
80416,"20141021",103120,"Moderate Risk","Moderate risk food holding temperature "
80416,"20141021",103139,"Low Risk","Improper food storage"
80419,"20141121",103103,"High Risk","High risk food holding temperature "
80422,"20141210",103105,"High Risk","Improper cooling methods"
80422,"20141210",103133,"Moderate Risk","Foods not protected from contamination"
80427,"20141119",103116,"Moderate Risk","Inadequate food safety knowledge or lack of certified food safety manager"
80427,"20141119",103103,"High Risk","High risk food holding temperature "
80427,"20141119",103152,"Low Risk","Unclean unmaintained or improperly constructed toilet facilities"
80427,"20141119",103150,"Low Risk","Improper or defective plumbing"
80427,"20141119",103143,"Low Risk","Inadequate warewashing facilities or equipment"
80427,"20141119",103131,"Moderate Risk","Moderate risk vermin infestation"
80427,"20150528",103109,"High Risk","Unclean or unsanitary food contact surfaces"
80427,"20150528",103116,"Moderate Risk","Inadequate food safety knowledge or lack of certified food safety manager"
80427,"20150528",103119,"Moderate Risk","Inadequate and inaccessible handwashing facilities"
80427,"20150528",103154,"Low Risk","Unclean or degraded floors walls or ceilings"
80427,"20150528",103156,"Low Risk","Permit license or inspection report not posted"
80427,"20150528",103157,"Low Risk","Food safety certificate or food handler card not available"
80427,"20150528",103103,"High Risk","High risk food holding temperature "
80451,"20141007",103116,"Moderate Risk","Inadequate food safety knowledge or lack of certified food safety manager"
80451,"20141007",103120,"Moderate Risk","Moderate risk food holding temperature "
80451,"20141007",103149,"Low Risk","Wiping cloths not clean or properly stored or inadequate sanitizer"
80460,"20141022",103149,"Low Risk","Wiping cloths not clean or properly stored or inadequate sanitizer"
80460,"20141022",103154,"Low Risk","Unclean or degraded floors walls or ceilings"
80460,"20141022",103120,"Moderate Risk","Moderate risk food holding temperature "
80479,"20150508",103149,"Low Risk","Wiping cloths not clean or properly stored or inadequate sanitizer"
80479,"20150508",103139,"Low Risk","Improper food storage"
80479,"20150508",103127,"Moderate Risk","Noncompliance with HAACP plan or variance"
80479,"20150508",103105,"High Risk","Improper cooling methods"
80479,"20150508",103109,"High Risk","Unclean or unsanitary food contact surfaces"
80495,"20150402",103119,"Moderate Risk","Inadequate and inaccessible handwashing facilities"
80495,"20150402",103154,"Low Risk","Unclean or degraded floors walls or ceilings"
80495,"20150402",103156,"Low Risk","Permit license or inspection report not posted"
80495,"20150402",103157,"Low Risk","Food safety certificate or food handler card not available"
80495,"20150402",103142,"Low Risk","Unclean nonfood contact surfaces"
80514,"20141027",103131,"Moderate Risk","Moderate risk vermin infestation"
80514,"20141027",103119,"Moderate Risk","Inadequate and inaccessible handwashing facilities"
80514,"20141027",103103,"High Risk","High risk food holding temperature "
80514,"20141027",103109,"High Risk","Unclean or unsanitary food contact surfaces"
80524,"20150430",103120,"Moderate Risk","Moderate risk food holding temperature "
80572,"20150312",103157,"Low Risk","Food safety certificate or food handler card not available"
80573,"20150312",103116,"Moderate Risk","Inadequate food safety knowledge or lack of certified food safety manager"
80587,"20150528",103125,"Moderate Risk","Noncompliance with shell fish tags or display"
80587,"20150528",103147,"Low Risk","Inadequate ventilation or lighting"
80588,"20150122",103119,"Moderate Risk","Inadequate and inaccessible handwashing facilities"
80627,"20150309",103145,"Low Risk","Improper storage of equipment utensils or linens"
80627,"20150309",103157,"Low Risk","Food safety certificate or food handler card not available"
80627,"20150309",103149,"Low Risk","Wiping cloths not clean or properly stored or inadequate sanitizer"
80627,"20150309",103154,"Low Risk","Unclean or degraded floors walls or ceilings"
80631,"20150407",103144,"Low Risk","Unapproved or unmaintained equipment or utensils"
80631,"20150407",103143,"Low Risk","Inadequate warewashing facilities or equipment"
80631,"20150407",103119,"Moderate Risk","Inadequate and inaccessible handwashing facilities"
80658,"20150115",103119,"Moderate Risk","Inadequate and inaccessible handwashing facilities"
80658,"20141016",103129,"Moderate Risk","Insufficient hot water or running water"
80658,"20141016",103120,"Moderate Risk","Moderate risk food holding temperature "
80658,"20150115",103143,"Low Risk","Inadequate warewashing facilities or equipment"
80658,"20150115",103144,"Low Risk","Unapproved or unmaintained equipment or utensils"
80658,"20150115",103145,"Low Risk","Improper storage of equipment utensils or linens"
80658,"20141016",103124,"Moderate Risk","Inadequately cleaned or sanitized food contact surfaces"
80659,"20150508",103157,"Low Risk","Food safety certificate or food handler card not available"
80679,"20150407",103120,"Moderate Risk","Moderate risk food holding temperature "
80682,"20150302",103162,"Low Risk","Other low risk violation"
80682,"20150302",103133,"Moderate Risk","Foods not protected from contamination"
80686,"20150304",103109,"High Risk","Unclean or unsanitary food contact surfaces"
80686,"20150304",103136,"Low Risk","Unsanitary employee garments hair or nails"
80686,"20150304",103157,"Low Risk","Food safety certificate or food handler card not available"
80742,"20150427",103156,"Low Risk","Permit license or inspection report not posted"
80742,"20150427",103119,"Moderate Risk","Inadequate and inaccessible handwashing facilities"
80742,"20150427",103116,"Moderate Risk","Inadequate food safety knowledge or lack of certified food safety manager"
80763,"20150128",103133,"Moderate Risk","Foods not protected from contamination"
80763,"20150128",103124,"Moderate Risk","Inadequately cleaned or sanitized food contact surfaces"
80763,"20150128",103131,"Moderate Risk","Moderate risk vermin infestation"
80767,"20141023",103131,"Moderate Risk","Moderate risk vermin infestation"
80767,"20141023",103144,"Low Risk","Unapproved or unmaintained equipment or utensils"
80767,"20141023",103149,"Low Risk","Wiping cloths not clean or properly stored or inadequate sanitizer"
80800,"20150325",103129,"Moderate Risk","Insufficient hot water or running water"
80800,"20150325",103120,"Moderate Risk","Moderate risk food holding temperature "
80820,"20141113",103119,"Moderate Risk","Inadequate and inaccessible handwashing facilities"
80824,"20141103",103132,"Moderate Risk","Improper thawing methods "
80824,"20141103",103149,"Low Risk","Wiping cloths not clean or properly stored or inadequate sanitizer"
80824,"20141103",103142,"Low Risk","Unclean nonfood contact surfaces"
80824,"20141103",103139,"Low Risk","Improper food storage"
80824,"20141103",103119,"Moderate Risk","Inadequate and inaccessible handwashing facilities"
80824,"20141103",103129,"Moderate Risk","Insufficient hot water or running water"
80824,"20141103",103102,"High Risk","Unclean hands or improper use of gloves"
80824,"20141103",103108,"High Risk","Contaminated or adulterated food"
80824,"20141103",103118,"Moderate Risk","Employee eating or smoking"
80824,"20141103",103103,"High Risk","High risk food holding temperature "
80847,"20141205",103119,"Moderate Risk","Inadequate and inaccessible handwashing facilities"
80847,"20141205",103124,"Moderate Risk","Inadequately cleaned or sanitized food contact surfaces"
80847,"20141205",103154,"Low Risk","Unclean or degraded floors walls or ceilings"
80847,"20141205",103144,"Low Risk","Unapproved or unmaintained equipment or utensils"
80847,"20141205",103139,"Low Risk","Improper food storage"
80861,"20141105",103149,"Low Risk","Wiping cloths not clean or properly stored or inadequate sanitizer"
80887,"20150424",103139,"Low Risk","Improper food storage"
80887,"20150424",103149,"Low Risk","Wiping cloths not clean or properly stored or inadequate sanitizer"
80887,"20150424",103157,"Low Risk","Food safety certificate or food handler card not available"
80890,"20150403",103120,"Moderate Risk","Moderate risk food holding temperature "
80890,"20150403",103116,"Moderate Risk","Inadequate food safety knowledge or lack of certified food safety manager"
80930,"20150318",103139,"Low Risk","Improper food storage"
80937,"20150414",103119,"Moderate Risk","Inadequate and inaccessible handwashing facilities"
80937,"20150414",103148,"Low Risk","No thermometers or uncalibrated thermometers "
80937,"20150414",103156,"Low Risk","Permit license or inspection report not posted"
80937,"20150414",103153,"Low Risk","Inadequate dressing rooms or improper storage of personal items"
80937,"20150414",103124,"Moderate Risk","Inadequately cleaned or sanitized food contact surfaces"
80940,"20150206",103131,"Moderate Risk","Moderate risk vermin infestation"
80969,"20150210",103149,"Low Risk","Wiping cloths not clean or properly stored or inadequate sanitizer"
80969,"20150210",103148,"Low Risk","No thermometers or uncalibrated thermometers "
80969,"20150210",103103,"High Risk","High risk food holding temperature "
80974,"20150126",103129,"Moderate Risk","Insufficient hot water or running water"
80974,"20150126",103149,"Low Risk","Wiping cloths not clean or properly stored or inadequate sanitizer"
80989,"20150325",103133,"Moderate Risk","Foods not protected from contamination"
80989,"20150325",103119,"Moderate Risk","Inadequate and inaccessible handwashing facilities"
81023,"20141121",103131,"Moderate Risk","Moderate risk vermin infestation"
81023,"20141121",103139,"Low Risk","Improper food storage"
81023,"20141121",103142,"Low Risk","Unclean nonfood contact surfaces"
81033,"20141113",103133,"Moderate Risk","Foods not protected from contamination"
81033,"20141113",103144,"Low Risk","Unapproved or unmaintained equipment or utensils"
81033,"20141113",103124,"Moderate Risk","Inadequately cleaned or sanitized food contact surfaces"
81033,"20141113",103120,"Moderate Risk","Moderate risk food holding temperature "
81059,"20150428",103147,"Low Risk","Inadequate ventilation or lighting"
81059,"20150428",103139,"Low Risk","Improper food storage"
81059,"20150428",103133,"Moderate Risk","Foods not protected from contamination"
81059,"20150428",103119,"Moderate Risk","Inadequate and inaccessible handwashing facilities"
81059,"20150428",103132,"Moderate Risk","Improper thawing methods "
81071,"20150128",103154,"Low Risk","Unclean or degraded floors walls or ceilings"
81071,"20150128",103150,"Low Risk","Improper or defective plumbing"
81071,"20150128",103142,"Low Risk","Unclean nonfood contact surfaces"
81071,"20150128",103139,"Low Risk","Improper food storage"
81071,"20150128",103119,"Moderate Risk","Inadequate and inaccessible handwashing facilities"
81088,"20150507",103157,"Low Risk","Food safety certificate or food handler card not available"
81088,"20150507",103119,"Moderate Risk","Inadequate and inaccessible handwashing facilities"
81094,"20150206",103154,"Low Risk","Unclean or degraded floors walls or ceilings"
81103,"20141210",103119,"Moderate Risk","Inadequate and inaccessible handwashing facilities"
81103,"20141210",103149,"Low Risk","Wiping cloths not clean or properly stored or inadequate sanitizer"
81103,"20141210",103154,"Low Risk","Unclean or degraded floors walls or ceilings"
81103,"20141210",103144,"Low Risk","Unapproved or unmaintained equipment or utensils"
81126,"20150310",103143,"Low Risk","Inadequate warewashing facilities or equipment"
81126,"20150310",103154,"Low Risk","Unclean or degraded floors walls or ceilings"
81134,"20141119",103103,"High Risk","High risk food holding temperature "
81153,"20141226",103149,"Low Risk","Wiping cloths not clean or properly stored or inadequate sanitizer"
81153,"20141226",103114,"High Risk","High risk vermin infestation"
81158,"20150507",103147,"Low Risk","Inadequate ventilation or lighting"
81158,"20150507",103103,"High Risk","High risk food holding temperature "
81160,"20150116",103154,"Low Risk","Unclean or degraded floors walls or ceilings"
81160,"20150116",103131,"Moderate Risk","Moderate risk vermin infestation"
81160,"20150116",103105,"High Risk","Improper cooling methods"
81167,"20150120",103144,"Low Risk","Unapproved or unmaintained equipment or utensils"
81167,"20150120",103109,"High Risk","Unclean or unsanitary food contact surfaces"
81170,"20150210",103116,"Moderate Risk","Inadequate food safety knowledge or lack of certified food safety manager"
81170,"20150210",103109,"High Risk","Unclean or unsanitary food contact surfaces"
81187,"20150311",103116,"Moderate Risk","Inadequate food safety knowledge or lack of certified food safety manager"
81187,"20150311",103102,"High Risk","Unclean hands or improper use of gloves"
81187,"20150311",103129,"Moderate Risk","Insufficient hot water or running water"
81187,"20150311",103133,"Moderate Risk","Foods not protected from contamination"
81187,"20150311",103151,"Low Risk","Inadequate or unsanitary refuse containers or area or no garbage service"
81187,"20150311",103119,"Moderate Risk","Inadequate and inaccessible handwashing facilities"
81188,"20150305",103154,"Low Risk","Unclean or degraded floors walls or ceilings"
81188,"20150305",103150,"Low Risk","Improper or defective plumbing"
81188,"20150305",103132,"Moderate Risk","Improper thawing methods "
81188,"20150305",103119,"Moderate Risk","Inadequate and inaccessible handwashing facilities"
81188,"20150305",103124,"Moderate Risk","Inadequately cleaned or sanitized food contact surfaces"
81188,"20150305",103139,"Low Risk","Improper food storage"
81188,"20150305",103131,"Moderate Risk","Moderate risk vermin infestation"
81188,"20150305",103113,"High Risk","Sewage or wastewater contamination"
81202,"20141229",103102,"High Risk","Unclean hands or improper use of gloves"
81202,"20141229",103124,"Moderate Risk","Inadequately cleaned or sanitized food contact surfaces"
81203,"20141212",103120,"Moderate Risk","Moderate risk food holding temperature "
81277,"20150527",103103,"High Risk","High risk food holding temperature "
81277,"20150527",103109,"High Risk","Unclean or unsanitary food contact surfaces"
81277,"20150527",103150,"Low Risk","Improper or defective plumbing"
81277,"20150527",103148,"Low Risk","No thermometers or uncalibrated thermometers "
81277,"20150527",103116,"Moderate Risk","Inadequate food safety knowledge or lack of certified food safety manager"
81285,"20150129",103119,"Moderate Risk","Inadequate and inaccessible handwashing facilities"
81291,"20150306",103149,"Low Risk","Wiping cloths not clean or properly stored or inadequate sanitizer"
81291,"20150306",103120,"Moderate Risk","Moderate risk food holding temperature "
81297,"20150116",103119,"Moderate Risk","Inadequate and inaccessible handwashing facilities"
81297,"20150116",103131,"Moderate Risk","Moderate risk vermin infestation"
81309,"20150507",103114,"High Risk","High risk vermin infestation"
81309,"20150507",103102,"High Risk","Unclean hands or improper use of gloves"
81309,"20150507",103132,"Moderate Risk","Improper thawing methods "
81309,"20150507",103144,"Low Risk","Unapproved or unmaintained equipment or utensils"
81309,"20150507",103149,"Low Risk","Wiping cloths not clean or properly stored or inadequate sanitizer"
81309,"20150507",103154,"Low Risk","Unclean or degraded floors walls or ceilings"
81310,"20141110",103148,"Low Risk","No thermometers or uncalibrated thermometers "
81310,"20141110",103124,"Moderate Risk","Inadequately cleaned or sanitized food contact surfaces"
81310,"20141110",103119,"Moderate Risk","Inadequate and inaccessible handwashing facilities"
81310,"20141110",103103,"High Risk","High risk food holding temperature "
81310,"20141110",103109,"High Risk","Unclean or unsanitary food contact surfaces"
81339,"20141203",103131,"Moderate Risk","Moderate risk vermin infestation"
81383,"20150120",103145,"Low Risk","Improper storage of equipment utensils or linens"
81383,"20150120",103119,"Moderate Risk","Inadequate and inaccessible handwashing facilities"
81383,"20150120",103116,"Moderate Risk","Inadequate food safety knowledge or lack of certified food safety manager"
81409,"20150402",103103,"High Risk","High risk food holding temperature "
81409,"20150402",103144,"Low Risk","Unapproved or unmaintained equipment or utensils"
81409,"20150402",103145,"Low Risk","Improper storage of equipment utensils or linens"
81440,"20150318",103154,"Low Risk","Unclean or degraded floors walls or ceilings"
81440,"20150318",103145,"Low Risk","Improper storage of equipment utensils or linens"
81440,"20150318",103139,"Low Risk","Improper food storage"
81440,"20150318",103120,"Moderate Risk","Moderate risk food holding temperature "
81440,"20150318",103144,"Low Risk","Unapproved or unmaintained equipment or utensils"
81440,"20150318",103119,"Moderate Risk","Inadequate and inaccessible handwashing facilities"
81453,"20150608",103139,"Low Risk","Improper food storage"
81453,"20150608",103119,"Moderate Risk","Inadequate and inaccessible handwashing facilities"
81460,"20150417",103139,"Low Risk","Improper food storage"
81460,"20150417",103124,"Moderate Risk","Inadequately cleaned or sanitized food contact surfaces"
81460,"20150417",103150,"Low Risk","Improper or defective plumbing"
81463,"20150310",103119,"Moderate Risk","Inadequate and inaccessible handwashing facilities"
81463,"20150310",103133,"Moderate Risk","Foods not protected from contamination"
81463,"20150310",103126,"Moderate Risk","Noncompliance with Gulf Coast oyster regulation"
81471,"20150226",103104,"High Risk","Unauthorized or unsafe use of time as a public health control measure"
81515,"20150319",103109,"High Risk","Unclean or unsanitary food contact surfaces"
81531,"20150420",103102,"High Risk","Unclean hands or improper use of gloves"
81531,"20150420",103103,"High Risk","High risk food holding temperature "
81531,"20150420",103144,"Low Risk","Unapproved or unmaintained equipment or utensils"
81531,"20150420",103150,"Low Risk","Improper or defective plumbing"
81579,"20150309",103142,"Low Risk","Unclean nonfood contact surfaces"
81579,"20150309",103152,"Low Risk","Unclean unmaintained or improperly constructed toilet facilities"
81579,"20150309",103145,"Low Risk","Improper storage of equipment utensils or linens"
81579,"20150309",103139,"Low Risk","Improper food storage"
81579,"20150309",103131,"Moderate Risk","Moderate risk vermin infestation"
81579,"20150309",103119,"Moderate Risk","Inadequate and inaccessible handwashing facilities"
81589,"20150205",103133,"Moderate Risk","Foods not protected from contamination"
81589,"20150205",103149,"Low Risk","Wiping cloths not clean or properly stored or inadequate sanitizer"
81592,"20150408",103116,"Moderate Risk","Inadequate food safety knowledge or lack of certified food safety manager"
81592,"20150408",103129,"Moderate Risk","Insufficient hot water or running water"
81592,"20150408",103150,"Low Risk","Improper or defective plumbing"
81595,"20150210",103129,"Moderate Risk","Insufficient hot water or running water"
81595,"20150210",103120,"Moderate Risk","Moderate risk food holding temperature "
81602,"20150325",103120,"Moderate Risk","Moderate risk food holding temperature "
81606,"20150202",103117,"Moderate Risk","Discharge from employee nose mouth or eye"
81606,"20150202",103162,"Low Risk","Other low risk violation"
81647,"20150325",103120,"Moderate Risk","Moderate risk food holding temperature "
81647,"20150325",103149,"Low Risk","Wiping cloths not clean or properly stored or inadequate sanitizer"
81667,"20150317",103139,"Low Risk","Improper food storage"
81667,"20150317",103102,"High Risk","Unclean hands or improper use of gloves"
81667,"20150317",103103,"High Risk","High risk food holding temperature "
81667,"20150317",103114,"High Risk","High risk vermin infestation"
81667,"20150317",103132,"Moderate Risk","Improper thawing methods "
81667,"20150317",103142,"Low Risk","Unclean nonfood contact surfaces"
81667,"20150317",103143,"Low Risk","Inadequate warewashing facilities or equipment"
81667,"20150318",103139,"Low Risk","Improper food storage"
81667,"20150317",103119,"Moderate Risk","Inadequate and inaccessible handwashing facilities"
81704,"20150209",103129,"Moderate Risk","Insufficient hot water or running water"
81704,"20150209",103124,"Moderate Risk","Inadequately cleaned or sanitized food contact surfaces"
81704,"20150209",103120,"Moderate Risk","Moderate risk food holding temperature "
81704,"20150209",103116,"Moderate Risk","Inadequate food safety knowledge or lack of certified food safety manager"
81704,"20150209",103133,"Moderate Risk","Foods not protected from contamination"
81716,"20150409",103139,"Low Risk","Improper food storage"
81716,"20150409",103120,"Moderate Risk","Moderate risk food holding temperature "
81716,"20150409",103161,"Low Risk","Low risk vermin infestation"
81716,"20150409",103157,"Low Risk","Food safety certificate or food handler card not available"
81716,"20150409",103151,"Low Risk","Inadequate or unsanitary refuse containers or area or no garbage service"
81719,"20150114",103154,"Low Risk","Unclean or degraded floors walls or ceilings"
81719,"20150114",103133,"Moderate Risk","Foods not protected from contamination"
81719,"20150114",103139,"Low Risk","Improper food storage"
81719,"20150114",103142,"Low Risk","Unclean nonfood contact surfaces"
81719,"20150114",103143,"Low Risk","Inadequate warewashing facilities or equipment"
81719,"20150114",103144,"Low Risk","Unapproved or unmaintained equipment or utensils"
81719,"20150114",103119,"Moderate Risk","Inadequate and inaccessible handwashing facilities"
81719,"20150114",103149,"Low Risk","Wiping cloths not clean or properly stored or inadequate sanitizer"
81719,"20150114",103157,"Low Risk","Food safety certificate or food handler card not available"
81719,"20150114",103158,"Low Risk","Unpermitted food facility"
81719,"20150114",103147,"Low Risk","Inadequate ventilation or lighting"
81758,"20150529",103149,"Low Risk","Wiping cloths not clean or properly stored or inadequate sanitizer"
81758,"20150529",103139,"Low Risk","Improper food storage"
81758,"20150529",103138,"Low Risk","Improper storage use or identification of toxic substances"
81758,"20150423",103107,"High Risk","Improper reheating of food"
81759,"20150604",103154,"Low Risk","Unclean or degraded floors walls or ceilings"
81759,"20150604",103149,"Low Risk","Wiping cloths not clean or properly stored or inadequate sanitizer"
81759,"20150604",103139,"Low Risk","Improper food storage"
81759,"20150604",103120,"Moderate Risk","Moderate risk food holding temperature "
81789,"20150501",103157,"Low Risk","Food safety certificate or food handler card not available"
81813,"20150323",103144,"Low Risk","Unapproved or unmaintained equipment or utensils"
81813,"20150323",103124,"Moderate Risk","Inadequately cleaned or sanitized food contact surfaces"
81813,"20150323",103133,"Moderate Risk","Foods not protected from contamination"
81837,"20150528",103129,"Moderate Risk","Insufficient hot water or running water"
81837,"20150528",103108,"High Risk","Contaminated or adulterated food"
81837,"20150528",103157,"Low Risk","Food safety certificate or food handler card not available"
81862,"20150227",103144,"Low Risk","Unapproved or unmaintained equipment or utensils"
81885,"20150501",103150,"Low Risk","Improper or defective plumbing"
81885,"20150501",103145,"Low Risk","Improper storage of equipment utensils or linens"
81885,"20150501",103154,"Low Risk","Unclean or degraded floors walls or ceilings"
81886,"20150421",103154,"Low Risk","Unclean or degraded floors walls or ceilings"
81886,"20150421",103139,"Low Risk","Improper food storage"
81886,"20150421",103119,"Moderate Risk","Inadequate and inaccessible handwashing facilities"
81886,"20150421",103103,"High Risk","High risk food holding temperature "
81886,"20150421",103145,"Low Risk","Improper storage of equipment utensils or linens"
81886,"20150421",103133,"Moderate Risk","Foods not protected from contamination"
81886,"20150421",103124,"Moderate Risk","Inadequately cleaned or sanitized food contact surfaces"
81894,"20150226",103149,"Low Risk","Wiping cloths not clean or properly stored or inadequate sanitizer"
81894,"20150226",103153,"Low Risk","Inadequate dressing rooms or improper storage of personal items"
81894,"20150226",103147,"Low Risk","Inadequate ventilation or lighting"
81894,"20150226",103144,"Low Risk","Unapproved or unmaintained equipment or utensils"
81894,"20150226",103132,"Moderate Risk","Improper thawing methods "
81894,"20150226",103133,"Moderate Risk","Foods not protected from contamination"
81911,"20150605",103119,"Moderate Risk","Inadequate and inaccessible handwashing facilities"
81911,"20150605",103150,"Low Risk","Improper or defective plumbing"
81911,"20150605",103156,"Low Risk","Permit license or inspection report not posted"
81936,"20150310",103120,"Moderate Risk","Moderate risk food holding temperature "
81936,"20150310",103132,"Moderate Risk","Improper thawing methods "
81936,"20150310",103129,"Moderate Risk","Insufficient hot water or running water"
81976,"20150601",103149,"Low Risk","Wiping cloths not clean or properly stored or inadequate sanitizer"
81976,"20150601",103131,"Moderate Risk","Moderate risk vermin infestation"
81976,"20150601",103133,"Moderate Risk","Foods not protected from contamination"
81976,"20150601",103120,"Moderate Risk","Moderate risk food holding temperature "
81976,"20150601",103144,"Low Risk","Unapproved or unmaintained equipment or utensils"
81976,"20150601",103154,"Low Risk","Unclean or degraded floors walls or ceilings"
81978,"20150512",103143,"Low Risk","Inadequate warewashing facilities or equipment"
81978,"20150512",103132,"Moderate Risk","Improper thawing methods "
81978,"20150512",103148,"Low Risk","No thermometers or uncalibrated thermometers "
81978,"20150512",103149,"Low Risk","Wiping cloths not clean or properly stored or inadequate sanitizer"
81978,"20150512",103155,"Low Risk","Unapproved  living quarters in food facility"
81978,"20150512",103119,"Moderate Risk","Inadequate and inaccessible handwashing facilities"
81978,"20150512",103133,"Moderate Risk","Foods not protected from contamination"
81978,"20150512",103153,"Low Risk","Inadequate dressing rooms or improper storage of personal items"
81978,"20150512",103105,"High Risk","Improper cooling methods"
81978,"20150512",103145,"Low Risk","Improper storage of equipment utensils or linens"
81978,"20150512",103112,"High Risk","No hot water or running water"
81989,"20150327",103154,"Low Risk","Unclean or degraded floors walls or ceilings"
81989,"20150327",103142,"Low Risk","Unclean nonfood contact surfaces"
81989,"20150327",103161,"Low Risk","Low risk vermin infestation"
82022,"20150428",103133,"Moderate Risk","Foods not protected from contamination"
82022,"20150428",103124,"Moderate Risk","Inadequately cleaned or sanitized food contact surfaces"
82022,"20150428",103132,"Moderate Risk","Improper thawing methods "
82022,"20150505",103141,"Low Risk","Improper food labeling or menu misrepresentation"
82022,"20150428",103141,"Low Risk","Improper food labeling or menu misrepresentation"
82022,"20150428",103139,"Low Risk","Improper food storage"
82022,"20150428",103144,"Low Risk","Unapproved or unmaintained equipment or utensils"
82036,"20150419",103120,"Moderate Risk","Moderate risk food holding temperature "
82036,"20150419",103154,"Low Risk","Unclean or degraded floors walls or ceilings"
82038,"20150512",103120,"Moderate Risk","Moderate risk food holding temperature "
82038,"20150512",103144,"Low Risk","Unapproved or unmaintained equipment or utensils"
82038,"20150512",103119,"Moderate Risk","Inadequate and inaccessible handwashing facilities"
82041,"20150325",103149,"Low Risk","Wiping cloths not clean or properly stored or inadequate sanitizer"
82041,"20150325",103134,"Moderate Risk","Other moderate risk violation"
82041,"20150325",103150,"Low Risk","Improper or defective plumbing"
82051,"20150515",103144,"Low Risk","Unapproved or unmaintained equipment or utensils"
82051,"20150515",103149,"Low Risk","Wiping cloths not clean or properly stored or inadequate sanitizer"
82051,"20150515",103133,"Moderate Risk","Foods not protected from contamination"
82051,"20150515",103139,"Low Risk","Improper food storage"
82061,"20150401",103143,"Low Risk","Inadequate warewashing facilities or equipment"
82061,"20150401",103129,"Moderate Risk","Insufficient hot water or running water"
82089,"20150210",103109,"High Risk","Unclean or unsanitary food contact surfaces"
82089,"20150210",103145,"Low Risk","Improper storage of equipment utensils or linens"
82089,"20150210",103158,"Low Risk","Unpermitted food facility"
82098,"20150422",103132,"Moderate Risk","Improper thawing methods "
82098,"20150422",103131,"Moderate Risk","Moderate risk vermin infestation"
82098,"20150422",103124,"Moderate Risk","Inadequately cleaned or sanitized food contact surfaces"
82098,"20150422",103162,"Low Risk","Other low risk violation"
82100,"20150302",103133,"Moderate Risk","Foods not protected from contamination"
82100,"20150302",103139,"Low Risk","Improper food storage"
82105,"20150225",103157,"Low Risk","Food safety certificate or food handler card not available"
82105,"20150225",103150,"Low Risk","Improper or defective plumbing"
82116,"20150312",103154,"Low Risk","Unclean or degraded floors walls or ceilings"
82116,"20150312",103120,"Moderate Risk","Moderate risk food holding temperature "
82142,"20150331",103124,"Moderate Risk","Inadequately cleaned or sanitized food contact surfaces"
82142,"20150331",103133,"Moderate Risk","Foods not protected from contamination"
82142,"20150331",103132,"Moderate Risk","Improper thawing methods "
82142,"20150331",103119,"Moderate Risk","Inadequate and inaccessible handwashing facilities"
82142,"20150331",103103,"High Risk","High risk food holding temperature "
82145,"20150522",103139,"Low Risk","Improper food storage"
82145,"20150522",103133,"Moderate Risk","Foods not protected from contamination"
82145,"20150522",103119,"Moderate Risk","Inadequate and inaccessible handwashing facilities"
82176,"20150401",103149,"Low Risk","Wiping cloths not clean or properly stored or inadequate sanitizer"
82176,"20150401",103157,"Low Risk","Food safety certificate or food handler card not available"
82196,"20150303",103139,"Low Risk","Improper food storage"
82215,"20150309",103149,"Low Risk","Wiping cloths not clean or properly stored or inadequate sanitizer"
82217,"20150326",103139,"Low Risk","Improper food storage"
82217,"20150326",103157,"Low Risk","Food safety certificate or food handler card not available"
82228,"20150518",103105,"High Risk","Improper cooling methods"
82228,"20150518",103139,"Low Risk","Improper food storage"
82228,"20150518",103120,"Moderate Risk","Moderate risk food holding temperature "
82231,"20150529",103147,"Low Risk","Inadequate ventilation or lighting"
82231,"20150529",103145,"Low Risk","Improper storage of equipment utensils or linens"
82232,"20150312",103142,"Low Risk","Unclean nonfood contact surfaces"
82232,"20150312",103139,"Low Risk","Improper food storage"
82252,"20150410",103139,"Low Risk","Improper food storage"
82252,"20150410",103144,"Low Risk","Unapproved or unmaintained equipment or utensils"
82252,"20150410",103116,"Moderate Risk","Inadequate food safety knowledge or lack of certified food safety manager"
82252,"20150410",103105,"High Risk","Improper cooling methods"
82252,"20150528",103157,"Low Risk","Food safety certificate or food handler card not available"
82252,"20150410",103119,"Moderate Risk","Inadequate and inaccessible handwashing facilities"
82252,"20150410",103124,"Moderate Risk","Inadequately cleaned or sanitized food contact surfaces"
82252,"20150410",103133,"Moderate Risk","Foods not protected from contamination"
82252,"20150410",103148,"Low Risk","No thermometers or uncalibrated thermometers "
82259,"20150428",103138,"Low Risk","Improper storage use or identification of toxic substances"
82259,"20150428",103144,"Low Risk","Unapproved or unmaintained equipment or utensils"
82259,"20150428",103124,"Moderate Risk","Inadequately cleaned or sanitized food contact surfaces"
82354,"20150505",103109,"High Risk","Unclean or unsanitary food contact surfaces"
82410,"20150515",103120,"Moderate Risk","Moderate risk food holding temperature "
82410,"20150515",103133,"Moderate Risk","Foods not protected from contamination"
82416,"20150327",103124,"Moderate Risk","Inadequately cleaned or sanitized food contact surfaces"
82416,"20150327",103131,"Moderate Risk","Moderate risk vermin infestation"
82419,"20150605",103139,"Low Risk","Improper food storage"
82419,"20150605",103145,"Low Risk","Improper storage of equipment utensils or linens"
82419,"20150605",103154,"Low Risk","Unclean or degraded floors walls or ceilings"
82419,"20150605",103119,"Moderate Risk","Inadequate and inaccessible handwashing facilities"
82485,"20150602",103134,"Moderate Risk","Other moderate risk violation"
82485,"20150602",103133,"Moderate Risk","Foods not protected from contamination"
82485,"20150602",103124,"Moderate Risk","Inadequately cleaned or sanitized food contact surfaces"
82485,"20150602",103125,"Moderate Risk","Noncompliance with shell fish tags or display"
82508,"20150417",103143,"Low Risk","Inadequate warewashing facilities or equipment"
82508,"20150417",103144,"Low Risk","Unapproved or unmaintained equipment or utensils"
82563,"20150401",103138,"Low Risk","Improper storage use or identification of toxic substances"
82563,"20150401",103120,"Moderate Risk","Moderate risk food holding temperature "
82626,"20150528",103124,"Moderate Risk","Inadequately cleaned or sanitized food contact surfaces"
82626,"20150528",103154,"Low Risk","Unclean or degraded floors walls or ceilings"
82626,"20150528",103139,"Low Risk","Improper food storage"
82626,"20150528",103144,"Low Risk","Unapproved or unmaintained equipment or utensils"
82654,"20150604",103129,"Moderate Risk","Insufficient hot water or running water"
82654,"20150604",103144,"Low Risk","Unapproved or unmaintained equipment or utensils"
82664,"20150420",103154,"Low Risk","Unclean or degraded floors walls or ceilings"
82664,"20150420",103144,"Low Risk","Unapproved or unmaintained equipment or utensils"
82677,"20150529",103103,"High Risk","High risk food holding temperature "
82677,"20150529",103154,"Low Risk","Unclean or degraded floors walls or ceilings"
82697,"20150313",103120,"Moderate Risk","Moderate risk food holding temperature "
82697,"20150313",103119,"Moderate Risk","Inadequate and inaccessible handwashing facilities"
82697,"20150313",103124,"Moderate Risk","Inadequately cleaned or sanitized food contact surfaces"
82793,"20150430",103104,"High Risk","Unauthorized or unsafe use of time as a public health control measure"
82793,"20150430",103149,"Low Risk","Wiping cloths not clean or properly stored or inadequate sanitizer"
82850,"20150419",103139,"Low Risk","Improper food storage"
82869,"20150507",103108,"High Risk","Contaminated or adulterated food"
82869,"20150507",103133,"Moderate Risk","Foods not protected from contamination"
82869,"20150507",103142,"Low Risk","Unclean nonfood contact surfaces"
82869,"20150507",103149,"Low Risk","Wiping cloths not clean or properly stored or inadequate sanitizer"
82869,"20150507",103155,"Low Risk","Unapproved  living quarters in food facility"
82933,"20150419",103143,"Low Risk","Inadequate warewashing facilities or equipment"
83325,"20150529",103116,"Moderate Risk","Inadequate food safety knowledge or lack of certified food safety manager"
83336,"20150513",103119,"Moderate Risk","Inadequate and inaccessible handwashing facilities"
83336,"20150513",103139,"Low Risk","Improper food storage"
83336,"20150513",103143,"Low Risk","Inadequate warewashing facilities or equipment"
83427,"20150520",103119,"Moderate Risk","Inadequate and inaccessible handwashing facilities"
83427,"20150520",103145,"Low Risk","Improper storage of equipment utensils or linens"
